*-----------------------------------------------------------------------------* 
           CNWG_87.met            51.48   -3.55   69.72
* Date created:  08-Aug-2019     Author: K Coleman 
* 
* NIL VALUE       -9999 
* Source:   data provided by M. Semenov 
*  
* Latitude:    51.48 Longitude:    -3.55 Altitude:    69.72
* 
* Column  Daily value 
* 1       station number 
* 2       year 
* 3       day 
* 4       irradiation                   (kJ m-2 d-1) 
* 5       minimum temperature           (degrees Celsius) 
* 6       maximum temperature           (degrees Celsius) 
* 7       early morning vapour pressure (kPa)             
* 8       mean wind speed (height: 2 m?) (m s-1)          
* 9       precipitation                 (mm d-1)          
* 10      sunshine                      (hrs)             
 		Jday	RAD	    TMIN	TMAX	 VAP	wind	RAIN	SUN  
               kj/m2	°C	    °C	     kPa	m/s	    mm	    hrs 
   51.48  69.72
     1   2005      1    3600.0       2.6       4.6      0.74      2.00      0.00  -9999.00
     1   2005      2    2600.0       1.9       7.6      0.70      2.00      0.00  -9999.00
     1   2005      3    1800.0       5.3       8.7      0.89      2.00      0.60  -9999.00
     1   2005      4    3100.0       6.8       8.8      0.99      2.00      0.00  -9999.00
     1   2005      5    4600.0       1.7       9.3      0.69      2.00      0.00  -9999.00
     1   2005      6    1700.0       1.2       7.2      0.67      2.00     14.60  -9999.00
     1   2005      7    1600.0       0.1       6.5      0.62      2.00      1.50  -9999.00
     1   2005      8    2100.0       3.9       9.6      0.81      2.00      0.10  -9999.00
     1   2005      9    5000.0       8.1      11.2      1.08      2.00      0.40  -9999.00
     1   2005     10    1300.0       5.8       8.7      0.92      2.00     10.70  -9999.00
     1   2005     11    4200.0       7.0       9.0      1.00      2.00      0.00  -9999.00
     1   2005     12    2200.0       5.1       8.8      0.88      2.00      0.00  -9999.00
     1   2005     13    4800.0      -0.6       4.0      0.58      2.00      0.00  -9999.00
     1   2005     14    3000.0       4.3      10.1      0.83      2.00      0.00  -9999.00
     1   2005     15    1200.0      -0.4       8.2      0.59      2.00      0.00  -9999.00
     1   2005     16    2000.0       0.0       9.1      0.61      2.00      5.20  -9999.00
     1   2005     17    2000.0       8.2      10.0      1.09      2.00      1.50  -9999.00
     1   2005     18     800.0      -1.3      10.6      0.56      2.00      4.20  -9999.00
     1   2005     19    3300.0       1.3      11.0      0.67      2.00      0.30  -9999.00
     1   2005     20    4600.0       5.3       7.3      0.89      2.00      1.10  -9999.00
     1   2005     21    4400.0      -0.5       9.1      0.59      2.00      0.00  -9999.00
     1   2005     22     900.0       3.9       5.0      0.81      2.00      0.50  -9999.00
     1   2005     23    2100.0       4.1      11.2      0.82      2.00     31.50  -9999.00
     1   2005     24    3100.0      -2.6       8.1      0.50      2.00      0.00  -9999.00
     1   2005     25    6400.0       3.1       5.1      0.76      2.00      0.00  -9999.00
     1   2005     26    2800.0      -0.6       7.0      0.58      2.00      0.00  -9999.00
     1   2005     27    3400.0       1.2       3.6      0.67      2.00      0.00  -9999.00
     1   2005     28    4200.0      -1.9       7.4      0.53      2.00      0.00  -9999.00
     1   2005     29    3100.0       3.1       6.0      0.76      2.00      0.00  -9999.00
     1   2005     30    1200.0       5.6       8.8      0.91      2.00      1.30  -9999.00
     1   2005     31    7100.0       1.6       3.6      0.69      2.00      0.30  -9999.00
     1   2005     32    2500.0       9.0      10.6      1.15      2.00     23.70  -9999.00
     1   2005     33    1800.0       8.1       9.5      1.08      2.00      0.70  -9999.00
     1   2005     34    5600.0       2.3      12.2      0.72      2.00      0.40  -9999.00
     1   2005     35    4000.0       4.3       8.0      0.83      2.00      0.50  -9999.00
     1   2005     36    3000.0      -0.3       8.7      0.60      2.00      0.80  -9999.00
     1   2005     37    4300.0       5.6      11.4      0.91      2.00      6.80  -9999.00
     1   2005     38    7100.0       5.5       8.0      0.90      2.00      0.00  -9999.00
     1   2005     39    1200.0       5.5      10.2      0.90      2.00      0.30  -9999.00
     1   2005     40    1700.0       3.2       9.1      0.77      2.00      9.70  -9999.00
     1   2005     41    4700.0       4.9       4.9      0.87      2.00      0.30  -9999.00
     1   2005     42    1600.0      -5.1       3.7      0.42      2.00      0.00  -9999.00
     1   2005     43    5000.0       7.5       9.0      1.04      2.00      1.00  -9999.00
     1   2005     44    8600.0       4.5       6.2      0.84      2.00      1.00  -9999.00
     1   2005     45    4500.0       3.4       9.8      0.78      2.00      4.00  -9999.00
     1   2005     46    5200.0       4.2       7.3      0.82      2.00      1.40  -9999.00
     1   2005     47    2900.0       5.9       8.8      0.93      2.00      4.50  -9999.00
     1   2005     48    2500.0       5.6       8.8      0.91      2.00     14.00  -9999.00
     1   2005     49    4800.0       7.8       9.0      1.06      2.00     10.10  -9999.00
     1   2005     50    9300.0       1.2       5.9      0.67      2.00      8.40  -9999.00
     1   2005     51    8900.0       3.6       4.7      0.79      2.00      2.40  -9999.00
     1   2005     52    8300.0       2.8       4.8      0.75      2.00      0.00  -9999.00
     1   2005     53    4200.0      -5.9      10.0      0.39      2.00      0.00  -9999.00
     1   2005     54    7900.0      -0.9       1.1      0.57      2.00      0.00  -9999.00
     1   2005     55    8300.0      -3.2       9.5      0.48      2.00      0.00  -9999.00
     1   2005     56    3200.0       5.5      10.3      0.90      2.00      4.10  -9999.00
     1   2005     57    3900.0       5.6       7.6      0.91      2.00     10.20  -9999.00
     1   2005     58    6300.0       0.7      11.0      0.64      2.00      5.70  -9999.00
     1   2005     59    8700.0       6.3       9.5      0.95      2.00      6.20  -9999.00
     1   2005     60    3100.0       5.4      11.2      0.90      2.00      5.00  -9999.00
     1   2005     61    8800.0       5.8       6.9      0.92      2.00      0.00  -9999.00
     1   2005     62   10200.0       2.4       4.4      0.73      2.00      0.10  -9999.00
     1   2005     63    7200.0       0.3      11.9      0.62      2.00      0.10  -9999.00
     1   2005     64    9900.0       1.0       9.3      0.66      2.00      8.70  -9999.00
     1   2005     65    4700.0       4.7      12.8      0.85      2.00      3.70  -9999.00
     1   2005     66   10200.0       3.6       8.9      0.79      2.00      1.10  -9999.00
     1   2005     67   11800.0       7.4       9.6      1.03      2.00      0.20  -9999.00
     1   2005     68   13600.0       2.6       9.3      0.74      2.00      0.00  -9999.00
     1   2005     69    9800.0       6.7      11.6      0.98      2.00      1.90  -9999.00
     1   2005     70   11000.0      -0.6      11.3      0.58      2.00      0.00  -9999.00
     1   2005     71    9400.0       3.5       8.9      0.78      2.00      4.40  -9999.00
     1   2005     72   14500.0       5.7       9.3      0.92      2.00      0.00  -9999.00
     1   2005     73    7700.0       6.4      11.2      0.96      2.00      0.00  -9999.00
     1   2005     74    8000.0       3.3      10.2      0.77      2.00      1.40  -9999.00
     1   2005     75   10800.0       3.1      11.1      0.76      2.00      0.00  -9999.00
     1   2005     76    5500.0       6.8       7.3      0.99      2.00      9.00  -9999.00
     1   2005     77   15700.0       1.4       7.9      0.68      2.00     13.90  -9999.00
     1   2005     78    5800.0       5.2      11.0      0.88      2.00      0.10  -9999.00
     1   2005     79    8400.0       3.4      15.0      0.78      2.00      8.70  -9999.00
     1   2005     80   13700.0       5.1       9.4      0.88      2.00      7.60  -9999.00
     1   2005     81   13100.0      -0.9       8.4      0.57      2.00      0.10  -9999.00
     1   2005     82    4800.0       2.2       7.7      0.72      2.00      3.20  -9999.00
     1   2005     83    8000.0       1.7       7.9      0.69      2.00      0.10  -9999.00
     1   2005     84    7800.0       4.1       9.5      0.82      2.00      0.00  -9999.00
     1   2005     85    8800.0       4.0      14.2      0.81      2.00      0.00  -9999.00
     1   2005     86    5900.0       0.6      10.2      0.64      2.00      0.70  -9999.00
     1   2005     87    6200.0       4.7      11.4      0.85      2.00      2.00  -9999.00
     1   2005     88   16800.0       5.8      11.8      0.92      2.00      0.00  -9999.00
     1   2005     89   16300.0      -1.8      11.9      0.54      2.00      0.00  -9999.00
     1   2005     90    8100.0       6.9      14.5      0.99      2.00      0.00  -9999.00
     1   2005     91   14300.0       7.6      10.6      1.04      2.00      0.00  -9999.00
     1   2005     92   16000.0       0.0      10.1      0.61      2.00      0.00  -9999.00
     1   2005     93   18100.0       0.3      13.0      0.62      2.00      0.00  -9999.00
     1   2005     94   18300.0       2.1      11.8      0.71      2.00      0.00  -9999.00
     1   2005     95   18800.0      -2.0      11.0      0.53      2.00      0.00  -9999.00
     1   2005     96    6100.0       6.7       8.7      0.98      2.00      3.40  -9999.00
     1   2005     97   18600.0       0.8      11.1      0.65      2.00      4.20  -9999.00
     1   2005     98   13300.0       2.1      16.9      0.71      2.00      0.00  -9999.00
     1   2005     99   12500.0       4.4      11.1      0.84      2.00      9.00  -9999.00
     1   2005    100    6900.0      -0.8      11.1      0.58      2.00     11.20  -9999.00
     1   2005    101    7200.0       6.1       9.3      0.94      2.00      2.10  -9999.00
     1   2005    102   10800.0       4.0      14.0      0.81      2.00      3.30  -9999.00
     1   2005    103   16200.0       3.0       9.9      0.76      2.00      0.00  -9999.00
     1   2005    104   14300.0       6.3      14.4      0.95      2.00      0.00  -9999.00
     1   2005    105   14000.0       2.5      10.0      0.73      2.00      0.90  -9999.00
     1   2005    106   10600.0       5.6      10.4      0.91      2.00      0.70  -9999.00
     1   2005    107    8400.0       8.5      10.4      1.11      2.00      0.80  -9999.00
     1   2005    108    6800.0       6.1      10.2      0.94      2.00      4.80  -9999.00
     1   2005    109   12100.0       4.2      11.9      0.82      2.00      1.00  -9999.00
     1   2005    110    9900.0       4.1       9.9      0.82      2.00      3.60  -9999.00
     1   2005    111   15000.0       4.4      12.1      0.84      2.00      6.70  -9999.00
     1   2005    112    7700.0       9.6      10.0      1.20      2.00      3.30  -9999.00
     1   2005    113   23000.0      -1.4      16.8      0.55      2.00      0.00  -9999.00
     1   2005    114    8700.0       9.4      10.0      1.18      2.00     18.20  -9999.00
     1   2005    115   11000.0       4.7      12.6      0.85      2.00      3.20  -9999.00
     1   2005    116   16300.0       2.6      12.5      0.74      2.00      0.40  -9999.00
     1   2005    117   16800.0       7.0      12.2      1.00      2.00      0.40  -9999.00
     1   2005    118   15700.0       5.9      16.3      0.93      2.00      0.00  -9999.00
     1   2005    119   13700.0       2.1      12.7      0.71      2.00      0.10  -9999.00
     1   2005    120    8400.0       6.4      11.8      0.96      2.00      0.30  -9999.00
     1   2005    121   17600.0       3.3      11.4      0.77      2.00      0.10  -9999.00
     1   2005    122   14800.0       9.3      11.6      1.17      2.00      8.70  -9999.00
     1   2005    123   21300.0       5.2      19.2      0.88      2.00      0.00  -9999.00
     1   2005    124   12800.0       6.1      11.5      0.94      2.00      0.00  -9999.00
     1   2005    125    8300.0       3.5      13.0      0.78      2.00     11.30  -9999.00
     1   2005    126   23500.0       6.3      15.6      0.95      2.00      0.00  -9999.00
     1   2005    127   26000.0       3.6      17.7      0.79      2.00      0.00  -9999.00
     1   2005    128   20500.0      13.0      18.2      1.50      2.00      0.00  -9999.00
     1   2005    129   13600.0      11.5      17.5      1.36      2.00      0.00  -9999.00
     1   2005    130   14400.0       7.2      16.9      1.02      2.00      0.00  -9999.00
     1   2005    131   24600.0       3.1      15.1      0.76      2.00      0.00  -9999.00
     1   2005    132   12800.0       9.2      14.1      1.16      2.00      0.00  -9999.00
     1   2005    133   26400.0       9.1      15.2      1.16      2.00      0.00  -9999.00
     1   2005    134   10600.0       9.2      16.1      1.16      2.00      2.30  -9999.00
     1   2005    135    9400.0       7.3      10.5      1.02      2.00      7.50  -9999.00
     1   2005    136    6500.0       9.1      16.0      1.16      2.00      1.80  -9999.00
     1   2005    137   24100.0       5.4      12.2      0.90      2.00      0.00  -9999.00
     1   2005    138    9800.0       5.9      16.2      0.93      2.00      0.00  -9999.00
     1   2005    139   25600.0      10.5      18.4      1.27      2.00      0.00  -9999.00
     1   2005    140   24900.0       7.8      18.1      1.06      2.00      0.00  -9999.00
     1   2005    141   14700.0       7.3      23.8      1.02      2.00      0.00  -9999.00
     1   2005    142   21700.0       9.4      12.8      1.18      2.00      0.00  -9999.00
     1   2005    143   19500.0       2.8      17.3      0.75      2.00      5.60  -9999.00
     1   2005    144    4200.0       9.6      11.6      1.20      2.00      0.10  -9999.00
     1   2005    145   24000.0       6.5      23.2      0.97      2.00      0.00  -9999.00
     1   2005    146   26800.0      14.0      14.8      1.60      2.00      0.00  -9999.00
     1   2005    147   21200.0      12.8      17.7      1.48      2.00      0.00  -9999.00
     1   2005    148   28500.0      11.0      15.7      1.31      2.00      0.00  -9999.00
     1   2005    149   22600.0       8.7      17.5      1.12      2.00      0.00  -9999.00
     1   2005    150   16800.0      12.0      17.8      1.40      2.00      0.00  -9999.00
     1   2005    151   29100.0      10.5      13.3      1.27      2.00      0.00  -9999.00
     1   2005    152   12300.0       7.9      14.0      1.07      2.00      0.20  -9999.00
     1   2005    153   18600.0      12.5      13.4      1.45      2.00      0.00  -9999.00
     1   2005    154   10300.0       8.7      17.4      1.12      2.00      4.00  -9999.00
     1   2005    155    9100.0      12.9      15.8      1.49      2.00      9.30  -9999.00
     1   2005    156   22700.0       6.6      16.4      0.97      2.00      0.00  -9999.00
     1   2005    157   29400.0       8.2      18.1      1.09      2.00      0.00  -9999.00
     1   2005    158   14800.0       7.6      21.5      1.04      2.00      0.00  -9999.00
     1   2005    159   26700.0      13.1      22.1      1.51      2.00      0.00  -9999.00
     1   2005    160   18400.0      13.8      21.3      1.58      2.00      0.00  -9999.00
     1   2005    161   18900.0       9.4      15.4      1.18      2.00      0.00  -9999.00
     1   2005    162   11700.0      10.0      14.6      1.23      2.00     13.20  -9999.00
     1   2005    163   21400.0       8.9      16.6      1.14      2.00      0.00  -9999.00
     1   2005    164   28800.0      13.7      18.5      1.57      2.00      0.00  -9999.00
     1   2005    165   25500.0      11.7      19.4      1.37      2.00      0.00  -9999.00
     1   2005    166   21200.0       9.0      18.3      1.15      2.00      0.00  -9999.00
     1   2005    167   23000.0      13.7      16.7      1.57      2.00      0.00  -9999.00
     1   2005    168   10500.0      10.5      15.9      1.27      2.00      0.00  -9999.00
     1   2005    169   21700.0       7.6      16.5      1.04      2.00      0.00  -9999.00
     1   2005    170   22500.0      13.0      19.1      1.50      2.00     20.40  -9999.00
     1   2005    171   23300.0       7.3      15.1      1.02      2.00      0.00  -9999.00
     1   2005    172   22600.0       8.8      16.3      1.13      2.00      0.00  -9999.00
     1   2005    173   20700.0      12.1      18.1      1.41      2.00      0.00  -9999.00
     1   2005    174   15800.0       9.8      27.3      1.21      2.00      0.00  -9999.00
     1   2005    175   27600.0       6.9      25.2      0.99      2.00      0.00  -9999.00
     1   2005    176   26900.0       5.3      19.0      0.89      2.00      0.00  -9999.00
     1   2005    177   18500.0      12.8      20.6      1.48      2.00      0.00  -9999.00
     1   2005    178   22700.0       8.1      26.0      1.08      2.00      0.00  -9999.00
     1   2005    179   22800.0      10.6      19.0      1.28      2.00      0.00  -9999.00
     1   2005    180   17800.0      14.8      18.3      1.68      2.00      0.00  -9999.00
     1   2005    181   21500.0      11.0      19.4      1.31      2.00      0.00  -9999.00
     1   2005    182   22900.0      14.2      18.0      1.62      2.00      0.00  -9999.00
     1   2005    183   25600.0       9.1      19.1      1.16      2.00      0.00  -9999.00
     1   2005    184   14200.0      14.8      19.5      1.68      2.00      0.00  -9999.00
     1   2005    185   22300.0      12.4      21.1      1.44      2.00      0.00  -9999.00
     1   2005    186   21000.0      13.5      22.8      1.55      2.00      0.00  -9999.00
     1   2005    187   19600.0      11.5      17.1      1.36      2.00     26.30  -9999.00
     1   2005    188   13500.0      14.8      19.7      1.68      2.00      0.50  -9999.00
     1   2005    189   11500.0      14.0      18.8      1.60      2.00      4.30  -9999.00
     1   2005    190   16700.0      11.5      14.4      1.36      2.00      0.30  -9999.00
     1   2005    191   22100.0      14.9      19.1      1.69      2.00      0.50  -9999.00
     1   2005    192   24700.0      12.7      16.9      1.47      2.00      0.00  -9999.00
     1   2005    193   27000.0      14.5      23.1      1.65      2.00      0.00  -9999.00
     1   2005    194    9600.0      10.8      14.7      1.29      2.00      0.20  -9999.00
     1   2005    195   16800.0      14.8      17.9      1.68      2.00     27.60  -9999.00
     1   2005    196   19200.0      17.6      27.3      2.01      2.00      0.00  -9999.00
     1   2005    197   19600.0      10.7      29.3      1.29      2.00      0.00  -9999.00
     1   2005    198   10000.0      12.8      17.9      1.48      2.00      4.90  -9999.00
     1   2005    199   19000.0      16.0      18.5      1.82      2.00     12.80  -9999.00
     1   2005    200   25800.0      14.1      26.0      1.61      2.00      0.00  -9999.00
     1   2005    201   12300.0      10.7      19.7      1.29      2.00      0.40  -9999.00
     1   2005    202    4200.0      16.3      20.1      1.85      2.00     15.90  -9999.00
     1   2005    203   12000.0      13.9      17.5      1.59      2.00      0.30  -9999.00
     1   2005    204   14700.0      12.4      17.2      1.44      2.00      2.40  -9999.00
     1   2005    205   17400.0      17.3      18.4      1.97      2.00      0.00  -9999.00
     1   2005    206   26100.0      10.9      18.5      1.30      2.00      0.00  -9999.00
     1   2005    207   18900.0      11.9      25.0      1.39      2.00      0.00  -9999.00
     1   2005    208   22300.0      13.0      21.8      1.50      2.00     31.20  -9999.00
     1   2005    209   24000.0      12.5      27.6      1.45      2.00      0.00  -9999.00
     1   2005    210   21300.0      14.1      24.7      1.61      2.00     32.00  -9999.00
     1   2005    211   21600.0      16.9      19.3      1.92      2.00      0.00  -9999.00
     1   2005    212   27200.0      16.4      18.4      1.86      2.00      0.00  -9999.00
     1   2005    213   15600.0      10.5      19.7      1.27      2.00      0.00  -9999.00
     1   2005    214   21700.0      15.2      21.0      1.73      2.00      0.00  -9999.00
     1   2005    215   17800.0      11.9      22.1      1.39      2.00      0.00  -9999.00
     1   2005    216   16100.0      14.0      16.6      1.60      2.00      3.30  -9999.00
     1   2005    217    3900.0      10.4      17.1      1.26      2.00      0.80  -9999.00
     1   2005    218   21200.0      13.8      21.2      1.58      2.00      0.00  -9999.00
     1   2005    219   13000.0      11.6      19.2      1.37      2.00      0.30  -9999.00
     1   2005    220   20600.0      12.5      22.1      1.45      2.00      0.00  -9999.00
     1   2005    221   11100.0      12.5      20.7      1.45      2.00      0.00  -9999.00
     1   2005    222   21000.0      13.1      25.1      1.51      2.00      0.00  -9999.00
     1   2005    223   15100.0      14.4      20.3      1.64      2.00     13.80  -9999.00
     1   2005    224   14900.0      11.5      18.7      1.36      2.00      0.00  -9999.00
     1   2005    225   24900.0      15.0      19.8      1.70      2.00      0.00  -9999.00
     1   2005    226    8400.0      13.0      20.4      1.50      2.00     17.00  -9999.00
     1   2005    227    8800.0      11.5      18.4      1.36      2.00      3.70  -9999.00
     1   2005    228   23000.0      12.4      19.2      1.44      2.00      0.00  -9999.00
     1   2005    229   14700.0      13.4      20.5      1.54      2.00      0.00  -9999.00
     1   2005    230   13100.0      13.5      16.0      1.55      2.00      0.00  -9999.00
     1   2005    231   22800.0      17.3      19.0      1.97      2.00      0.00  -9999.00
     1   2005    232   21000.0      10.8      22.2      1.29      2.00      0.00  -9999.00
     1   2005    233   13300.0      12.9      19.8      1.49      2.00     16.70  -9999.00
     1   2005    234   11000.0      12.5      17.3      1.45      2.00      1.90  -9999.00
     1   2005    235   15200.0       9.5      15.4      1.19      2.00      0.00  -9999.00
     1   2005    236    3300.0      11.8      19.4      1.38      2.00      2.00  -9999.00
     1   2005    237   13700.0      13.3      24.2      1.53      2.00      0.10  -9999.00
     1   2005    238   12200.0      13.4      18.3      1.54      2.00      1.20  -9999.00
     1   2005    239    9300.0      12.8      16.4      1.48      2.00     13.70  -9999.00
     1   2005    240   20000.0      15.3      17.3      1.74      2.00      0.00  -9999.00
     1   2005    241   15600.0       9.5      24.3      1.19      2.00      0.00  -9999.00
     1   2005    242   14000.0      12.1      17.3      1.41      2.00      0.00  -9999.00
     1   2005    243   11400.0      11.4      18.1      1.35      2.00      0.00  -9999.00
     1   2005    244   13400.0       9.0      17.7      1.15      2.00      0.00  -9999.00
     1   2005    245   12000.0      11.5      17.5      1.36      2.00      8.20  -9999.00
     1   2005    246   15100.0      13.6      25.0      1.56      2.00      0.00  -9999.00
     1   2005    247   15200.0       7.9      21.4      1.07      2.00      0.00  -9999.00
     1   2005    248   10900.0      12.8      18.8      1.48      2.00      0.00  -9999.00
     1   2005    249   15700.0      10.5      19.0      1.27      2.00      0.00  -9999.00
     1   2005    250    9000.0       6.2      15.6      0.95      2.00      0.00  -9999.00
     1   2005    251    7800.0      14.6      21.4      1.66      2.00      1.60  -9999.00
     1   2005    252   12000.0      12.4      16.9      1.44      2.00     39.00  -9999.00
     1   2005    253    9600.0      15.0      20.3      1.70      2.00      0.70  -9999.00
     1   2005    254   15100.0      13.8      18.1      1.58      2.00      0.00  -9999.00
     1   2005    255    6400.0      14.3      16.5      1.63      2.00      4.20  -9999.00
     1   2005    256   11400.0      13.1      19.3      1.51      2.00      8.30  -9999.00
     1   2005    257    7500.0      11.7      19.9      1.37      2.00      2.00  -9999.00
     1   2005    258   14200.0      11.2      17.3      1.33      2.00      2.50  -9999.00
     1   2005    259   13700.0      10.3      17.6      1.25      2.00      0.60  -9999.00
     1   2005    260    6300.0       7.2      14.6      1.02      2.00     19.30  -9999.00
     1   2005    261    8200.0       9.1      17.7      1.16      2.00      0.70  -9999.00
     1   2005    262    6800.0      13.9      17.8      1.59      2.00      0.20  -9999.00
     1   2005    263   12400.0      11.6      14.7      1.37      2.00      1.20  -9999.00
     1   2005    264    2400.0       4.3      15.2      0.83      2.00      0.10  -9999.00
     1   2005    265    7700.0      13.3      17.1      1.53      2.00      0.10  -9999.00
     1   2005    266    7200.0       5.4      21.3      0.90      2.00      1.10  -9999.00
     1   2005    267   12700.0      12.1      14.1      1.41      2.00      0.00  -9999.00
     1   2005    268    8500.0       7.6      15.2      1.04      2.00      6.70  -9999.00
     1   2005    269    7800.0       5.3      19.7      0.89      2.00      0.10  -9999.00
     1   2005    270    7800.0      12.9      17.6      1.49      2.00      0.50  -9999.00
     1   2005    271    4700.0      14.4      15.0      1.64      2.00      6.30  -9999.00
     1   2005    272    6700.0       3.6      18.3      0.79      2.00      0.10  -9999.00
     1   2005    273    6700.0      13.1      17.3      1.51      2.00      0.10  -9999.00
     1   2005    274   10500.0      11.3      16.3      1.34      2.00     26.50  -9999.00
     1   2005    275   13900.0      13.5      14.6      1.55      2.00      0.00  -9999.00
     1   2005    276   10900.0      10.9      15.7      1.30      2.00      0.00  -9999.00
     1   2005    277    8400.0      10.6      14.5      1.28      2.00      1.60  -9999.00
     1   2005    278   12300.0       6.9      20.9      0.99      2.00      0.00  -9999.00
     1   2005    279    8800.0       8.1      15.0      1.08      2.00      0.10  -9999.00
     1   2005    280    4500.0       9.1      11.9      1.16      2.00      0.00  -9999.00
     1   2005    281    4300.0       8.9      15.9      1.14      2.00      0.00  -9999.00
     1   2005    282    6100.0       8.6      13.9      1.12      2.00      0.00  -9999.00
     1   2005    283    5800.0       9.2      11.1      1.16      2.00      0.00  -9999.00
     1   2005    284    7500.0       5.1      13.1      0.88      2.00      0.00  -9999.00
     1   2005    285   10800.0       6.2      18.0      0.95      2.00      0.00  -9999.00
     1   2005    286    5200.0      11.8      12.0      1.38      2.00     15.70  -9999.00
     1   2005    287    9500.0       5.9      15.8      0.93      2.00      1.30  -9999.00
     1   2005    288    5100.0      11.7      14.3      1.37      2.00      9.00  -9999.00
     1   2005    289    8100.0       7.0      12.4      1.00      2.00      0.00  -9999.00
     1   2005    290    3400.0       6.7      10.2      0.98      2.00     28.70  -9999.00
     1   2005    291    3200.0       5.9      15.2      0.93      2.00      0.60  -9999.00
     1   2005    292    8000.0       7.9      14.3      1.07      2.00      0.10  -9999.00
     1   2005    293    4700.0       9.4      13.5      1.18      2.00      3.50  -9999.00
     1   2005    294    3100.0       8.6      11.5      1.12      2.00     10.10  -9999.00
     1   2005    295    7600.0      12.9      13.4      1.49      2.00      0.10  -9999.00
     1   2005    296    9100.0       9.1      11.1      1.16      2.00     18.90  -9999.00
     1   2005    297    5700.0       8.7      11.3      1.12      2.00      0.20  -9999.00
     1   2005    298    6800.0      10.4      13.8      1.26      2.00      0.20  -9999.00
     1   2005    299    3900.0       9.2      11.2      1.16      2.00      8.70  -9999.00
     1   2005    300    6600.0      10.9      11.8      1.30      2.00      2.20  -9999.00
     1   2005    301    3600.0      10.3      15.9      1.25      2.00      0.10  -9999.00
     1   2005    302    4400.0       1.1      13.9      0.66      2.00      1.90  -9999.00
     1   2005    303    3500.0       6.3      14.9      0.95      2.00      0.70  -9999.00
     1   2005    304    5400.0       8.8      13.7      1.13      2.00      9.50  -9999.00
     1   2005    305    3500.0       9.3      13.0      1.17      2.00      2.80  -9999.00
     1   2005    306    5300.0      12.6      13.3      1.46      2.00      1.10  -9999.00
     1   2005    307    1200.0       6.1      13.0      0.94      2.00      0.30  -9999.00
     1   2005    308    2200.0       2.2      11.5      0.72      2.00      0.40  -9999.00
     1   2005    309    2600.0       5.4      10.6      0.90      2.00      0.00  -9999.00
     1   2005    310    2500.0       0.5      11.5      0.63      2.00      0.00  -9999.00
     1   2005    311    1600.0       6.0      12.0      0.93      2.00      0.50  -9999.00
     1   2005    312    2000.0       2.4      13.0      0.73      2.00      9.40  -9999.00
     1   2005    313    3900.0       4.1      14.9      0.82      2.00     24.40  -9999.00
     1   2005    314    3500.0       9.8      15.3      1.21      2.00      2.30  -9999.00
     1   2005    315    4200.0       5.6      12.7      0.91      2.00      0.50  -9999.00
     1   2005    316    3900.0       1.7      14.8      0.69      2.00      0.40  -9999.00
     1   2005    317    2900.0       4.2       9.9      0.82      2.00      0.40  -9999.00
     1   2005    318    5000.0       7.3       9.1      1.02      2.00      7.00  -9999.00
     1   2005    319    1200.0      -0.2      11.3      0.60      2.00      3.60  -9999.00
     1   2005    320    1200.0       9.2      11.2      1.16      2.00     20.90  -9999.00
     1   2005    321    5200.0       1.5       5.0      0.68      2.00      0.00  -9999.00
     1   2005    322    2100.0       9.2      12.2      1.16      2.00      0.20  -9999.00
     1   2005    323    3000.0       9.1      12.0      1.16      2.00      9.40  -9999.00
     1   2005    324    5300.0      11.1      11.5      1.32      2.00      5.60  -9999.00
     1   2005    325    2100.0       6.4      10.0      0.96      2.00      6.80  -9999.00
     1   2005    326    2500.0      -0.5      13.0      0.59      2.00      0.60  -9999.00
     1   2005    327    2000.0       3.4      12.0      0.78      2.00      4.30  -9999.00
     1   2005    328    1900.0       9.6      13.1      1.20      2.00      3.00  -9999.00
     1   2005    329    3500.0       5.6      11.8      0.91      2.00      0.20  -9999.00
     1   2005    330    2000.0       6.9       8.9      0.99      2.00      0.60  -9999.00
     1   2005    331    5300.0      -3.5       3.6      0.47      2.00      0.00  -9999.00
     1   2005    332    2000.0       3.6       4.3      0.79      2.00      0.00  -9999.00
     1   2005    333    2500.0       4.0      12.3      0.81      2.00      6.70  -9999.00
     1   2005    334    1700.0       4.7       6.7      0.85      2.00      1.90  -9999.00
     1   2005    335    1900.0      -0.4       9.4      0.59      2.00      0.80  -9999.00
     1   2005    336     700.0       5.6       8.0      0.91      2.00      3.20  -9999.00
     1   2005    337    1600.0       3.1      10.8      0.76      2.00     13.70  -9999.00
     1   2005    338    3100.0       6.0       8.0      0.93      2.00      0.00  -9999.00
     1   2005    339    2500.0       3.9      12.9      0.81      2.00      9.30  -9999.00
     1   2005    340    2700.0       7.6       9.9      1.04      2.00      1.00  -9999.00
     1   2005    341    4600.0       5.5       7.5      0.90      2.00      0.20  -9999.00
     1   2005    342    1500.0      -2.9       9.0      0.49      2.00      0.00  -9999.00
     1   2005    343    1900.0       5.6      10.2      0.91      2.00     29.80  -9999.00
     1   2005    344    2200.0       3.9      10.2      0.81      2.00      2.90  -9999.00
     1   2005    345    3400.0       7.3       7.7      1.02      2.00      0.00  -9999.00
     1   2005    346    3800.0       2.8      11.6      0.75      2.00      8.40  -9999.00
     1   2005    347    2600.0       5.1       6.1      0.88      2.00      0.00  -9999.00
     1   2005    348    2400.0       6.9      10.2      0.99      2.00      7.90  -9999.00
     1   2005    349    1200.0       6.7       8.6      0.98      2.00      1.30  -9999.00
     1   2005    350    2200.0       3.8       5.8      0.80      2.00     14.40  -9999.00
     1   2005    351    1700.0       4.1       6.7      0.82      2.00      6.40  -9999.00
     1   2005    352    1600.0       8.1      10.1      1.08      2.00      0.40  -9999.00
     1   2005    353    1500.0      -1.5       9.4      0.55      2.00     12.10  -9999.00
     1   2005    354    1400.0       1.1      10.1      0.66      2.00     17.20  -9999.00
     1   2005    355    3900.0       4.3       8.2      0.83      2.00     11.50  -9999.00
     1   2005    356    4000.0       6.7      11.0      0.98      2.00      4.10  -9999.00
     1   2005    357     900.0       0.9       8.6      0.65      2.00      0.00  -9999.00
     1   2005    358    2500.0       4.6      12.7      0.85      2.00     10.50  -9999.00
     1   2005    359    3400.0       2.1       9.8      0.71      2.00      0.00  -9999.00
     1   2005    360    2200.0       4.0       5.6      0.81      2.00      0.00  -9999.00
     1   2005    361    2100.0      -0.7       5.9      0.58      2.00      0.00  -9999.00
     1   2005    362     800.0       3.6      10.0      0.79      2.00      0.10  -9999.00
     1   2005    363     700.0       6.9       7.0      0.99      2.00      5.80  -9999.00
     1   2005    364    1400.0       6.4       8.2      0.96      2.00     10.40  -9999.00
     1   2005    365    1500.0       6.8      11.0      0.99      2.00      1.60  -9999.00
