*-----------------------------------------------------------------------------* 
           CNWG_280.met           51.48   -3.55   69.72
* Date created:  08-Aug-2019     Author: K Coleman 
* 
* NIL VALUE       -9999 
* Source:   data provided by M. Semenov 
*  
* Latitude:    51.48 Longitude:    -3.55 Altitude:    69.72
* 
* Column  Daily value 
* 1       station number 
* 2       year 
* 3       day 
* 4       irradiation                   (kJ m-2 d-1) 
* 5       minimum temperature           (degrees Celsius) 
* 6       maximum temperature           (degrees Celsius) 
* 7       early morning vapour pressure (kPa)             
* 8       mean wind speed (height: 2 m?) (m s-1)          
* 9       precipitation                 (mm d-1)          
* 10      sunshine                      (hrs)             
 		Jday	RAD	    TMIN	TMAX	 VAP	wind	RAIN	SUN  
               kj/m2	°C	    °C	     kPa	m/s	    mm	    hrs 
   51.48  69.72
     1   2005      1    2800.0       4.7       5.6      0.85      2.00      0.00  -9999.00
     1   2005      2    2100.0      -0.7       8.7      0.58      2.00      0.00  -9999.00
     1   2005      3    1700.0      -2.8       7.0      0.50      2.00      0.00  -9999.00
     1   2005      4    1900.0       1.2       7.1      0.67      2.00      0.00  -9999.00
     1   2005      5    4100.0       1.0       8.5      0.66      2.00      0.00  -9999.00
     1   2005      6    2500.0      -2.3       9.7      0.52      2.00     12.20  -9999.00
     1   2005      7    2800.0       5.5       9.0      0.90      2.00      0.00  -9999.00
     1   2005      8    2700.0       6.4       9.1      0.96      2.00      0.40  -9999.00
     1   2005      9     700.0      -0.1       8.5      0.61      2.00      3.40  -9999.00
     1   2005     10    1900.0       3.4       6.3      0.78      2.00      0.00  -9999.00
     1   2005     11    3700.0      -1.5       8.2      0.55      2.00      4.30  -9999.00
     1   2005     12    1700.0       9.0       9.2      1.15      2.00      0.30  -9999.00
     1   2005     13    1700.0       6.9       8.6      0.99      2.00      1.30  -9999.00
     1   2005     14     800.0       7.0       9.4      1.00      2.00      5.90  -9999.00
     1   2005     15    3600.0      -4.2       7.9      0.45      2.00      0.50  -9999.00
     1   2005     16    2600.0       0.2       2.2      0.62      2.00      0.30  -9999.00
     1   2005     17    3300.0       3.4       9.1      0.78      2.00      9.80  -9999.00
     1   2005     18    3600.0       4.5       7.9      0.84      2.00      0.00  -9999.00
     1   2005     19    4300.0       2.6       8.7      0.74      2.00      1.00  -9999.00
     1   2005     20    4300.0       0.9      10.4      0.65      2.00      1.20  -9999.00
     1   2005     21    2100.0       8.0       9.6      1.07      2.00      3.80  -9999.00
     1   2005     22    1300.0       6.9       9.1      0.99      2.00      0.40  -9999.00
     1   2005     23     900.0       6.6      11.0      0.97      2.00      3.70  -9999.00
     1   2005     24    6300.0       2.8       7.0      0.75      2.00      5.60  -9999.00
     1   2005     25    2200.0       0.2       5.8      0.62      2.00      0.90  -9999.00
     1   2005     26    1000.0       5.4       8.1      0.90      2.00      1.90  -9999.00
     1   2005     27    2400.0       4.7       9.3      0.85      2.00      0.40  -9999.00
     1   2005     28    4300.0       0.1       2.1      0.62      2.00     10.10  -9999.00
     1   2005     29    1000.0       3.4       7.4      0.78      2.00      0.40  -9999.00
     1   2005     30    2100.0       0.6       8.7      0.64      2.00      6.20  -9999.00
     1   2005     31    7100.0       3.0       9.2      0.76      2.00      1.50  -9999.00
     1   2005     32    2500.0       2.9       8.7      0.75      2.00      0.20  -9999.00
     1   2005     33    3700.0       6.5       7.9      0.97      2.00      0.30  -9999.00
     1   2005     34    2700.0       5.4      11.8      0.90      2.00      4.90  -9999.00
     1   2005     35    2800.0       6.1       8.1      0.94      2.00      3.20  -9999.00
     1   2005     36    2500.0       3.9       9.0      0.81      2.00      9.70  -9999.00
     1   2005     37    4200.0       3.4       4.6      0.78      2.00      2.70  -9999.00
     1   2005     38    4800.0      -5.9       6.0      0.39      2.00      6.10  -9999.00
     1   2005     39    6300.0       7.5      11.9      1.04      2.00      3.50  -9999.00
     1   2005     40    2200.0       5.5      10.9      0.90      2.00      3.60  -9999.00
     1   2005     41    4800.0       5.1       7.5      0.88      2.00     14.40  -9999.00
     1   2005     42    5700.0       4.2      10.6      0.82      2.00      0.30  -9999.00
     1   2005     43    2100.0       3.5       7.9      0.78      2.00      6.80  -9999.00
     1   2005     44    7000.0       1.0       7.5      0.66      2.00      0.80  -9999.00
     1   2005     45    1300.0       3.4       9.1      0.78      2.00      0.30  -9999.00
     1   2005     46    3800.0       1.6       4.1      0.69      2.00      0.00  -9999.00
     1   2005     47    4200.0      -4.3       9.4      0.44      2.00      0.30  -9999.00
     1   2005     48    3800.0       2.5      10.2      0.73      2.00      3.90  -9999.00
     1   2005     49    9500.0       4.9       6.1      0.87      2.00      0.00  -9999.00
     1   2005     50    9700.0      -2.4      -0.4      0.51      2.00      0.00  -9999.00
     1   2005     51    5400.0       1.6      12.4      0.69      2.00      0.00  -9999.00
     1   2005     52    4100.0      -0.3      15.4      0.60      2.00      0.00  -9999.00
     1   2005     53    2400.0      -0.1       5.1      0.61      2.00      2.30  -9999.00
     1   2005     54    1600.0       3.7       8.8      0.80      2.00      1.20  -9999.00
     1   2005     55    5700.0       6.1       8.1      0.94      2.00      0.90  -9999.00
     1   2005     56    5300.0       0.8       7.7      0.65      2.00      8.40  -9999.00
     1   2005     57    3800.0       4.4       8.9      0.84      2.00      0.90  -9999.00
     1   2005     58    3500.0      -8.0       6.2      0.33      2.00      0.00  -9999.00
     1   2005     59    3600.0       7.1       9.2      1.01      2.00      0.20  -9999.00
     1   2005     60    4300.0       0.1       9.9      0.62      2.00      0.00  -9999.00
     1   2005     61    5300.0       4.0      10.0      0.81      2.00      0.20  -9999.00
     1   2005     62    5500.0       5.2       7.2      0.88      2.00      9.90  -9999.00
     1   2005     63    9600.0       2.6      12.3      0.74      2.00      2.10  -9999.00
     1   2005     64    3900.0       0.8      10.8      0.65      2.00      0.10  -9999.00
     1   2005     65    3800.0       7.0       9.4      1.00      2.00      0.40  -9999.00
     1   2005     66    7400.0       8.1      10.1      1.08      2.00     17.40  -9999.00
     1   2005     67    2000.0       0.6      11.1      0.64      2.00      4.50  -9999.00
     1   2005     68    8700.0       7.8       9.8      1.06      2.00     20.40  -9999.00
     1   2005     69    8800.0       0.7       9.9      0.64      2.00      0.20  -9999.00
     1   2005     70    5400.0       3.6       9.8      0.79      2.00      0.50  -9999.00
     1   2005     71   10100.0       4.1       7.5      0.82      2.00      1.10  -9999.00
     1   2005     72    2100.0       5.1       8.6      0.88      2.00      2.30  -9999.00
     1   2005     73    2200.0       4.1      16.7      0.82      2.00      9.40  -9999.00
     1   2005     74    4700.0       5.1       7.1      0.88      2.00      1.90  -9999.00
     1   2005     75    9400.0       6.7      11.4      0.98      2.00      0.00  -9999.00
     1   2005     76   14800.0       2.4      11.8      0.73      2.00      0.00  -9999.00
     1   2005     77    4700.0       3.6      16.3      0.79      2.00      0.00  -9999.00
     1   2005     78    4500.0       8.2      10.8      1.09      2.00      0.00  -9999.00
     1   2005     79   13800.0       1.5       8.8      0.68      2.00      0.00  -9999.00
     1   2005     80    5500.0       8.2       8.3      1.09      2.00      0.90  -9999.00
     1   2005     81   12600.0       5.3      11.9      0.89      2.00      7.90  -9999.00
     1   2005     82   13800.0       4.0       7.8      0.81      2.00      0.00  -9999.00
     1   2005     83    5100.0       6.1      12.3      0.94      2.00      4.50  -9999.00
     1   2005     84    7500.0       5.2      11.1      0.88      2.00      0.10  -9999.00
     1   2005     85    3600.0       5.5      10.2      0.90      2.00      2.00  -9999.00
     1   2005     86   11200.0       2.4      10.4      0.73      2.00      0.70  -9999.00
     1   2005     87   18000.0       1.4      11.4      0.68      2.00      3.20  -9999.00
     1   2005     88    8500.0       7.2      12.3      1.02      2.00      1.10  -9999.00
     1   2005     89    8800.0       3.7      10.7      0.80      2.00      1.00  -9999.00
     1   2005     90    7000.0      -2.5      11.7      0.51      2.00      6.50  -9999.00
     1   2005     91   18500.0       5.1      11.6      0.88      2.00     10.00  -9999.00
     1   2005     92   10300.0       6.3      12.3      0.95      2.00      8.40  -9999.00
     1   2005     93   15700.0       7.9      13.5      1.07      2.00      0.00  -9999.00
     1   2005     94    6600.0       3.3      11.7      0.77      2.00      0.30  -9999.00
     1   2005     95    6000.0       4.4       7.9      0.84      2.00      5.00  -9999.00
     1   2005     96   13200.0       5.8      12.3      0.92      2.00      0.00  -9999.00
     1   2005     97   20300.0       6.9      10.8      0.99      2.00      0.30  -9999.00
     1   2005     98   10300.0       8.3      10.3      1.09      2.00      1.10  -9999.00
     1   2005     99   18200.0       4.7      11.2      0.85      2.00      0.00  -9999.00
     1   2005    100   16600.0       6.4      19.4      0.96      2.00      0.00  -9999.00
     1   2005    101   17000.0       2.4       8.7      0.73      2.00      2.10  -9999.00
     1   2005    102   12800.0       4.3       9.4      0.83      2.00      8.80  -9999.00
     1   2005    103    9000.0       7.7      10.3      1.05      2.00      0.50  -9999.00
     1   2005    104   19700.0       5.4       6.6      0.90      2.00      0.00  -9999.00
     1   2005    105   17600.0       0.0       9.4      0.61      2.00      0.00  -9999.00
     1   2005    106    9900.0       6.2      10.8      0.95      2.00      0.00  -9999.00
     1   2005    107   18400.0       6.4      13.5      0.96      2.00      0.00  -9999.00
     1   2005    108   12800.0       0.4       9.9      0.63      2.00      0.00  -9999.00
     1   2005    109   15300.0       4.9      15.0      0.87      2.00      0.00  -9999.00
     1   2005    110   20700.0       6.9      11.2      0.99      2.00      0.00  -9999.00
     1   2005    111    9100.0       3.8      17.5      0.80      2.00      0.00  -9999.00
     1   2005    112    9400.0       8.5      15.0      1.11      2.00      1.70  -9999.00
     1   2005    113    6200.0       8.8      14.9      1.13      2.00      2.10  -9999.00
     1   2005    114   10800.0       6.5      15.9      0.97      2.00      7.00  -9999.00
     1   2005    115   20200.0       4.6      11.1      0.85      2.00      2.10  -9999.00
     1   2005    116   13600.0       0.6      12.0      0.64      2.00      3.20  -9999.00
     1   2005    117    9700.0       9.6       9.7      1.20      2.00      0.30  -9999.00
     1   2005    118   15500.0       7.8      15.6      1.06      2.00      0.00  -9999.00
     1   2005    119   10800.0       7.6      13.7      1.04      2.00      0.00  -9999.00
     1   2005    120   15000.0       8.2      21.7      1.09      2.00      0.00  -9999.00
     1   2005    121    9700.0       8.9      11.6      1.14      2.00      1.90  -9999.00
     1   2005    122   11100.0       6.6      14.5      0.97      2.00      0.70  -9999.00
     1   2005    123   15700.0       4.9      14.9      0.87      2.00      1.70  -9999.00
     1   2005    124   21500.0       4.9      10.7      0.87      2.00      0.00  -9999.00
     1   2005    125   25500.0       5.2      15.2      0.88      2.00      0.00  -9999.00
     1   2005    126   22800.0       5.2      18.9      0.88      2.00      0.00  -9999.00
     1   2005    127   14500.0      11.0      16.7      1.31      2.00      0.00  -9999.00
     1   2005    128   14400.0       7.2      15.3      1.02      2.00      0.30  -9999.00
     1   2005    129   12800.0       8.2      11.9      1.09      2.00      0.10  -9999.00
     1   2005    130   16400.0       8.5      12.4      1.11      2.00      1.70  -9999.00
     1   2005    131    9300.0      10.4      14.9      1.26      2.00      6.30  -9999.00
     1   2005    132    6700.0       8.7      10.8      1.12      2.00      1.30  -9999.00
     1   2005    133   10800.0       3.7      14.7      0.80      2.00      0.70  -9999.00
     1   2005    134   16300.0       6.8      13.4      0.99      2.00      1.90  -9999.00
     1   2005    135   16900.0      10.0      15.5      1.23      2.00      0.10  -9999.00
     1   2005    136   18400.0       7.1      14.9      1.01      2.00      0.10  -9999.00
     1   2005    137    9900.0       9.7      14.2      1.20      2.00      4.20  -9999.00
     1   2005    138   12800.0      11.8      12.8      1.38      2.00      7.20  -9999.00
     1   2005    139   25800.0       5.2      12.5      0.88      2.00      0.20  -9999.00
     1   2005    140    7300.0       8.3      11.7      1.09      2.00     13.10  -9999.00
     1   2005    141   16600.0       2.0      16.0      0.71      2.00      0.00  -9999.00
     1   2005    142    4700.0       8.6      15.9      1.12      2.00      0.10  -9999.00
     1   2005    143   11200.0      10.0      14.2      1.23      2.00     10.00  -9999.00
     1   2005    144   16500.0       8.7      15.9      1.12      2.00      0.00  -9999.00
     1   2005    145   22200.0       6.2      15.7      0.95      2.00      0.00  -9999.00
     1   2005    146   21900.0      10.4      14.9      1.26      2.00      4.00  -9999.00
     1   2005    147   23700.0      13.4      15.4      1.54      2.00      8.20  -9999.00
     1   2005    148   18700.0      12.4      16.8      1.44      2.00      4.30  -9999.00
     1   2005    149   11100.0      11.5      22.4      1.36      2.00      0.00  -9999.00
     1   2005    150    4300.0      10.3      12.3      1.25      2.00      5.80  -9999.00
     1   2005    151   17200.0      10.1      16.7      1.24      2.00      0.10  -9999.00
     1   2005    152    9100.0       6.2      13.3      0.95      2.00      0.10  -9999.00
     1   2005    153   13800.0       5.6      18.2      0.91      2.00      0.00  -9999.00
     1   2005    154   21200.0       9.2      14.1      1.16      2.00      0.00  -9999.00
     1   2005    155   20200.0      12.8      14.8      1.48      2.00      0.70  -9999.00
     1   2005    156   17800.0      11.5      14.9      1.36      2.00      0.40  -9999.00
     1   2005    157    8900.0      13.4      16.6      1.54      2.00     21.10  -9999.00
     1   2005    158   20300.0       9.4      19.8      1.18      2.00      0.00  -9999.00
     1   2005    159   29300.0       8.1      18.4      1.08      2.00      0.00  -9999.00
     1   2005    160   26800.0       7.4      24.4      1.03      2.00      0.00  -9999.00
     1   2005    161   18500.0      12.1      16.3      1.41      2.00      0.00  -9999.00
     1   2005    162   22400.0      10.4      18.4      1.26      2.00      0.00  -9999.00
     1   2005    163   18200.0      10.5      22.6      1.27      2.00      0.00  -9999.00
     1   2005    164   15900.0       9.4      15.4      1.18      2.00      2.70  -9999.00
     1   2005    165   27400.0      10.1      21.0      1.24      2.00      0.00  -9999.00
     1   2005    166   27100.0      10.2      20.7      1.24      2.00      0.00  -9999.00
     1   2005    167   10600.0      13.9      15.1      1.59      2.00      0.00  -9999.00
     1   2005    168   16300.0      13.5      16.9      1.55      2.00      0.00  -9999.00
     1   2005    169   26800.0      13.3      16.4      1.53      2.00      0.00  -9999.00
     1   2005    170   24600.0      10.3      22.7      1.25      2.00      0.00  -9999.00
     1   2005    171   23200.0      12.0      17.0      1.40      2.00      0.00  -9999.00
     1   2005    172    8400.0      12.2      17.1      1.42      2.00      3.90  -9999.00
     1   2005    173   11000.0      12.4      14.5      1.44      2.00      0.80  -9999.00
     1   2005    174   28200.0      12.6      15.3      1.46      2.00      0.00  -9999.00
     1   2005    175   26900.0       9.8      17.6      1.21      2.00      0.00  -9999.00
     1   2005    176   23600.0      11.2      25.1      1.33      2.00      0.00  -9999.00
     1   2005    177   13400.0      11.0      20.3      1.31      2.00      0.00  -9999.00
     1   2005    178    7200.0      13.4      16.6      1.54      2.00      0.90  -9999.00
     1   2005    179   10500.0      12.0      16.6      1.40      2.00      0.60  -9999.00
     1   2005    180   19800.0      11.9      22.4      1.39      2.00      0.00  -9999.00
     1   2005    181   12700.0      11.7      18.9      1.37      2.00      0.00  -9999.00
     1   2005    182   14100.0      13.1      19.2      1.51      2.00      0.00  -9999.00
     1   2005    183   26700.0      15.7      23.4      1.78      2.00      0.00  -9999.00
     1   2005    184   26800.0       9.3      28.2      1.17      2.00      0.00  -9999.00
     1   2005    185   25600.0       8.0      22.4      1.07      2.00      0.00  -9999.00
     1   2005    186   28700.0      12.7      24.8      1.47      2.00      0.00  -9999.00
     1   2005    187   24400.0      14.0      25.7      1.60      2.00      0.00  -9999.00
     1   2005    188   17500.0      14.8      24.7      1.68      2.00      0.00  -9999.00
     1   2005    189   13000.0      12.4      17.7      1.44      2.00      0.30  -9999.00
     1   2005    190   10800.0      12.2      21.5      1.42      2.00     10.70  -9999.00
     1   2005    191   14600.0      12.6      19.9      1.46      2.00      0.00  -9999.00
     1   2005    192   18400.0      12.1      24.7      1.41      2.00      0.00  -9999.00
     1   2005    193   16400.0      12.2      27.3      1.42      2.00      0.00  -9999.00
     1   2005    194   25500.0      12.1      17.7      1.41      2.00      0.00  -9999.00
     1   2005    195   13000.0      12.2      23.5      1.42      2.00      0.00  -9999.00
     1   2005    196   18600.0       6.3      19.1      0.95      2.00      1.90  -9999.00
     1   2005    197   14000.0      11.6      24.8      1.37      2.00      0.00  -9999.00
     1   2005    198   13400.0      12.2      18.8      1.42      2.00      2.60  -9999.00
     1   2005    199   10100.0      13.1      19.9      1.51      2.00      2.70  -9999.00
     1   2005    200   22000.0      12.4      16.5      1.44      2.00      0.00  -9999.00
     1   2005    201   20400.0      14.1      18.3      1.61      2.00      0.70  -9999.00
     1   2005    202    5300.0      13.9      18.9      1.59      2.00     12.70  -9999.00
     1   2005    203    9700.0      13.0      20.4      1.50      2.00      0.80  -9999.00
     1   2005    204   11000.0      12.2      18.2      1.42      2.00      9.40  -9999.00
     1   2005    205   24300.0      13.3      18.7      1.53      2.00     18.10  -9999.00
     1   2005    206    8900.0      14.4      18.8      1.64      2.00      0.70  -9999.00
     1   2005    207   13700.0      12.3      20.3      1.43      2.00      4.20  -9999.00
     1   2005    208   11800.0      12.4      24.8      1.44      2.00     13.30  -9999.00
     1   2005    209   22900.0      10.8      21.6      1.29      2.00      0.00  -9999.00
     1   2005    210   20700.0      14.6      19.6      1.66      2.00      0.00  -9999.00
     1   2005    211   20000.0      16.8      18.8      1.91      2.00      0.00  -9999.00
     1   2005    212   17800.0      19.2      19.6      2.22      2.00      0.00  -9999.00
     1   2005    213   19400.0      11.5      21.0      1.36      2.00      0.00  -9999.00
     1   2005    214   20400.0      17.6      18.1      2.01      2.00      0.00  -9999.00
     1   2005    215   19700.0      11.7      18.6      1.37      2.00      0.00  -9999.00
     1   2005    216   19100.0      12.3      17.1      1.43      2.00      0.00  -9999.00
     1   2005    217   24400.0      14.9      19.8      1.69      2.00      0.00  -9999.00
     1   2005    218   16700.0      15.3      20.1      1.74      2.00      0.00  -9999.00
     1   2005    219   15800.0       9.7      16.1      1.20      2.00      0.00  -9999.00
     1   2005    220   25900.0      13.6      24.9      1.56      2.00      0.00  -9999.00
     1   2005    221   23800.0       9.8      25.6      1.21      2.00      0.00  -9999.00
     1   2005    222   21900.0       9.2      24.5      1.16      2.00      0.00  -9999.00
     1   2005    223   14400.0       8.9      19.4      1.14      2.00      0.50  -9999.00
     1   2005    224   15300.0      10.8      23.1      1.29      2.00      0.20  -9999.00
     1   2005    225   16500.0      13.1      21.9      1.51      2.00      1.50  -9999.00
     1   2005    226   12600.0      11.5      21.2      1.36      2.00      3.90  -9999.00
     1   2005    227   16700.0      17.3      17.4      1.97      2.00      1.90  -9999.00
     1   2005    228   11500.0      11.6      17.9      1.37      2.00      3.20  -9999.00
     1   2005    229   13800.0      15.5      23.4      1.76      2.00      0.00  -9999.00
     1   2005    230   16300.0      11.9      24.4      1.39      2.00      1.80  -9999.00
     1   2005    231   21100.0      11.5      20.2      1.36      2.00      0.00  -9999.00
     1   2005    232   17500.0      16.0      19.0      1.82      2.00      0.00  -9999.00
     1   2005    233   21700.0      12.4      16.2      1.44      2.00      0.00  -9999.00
     1   2005    234   16600.0      15.5      27.7      1.76      2.00      0.00  -9999.00
     1   2005    235   20300.0      13.9      22.3      1.59      2.00      0.00  -9999.00
     1   2005    236   12600.0      13.2      21.5      1.52      2.00     40.80  -9999.00
     1   2005    237   18800.0      16.2      19.3      1.84      2.00      4.20  -9999.00
     1   2005    238   11800.0      12.9      21.0      1.49      2.00      0.00  -9999.00
     1   2005    239   15200.0       9.9      26.1      1.22      2.00      0.00  -9999.00
     1   2005    240   19200.0      11.2      17.7      1.33      2.00      0.00  -9999.00
     1   2005    241   12200.0      15.4      17.4      1.75      2.00     56.60  -9999.00
     1   2005    242    8300.0      14.3      16.4      1.63      2.00      4.40  -9999.00
     1   2005    243   17700.0      13.4      16.4      1.54      2.00      2.50  -9999.00
     1   2005    244    6300.0      13.6      19.5      1.56      2.00      4.90  -9999.00
     1   2005    245    7700.0      12.6      20.5      1.46      2.00      1.20  -9999.00
     1   2005    246   11200.0      14.7      17.2      1.67      2.00     16.70  -9999.00
     1   2005    247    5900.0      13.4      17.7      1.54      2.00     19.80  -9999.00
     1   2005    248   11400.0      10.3      15.1      1.25      2.00      0.00  -9999.00
     1   2005    249   12400.0       9.8      19.5      1.21      2.00      0.00  -9999.00
     1   2005    250   12900.0       9.3      18.1      1.17      2.00      0.00  -9999.00
     1   2005    251   13500.0       9.5      22.7      1.19      2.00      0.00  -9999.00
     1   2005    252    9600.0      14.3      22.0      1.63      2.00      6.30  -9999.00
     1   2005    253   10400.0      15.4      19.1      1.75      2.00      0.00  -9999.00
     1   2005    254    7900.0       9.0      18.2      1.15      2.00      0.70  -9999.00
     1   2005    255   17200.0      11.8      16.2      1.38      2.00      0.00  -9999.00
     1   2005    256   17800.0      13.8      16.7      1.58      2.00      0.00  -9999.00
     1   2005    257   18000.0       9.5      16.2      1.19      2.00      1.10  -9999.00
     1   2005    258    5400.0       9.4      14.8      1.18      2.00      5.70  -9999.00
     1   2005    259    6000.0      13.4      21.1      1.54      2.00     10.50  -9999.00
     1   2005    260    6500.0      13.5      16.2      1.55      2.00      2.80  -9999.00
     1   2005    261   14300.0       8.7      21.6      1.12      2.00      0.00  -9999.00
     1   2005    262   15300.0      10.7      21.3      1.29      2.00      2.80  -9999.00
     1   2005    263    5200.0       9.8      18.1      1.21      2.00      0.00  -9999.00
     1   2005    264   11000.0      12.4      12.6      1.44      2.00     26.60  -9999.00
     1   2005    265    7600.0      13.2      16.5      1.52      2.00      0.50  -9999.00
     1   2005    266    4300.0      13.2      14.3      1.52      2.00      4.80  -9999.00
     1   2005    267   10400.0      15.2      20.4      1.73      2.00      0.00  -9999.00
     1   2005    268   15400.0      10.4      20.4      1.26      2.00      0.00  -9999.00
     1   2005    269    6400.0      12.6      15.8      1.46      2.00      0.50  -9999.00
     1   2005    270    9200.0       9.7      13.9      1.20      2.00      0.00  -9999.00
     1   2005    271   10300.0      10.3      16.5      1.25      2.00      0.40  -9999.00
     1   2005    272    9400.0      11.8      13.8      1.38      2.00      0.10  -9999.00
     1   2005    273    8200.0       6.6      15.1      0.97      2.00     12.60  -9999.00
     1   2005    274    8000.0       6.7      11.5      0.98      2.00      0.00  -9999.00
     1   2005    275    4000.0      11.0      17.8      1.31      2.00      0.70  -9999.00
     1   2005    276    8600.0      12.2      13.7      1.42      2.00      0.10  -9999.00
     1   2005    277   10800.0       6.0      14.3      0.93      2.00      0.00  -9999.00
     1   2005    278    7000.0       8.0      12.9      1.07      2.00      0.00  -9999.00
     1   2005    279    9200.0       7.3      14.3      1.02      2.00      0.00  -9999.00
     1   2005    280    9500.0      12.0      14.0      1.40      2.00      0.00  -9999.00
     1   2005    281   10800.0       5.8      15.0      0.92      2.00      0.00  -9999.00
     1   2005    282   10000.0       8.3      15.4      1.09      2.00      0.00  -9999.00
     1   2005    283    5200.0       1.8      14.4      0.70      2.00      5.20  -9999.00
     1   2005    284    1800.0       6.8      12.4      0.99      2.00      1.60  -9999.00
     1   2005    285    4300.0       8.6      15.6      1.12      2.00      1.30  -9999.00
     1   2005    286    4300.0       5.2      15.9      0.88      2.00      5.40  -9999.00
     1   2005    287    6100.0       1.7      17.2      0.69      2.00      3.40  -9999.00
     1   2005    288    6700.0       5.7      14.1      0.92      2.00      0.70  -9999.00
     1   2005    289    6400.0      13.5      15.1      1.55      2.00     11.10  -9999.00
     1   2005    290    7800.0       8.0      15.1      1.07      2.00      8.60  -9999.00
     1   2005    291    5300.0       9.7      14.1      1.20      2.00      1.80  -9999.00
     1   2005    292    3300.0       7.6      14.0      1.04      2.00      0.20  -9999.00
     1   2005    293    4600.0       7.6      13.4      1.04      2.00      4.50  -9999.00
     1   2005    294    1900.0       5.2      16.7      0.88      2.00      0.90  -9999.00
     1   2005    295    9300.0       0.6      15.7      0.64      2.00      6.60  -9999.00
     1   2005    296    1700.0      11.6      13.3      1.37      2.00      4.90  -9999.00
     1   2005    297    4300.0      11.0      13.2      1.31      2.00      2.50  -9999.00
     1   2005    298    3300.0       9.4      11.4      1.18      2.00     54.80  -9999.00
     1   2005    299    5000.0       9.1      11.1      1.16      2.00     14.10  -9999.00
     1   2005    300    7900.0       6.6      14.7      0.97      2.00      1.60  -9999.00
     1   2005    301    2800.0       7.1      10.9      1.01      2.00     10.50  -9999.00
     1   2005    302    3300.0      10.9      13.1      1.30      2.00      0.00  -9999.00
     1   2005    303    3300.0       2.6      12.5      0.74      2.00      0.10  -9999.00
     1   2005    304    6700.0       3.6      11.4      0.79      2.00      0.00  -9999.00
     1   2005    305    2000.0       3.6      10.0      0.79      2.00      0.00  -9999.00
     1   2005    306    6600.0       3.9      11.5      0.81      2.00      0.00  -9999.00
     1   2005    307    5900.0       5.7       8.4      0.92      2.00      0.00  -9999.00
     1   2005    308    4300.0       8.5       9.2      1.11      2.00      3.00  -9999.00
     1   2005    309    4300.0       2.4      15.2      0.73      2.00      1.20  -9999.00
     1   2005    310    5000.0       8.5      10.5      1.11      2.00      1.90  -9999.00
     1   2005    311    5600.0       2.5      11.5      0.73      2.00     22.10  -9999.00
     1   2005    312    5100.0      10.3      14.7      1.25      2.00      6.50  -9999.00
     1   2005    313    3800.0       0.4      14.5      0.63      2.00      0.30  -9999.00
     1   2005    314    2800.0       9.8      10.5      1.21      2.00     18.20  -9999.00
     1   2005    315    6800.0      -2.7      10.3      0.50      2.00      0.30  -9999.00
     1   2005    316    2900.0      11.3      11.9      1.34      2.00      0.00  -9999.00
     1   2005    317    3400.0      10.0      12.0      1.23      2.00      0.40  -9999.00
     1   2005    318    1700.0       7.4      12.8      1.03      2.00      0.30  -9999.00
     1   2005    319    2000.0       6.9       9.4      0.99      2.00      1.90  -9999.00
     1   2005    320    5100.0       3.6       7.6      0.79      2.00      0.00  -9999.00
     1   2005    321    2900.0       3.8      12.9      0.80      2.00      0.40  -9999.00
     1   2005    322    1300.0      10.0      12.1      1.23      2.00      3.00  -9999.00
     1   2005    323    3400.0       4.4      14.0      0.84      2.00      0.20  -9999.00
     1   2005    324    3400.0      -1.0       8.6      0.57      2.00      5.20  -9999.00
     1   2005    325    3900.0       6.3      13.7      0.95      2.00      7.80  -9999.00
     1   2005    326    2900.0       2.2      10.4      0.72      2.00      5.20  -9999.00
     1   2005    327    1900.0       6.3      11.6      0.95      2.00     15.90  -9999.00
     1   2005    328    2300.0       7.2       9.2      1.02      2.00      2.00  -9999.00
     1   2005    329    3000.0      10.3      11.2      1.25      2.00     18.90  -9999.00
     1   2005    330    1500.0       6.6       8.6      0.97      2.00      6.10  -9999.00
     1   2005    331    4900.0       7.0      10.4      1.00      2.00      0.00  -9999.00
     1   2005    332    3800.0       4.0      10.0      0.81      2.00      5.50  -9999.00
     1   2005    333    5000.0       3.3      11.1      0.77      2.00      0.40  -9999.00
     1   2005    334     800.0      -0.2       7.5      0.60      2.00     18.30  -9999.00
     1   2005    335    1600.0       8.7      10.9      1.12      2.00      5.50  -9999.00
     1   2005    336    1700.0      10.8      12.5      1.29      2.00      0.50  -9999.00
     1   2005    337     700.0       8.2      10.2      1.09      2.00      0.40  -9999.00
     1   2005    338    1100.0       2.3       8.2      0.72      2.00      7.50  -9999.00
     1   2005    339    2100.0       8.2      13.0      1.09      2.00      5.10  -9999.00
     1   2005    340    1500.0       5.6       7.6      0.91      2.00      0.10  -9999.00
     1   2005    341     700.0      -1.2       6.2      0.56      2.00      7.80  -9999.00
     1   2005    342    1800.0       8.5      12.0      1.11      2.00      5.10  -9999.00
     1   2005    343    2700.0       5.7      11.7      0.92      2.00      0.00  -9999.00
     1   2005    344    1500.0       6.8       8.8      0.99      2.00      0.00  -9999.00
     1   2005    345    1600.0       3.5       5.5      0.78      2.00      4.30  -9999.00
     1   2005    346    2700.0       4.1      13.9      0.82      2.00      0.60  -9999.00
     1   2005    347    1400.0       3.1       9.9      0.76      2.00      1.00  -9999.00
     1   2005    348    2300.0       9.9      10.2      1.22      2.00     18.90  -9999.00
     1   2005    349     700.0       4.7       5.6      0.85      2.00      7.60  -9999.00
     1   2005    350    3800.0       1.1       6.2      0.66      2.00     13.90  -9999.00
     1   2005    351    1500.0       0.0      10.4      0.61      2.00      0.30  -9999.00
     1   2005    352    3500.0       7.1       9.1      1.01      2.00      0.00  -9999.00
     1   2005    353    2600.0       3.6       7.5      0.79      2.00      0.00  -9999.00
     1   2005    354    2400.0       5.3      11.8      0.89      2.00      0.00  -9999.00
     1   2005    355    2000.0      -0.7      10.2      0.58      2.00      0.20  -9999.00
     1   2005    356    3000.0       4.0       8.9      0.81      2.00      0.30  -9999.00
     1   2005    357    2300.0       1.2       9.2      0.67      2.00      4.20  -9999.00
     1   2005    358    1800.0       5.3      11.9      0.89      2.00      5.90  -9999.00
     1   2005    359    1500.0       2.2       2.6      0.72      2.00      0.00  -9999.00
     1   2005    360     900.0       2.4      10.3      0.73      2.00      1.60  -9999.00
     1   2005    361    3900.0       2.1       4.1      0.71      2.00     16.40  -9999.00
     1   2005    362    1500.0      -0.3       7.7      0.60      2.00      4.30  -9999.00
     1   2005    363    1600.0       0.1       9.7      0.62      2.00      1.90  -9999.00
     1   2005    364    1000.0       9.1      12.3      1.16      2.00      8.10  -9999.00
     1   2005    365    1500.0       1.0       2.4      0.66      2.00      0.00  -9999.00
