*-----------------------------------------------------------------------------* 
           CNWG_200.met           51.48   -3.55   69.72
* Date created:  08-Aug-2019     Author: K Coleman 
* 
* NIL VALUE       -9999 
* Source:   data provided by M. Semenov 
*  
* Latitude:    51.48 Longitude:    -3.55 Altitude:    69.72
* 
* Column  Daily value 
* 1       station number 
* 2       year 
* 3       day 
* 4       irradiation                   (kJ m-2 d-1) 
* 5       minimum temperature           (degrees Celsius) 
* 6       maximum temperature           (degrees Celsius) 
* 7       early morning vapour pressure (kPa)             
* 8       mean wind speed (height: 2 m?) (m s-1)          
* 9       precipitation                 (mm d-1)          
* 10      sunshine                      (hrs)             
 		Jday	RAD	    TMIN	TMAX	 VAP	wind	RAIN	SUN  
               kj/m2	°C	    °C	     kPa	m/s	    mm	    hrs 
   51.48  69.72
     1   2005      1    1800.0      -3.7      10.9      0.46      2.00      0.20  -9999.00
     1   2005      2    1800.0       7.0       9.5      1.00      2.00     12.70  -9999.00
     1   2005      3    2100.0      10.3      12.0      1.25      2.00      4.10  -9999.00
     1   2005      4    1600.0      -4.9      11.2      0.42      2.00     15.50  -9999.00
     1   2005      5    1000.0      -0.1       8.6      0.61      2.00      1.00  -9999.00
     1   2005      6    1700.0       8.8       9.5      1.13      2.00      2.90  -9999.00
     1   2005      7    4000.0       1.5      12.7      0.68      2.00      1.60  -9999.00
     1   2005      8    2700.0       6.8       9.3      0.99      2.00      0.50  -9999.00
     1   2005      9    2400.0       5.5       9.0      0.90      2.00      5.90  -9999.00
     1   2005     10    3000.0       2.8       9.3      0.75      2.00      0.30  -9999.00
     1   2005     11    2000.0       9.3      10.5      1.17      2.00      1.30  -9999.00
     1   2005     12    4200.0       5.8       9.2      0.92      2.00      1.00  -9999.00
     1   2005     13    1900.0       7.4       8.3      1.03      2.00      1.30  -9999.00
     1   2005     14    2600.0      -7.6       9.7      0.34      2.00      5.40  -9999.00
     1   2005     15    2500.0      -1.6       6.7      0.54      2.00      0.00  -9999.00
     1   2005     16    4200.0       0.2       8.1      0.62      2.00      0.40  -9999.00
     1   2005     17    4100.0       1.2       8.9      0.67      2.00      0.00  -9999.00
     1   2005     18    2000.0       5.3       8.3      0.89      2.00      2.00  -9999.00
     1   2005     19    1600.0      -9.3       3.3      0.30      2.00      0.20  -9999.00
     1   2005     20    2100.0       2.5       8.8      0.73      2.00      1.30  -9999.00
     1   2005     21    1600.0       4.0      10.9      0.81      2.00      0.40  -9999.00
     1   2005     22    3700.0       7.0      11.5      1.00      2.00      5.50  -9999.00
     1   2005     23    2100.0       2.1       9.1      0.71      2.00      0.30  -9999.00
     1   2005     24    4900.0      -3.5       4.1      0.47      2.00      6.30  -9999.00
     1   2005     25    2200.0       3.0       4.9      0.76      2.00      2.80  -9999.00
     1   2005     26    5500.0       6.7       9.3      0.98      2.00      4.10  -9999.00
     1   2005     27    5700.0       4.3       9.6      0.83      2.00      2.50  -9999.00
     1   2005     28    2600.0      -0.1       9.3      0.61      2.00      1.30  -9999.00
     1   2005     29    3200.0      -1.5       8.1      0.55      2.00      6.60  -9999.00
     1   2005     30    3300.0       5.2       7.8      0.88      2.00      1.50  -9999.00
     1   2005     31    2700.0       4.2       6.9      0.82      2.00     10.30  -9999.00
     1   2005     32    1100.0      -1.2       8.9      0.56      2.00      0.40  -9999.00
     1   2005     33    7300.0      -0.4       1.9      0.59      2.00     15.10  -9999.00
     1   2005     34    2800.0       4.8       6.8      0.86      2.00      1.60  -9999.00
     1   2005     35    2500.0      -0.9       0.3      0.57      2.00      0.70  -9999.00
     1   2005     36    6900.0       5.8       7.0      0.92      2.00      0.70  -9999.00
     1   2005     37    1200.0       3.5       9.2      0.78      2.00      0.10  -9999.00
     1   2005     38    3200.0      -1.0       8.4      0.57      2.00      4.40  -9999.00
     1   2005     39    6700.0      -2.2      -0.2      0.52      2.00      0.80  -9999.00
     1   2005     40    7800.0       3.9       6.3      0.81      2.00      0.00  -9999.00
     1   2005     41    3000.0      -1.3      11.2      0.56      2.00      3.50  -9999.00
     1   2005     42    2800.0      -6.1      10.2      0.39      2.00     10.90  -9999.00
     1   2005     43    3100.0       3.4       5.4      0.78      2.00      0.00  -9999.00
     1   2005     44    3900.0      -2.3      15.1      0.52      2.00      0.00  -9999.00
     1   2005     45    7600.0       1.5       4.6      0.68      2.00      0.00  -9999.00
     1   2005     46    6200.0      -4.4       4.6      0.44      2.00      0.00  -9999.00
     1   2005     47    3200.0      -4.7       1.1      0.43      2.00      0.00  -9999.00
     1   2005     48    2300.0       4.9       5.4      0.87      2.00      1.90  -9999.00
     1   2005     49    1900.0       5.5      10.6      0.90      2.00      5.60  -9999.00
     1   2005     50    6200.0       7.8       9.8      1.06      2.00      0.30  -9999.00
     1   2005     51    5200.0       3.4      10.5      0.78      2.00     10.20  -9999.00
     1   2005     52    3700.0       2.0       8.2      0.71      2.00     14.10  -9999.00
     1   2005     53    8600.0       2.0      11.5      0.71      2.00      8.70  -9999.00
     1   2005     54    2900.0       3.0       9.0      0.76      2.00      4.30  -9999.00
     1   2005     55    1600.0       2.8       4.8      0.75      2.00      0.80  -9999.00
     1   2005     56    4400.0       6.8       8.9      0.99      2.00      0.90  -9999.00
     1   2005     57    6000.0       5.7      12.1      0.92      2.00      0.90  -9999.00
     1   2005     58    6900.0      -1.2       8.2      0.56      2.00      0.70  -9999.00
     1   2005     59    3600.0       0.4       5.7      0.63      2.00      5.10  -9999.00
     1   2005     60    7000.0       4.4       9.0      0.84      2.00      1.50  -9999.00
     1   2005     61    9000.0       0.8       8.5      0.65      2.00      0.10  -9999.00
     1   2005     62    6000.0       6.4       8.4      0.96      2.00      0.90  -9999.00
     1   2005     63    9800.0       9.6      11.8      1.20      2.00      0.40  -9999.00
     1   2005     64    6800.0       1.5       5.3      0.68      2.00      0.00  -9999.00
     1   2005     65    3500.0       4.4       8.5      0.84      2.00      0.10  -9999.00
     1   2005     66    4100.0       9.0       9.8      1.15      2.00      0.20  -9999.00
     1   2005     67    6700.0       2.8       8.3      0.75      2.00      0.30  -9999.00
     1   2005     68    5000.0       6.7       7.1      0.98      2.00      2.90  -9999.00
     1   2005     69   11200.0       0.3      10.5      0.62      2.00      0.00  -9999.00
     1   2005     70    9600.0       3.9       5.9      0.81      2.00      0.00  -9999.00
     1   2005     71    4600.0       3.8       8.6      0.80      2.00      2.20  -9999.00
     1   2005     72   13000.0       4.0       9.1      0.81      2.00      0.00  -9999.00
     1   2005     73    8100.0       1.8      11.4      0.70      2.00      0.00  -9999.00
     1   2005     74   10300.0       3.2      12.6      0.77      2.00      0.00  -9999.00
     1   2005     75    3200.0       7.5       9.4      1.04      2.00      1.50  -9999.00
     1   2005     76    4900.0       3.5       7.6      0.78      2.00      4.00  -9999.00
     1   2005     77    6800.0       6.4      10.4      0.96      2.00      0.00  -9999.00
     1   2005     78    6300.0       2.7      10.3      0.74      2.00      1.40  -9999.00
     1   2005     79    2900.0       3.3       3.5      0.77      2.00      2.10  -9999.00
     1   2005     80    9300.0       0.2       4.3      0.62      2.00      2.60  -9999.00
     1   2005     81    9800.0       0.3       7.8      0.62      2.00      1.90  -9999.00
     1   2005     82   13700.0       1.6       6.1      0.69      2.00      0.00  -9999.00
     1   2005     83    3800.0       1.5       8.5      0.68      2.00      0.00  -9999.00
     1   2005     84   12100.0       6.9       8.9      0.99      2.00      0.00  -9999.00
     1   2005     85    7000.0       3.1       5.7      0.76      2.00      0.00  -9999.00
     1   2005     86   14300.0       0.9       7.5      0.65      2.00      0.00  -9999.00
     1   2005     87   10400.0       4.7       9.9      0.85      2.00      4.50  -9999.00
     1   2005     88    9600.0       6.6       9.8      0.97      2.00      9.00  -9999.00
     1   2005     89   15700.0       5.9       7.9      0.93      2.00      0.00  -9999.00
     1   2005     90   16800.0       3.9      13.5      0.81      2.00      8.70  -9999.00
     1   2005     91   13700.0       8.8      11.9      1.13      2.00      0.20  -9999.00
     1   2005     92    6000.0       5.4      10.4      0.90      2.00     10.40  -9999.00
     1   2005     93   12900.0       4.2      12.7      0.82      2.00     29.90  -9999.00
     1   2005     94    2900.0       8.5      10.8      1.11      2.00      1.90  -9999.00
     1   2005     95    5600.0       6.9      11.0      0.99      2.00      0.30  -9999.00
     1   2005     96    9600.0       8.3      12.7      1.09      2.00      2.30  -9999.00
     1   2005     97   15900.0       6.0       9.4      0.93      2.00     10.50  -9999.00
     1   2005     98    6600.0       3.0      11.1      0.76      2.00      3.50  -9999.00
     1   2005     99   20700.0       5.1      11.5      0.88      2.00      0.00  -9999.00
     1   2005    100   16600.0       8.5      12.2      1.11      2.00      9.60  -9999.00
     1   2005    101   12400.0       9.1      10.7      1.16      2.00      0.50  -9999.00
     1   2005    102   19300.0       7.6      16.8      1.04      2.00      0.00  -9999.00
     1   2005    103    3900.0       3.0      10.1      0.76      2.00      3.10  -9999.00
     1   2005    104    9800.0       3.9       8.3      0.81      2.00      7.20  -9999.00
     1   2005    105   18600.0       4.1      11.6      0.82      2.00      1.60  -9999.00
     1   2005    106   18200.0       5.1      13.5      0.88      2.00      0.00  -9999.00
     1   2005    107   10500.0       7.5      10.7      1.04      2.00     11.40  -9999.00
     1   2005    108   14600.0       8.4       9.2      1.10      2.00     13.30  -9999.00
     1   2005    109   11700.0       5.5      10.8      0.90      2.00      0.30  -9999.00
     1   2005    110   17000.0       8.9      11.3      1.14      2.00      0.00  -9999.00
     1   2005    111   22000.0       5.3      15.1      0.89      2.00      0.00  -9999.00
     1   2005    112   15500.0       1.4      17.8      0.68      2.00      0.00  -9999.00
     1   2005    113    9600.0       2.8      15.1      0.75      2.00      0.00  -9999.00
     1   2005    114   10000.0       6.4      18.3      0.96      2.00      0.00  -9999.00
     1   2005    115   10100.0       5.8      13.8      0.92      2.00      0.00  -9999.00
     1   2005    116   24300.0       4.4      18.3      0.84      2.00      0.00  -9999.00
     1   2005    117   10300.0       7.9      11.9      1.07      2.00      1.30  -9999.00
     1   2005    118   21600.0      -0.6      13.6      0.58      2.00      0.00  -9999.00
     1   2005    119    8300.0       3.5      11.4      0.78      2.00      2.80  -9999.00
     1   2005    120   18500.0       8.3      21.3      1.09      2.00      0.00  -9999.00
     1   2005    121   17700.0       3.1      12.5      0.76      2.00      2.30  -9999.00
     1   2005    122   15700.0       9.7      12.6      1.20      2.00     13.10  -9999.00
     1   2005    123    8900.0      10.1      12.6      1.24      2.00      5.00  -9999.00
     1   2005    124   14400.0       4.4      11.8      0.84      2.00      0.00  -9999.00
     1   2005    125   15200.0       5.5      16.1      0.90      2.00      0.00  -9999.00
     1   2005    126   13900.0       9.4      10.3      1.18      2.00      8.20  -9999.00
     1   2005    127   14800.0       7.3      14.2      1.02      2.00      0.70  -9999.00
     1   2005    128    9100.0       6.8      11.9      0.99      2.00      0.10  -9999.00
     1   2005    129   23700.0       9.8      25.1      1.21      2.00      0.00  -9999.00
     1   2005    130   24700.0       3.2      20.3      0.77      2.00      0.00  -9999.00
     1   2005    131   22100.0       8.3      21.4      1.09      2.00      0.00  -9999.00
     1   2005    132   24700.0       8.1      14.8      1.08      2.00      0.00  -9999.00
     1   2005    133   16500.0      12.3      20.7      1.43      2.00      0.00  -9999.00
     1   2005    134   24100.0      10.6      12.7      1.28      2.00      0.00  -9999.00
     1   2005    135   27300.0      10.8      19.8      1.29      2.00      0.00  -9999.00
     1   2005    136   24900.0      12.4      18.7      1.44      2.00      0.00  -9999.00
     1   2005    137   25000.0      11.1      14.3      1.32      2.00      0.00  -9999.00
     1   2005    138   18600.0       8.3      13.7      1.09      2.00      0.00  -9999.00
     1   2005    139   23400.0      11.5      18.4      1.36      2.00      0.00  -9999.00
     1   2005    140   26800.0       6.5      12.9      0.97      2.00      0.00  -9999.00
     1   2005    141   26700.0       7.3      18.4      1.02      2.00      0.00  -9999.00
     1   2005    142    9700.0       9.9      15.7      1.22      2.00      0.00  -9999.00
     1   2005    143   13000.0      12.4      16.3      1.44      2.00      0.00  -9999.00
     1   2005    144    7900.0      13.7      15.1      1.57      2.00      3.60  -9999.00
     1   2005    145   26200.0      10.3      14.7      1.25      2.00      0.00  -9999.00
     1   2005    146   18000.0      10.9      14.1      1.30      2.00      0.00  -9999.00
     1   2005    147   19600.0       7.1      15.1      1.01      2.00      0.00  -9999.00
     1   2005    148   13400.0       2.7      17.7      0.74      2.00      2.90  -9999.00
     1   2005    149   23300.0       4.9      13.7      0.87      2.00      3.40  -9999.00
     1   2005    150   15400.0      11.0      17.0      1.31      2.00      3.60  -9999.00
     1   2005    151    9500.0       9.1      17.8      1.16      2.00      6.60  -9999.00
     1   2005    152   28100.0       8.2      15.8      1.09      2.00      0.00  -9999.00
     1   2005    153    9500.0       8.3      14.7      1.09      2.00     14.30  -9999.00
     1   2005    154   26300.0      12.6      21.5      1.46      2.00      0.00  -9999.00
     1   2005    155   24600.0      11.5      20.2      1.36      2.00      0.00  -9999.00
     1   2005    156   11000.0      10.1      15.7      1.24      2.00     19.60  -9999.00
     1   2005    157   15600.0       9.7      14.9      1.20      2.00      0.00  -9999.00
     1   2005    158   21000.0      10.6      16.2      1.28      2.00      4.40  -9999.00
     1   2005    159   22700.0       6.6      15.8      0.97      2.00      0.00  -9999.00
     1   2005    160   27800.0      13.9      19.9      1.59      2.00      0.00  -9999.00
     1   2005    161   25500.0      10.6      17.9      1.28      2.00      0.00  -9999.00
     1   2005    162   24600.0      13.2      23.8      1.52      2.00      0.00  -9999.00
     1   2005    163    9600.0       9.1      16.9      1.16      2.00      0.90  -9999.00
     1   2005    164   27500.0       5.2      18.7      0.88      2.00      0.00  -9999.00
     1   2005    165   19100.0      15.1      15.2      1.72      2.00      0.00  -9999.00
     1   2005    166   26200.0       7.6      17.6      1.04      2.00      0.00  -9999.00
     1   2005    167   26700.0      12.1      22.9      1.41      2.00      0.00  -9999.00
     1   2005    168   18900.0       8.6      23.1      1.12      2.00      0.00  -9999.00
     1   2005    169   18700.0       9.3      18.5      1.17      2.00      0.00  -9999.00
     1   2005    170   22800.0       7.2      23.1      1.02      2.00      0.00  -9999.00
     1   2005    171   14400.0       8.8      16.5      1.13      2.00      0.00  -9999.00
     1   2005    172   24500.0      13.9      17.6      1.59      2.00      0.00  -9999.00
     1   2005    173   26000.0      13.0      18.5      1.50      2.00      0.00  -9999.00
     1   2005    174   27200.0      11.7      20.1      1.37      2.00      0.00  -9999.00
     1   2005    175   17500.0       9.5      19.6      1.19      2.00      0.00  -9999.00
     1   2005    176   29000.0      12.2      18.9      1.42      2.00      0.00  -9999.00
     1   2005    177   23200.0      14.8      19.1      1.68      2.00      0.00  -9999.00
     1   2005    178   11700.0       7.2      20.3      1.02      2.00      0.80  -9999.00
     1   2005    179   24900.0       8.0      17.4      1.07      2.00      0.00  -9999.00
     1   2005    180   24400.0      10.0      17.6      1.23      2.00      0.00  -9999.00
     1   2005    181   15100.0      13.6      15.2      1.56      2.00      0.20  -9999.00
     1   2005    182   13700.0      11.3      19.3      1.34      2.00      2.30  -9999.00
     1   2005    183   16900.0      13.2      20.3      1.52      2.00      0.50  -9999.00
     1   2005    184   27500.0       8.9      25.3      1.14      2.00      0.00  -9999.00
     1   2005    185   25600.0       9.2      20.5      1.16      2.00      0.00  -9999.00
     1   2005    186   21600.0      12.0      20.6      1.40      2.00      0.00  -9999.00
     1   2005    187   29500.0       9.1      24.1      1.16      2.00      0.00  -9999.00
     1   2005    188   12700.0      10.4      20.7      1.26      2.00      0.00  -9999.00
     1   2005    189   11100.0       9.8      20.9      1.21      2.00      0.00  -9999.00
     1   2005    190   19000.0      14.4      20.3      1.64      2.00      0.00  -9999.00
     1   2005    191   25800.0       8.5      19.2      1.11      2.00      0.00  -9999.00
     1   2005    192   15100.0      11.8      16.1      1.38      2.00      0.00  -9999.00
     1   2005    193   25000.0      11.8      17.0      1.38      2.00      0.00  -9999.00
     1   2005    194   17200.0      10.2      17.9      1.24      2.00      0.00  -9999.00
     1   2005    195   14200.0      15.1      19.1      1.72      2.00      0.00  -9999.00
     1   2005    196   14700.0      14.9      19.3      1.69      2.00      0.20  -9999.00
     1   2005    197   23100.0      15.0      19.5      1.70      2.00      0.10  -9999.00
     1   2005    198   23800.0      13.9      20.0      1.59      2.00      8.80  -9999.00
     1   2005    199   15300.0      10.3      18.1      1.25      2.00      1.60  -9999.00
     1   2005    200   23300.0      17.7      20.7      2.02      2.00      0.00  -9999.00
     1   2005    201   24500.0      11.5      18.2      1.36      2.00      0.00  -9999.00
     1   2005    202    9000.0      12.4      17.0      1.44      2.00      0.70  -9999.00
     1   2005    203   11300.0      18.4      22.4      2.12      2.00      0.00  -9999.00
     1   2005    204   23400.0      11.1      22.9      1.32      2.00      0.00  -9999.00
     1   2005    205   19900.0      10.2      16.5      1.24      2.00      2.60  -9999.00
     1   2005    206   19000.0       9.5      17.0      1.19      2.00      3.00  -9999.00
     1   2005    207   15300.0      12.6      21.6      1.46      2.00      0.00  -9999.00
     1   2005    208   21400.0      13.7      20.3      1.57      2.00      0.00  -9999.00
     1   2005    209   20400.0      15.7      27.3      1.78      2.00      0.00  -9999.00
     1   2005    210   11800.0      13.7      29.2      1.57      2.00      0.00  -9999.00
     1   2005    211   14600.0      13.8      19.7      1.58      2.00      0.00  -9999.00
     1   2005    212   15400.0       9.1      18.4      1.16      2.00      0.00  -9999.00
     1   2005    213   21700.0      13.2      18.8      1.52      2.00      0.10  -9999.00
     1   2005    214   10700.0      14.1      16.8      1.61      2.00      0.10  -9999.00
     1   2005    215   16700.0      18.0      18.8      2.06      2.00      0.00  -9999.00
     1   2005    216   22400.0      10.3      17.1      1.25      2.00      1.50  -9999.00
     1   2005    217   12500.0      15.0      24.7      1.70      2.00      5.80  -9999.00
     1   2005    218    3900.0      10.9      20.3      1.30      2.00      0.10  -9999.00
     1   2005    219   21400.0      11.0      27.1      1.31      2.00      0.60  -9999.00
     1   2005    220   10300.0      13.2      18.0      1.52      2.00      6.00  -9999.00
     1   2005    221   19400.0      15.5      22.1      1.76      2.00      0.00  -9999.00
     1   2005    222   10700.0      11.8      20.5      1.38      2.00      0.00  -9999.00
     1   2005    223    8400.0      13.0      19.2      1.50      2.00      0.60  -9999.00
     1   2005    224   15500.0      12.5      21.1      1.45      2.00      0.00  -9999.00
     1   2005    225   17000.0       7.0      27.4      1.00      2.00      0.00  -9999.00
     1   2005    226   14900.0      12.2      21.9      1.42      2.00      0.00  -9999.00
     1   2005    227   15700.0      10.0      29.2      1.23      2.00      0.00  -9999.00
     1   2005    228   17400.0      10.6      22.3      1.28      2.00      0.00  -9999.00
     1   2005    229    8400.0      14.6      17.7      1.66      2.00      7.30  -9999.00
     1   2005    230    6200.0      13.8      17.4      1.58      2.00      1.10  -9999.00
     1   2005    231    7700.0      11.4      19.3      1.35      2.00     11.20  -9999.00
     1   2005    232   15600.0      11.6      18.6      1.37      2.00      0.10  -9999.00
     1   2005    233   11000.0      14.0      20.0      1.60      2.00      0.10  -9999.00
     1   2005    234   21500.0      12.9      20.1      1.49      2.00      0.00  -9999.00
     1   2005    235   22900.0      12.3      16.5      1.43      2.00      0.00  -9999.00
     1   2005    236   11900.0      13.4      18.8      1.54      2.00      0.00  -9999.00
     1   2005    237   19400.0      12.3      22.5      1.43      2.00      0.00  -9999.00
     1   2005    238   14500.0      12.5      15.0      1.45      2.00      0.00  -9999.00
     1   2005    239    7900.0      13.9      18.5      1.59      2.00     14.80  -9999.00
     1   2005    240    3200.0      14.9      15.6      1.69      2.00      0.70  -9999.00
     1   2005    241    8100.0      11.6      20.0      1.37      2.00     13.90  -9999.00
     1   2005    242   17300.0       5.4      17.1      0.90      2.00      0.00  -9999.00
     1   2005    243    7100.0      14.3      16.3      1.63      2.00      5.00  -9999.00
     1   2005    244   14900.0       9.9      23.4      1.22      2.00      2.80  -9999.00
     1   2005    245    8700.0      12.0      19.4      1.40      2.00     16.50  -9999.00
     1   2005    246    3000.0       9.7      19.0      1.20      2.00     10.80  -9999.00
     1   2005    247    9300.0      15.5      18.1      1.76      2.00      1.60  -9999.00
     1   2005    248   20000.0      14.2      19.8      1.62      2.00      0.00  -9999.00
     1   2005    249   14000.0      12.6      19.9      1.46      2.00      0.80  -9999.00
     1   2005    250   18000.0      12.6      16.3      1.46      2.00      0.00  -9999.00
     1   2005    251    7700.0       9.5      17.5      1.19      2.00      0.00  -9999.00
     1   2005    252   15300.0      10.2      17.5      1.24      2.00      6.20  -9999.00
     1   2005    253   12200.0      14.3      18.4      1.63      2.00     12.50  -9999.00
     1   2005    254    7100.0       9.3      16.5      1.17      2.00      0.20  -9999.00
     1   2005    255   13400.0      12.7      19.3      1.47      2.00      0.00  -9999.00
     1   2005    256    9600.0      10.8      16.4      1.29      2.00     15.60  -9999.00
     1   2005    257    6700.0      10.6      16.9      1.28      2.00      5.90  -9999.00
     1   2005    258    6600.0       7.4      15.1      1.03      2.00      3.00  -9999.00
     1   2005    259    4900.0      12.5      17.9      1.45      2.00      0.40  -9999.00
     1   2005    260   15000.0      11.4      20.6      1.35      2.00      0.00  -9999.00
     1   2005    261   11600.0      11.4      17.5      1.35      2.00      0.00  -9999.00
     1   2005    262   10000.0      11.3      20.8      1.34      2.00      0.20  -9999.00
     1   2005    263   11700.0       9.4      19.2      1.18      2.00      0.20  -9999.00
     1   2005    264   12100.0       7.4      17.3      1.03      2.00      0.00  -9999.00
     1   2005    265    5600.0       4.4      19.1      0.84      2.00      0.00  -9999.00
     1   2005    266    8300.0       6.1      17.0      0.94      2.00      6.10  -9999.00
     1   2005    267    8600.0      10.0      17.7      1.23      2.00      0.10  -9999.00
     1   2005    268    3900.0       7.9      16.8      1.07      2.00      5.80  -9999.00
     1   2005    269    8900.0      15.2      17.0      1.73      2.00     15.50  -9999.00
     1   2005    270    7000.0       9.6      15.8      1.20      2.00      2.80  -9999.00
     1   2005    271    8000.0       5.0      17.4      0.87      2.00      0.00  -9999.00
     1   2005    272   14500.0       3.4      16.2      0.78      2.00      0.00  -9999.00
     1   2005    273   13200.0       6.7      19.9      0.98      2.00      0.00  -9999.00
     1   2005    274    6200.0      13.1      17.4      1.51      2.00      0.00  -9999.00
     1   2005    275   11700.0       9.2      17.0      1.16      2.00      0.00  -9999.00
     1   2005    276   12000.0       5.9      17.6      0.93      2.00      0.00  -9999.00
     1   2005    277   11700.0       2.3      15.1      0.72      2.00      0.00  -9999.00
     1   2005    278   13200.0       8.3      10.6      1.09      2.00      0.00  -9999.00
     1   2005    279   10400.0       9.4      14.0      1.18      2.00      0.00  -9999.00
     1   2005    280   12200.0      12.0      14.1      1.40      2.00      0.00  -9999.00
     1   2005    281   11600.0       7.9      13.8      1.07      2.00      0.00  -9999.00
     1   2005    282    4500.0      12.3      15.4      1.43      2.00      1.70  -9999.00
     1   2005    283    7900.0      10.7      12.9      1.29      2.00      4.00  -9999.00
     1   2005    284    4200.0       8.3      16.4      1.09      2.00      2.10  -9999.00
     1   2005    285    5500.0       6.5      14.0      0.97      2.00      2.70  -9999.00
     1   2005    286    4800.0      10.2      12.8      1.24      2.00      1.30  -9999.00
     1   2005    287    8700.0       5.8      16.5      0.92      2.00      0.00  -9999.00
     1   2005    288    3300.0       6.7       9.5      0.98      2.00      1.90  -9999.00
     1   2005    289    7100.0       9.9      16.8      1.22      2.00      1.70  -9999.00
     1   2005    290    3400.0      12.8      15.3      1.48      2.00     33.50  -9999.00
     1   2005    291    3100.0       8.6      13.9      1.12      2.00      3.00  -9999.00
     1   2005    292    3200.0      10.3      15.7      1.25      2.00     15.20  -9999.00
     1   2005    293    5400.0       5.8      15.6      0.92      2.00      0.00  -9999.00
     1   2005    294    7400.0      11.2      12.5      1.33      2.00      0.00  -9999.00
     1   2005    295    8000.0       5.1       9.0      0.88      2.00      0.00  -9999.00
     1   2005    296    4000.0       3.0      14.6      0.76      2.00      6.20  -9999.00
     1   2005    297    2900.0       4.8      18.2      0.86      2.00      5.70  -9999.00
     1   2005    298    9300.0       8.2      14.8      1.09      2.00      0.70  -9999.00
     1   2005    299    4900.0      11.8      14.9      1.38      2.00      1.50  -9999.00
     1   2005    300    2100.0       6.7      14.9      0.98      2.00      0.40  -9999.00
     1   2005    301    5000.0       6.9      16.2      0.99      2.00      0.90  -9999.00
     1   2005    302    6400.0       8.0      11.8      1.07      2.00     16.20  -9999.00
     1   2005    303    3700.0      10.8      15.5      1.29      2.00      2.50  -9999.00
     1   2005    304    4700.0       6.3       8.3      0.95      2.00      0.00  -9999.00
     1   2005    305    2000.0       6.5       7.8      0.97      2.00      0.00  -9999.00
     1   2005    306    2900.0      11.9      13.9      1.39      2.00      1.40  -9999.00
     1   2005    307    3800.0       9.3      13.1      1.17      2.00      0.50  -9999.00
     1   2005    308    2600.0       9.1      11.0      1.16      2.00      7.00  -9999.00
     1   2005    309    7000.0       2.8       8.0      0.75      2.00      0.00  -9999.00
     1   2005    310    7500.0      -2.4      10.6      0.51      2.00      0.00  -9999.00
     1   2005    311    4900.0       3.1       7.1      0.76      2.00      0.00  -9999.00
     1   2005    312    3500.0       2.6      15.5      0.74      2.00      0.00  -9999.00
     1   2005    313    2900.0       6.2       6.5      0.95      2.00      1.20  -9999.00
     1   2005    314    5200.0       4.9      15.2      0.87      2.00      4.60  -9999.00
     1   2005    315    1100.0       9.3      14.4      1.17      2.00      6.80  -9999.00
     1   2005    316    5100.0       3.8       9.2      0.80      2.00      0.00  -9999.00
     1   2005    317    2400.0       4.7      12.2      0.85      2.00      3.00  -9999.00
     1   2005    318    2800.0       7.5       9.5      1.04      2.00      5.30  -9999.00
     1   2005    319    3800.0       8.5      10.5      1.11      2.00      0.20  -9999.00
     1   2005    320    2200.0       1.7       9.9      0.69      2.00      0.00  -9999.00
     1   2005    321    2800.0       6.2      13.6      0.95      2.00      0.00  -9999.00
     1   2005    322    5600.0       7.6       9.8      1.04      2.00      0.00  -9999.00
     1   2005    323    2700.0      -3.3      15.2      0.48      2.00      0.20  -9999.00
     1   2005    324    1800.0       5.8      13.5      0.92      2.00     11.50  -9999.00
     1   2005    325    3900.0       5.5      12.1      0.90      2.00      1.10  -9999.00
     1   2005    326    4400.0       6.9       6.9      0.99      2.00      1.90  -9999.00
     1   2005    327     800.0       9.4      11.7      1.18      2.00      0.40  -9999.00
     1   2005    328    5500.0       6.1      12.3      0.94      2.00     10.10  -9999.00
     1   2005    329     900.0       5.6       9.1      0.91      2.00      0.60  -9999.00
     1   2005    330    4500.0       4.7       8.5      0.85      2.00      0.00  -9999.00
     1   2005    331    1900.0       3.5      12.5      0.78      2.00     16.80  -9999.00
     1   2005    332    1600.0       5.7      11.8      0.92      2.00     10.30  -9999.00
     1   2005    333    5200.0       6.3       9.1      0.95      2.00      1.90  -9999.00
     1   2005    334    1600.0       2.9      13.0      0.75      2.00     11.80  -9999.00
     1   2005    335    1200.0       4.0       7.0      0.81      2.00      1.60  -9999.00
     1   2005    336    1700.0       5.9       9.9      0.93      2.00      0.00  -9999.00
     1   2005    337    3000.0       4.8      10.6      0.86      2.00      0.10  -9999.00
     1   2005    338     900.0       7.5       8.8      1.04      2.00      0.30  -9999.00
     1   2005    339    1200.0       2.9      14.0      0.75      2.00      0.70  -9999.00
     1   2005    340    1500.0      -1.4       8.0      0.55      2.00      4.00  -9999.00
     1   2005    341    3200.0       5.2       6.0      0.88      2.00      0.00  -9999.00
     1   2005    342    2400.0       8.0      10.0      1.07      2.00      0.80  -9999.00
     1   2005    343    3000.0      10.0      11.1      1.23      2.00      0.50  -9999.00
     1   2005    344    3500.0       3.7       9.1      0.80      2.00      3.30  -9999.00
     1   2005    345    2000.0       4.7      11.3      0.85      2.00      8.90  -9999.00
     1   2005    346    2200.0       2.3       4.2      0.72      2.00      0.00  -9999.00
     1   2005    347    2800.0       7.1      10.4      1.01      2.00      0.80  -9999.00
     1   2005    348    3800.0       0.6       4.7      0.64      2.00      0.00  -9999.00
     1   2005    349    2000.0      -3.1       7.2      0.49      2.00     12.20  -9999.00
     1   2005    350    2000.0       4.1      11.8      0.82      2.00      0.40  -9999.00
     1   2005    351    2900.0       1.2       1.8      0.67      2.00      0.00  -9999.00
     1   2005    352     800.0       2.2       6.2      0.72      2.00     18.60  -9999.00
     1   2005    353    4200.0       2.1      10.7      0.71      2.00      0.00  -9999.00
     1   2005    354    3700.0      -4.9      10.1      0.42      2.00      0.00  -9999.00
     1   2005    355     800.0       2.4       7.0      0.73      2.00      0.00  -9999.00
     1   2005    356    2700.0       5.2       7.2      0.88      2.00      4.20  -9999.00
     1   2005    357    2300.0       2.1       9.7      0.71      2.00      6.40  -9999.00
     1   2005    358    2900.0      -0.6       0.0      0.58      2.00      0.00  -9999.00
     1   2005    359    4500.0       7.1       8.5      1.01      2.00      5.40  -9999.00
     1   2005    360    2200.0       7.5      12.6      1.04      2.00      5.10  -9999.00
     1   2005    361    1600.0       0.2       2.2      0.62      2.00      0.00  -9999.00
     1   2005    362    2800.0       1.8       3.8      0.70      2.00      5.00  -9999.00
     1   2005    363    1600.0       0.6      10.7      0.64      2.00      0.00  -9999.00
     1   2005    364    2700.0       1.7       6.4      0.69      2.00      0.00  -9999.00
     1   2005    365    1900.0      -1.8       7.4      0.54      2.00      0.00  -9999.00
