*-----------------------------------------------------------------------------* 
           CNWG_297.met           51.48   -3.55   69.72
* Date created:  08-Aug-2019     Author: K Coleman 
* 
* NIL VALUE       -9999 
* Source:   data provided by M. Semenov 
*  
* Latitude:    51.48 Longitude:    -3.55 Altitude:    69.72
* 
* Column  Daily value 
* 1       station number 
* 2       year 
* 3       day 
* 4       irradiation                   (kJ m-2 d-1) 
* 5       minimum temperature           (degrees Celsius) 
* 6       maximum temperature           (degrees Celsius) 
* 7       early morning vapour pressure (kPa)             
* 8       mean wind speed (height: 2 m?) (m s-1)          
* 9       precipitation                 (mm d-1)          
* 10      sunshine                      (hrs)             
 		Jday	RAD	    TMIN	TMAX	 VAP	wind	RAIN	SUN  
               kj/m2	°C	    °C	     kPa	m/s	    mm	    hrs 
   51.48  69.72
     1   2005      1    2500.0       3.4       4.1      0.78      2.00      0.00  -9999.00
     1   2005      2    1500.0       3.9       5.9      0.81      2.00     10.20  -9999.00
     1   2005      3    2600.0       4.1       9.5      0.82      2.00     14.80  -9999.00
     1   2005      4    2900.0       3.4       5.4      0.78      2.00      0.00  -9999.00
     1   2005      5    1700.0       9.0      11.2      1.15      2.00     12.20  -9999.00
     1   2005      6    1400.0      -1.4       6.1      0.55      2.00      0.40  -9999.00
     1   2005      7    1800.0       5.9      11.6      0.93      2.00      7.20  -9999.00
     1   2005      8    1700.0      -1.1      11.2      0.56      2.00      4.80  -9999.00
     1   2005      9    1700.0      10.1      11.5      1.24      2.00      9.80  -9999.00
     1   2005     10    1100.0       5.5       9.8      0.90      2.00      8.50  -9999.00
     1   2005     11    1900.0      -1.4       9.8      0.55      2.00      1.40  -9999.00
     1   2005     12    2000.0       3.7      11.7      0.80      2.00      0.90  -9999.00
     1   2005     13    1700.0       1.1       3.1      0.66      2.00     15.40  -9999.00
     1   2005     14     900.0       4.9       8.0      0.87      2.00      3.20  -9999.00
     1   2005     15    1800.0       0.1      10.0      0.62      2.00      3.80  -9999.00
     1   2005     16    2100.0       1.9       6.9      0.70      2.00      0.60  -9999.00
     1   2005     17    3300.0       7.2      11.8      1.02      2.00      1.10  -9999.00
     1   2005     18    1600.0       6.1       8.1      0.94      2.00      8.20  -9999.00
     1   2005     19    1700.0       3.1       8.0      0.76      2.00      2.10  -9999.00
     1   2005     20    4800.0       3.4       5.4      0.78      2.00      0.70  -9999.00
     1   2005     21    3000.0       3.2       6.6      0.77      2.00      0.00  -9999.00
     1   2005     22    3400.0       2.1       4.1      0.71      2.00     12.00  -9999.00
     1   2005     23    4800.0       2.4       9.5      0.73      2.00      1.00  -9999.00
     1   2005     24    3200.0       6.7       9.2      0.98      2.00      0.40  -9999.00
     1   2005     25    2900.0       7.1       8.7      1.01      2.00      1.60  -9999.00
     1   2005     26    1900.0       3.5       5.4      0.78      2.00      4.70  -9999.00
     1   2005     27    4000.0       6.1      11.5      0.94      2.00      2.60  -9999.00
     1   2005     28    3800.0       4.9       6.9      0.87      2.00      0.80  -9999.00
     1   2005     29    5300.0       3.0       8.4      0.76      2.00      5.80  -9999.00
     1   2005     30    5400.0       0.5       9.8      0.63      2.00      2.40  -9999.00
     1   2005     31    2600.0       8.6       8.7      1.12      2.00      6.20  -9999.00
     1   2005     32    4900.0       3.9       9.1      0.81      2.00      0.50  -9999.00
     1   2005     33    4500.0       6.2       7.4      0.95      2.00      1.10  -9999.00
     1   2005     34    3000.0       5.3       9.1      0.89      2.00      0.40  -9999.00
     1   2005     35    1600.0       5.4      12.1      0.90      2.00      0.40  -9999.00
     1   2005     36    2500.0       1.9       9.0      0.70      2.00      6.60  -9999.00
     1   2005     37    4700.0       2.0       6.6      0.71      2.00     12.00  -9999.00
     1   2005     38    1900.0       1.6       9.9      0.69      2.00      3.00  -9999.00
     1   2005     39    7800.0       1.7       6.0      0.69      2.00      0.00  -9999.00
     1   2005     40    4200.0       5.3       7.3      0.89      2.00      0.00  -9999.00
     1   2005     41    5100.0       6.8       8.8      0.99      2.00      1.40  -9999.00
     1   2005     42    3400.0       1.0      14.5      0.66      2.00      0.00  -9999.00
     1   2005     43    7000.0       4.7      10.1      0.85      2.00      0.00  -9999.00
     1   2005     44    5400.0       5.0       8.6      0.87      2.00      9.10  -9999.00
     1   2005     45    5400.0       0.7       7.8      0.64      2.00      0.60  -9999.00
     1   2005     46    5500.0      -3.6      11.9      0.47      2.00      1.40  -9999.00
     1   2005     47    7700.0       0.7       7.7      0.64      2.00      0.10  -9999.00
     1   2005     48    7100.0       4.8       6.9      0.86      2.00      7.40  -9999.00
     1   2005     49    2600.0       4.6       6.6      0.85      2.00      0.10  -9999.00
     1   2005     50    3800.0       8.1      11.8      1.08      2.00      3.60  -9999.00
     1   2005     51    5700.0      -0.2       8.8      0.60      2.00     13.80  -9999.00
     1   2005     52    1600.0       1.6       8.6      0.69      2.00      3.50  -9999.00
     1   2005     53    3900.0       2.3       7.6      0.72      2.00      0.70  -9999.00
     1   2005     54    7300.0       5.6      10.9      0.91      2.00      4.30  -9999.00
     1   2005     55    4200.0       7.9      10.7      1.07      2.00      3.50  -9999.00
     1   2005     56    3600.0       2.9      10.7      0.75      2.00      1.50  -9999.00
     1   2005     57   11400.0       4.1      12.1      0.82      2.00      0.00  -9999.00
     1   2005     58    4500.0       2.2       5.3      0.72      2.00      0.00  -9999.00
     1   2005     59   11400.0       0.1       2.1      0.62      2.00      0.00  -9999.00
     1   2005     60    6000.0       7.4      10.4      1.03      2.00      0.20  -9999.00
     1   2005     61    9600.0       3.0       3.7      0.76      2.00      8.20  -9999.00
     1   2005     62   12400.0       6.1       7.4      0.94      2.00      0.10  -9999.00
     1   2005     63    4200.0       6.1      11.8      0.94      2.00      0.10  -9999.00
     1   2005     64    5000.0       3.7       9.6      0.80      2.00      0.10  -9999.00
     1   2005     65    9700.0       0.8      10.5      0.65      2.00      6.10  -9999.00
     1   2005     66   13200.0       0.0       9.3      0.61      2.00      0.00  -9999.00
     1   2005     67    4200.0       6.8       8.8      0.99      2.00     10.40  -9999.00
     1   2005     68    9600.0       1.5       9.3      0.68      2.00      9.60  -9999.00
     1   2005     69    8800.0       4.5      11.2      0.84      2.00      4.40  -9999.00
     1   2005     70    4800.0       2.6      11.8      0.74      2.00      0.30  -9999.00
     1   2005     71    9500.0      -1.2      10.6      0.56      2.00      9.10  -9999.00
     1   2005     72    4200.0       6.2       9.9      0.95      2.00      0.30  -9999.00
     1   2005     73    9000.0      -0.6      15.4      0.58      2.00      0.00  -9999.00
     1   2005     74   11600.0       3.7       4.3      0.80      2.00      1.00  -9999.00
     1   2005     75    2200.0       3.5      13.3      0.78      2.00     10.20  -9999.00
     1   2005     76    8300.0      -4.3      15.3      0.44      2.00      1.30  -9999.00
     1   2005     77   12000.0       5.0      11.1      0.87      2.00     10.50  -9999.00
     1   2005     78   10000.0       0.9      11.5      0.65      2.00      0.00  -9999.00
     1   2005     79    9400.0       3.3      10.6      0.77      2.00      0.00  -9999.00
     1   2005     80   11500.0       4.3      11.4      0.83      2.00      0.00  -9999.00
     1   2005     81   10000.0      -1.5      11.3      0.55      2.00      0.00  -9999.00
     1   2005     82    9400.0       6.9       7.1      0.99      2.00      0.00  -9999.00
     1   2005     83   12300.0       6.9      10.3      0.99      2.00      0.00  -9999.00
     1   2005     84   15500.0       6.5      18.4      0.97      2.00      0.00  -9999.00
     1   2005     85   10400.0       1.0      12.2      0.66      2.00      0.00  -9999.00
     1   2005     86   13500.0       4.2       9.1      0.82      2.00      0.00  -9999.00
     1   2005     87    7500.0       0.9      19.6      0.65      2.00      0.00  -9999.00
     1   2005     88    8300.0       0.9      10.7      0.65      2.00      0.50  -9999.00
     1   2005     89   15400.0       3.8      12.6      0.80      2.00      7.20  -9999.00
     1   2005     90    8500.0       6.0       8.0      0.93      2.00     11.00  -9999.00
     1   2005     91    6200.0       4.1       5.3      0.82      2.00      0.30  -9999.00
     1   2005     92    8600.0       3.7      10.5      0.80      2.00      0.90  -9999.00
     1   2005     93   16700.0      -0.1       9.5      0.61      2.00      0.00  -9999.00
     1   2005     94   12200.0       5.9       9.6      0.93      2.00      0.00  -9999.00
     1   2005     95   19800.0       1.3      11.1      0.67      2.00      0.00  -9999.00
     1   2005     96   15400.0       0.3      11.8      0.62      2.00      0.00  -9999.00
     1   2005     97   13500.0       3.1      14.9      0.76      2.00      0.00  -9999.00
     1   2005     98   19300.0       3.7      13.6      0.80      2.00      0.00  -9999.00
     1   2005     99    6500.0      -0.7       8.7      0.58      2.00      1.10  -9999.00
     1   2005    100    7500.0       3.1       9.4      0.76      2.00      8.10  -9999.00
     1   2005    101   12600.0       1.5       8.9      0.68      2.00      2.10  -9999.00
     1   2005    102   16300.0       2.1      12.3      0.71      2.00      0.00  -9999.00
     1   2005    103   10600.0       7.0      11.8      1.00      2.00      0.00  -9999.00
     1   2005    104   13000.0       3.9      13.4      0.81      2.00     13.00  -9999.00
     1   2005    105    6500.0       5.6       9.7      0.91      2.00      0.00  -9999.00
     1   2005    106    7600.0       2.2      12.0      0.72      2.00      0.00  -9999.00
     1   2005    107   19100.0       5.5      12.3      0.90      2.00      0.00  -9999.00
     1   2005    108    7800.0      10.7      11.4      1.29      2.00      0.00  -9999.00
     1   2005    109   21400.0       0.1      12.4      0.62      2.00      0.00  -9999.00
     1   2005    110   18900.0       1.1      13.4      0.66      2.00     19.00  -9999.00
     1   2005    111   18800.0       3.7      11.4      0.80      2.00      1.80  -9999.00
     1   2005    112    7800.0       4.8      19.6      0.86      2.00      0.40  -9999.00
     1   2005    113   14000.0       2.4       8.1      0.73      2.00      3.80  -9999.00
     1   2005    114   16400.0       5.8      10.8      0.92      2.00      0.00  -9999.00
     1   2005    115   20400.0       9.1      15.3      1.16      2.00      0.00  -9999.00
     1   2005    116   21500.0       6.3      14.0      0.95      2.00      0.00  -9999.00
     1   2005    117   18200.0       3.0      12.9      0.76      2.00      0.30  -9999.00
     1   2005    118   12700.0       6.0       9.9      0.93      2.00      1.80  -9999.00
     1   2005    119   16500.0       9.2      12.1      1.16      2.00      1.30  -9999.00
     1   2005    120   14500.0       2.0      10.1      0.71      2.00      0.90  -9999.00
     1   2005    121   10500.0       1.8      11.5      0.70      2.00      0.90  -9999.00
     1   2005    122   16200.0       6.5      12.6      0.97      2.00      6.90  -9999.00
     1   2005    123   10900.0       8.8      11.9      1.13      2.00     11.40  -9999.00
     1   2005    124    7400.0       6.8      14.8      0.99      2.00     12.20  -9999.00
     1   2005    125   19100.0       9.1      13.0      1.16      2.00      0.00  -9999.00
     1   2005    126   19100.0       9.9      16.5      1.22      2.00      0.00  -9999.00
     1   2005    127   14900.0       7.0      11.3      1.00      2.00      1.20  -9999.00
     1   2005    128   20800.0       6.5      16.2      0.97      2.00     13.30  -9999.00
     1   2005    129   17200.0       8.9      10.9      1.14      2.00     12.20  -9999.00
     1   2005    130   17100.0       8.4      14.8      1.10      2.00      0.10  -9999.00
     1   2005    131    9100.0       8.0      10.6      1.07      2.00      7.70  -9999.00
     1   2005    132   16600.0       3.0      14.7      0.76      2.00      1.00  -9999.00
     1   2005    133   15600.0      10.8      13.6      1.29      2.00      0.00  -9999.00
     1   2005    134   16500.0       5.0      13.8      0.87      2.00      0.00  -9999.00
     1   2005    135   22600.0       9.5      18.1      1.19      2.00      0.00  -9999.00
     1   2005    136   16800.0      11.2      13.9      1.33      2.00      1.80  -9999.00
     1   2005    137   11800.0       4.1      17.3      0.82      2.00      0.00  -9999.00
     1   2005    138   17900.0       4.7      13.2      0.85      2.00      0.10  -9999.00
     1   2005    139   14600.0       8.2      15.5      1.09      2.00      0.60  -9999.00
     1   2005    140   22700.0       8.6      13.4      1.12      2.00      1.00  -9999.00
     1   2005    141   18800.0      10.6      13.4      1.28      2.00     14.20  -9999.00
     1   2005    142   11400.0       9.6      13.9      1.20      2.00      4.30  -9999.00
     1   2005    143   19100.0       7.6      12.6      1.04      2.00      0.10  -9999.00
     1   2005    144   18500.0       5.5      16.8      0.90      2.00      0.10  -9999.00
     1   2005    145   20100.0      10.1      15.6      1.24      2.00      6.00  -9999.00
     1   2005    146   15700.0       9.1      14.1      1.16      2.00      0.60  -9999.00
     1   2005    147   18200.0      11.2      12.7      1.33      2.00      0.10  -9999.00
     1   2005    148   11100.0       9.5      13.0      1.19      2.00      4.70  -9999.00
     1   2005    149    6400.0       6.9      13.0      0.99      2.00      0.10  -9999.00
     1   2005    150    7300.0      10.3      15.7      1.25      2.00      5.80  -9999.00
     1   2005    151   11700.0      10.1      15.5      1.24      2.00      0.10  -9999.00
     1   2005    152    9100.0       9.6      14.4      1.20      2.00      6.00  -9999.00
     1   2005    153   21800.0      12.0      20.2      1.40      2.00      0.00  -9999.00
     1   2005    154   23400.0       9.1      17.9      1.16      2.00      0.00  -9999.00
     1   2005    155   14800.0       9.9      17.0      1.22      2.00      0.00  -9999.00
     1   2005    156   29900.0       7.1      19.1      1.01      2.00      0.00  -9999.00
     1   2005    157   27300.0       7.8      17.3      1.06      2.00      0.00  -9999.00
     1   2005    158   26900.0       9.9      16.2      1.22      2.00      1.70  -9999.00
     1   2005    159   19200.0      10.1      16.6      1.24      2.00      0.50  -9999.00
     1   2005    160   17900.0       8.2      15.1      1.09      2.00     18.00  -9999.00
     1   2005    161   16700.0      11.8      15.3      1.38      2.00      0.10  -9999.00
     1   2005    162   15500.0      13.7      22.4      1.57      2.00      0.00  -9999.00
     1   2005    163    7400.0      12.2      15.3      1.42      2.00      2.60  -9999.00
     1   2005    164   23300.0       6.4      13.3      0.96      2.00      1.20  -9999.00
     1   2005    165   23800.0      11.3      17.7      1.34      2.00      4.50  -9999.00
     1   2005    166   13500.0       7.4      17.0      1.03      2.00      0.40  -9999.00
     1   2005    167   23800.0       8.0      27.0      1.07      2.00      0.00  -9999.00
     1   2005    168   24600.0      12.6      16.3      1.46      2.00      0.00  -9999.00
     1   2005    169   26200.0      13.8      17.9      1.58      2.00      0.80  -9999.00
     1   2005    170   24900.0       9.4      17.2      1.18      2.00      0.00  -9999.00
     1   2005    171   25400.0      10.4      17.7      1.26      2.00      0.20  -9999.00
     1   2005    172   29100.0      12.8      17.7      1.48      2.00      0.40  -9999.00
     1   2005    173   14500.0       8.5      13.7      1.11      2.00      3.90  -9999.00
     1   2005    174   16300.0      11.9      26.1      1.39      2.00      2.10  -9999.00
     1   2005    175   13900.0      12.7      14.7      1.47      2.00      0.60  -9999.00
     1   2005    176   17300.0      12.5      14.3      1.45      2.00      2.00  -9999.00
     1   2005    177   17500.0      11.9      16.4      1.39      2.00      0.30  -9999.00
     1   2005    178   19100.0      10.5      17.4      1.27      2.00      0.00  -9999.00
     1   2005    179   24200.0      10.4      20.1      1.26      2.00      0.00  -9999.00
     1   2005    180   15000.0      11.6      18.8      1.37      2.00      0.90  -9999.00
     1   2005    181   21000.0       9.1      23.7      1.16      2.00      0.00  -9999.00
     1   2005    182   17500.0      11.6      17.0      1.37      2.00      1.80  -9999.00
     1   2005    183   10400.0      10.8      20.3      1.29      2.00      3.60  -9999.00
     1   2005    184   17200.0      13.3      23.5      1.53      2.00      0.00  -9999.00
     1   2005    185   20000.0      12.0      27.7      1.40      2.00      0.00  -9999.00
     1   2005    186    8600.0      14.1      19.6      1.61      2.00      3.80  -9999.00
     1   2005    187   28300.0       7.8      20.0      1.06      2.00      0.00  -9999.00
     1   2005    188   24000.0      12.1      23.7      1.41      2.00      0.00  -9999.00
     1   2005    189   13600.0      12.4      17.4      1.44      2.00      2.20  -9999.00
     1   2005    190   20600.0      15.1      17.4      1.72      2.00      0.60  -9999.00
     1   2005    191   14700.0      15.5      18.4      1.76      2.00      3.90  -9999.00
     1   2005    192   21200.0      13.2      23.2      1.52      2.00      0.20  -9999.00
     1   2005    193   12900.0      14.7      18.2      1.67      2.00      0.00  -9999.00
     1   2005    194   21000.0      11.6      21.2      1.37      2.00      0.00  -9999.00
     1   2005    195   14100.0      16.5      24.1      1.88      2.00      0.00  -9999.00
     1   2005    196   21100.0      17.4      20.1      1.99      2.00      0.00  -9999.00
     1   2005    197   29100.0      12.5      21.2      1.45      2.00      0.00  -9999.00
     1   2005    198   12200.0      15.7      18.9      1.78      2.00      7.50  -9999.00
     1   2005    199   19900.0       8.0      25.8      1.07      2.00      0.00  -9999.00
     1   2005    200    9600.0      16.5      20.6      1.88      2.00     20.20  -9999.00
     1   2005    201   16500.0      12.4      17.7      1.44      2.00      0.10  -9999.00
     1   2005    202   19600.0      16.7      26.6      1.90      2.00      0.00  -9999.00
     1   2005    203   17400.0      10.8      18.1      1.29      2.00      0.00  -9999.00
     1   2005    204   26200.0      12.1      25.2      1.41      2.00      0.00  -9999.00
     1   2005    205   17700.0      10.8      25.4      1.29      2.00      0.00  -9999.00
     1   2005    206   27300.0      12.3      20.7      1.43      2.00      0.00  -9999.00
     1   2005    207   22900.0      12.7      22.5      1.47      2.00      0.00  -9999.00
     1   2005    208   25800.0      12.5      20.9      1.45      2.00      0.00  -9999.00
     1   2005    209   17100.0      12.0      23.8      1.40      2.00      0.00  -9999.00
     1   2005    210   27500.0      11.6      25.2      1.37      2.00      0.00  -9999.00
     1   2005    211   20600.0       9.3      19.9      1.17      2.00      0.00  -9999.00
     1   2005    212    7800.0      10.1      18.0      1.24      2.00      5.10  -9999.00
     1   2005    213   21100.0      15.9      17.5      1.81      2.00      0.00  -9999.00
     1   2005    214   23100.0      14.4      16.7      1.64      2.00      0.00  -9999.00
     1   2005    215   13600.0      11.5      21.3      1.36      2.00      0.00  -9999.00
     1   2005    216   12400.0      15.5      21.2      1.76      2.00     13.10  -9999.00
     1   2005    217   18200.0      15.0      18.2      1.70      2.00      6.40  -9999.00
     1   2005    218   21900.0      14.7      26.2      1.67      2.00      0.00  -9999.00
     1   2005    219   17100.0      10.8      23.6      1.29      2.00      0.00  -9999.00
     1   2005    220   15200.0      14.3      22.1      1.63      2.00      0.00  -9999.00
     1   2005    221   16200.0      10.5      20.8      1.27      2.00      0.00  -9999.00
     1   2005    222   11900.0      15.1      22.3      1.72      2.00      0.00  -9999.00
     1   2005    223   13400.0       9.9      25.8      1.22      2.00      0.00  -9999.00
     1   2005    224   12600.0      13.5      20.7      1.55      2.00      0.00  -9999.00
     1   2005    225   23300.0       7.5      19.3      1.04      2.00      0.00  -9999.00
     1   2005    226    8400.0      12.5      16.3      1.45      2.00      0.80  -9999.00
     1   2005    227   11900.0      11.2      18.9      1.33      2.00      0.90  -9999.00
     1   2005    228   15800.0      15.4      21.3      1.75      2.00      0.00  -9999.00
     1   2005    229   19300.0      13.1      21.8      1.51      2.00      0.00  -9999.00
     1   2005    230   21100.0      12.8      15.8      1.48      2.00      0.00  -9999.00
     1   2005    231   15900.0      11.2      23.2      1.33      2.00     10.80  -9999.00
     1   2005    232   13600.0      13.6      21.6      1.56      2.00      0.00  -9999.00
     1   2005    233   15200.0      15.3      20.1      1.74      2.00      2.00  -9999.00
     1   2005    234   15600.0      11.9      20.0      1.39      2.00      0.40  -9999.00
     1   2005    235   13100.0      12.5      19.1      1.45      2.00      1.30  -9999.00
     1   2005    236   11100.0      13.0      18.8      1.50      2.00      0.10  -9999.00
     1   2005    237   15000.0      18.1      21.6      2.08      2.00      0.00  -9999.00
     1   2005    238   20100.0      15.9      17.4      1.81      2.00      0.00  -9999.00
     1   2005    239   14500.0      16.8      21.4      1.91      2.00      0.00  -9999.00
     1   2005    240   11000.0      12.7      18.5      1.47      2.00     20.40  -9999.00
     1   2005    241   17800.0      17.4      19.3      1.99      2.00      0.00  -9999.00
     1   2005    242    8700.0      15.6      19.2      1.77      2.00      1.80  -9999.00
     1   2005    243   18400.0       8.1      18.0      1.08      2.00      0.00  -9999.00
     1   2005    244   11300.0      14.1      19.5      1.61      2.00      1.90  -9999.00
     1   2005    245    6000.0      10.8      19.9      1.29      2.00      2.80  -9999.00
     1   2005    246    9600.0       9.7      16.8      1.20      2.00      6.80  -9999.00
     1   2005    247    8600.0       9.8      19.3      1.21      2.00      0.20  -9999.00
     1   2005    248   14400.0      13.5      19.9      1.55      2.00      0.00  -9999.00
     1   2005    249   16200.0      12.8      16.7      1.48      2.00      0.00  -9999.00
     1   2005    250   12100.0       8.4      17.9      1.10      2.00      0.00  -9999.00
     1   2005    251   12000.0      12.6      19.2      1.46      2.00      0.00  -9999.00
     1   2005    252   14800.0       9.2      20.4      1.16      2.00      3.90  -9999.00
     1   2005    253   10600.0      13.5      17.4      1.55      2.00      3.10  -9999.00
     1   2005    254   16200.0       8.5      15.4      1.11      2.00      2.00  -9999.00
     1   2005    255    9000.0      12.4      15.9      1.44      2.00      1.10  -9999.00
     1   2005    256   16000.0      12.3      17.0      1.43      2.00      0.00  -9999.00
     1   2005    257   15700.0      13.9      15.3      1.59      2.00      2.40  -9999.00
     1   2005    258   12200.0      14.0      18.3      1.60      2.00      2.90  -9999.00
     1   2005    259    9700.0      11.6      19.9      1.37      2.00      0.00  -9999.00
     1   2005    260    6500.0      11.6      14.4      1.37      2.00      0.00  -9999.00
     1   2005    261    8600.0      14.7      15.5      1.67      2.00      0.00  -9999.00
     1   2005    262   10600.0      13.6      20.4      1.56      2.00      0.00  -9999.00
     1   2005    263    5000.0      11.9      13.9      1.39      2.00      2.20  -9999.00
     1   2005    264    6500.0       8.7      18.6      1.12      2.00      3.50  -9999.00
     1   2005    265    4700.0      11.5      14.7      1.36      2.00      0.10  -9999.00
     1   2005    266   11100.0      11.6      13.2      1.37      2.00      3.70  -9999.00
     1   2005    267   11100.0      11.9      16.9      1.39      2.00      0.00  -9999.00
     1   2005    268   15400.0      14.6      21.3      1.66      2.00      0.00  -9999.00
     1   2005    269   15200.0      11.1      17.0      1.32      2.00      0.00  -9999.00
     1   2005    270    7800.0      15.3      16.3      1.74      2.00      0.00  -9999.00
     1   2005    271    8000.0       8.2      14.2      1.09      2.00      5.70  -9999.00
     1   2005    272    6900.0      12.0      12.8      1.40      2.00      0.10  -9999.00
     1   2005    273    9500.0       5.5      15.2      0.90      2.00      0.10  -9999.00
     1   2005    274    5600.0      12.7      16.2      1.47      2.00      6.10  -9999.00
     1   2005    275   13000.0      12.2      13.7      1.42      2.00      0.00  -9999.00
     1   2005    276    5300.0      13.5      16.3      1.55      2.00      0.00  -9999.00
     1   2005    277    7800.0      11.9      16.0      1.39      2.00      0.00  -9999.00
     1   2005    278    7900.0       7.7      16.6      1.05      2.00      0.00  -9999.00
     1   2005    279    6800.0       9.6      11.6      1.20      2.00      0.00  -9999.00
     1   2005    280   12700.0      14.0      17.0      1.60      2.00      0.00  -9999.00
     1   2005    281    7000.0       3.3      15.0      0.77      2.00      0.00  -9999.00
     1   2005    282    7900.0       1.2      17.4      0.67      2.00      0.00  -9999.00
     1   2005    283    2800.0       9.9      15.4      1.22      2.00      4.70  -9999.00
     1   2005    284    8700.0      12.2      13.1      1.42      2.00      7.40  -9999.00
     1   2005    285    5200.0       6.6      14.1      0.97      2.00      7.90  -9999.00
     1   2005    286    8900.0      10.3      10.5      1.25      2.00      1.00  -9999.00
     1   2005    287    5500.0       2.6      15.4      0.74      2.00      0.10  -9999.00
     1   2005    288    4500.0      12.0      13.6      1.40      2.00      1.60  -9999.00
     1   2005    289    8000.0       9.1      11.7      1.16      2.00      0.00  -9999.00
     1   2005    290    2200.0       5.5      17.3      0.90      2.00     17.80  -9999.00
     1   2005    291    2100.0       9.2      19.1      1.16      2.00      0.20  -9999.00
     1   2005    292    4200.0      11.1      13.2      1.32      2.00      0.00  -9999.00
     1   2005    293    8800.0      10.7      11.6      1.29      2.00      0.00  -9999.00
     1   2005    294    3900.0      11.1      13.1      1.32      2.00      3.60  -9999.00
     1   2005    295    3400.0      10.2      16.1      1.24      2.00      0.50  -9999.00
     1   2005    296    4400.0       4.4      16.1      0.84      2.00     19.30  -9999.00
     1   2005    297    6500.0      11.8      13.1      1.38      2.00      1.90  -9999.00
     1   2005    298    4900.0      10.0      12.8      1.23      2.00      8.30  -9999.00
     1   2005    299    3700.0      11.1      15.8      1.32      2.00     10.90  -9999.00
     1   2005    300    6200.0      11.2      16.2      1.33      2.00     15.80  -9999.00
     1   2005    301    4600.0       5.1      14.1      0.88      2.00      1.60  -9999.00
     1   2005    302    8500.0       7.4      12.2      1.03      2.00      0.00  -9999.00
     1   2005    303    6000.0       9.5      12.5      1.19      2.00      0.10  -9999.00
     1   2005    304    2800.0       8.9      10.9      1.14      2.00      0.10  -9999.00
     1   2005    305    6500.0       9.9      15.3      1.22      2.00     10.80  -9999.00
     1   2005    306    8000.0       7.0       8.2      1.00      2.00      2.00  -9999.00
     1   2005    307    3700.0       6.5      10.9      0.97      2.00      0.40  -9999.00
     1   2005    308    2900.0       0.0      13.6      0.61      2.00      0.30  -9999.00
     1   2005    309    6400.0       5.1      14.9      0.88      2.00      3.00  -9999.00
     1   2005    310    5100.0       2.4      14.7      0.73      2.00      1.00  -9999.00
     1   2005    311    4500.0       6.1       6.9      0.94      2.00      0.00  -9999.00
     1   2005    312    3200.0       8.1      14.9      1.08      2.00      0.00  -9999.00
     1   2005    313    3900.0       6.1      12.6      0.94      2.00      0.00  -9999.00
     1   2005    314    1900.0       1.4      10.2      0.68      2.00      0.20  -9999.00
     1   2005    315    5900.0       0.9      10.2      0.65      2.00      4.50  -9999.00
     1   2005    316    2400.0       7.0       9.1      1.00      2.00      0.20  -9999.00
     1   2005    317    2300.0       9.3      11.3      1.17      2.00      2.10  -9999.00
     1   2005    318    4400.0       4.5      11.8      0.84      2.00      2.20  -9999.00
     1   2005    319    2700.0       7.9      13.1      1.07      2.00     15.60  -9999.00
     1   2005    320    1200.0       4.3      10.6      0.83      2.00      4.20  -9999.00
     1   2005    321    2300.0      10.6      12.6      1.28      2.00      1.90  -9999.00
     1   2005    322    2900.0       7.4       9.3      1.03      2.00      0.30  -9999.00
     1   2005    323    4700.0       1.9      12.3      0.70      2.00      0.00  -9999.00
     1   2005    324    1500.0       5.0       8.1      0.87      2.00     12.30  -9999.00
     1   2005    325    3500.0       5.7       7.7      0.92      2.00      7.90  -9999.00
     1   2005    326    1600.0       1.0      11.8      0.66      2.00      0.20  -9999.00
     1   2005    327    5400.0       6.0       8.0      0.93      2.00      0.00  -9999.00
     1   2005    328    3600.0       1.3      11.8      0.67      2.00      0.80  -9999.00
     1   2005    329    2300.0       4.2      11.9      0.82      2.00      4.40  -9999.00
     1   2005    330    1800.0       6.0      13.1      0.93      2.00      2.30  -9999.00
     1   2005    331    1500.0       1.3       8.7      0.67      2.00      0.00  -9999.00
     1   2005    332    3700.0       2.0      12.5      0.71      2.00     15.00  -9999.00
     1   2005    333    4000.0       4.3       9.7      0.83      2.00      0.50  -9999.00
     1   2005    334    3400.0       3.5       6.8      0.78      2.00      0.50  -9999.00
     1   2005    335    2400.0      -0.4       7.7      0.59      2.00      6.10  -9999.00
     1   2005    336    3300.0       9.2      11.0      1.16      2.00      9.70  -9999.00
     1   2005    337    1700.0       7.3       9.3      1.02      2.00      2.30  -9999.00
     1   2005    338    2200.0       3.3       7.6      0.77      2.00      0.00  -9999.00
     1   2005    339    2200.0       7.3       9.6      1.02      2.00      0.00  -9999.00
     1   2005    340    3000.0       3.5       4.4      0.78      2.00     14.40  -9999.00
     1   2005    341    3300.0      -0.5      12.0      0.59      2.00      0.00  -9999.00
     1   2005    342    2600.0      -0.4       6.8      0.59      2.00      0.00  -9999.00
     1   2005    343    3100.0       0.8       6.7      0.65      2.00      0.00  -9999.00
     1   2005    344    1200.0       1.3       3.3      0.67      2.00      0.00  -9999.00
     1   2005    345    3800.0       3.2      12.3      0.77      2.00     20.50  -9999.00
     1   2005    346    1400.0       8.0      11.1      1.07      2.00      0.80  -9999.00
     1   2005    347    2300.0       3.4       8.3      0.78      2.00      7.30  -9999.00
     1   2005    348    1400.0       0.1       3.8      0.62      2.00      0.10  -9999.00
     1   2005    349    1400.0       4.3       6.3      0.83      2.00      0.70  -9999.00
     1   2005    350    1500.0       4.5      11.1      0.84      2.00      1.20  -9999.00
     1   2005    351    3900.0       5.2      11.3      0.88      2.00      0.00  -9999.00
     1   2005    352    1300.0       0.3       8.7      0.62      2.00      0.00  -9999.00
     1   2005    353    3800.0       1.1       7.2      0.66      2.00      0.00  -9999.00
     1   2005    354    4400.0       7.0       7.0      1.00      2.00      0.70  -9999.00
     1   2005    355    2500.0       4.4       9.9      0.84      2.00      2.10  -9999.00
     1   2005    356    3400.0      -1.6       6.0      0.54      2.00      0.00  -9999.00
     1   2005    357    1500.0       3.3      12.2      0.77      2.00      2.30  -9999.00
     1   2005    358    3800.0       5.7       7.7      0.92      2.00      8.80  -9999.00
     1   2005    359    1200.0       4.0       9.3      0.81      2.00     11.00  -9999.00
     1   2005    360    3400.0       3.9       9.8      0.81      2.00      9.10  -9999.00
     1   2005    361    1700.0      -2.5      -0.5      0.51      2.00      0.60  -9999.00
     1   2005    362    2100.0       3.9       7.0      0.81      2.00     20.40  -9999.00
     1   2005    363    1600.0       7.7       9.7      1.05      2.00      7.20  -9999.00
     1   2005    364    1900.0       2.9      12.1      0.75      2.00     12.60  -9999.00
     1   2005    365    4600.0       6.1       6.6      0.94      2.00      0.00  -9999.00
