*-----------------------------------------------------------------------------* 
           CNWG_27.met            51.48   -3.55   69.72
* Date created:  08-Aug-2019     Author: K Coleman 
* 
* NIL VALUE       -9999 
* Source:   data provided by M. Semenov 
*  
* Latitude:    51.48 Longitude:    -3.55 Altitude:    69.72
* 
* Column  Daily value 
* 1       station number 
* 2       year 
* 3       day 
* 4       irradiation                   (kJ m-2 d-1) 
* 5       minimum temperature           (degrees Celsius) 
* 6       maximum temperature           (degrees Celsius) 
* 7       early morning vapour pressure (kPa)             
* 8       mean wind speed (height: 2 m?) (m s-1)          
* 9       precipitation                 (mm d-1)          
* 10      sunshine                      (hrs)             
 		Jday	RAD	    TMIN	TMAX	 VAP	wind	RAIN	SUN  
               kj/m2	°C	    °C	     kPa	m/s	    mm	    hrs 
   51.48  69.72
     1   2005      1    3200.0       3.6      10.7      0.79      2.00      3.20  -9999.00
     1   2005      2    3400.0       1.6       8.3      0.69      2.00      0.20  -9999.00
     1   2005      3    2800.0       3.0       5.0      0.76      2.00      2.20  -9999.00
     1   2005      4    2200.0       1.3       5.0      0.67      2.00      0.40  -9999.00
     1   2005      5    3400.0      -0.2       9.1      0.60      2.00      0.20  -9999.00
     1   2005      6    2700.0       9.2      11.1      1.16      2.00     15.20  -9999.00
     1   2005      7    2100.0      -0.5       9.6      0.59      2.00      5.50  -9999.00
     1   2005      8    5000.0       8.7      11.7      1.12      2.00      0.00  -9999.00
     1   2005      9    3600.0       8.6       9.0      1.12      2.00      4.00  -9999.00
     1   2005     10    1200.0       6.5       9.6      0.97      2.00     11.00  -9999.00
     1   2005     11    2200.0       3.6       9.5      0.79      2.00      2.40  -9999.00
     1   2005     12    1900.0       1.3       7.7      0.67      2.00      0.00  -9999.00
     1   2005     13    1900.0       6.0      11.2      0.93      2.00      0.80  -9999.00
     1   2005     14    1600.0       7.7       8.7      1.05      2.00      0.30  -9999.00
     1   2005     15    3600.0      -4.7       7.1      0.43      2.00      0.00  -9999.00
     1   2005     16    3000.0       0.7       9.1      0.64      2.00      0.20  -9999.00
     1   2005     17    2200.0       0.9       9.2      0.65      2.00      0.40  -9999.00
     1   2005     18    5200.0       3.2       9.5      0.77      2.00      0.00  -9999.00
     1   2005     19    2200.0       9.2      10.0      1.16      2.00      6.20  -9999.00
     1   2005     20    4700.0      -1.6       9.4      0.54      2.00      8.40  -9999.00
     1   2005     21    5200.0       8.4      10.4      1.10      2.00      5.80  -9999.00
     1   2005     22    5800.0       0.7       9.2      0.64      2.00      0.00  -9999.00
     1   2005     23    3100.0      -0.5       7.3      0.59      2.00      0.00  -9999.00
     1   2005     24    3300.0       6.4       8.5      0.96      2.00      0.00  -9999.00
     1   2005     25    3200.0      -2.9      -0.9      0.49      2.00      0.00  -9999.00
     1   2005     26    5800.0       3.6       5.3      0.79      2.00      0.00  -9999.00
     1   2005     27    2300.0       7.5       9.5      1.04      2.00      0.70  -9999.00
     1   2005     28    6200.0       1.0       4.0      0.66      2.00      0.00  -9999.00
     1   2005     29    4000.0       2.6       5.0      0.74      2.00      0.00  -9999.00
     1   2005     30    5300.0       2.9       9.3      0.75      2.00      0.00  -9999.00
     1   2005     31    6500.0      -4.1      -2.1      0.45      2.00      0.00  -9999.00
     1   2005     32    7200.0      -1.7       9.3      0.54      2.00      0.00  -9999.00
     1   2005     33    3400.0      -4.1       0.1      0.45      2.00      0.00  -9999.00
     1   2005     34    5000.0      -1.1       5.2      0.56      2.00      0.00  -9999.00
     1   2005     35    4000.0       1.6       7.9      0.69      2.00      0.00  -9999.00
     1   2005     36    5600.0       2.7       8.1      0.74      2.00      0.00  -9999.00
     1   2005     37    2200.0       5.4       7.5      0.90      2.00      0.00  -9999.00
     1   2005     38    2000.0       1.4       4.7      0.68      2.00      0.00  -9999.00
     1   2005     39    4500.0       3.9       5.8      0.81      2.00      0.00  -9999.00
     1   2005     40    8400.0      -1.2       4.0      0.56      2.00      0.00  -9999.00
     1   2005     41    4300.0       5.9       7.9      0.93      2.00      2.40  -9999.00
     1   2005     42    3700.0       7.9      14.6      1.07      2.00      0.00  -9999.00
     1   2005     43    2400.0       7.5      10.5      1.04      2.00     12.60  -9999.00
     1   2005     44    7400.0       0.1       2.1      0.62      2.00      0.00  -9999.00
     1   2005     45    3200.0       6.3       8.3      0.95      2.00      0.00  -9999.00
     1   2005     46    5700.0       4.5       6.5      0.84      2.00      0.30  -9999.00
     1   2005     47    2800.0       3.1      10.9      0.76      2.00      0.90  -9999.00
     1   2005     48    4700.0       4.2       6.2      0.82      2.00      0.20  -9999.00
     1   2005     49    3400.0       2.9       5.5      0.75      2.00      6.40  -9999.00
     1   2005     50    6200.0       5.7       8.1      0.92      2.00      0.00  -9999.00
     1   2005     51    2300.0       4.0      11.8      0.81      2.00      1.50  -9999.00
     1   2005     52    5600.0      -1.5      10.6      0.55      2.00      1.90  -9999.00
     1   2005     53    7200.0       4.4       8.7      0.84      2.00      0.40  -9999.00
     1   2005     54    6500.0       3.8       7.3      0.80      2.00      1.10  -9999.00
     1   2005     55    2900.0       8.6       8.9      1.12      2.00     19.00  -9999.00
     1   2005     56    3400.0       5.6      10.3      0.91      2.00      0.90  -9999.00
     1   2005     57    4000.0       5.5      12.8      0.90      2.00      3.30  -9999.00
     1   2005     58    4800.0       4.3       8.7      0.83      2.00      0.40  -9999.00
     1   2005     59    6700.0       3.9       7.4      0.81      2.00      2.60  -9999.00
     1   2005     60    5200.0       3.2      10.4      0.77      2.00      0.00  -9999.00
     1   2005     61    4600.0       0.1       8.9      0.62      2.00      0.00  -9999.00
     1   2005     62   10400.0       2.2      10.1      0.72      2.00      0.00  -9999.00
     1   2005     63   12400.0       4.2      16.8      0.82      2.00      0.00  -9999.00
     1   2005     64    3700.0       5.2       8.5      0.88      2.00      2.00  -9999.00
     1   2005     65    5700.0       2.4       7.9      0.73      2.00      0.40  -9999.00
     1   2005     66    7900.0       6.9      12.5      0.99      2.00      0.50  -9999.00
     1   2005     67    5000.0       6.5      12.7      0.97      2.00      0.10  -9999.00
     1   2005     68   11900.0       2.6      14.0      0.74      2.00      0.00  -9999.00
     1   2005     69    7300.0       1.3       8.0      0.67      2.00      0.80  -9999.00
     1   2005     70    4600.0      -1.0       8.8      0.57      2.00      1.10  -9999.00
     1   2005     71   10600.0       6.9       7.9      0.99      2.00      0.90  -9999.00
     1   2005     72    5500.0       2.0       7.7      0.71      2.00      0.00  -9999.00
     1   2005     73    5100.0       4.9      11.8      0.87      2.00     13.60  -9999.00
     1   2005     74   10000.0       5.5       8.0      0.90      2.00      0.00  -9999.00
     1   2005     75    9100.0       5.5      10.9      0.90      2.00      0.00  -9999.00
     1   2005     76   14700.0       5.8       7.5      0.92      2.00      0.00  -9999.00
     1   2005     77    8200.0      -0.3      10.3      0.60      2.00      0.00  -9999.00
     1   2005     78    2300.0       1.9      11.8      0.70      2.00      0.10  -9999.00
     1   2005     79   10800.0       1.1      11.8      0.66      2.00      0.00  -9999.00
     1   2005     80    9700.0       5.6       7.6      0.91      2.00      0.00  -9999.00
     1   2005     81   16600.0       9.0       9.2      1.15      2.00      2.20  -9999.00
     1   2005     82    5100.0      -0.8      12.2      0.58      2.00     10.60  -9999.00
     1   2005     83    9300.0       5.5       7.3      0.90      2.00      0.00  -9999.00
     1   2005     84   12400.0       3.0       7.4      0.76      2.00      0.00  -9999.00
     1   2005     85    5500.0      -1.4       9.4      0.55      2.00      0.00  -9999.00
     1   2005     86   12800.0       1.0      13.4      0.66      2.00      0.00  -9999.00
     1   2005     87   10000.0       6.1      11.6      0.94      2.00      4.10  -9999.00
     1   2005     88    7900.0       8.5      10.1      1.11      2.00      0.00  -9999.00
     1   2005     89   12700.0       7.2      10.8      1.02      2.00      0.00  -9999.00
     1   2005     90   16100.0       3.4       7.0      0.78      2.00      0.00  -9999.00
     1   2005     91   17700.0      -0.8       8.9      0.58      2.00      0.00  -9999.00
     1   2005     92   10100.0       7.7      12.1      1.05      2.00      2.80  -9999.00
     1   2005     93    5500.0       3.9       8.3      0.81      2.00      0.50  -9999.00
     1   2005     94   11400.0       6.9       8.9      0.99      2.00     13.60  -9999.00
     1   2005     95   17800.0       5.4      13.1      0.90      2.00      0.90  -9999.00
     1   2005     96    6200.0       5.0      11.0      0.87      2.00      4.90  -9999.00
     1   2005     97   17200.0       2.2      13.7      0.72      2.00      0.00  -9999.00
     1   2005     98   19600.0       8.3       8.9      1.09      2.00      0.00  -9999.00
     1   2005     99    9200.0       5.1      12.7      0.88      2.00      0.00  -9999.00
     1   2005    100   15300.0       4.4      10.4      0.84      2.00      0.00  -9999.00
     1   2005    101   16800.0       6.4      16.2      0.96      2.00      0.00  -9999.00
     1   2005    102   11500.0       7.1      10.6      1.01      2.00      0.00  -9999.00
     1   2005    103   14000.0       4.9      13.3      0.87      2.00      0.00  -9999.00
     1   2005    104   19700.0       6.2      10.5      0.95      2.00      3.70  -9999.00
     1   2005    105   21500.0       2.3      15.2      0.72      2.00      0.00  -9999.00
     1   2005    106   21600.0       0.4       8.0      0.63      2.00      0.00  -9999.00
     1   2005    107   19900.0       3.6      15.9      0.79      2.00      0.00  -9999.00
     1   2005    108   18700.0       2.1      11.2      0.71      2.00      0.00  -9999.00
     1   2005    109   10100.0       4.8      11.6      0.86      2.00      0.00  -9999.00
     1   2005    110   17500.0       4.6      12.9      0.85      2.00      0.00  -9999.00
     1   2005    111   12300.0       9.5      11.7      1.19      2.00      1.10  -9999.00
     1   2005    112   13100.0       3.9      13.8      0.81      2.00      0.40  -9999.00
     1   2005    113   14900.0       6.7      12.6      0.98      2.00      2.00  -9999.00
     1   2005    114    8500.0       9.0      12.7      1.15      2.00      0.40  -9999.00
     1   2005    115    8600.0       9.2      12.2      1.16      2.00      0.10  -9999.00
     1   2005    116   17300.0       7.7      10.7      1.05      2.00      6.40  -9999.00
     1   2005    117   20500.0      11.8      11.9      1.38      2.00      0.00  -9999.00
     1   2005    118    9800.0       8.5      11.9      1.11      2.00      5.10  -9999.00
     1   2005    119   11600.0       6.3      11.2      0.95      2.00      0.00  -9999.00
     1   2005    120    4200.0       6.0      11.2      0.93      2.00      3.30  -9999.00
     1   2005    121   14900.0       5.4      14.0      0.90      2.00      0.00  -9999.00
     1   2005    122   19700.0       4.1      13.5      0.82      2.00      0.00  -9999.00
     1   2005    123   14300.0       5.1      18.2      0.88      2.00      0.00  -9999.00
     1   2005    124   22900.0       5.3      14.4      0.89      2.00      0.00  -9999.00
     1   2005    125   17800.0       4.5      12.6      0.84      2.00      0.00  -9999.00
     1   2005    126   20000.0       7.7      12.1      1.05      2.00      2.30  -9999.00
     1   2005    127   13700.0       7.1      10.9      1.01      2.00      4.30  -9999.00
     1   2005    128   26500.0       8.8      24.8      1.13      2.00      0.00  -9999.00
     1   2005    129    7100.0       2.4      18.6      0.73      2.00      0.00  -9999.00
     1   2005    130   11600.0       6.3      15.8      0.95      2.00      0.00  -9999.00
     1   2005    131   26400.0       9.5      14.5      1.19      2.00      0.00  -9999.00
     1   2005    132   15200.0       7.1      14.7      1.01      2.00      0.00  -9999.00
     1   2005    133   14200.0       9.3      13.2      1.17      2.00      0.00  -9999.00
     1   2005    134   22500.0       2.5      20.2      0.73      2.00      0.00  -9999.00
     1   2005    135   18900.0       7.7      13.0      1.05      2.00      0.10  -9999.00
     1   2005    136   17400.0       9.1      15.0      1.16      2.00      7.30  -9999.00
     1   2005    137   12800.0       7.4      21.0      1.03      2.00      3.70  -9999.00
     1   2005    138   24100.0       7.1      18.0      1.01      2.00      0.00  -9999.00
     1   2005    139   22500.0       8.8      22.3      1.13      2.00      0.00  -9999.00
     1   2005    140   25500.0       3.4      14.7      0.78      2.00      0.10  -9999.00
     1   2005    141   18200.0      10.6      18.8      1.28      2.00      3.90  -9999.00
     1   2005    142   11300.0       8.5      13.1      1.11      2.00      7.80  -9999.00
     1   2005    143   19300.0       9.5      16.5      1.19      2.00      0.30  -9999.00
     1   2005    144   28600.0      10.9      14.2      1.30      2.00      0.00  -9999.00
     1   2005    145   21800.0       7.2      14.5      1.02      2.00      0.00  -9999.00
     1   2005    146   16900.0       6.4      18.7      0.96      2.00     12.40  -9999.00
     1   2005    147   15100.0      12.2      15.2      1.42      2.00     16.60  -9999.00
     1   2005    148   18200.0       9.4      12.8      1.18      2.00      0.10  -9999.00
     1   2005    149   17100.0      10.5      13.5      1.27      2.00      0.10  -9999.00
     1   2005    150   22400.0      10.8      15.0      1.29      2.00      0.00  -9999.00
     1   2005    151   16600.0      10.0      14.9      1.23      2.00      0.60  -9999.00
     1   2005    152   29600.0      12.1      13.0      1.41      2.00      0.00  -9999.00
     1   2005    153   24200.0       5.8      20.9      0.92      2.00      0.00  -9999.00
     1   2005    154   26000.0       3.5      15.3      0.78      2.00      0.00  -9999.00
     1   2005    155   29400.0      13.0      13.6      1.50      2.00      0.00  -9999.00
     1   2005    156   25200.0      11.1      17.3      1.32      2.00      0.00  -9999.00
     1   2005    157   28100.0      11.5      14.6      1.36      2.00      0.00  -9999.00
     1   2005    158   12600.0       6.3      19.0      0.95      2.00      0.00  -9999.00
     1   2005    159   25600.0      12.5      25.2      1.45      2.00      0.00  -9999.00
     1   2005    160   16100.0       8.2      20.5      1.09      2.00      0.10  -9999.00
     1   2005    161   19200.0      11.1      18.2      1.32      2.00      0.00  -9999.00
     1   2005    162   19200.0       8.0      25.7      1.07      2.00      0.00  -9999.00
     1   2005    163   30300.0       7.7      22.9      1.05      2.00      0.00  -9999.00
     1   2005    164   14700.0      10.7      21.1      1.29      2.00      0.00  -9999.00
     1   2005    165   19100.0       5.9      22.4      0.93      2.00      0.00  -9999.00
     1   2005    166   17900.0       4.7      18.4      0.85      2.00      0.00  -9999.00
     1   2005    167   29600.0      13.7      19.0      1.57      2.00      0.00  -9999.00
     1   2005    168   16000.0      15.0      26.0      1.70      2.00      0.00  -9999.00
     1   2005    169   28500.0      10.1      18.5      1.24      2.00      0.00  -9999.00
     1   2005    170   18700.0      11.4      22.9      1.35      2.00      4.80  -9999.00
     1   2005    171   13800.0      11.6      15.8      1.37      2.00      0.10  -9999.00
     1   2005    172    9000.0      13.7      16.0      1.57      2.00      0.10  -9999.00
     1   2005    173    9600.0       7.7      16.2      1.05      2.00      3.40  -9999.00
     1   2005    174    4500.0      11.6      20.7      1.37      2.00     27.90  -9999.00
     1   2005    175    9700.0       7.8      17.4      1.06      2.00      4.90  -9999.00
     1   2005    176   16700.0      12.9      22.0      1.49      2.00      9.10  -9999.00
     1   2005    177   27300.0      12.2      19.1      1.42      2.00      0.00  -9999.00
     1   2005    178   13800.0      12.7      17.5      1.47      2.00      1.30  -9999.00
     1   2005    179   13300.0       7.9      18.2      1.07      2.00      4.10  -9999.00
     1   2005    180   27100.0      11.1      20.1      1.32      2.00      0.00  -9999.00
     1   2005    181   10300.0      10.9      16.0      1.30      2.00      0.20  -9999.00
     1   2005    182   15100.0      11.4      18.3      1.35      2.00      6.10  -9999.00
     1   2005    183   17400.0      13.8      16.6      1.58      2.00      4.10  -9999.00
     1   2005    184   13600.0      10.7      16.5      1.29      2.00     11.50  -9999.00
     1   2005    185   13700.0      13.6      23.2      1.56      2.00      3.50  -9999.00
     1   2005    186   21300.0      11.4      17.7      1.35      2.00      0.00  -9999.00
     1   2005    187   10700.0      15.4      18.7      1.75      2.00      0.00  -9999.00
     1   2005    188   12500.0      11.4      22.6      1.35      2.00      8.20  -9999.00
     1   2005    189    9700.0      13.5      18.5      1.55      2.00     19.70  -9999.00
     1   2005    190   14600.0      13.3      18.5      1.53      2.00      2.00  -9999.00
     1   2005    191   18200.0      10.8      18.1      1.29      2.00     15.80  -9999.00
     1   2005    192   27600.0      12.4      26.3      1.44      2.00      0.00  -9999.00
     1   2005    193   27200.0       7.4      21.3      1.03      2.00      0.00  -9999.00
     1   2005    194   26300.0      16.3      20.5      1.85      2.00      0.00  -9999.00
     1   2005    195   14800.0      13.2      18.5      1.52      2.00      0.00  -9999.00
     1   2005    196   24300.0      17.4      24.2      1.99      2.00      0.00  -9999.00
     1   2005    197   21500.0      11.7      21.1      1.37      2.00      0.00  -9999.00
     1   2005    198   26500.0      14.1      16.9      1.61      2.00      0.00  -9999.00
     1   2005    199   15400.0      16.2      17.9      1.84      2.00      0.00  -9999.00
     1   2005    200   19400.0      14.1      21.2      1.61      2.00      7.00  -9999.00
     1   2005    201   18800.0      15.2      18.1      1.73      2.00     14.00  -9999.00
     1   2005    202   13000.0      15.8      20.5      1.79      2.00      0.20  -9999.00
     1   2005    203   13700.0       8.5      17.3      1.11      2.00      4.10  -9999.00
     1   2005    204    9900.0      10.8      21.3      1.29      2.00      0.80  -9999.00
     1   2005    205   20100.0      14.0      19.4      1.60      2.00     10.80  -9999.00
     1   2005    206   14400.0      14.7      19.1      1.67      2.00     18.10  -9999.00
     1   2005    207   18700.0      13.9      18.2      1.59      2.00     11.00  -9999.00
     1   2005    208   17400.0      13.1      20.6      1.51      2.00      0.30  -9999.00
     1   2005    209   22100.0      13.2      28.6      1.52      2.00      0.00  -9999.00
     1   2005    210    7800.0      13.0      22.8      1.50      2.00     10.40  -9999.00
     1   2005    211   27300.0      11.7      18.0      1.37      2.00      0.00  -9999.00
     1   2005    212   16000.0      14.4      18.3      1.64      2.00      0.00  -9999.00
     1   2005    213   24600.0      12.0      20.9      1.40      2.00      0.00  -9999.00
     1   2005    214   15800.0      18.0      25.0      2.06      2.00      0.00  -9999.00
     1   2005    215   14100.0      11.1      22.4      1.32      2.00      0.00  -9999.00
     1   2005    216   22200.0      13.6      23.7      1.56      2.00      0.00  -9999.00
     1   2005    217   23400.0      10.4      18.6      1.26      2.00      0.00  -9999.00
     1   2005    218   21300.0      11.1      19.3      1.32      2.00      0.00  -9999.00
     1   2005    219   12800.0      16.6      24.0      1.89      2.00      0.00  -9999.00
     1   2005    220   18600.0      15.8      21.2      1.79      2.00      0.00  -9999.00
     1   2005    221   17000.0      16.6      22.0      1.89      2.00      0.00  -9999.00
     1   2005    222   22000.0      10.6      25.9      1.28      2.00      0.00  -9999.00
     1   2005    223   25300.0      12.8      19.1      1.48      2.00      0.00  -9999.00
     1   2005    224   21600.0      12.0      20.1      1.40      2.00      0.00  -9999.00
     1   2005    225   12200.0      14.7      19.5      1.67      2.00      0.00  -9999.00
     1   2005    226   17100.0      13.9      20.7      1.59      2.00      0.00  -9999.00
     1   2005    227   13200.0      14.6      17.8      1.66      2.00      0.00  -9999.00
     1   2005    228   23400.0      17.0      21.8      1.94      2.00      0.00  -9999.00
     1   2005    229    7700.0      12.3      16.2      1.43      2.00      0.30  -9999.00
     1   2005    230   16500.0      10.3      22.6      1.25      2.00      0.00  -9999.00
     1   2005    231   20500.0      14.8      24.5      1.68      2.00      0.00  -9999.00
     1   2005    232   18200.0      15.1      17.1      1.72      2.00      0.00  -9999.00
     1   2005    233   13000.0      13.2      17.8      1.52      2.00      0.00  -9999.00
     1   2005    234   15000.0      10.0      28.4      1.23      2.00      0.00  -9999.00
     1   2005    235   20400.0      15.2      15.9      1.73      2.00      5.20  -9999.00
     1   2005    236   10800.0      12.9      19.3      1.49      2.00      4.90  -9999.00
     1   2005    237   12100.0      15.1      19.5      1.72      2.00      0.00  -9999.00
     1   2005    238   11000.0      17.2      19.4      1.96      2.00      0.00  -9999.00
     1   2005    239   15300.0      12.3      20.6      1.43      2.00      0.00  -9999.00
     1   2005    240   17500.0      12.1      27.5      1.41      2.00      0.00  -9999.00
     1   2005    241   21600.0      10.8      16.6      1.29      2.00      0.00  -9999.00
     1   2005    242   18200.0      12.6      20.2      1.46      2.00      0.00  -9999.00
     1   2005    243   21100.0       9.2      19.9      1.16      2.00      0.00  -9999.00
     1   2005    244   18500.0      11.7      17.4      1.37      2.00      0.00  -9999.00
     1   2005    245    9700.0      11.9      21.5      1.39      2.00      0.00  -9999.00
     1   2005    246    7600.0       6.5      17.0      0.97      2.00      0.00  -9999.00
     1   2005    247   12200.0       6.1      21.0      0.94      2.00      0.00  -9999.00
     1   2005    248   17800.0      11.6      19.0      1.37      2.00      0.00  -9999.00
     1   2005    249    5700.0      13.7      19.7      1.57      2.00      0.10  -9999.00
     1   2005    250   11000.0       9.9      19.3      1.22      2.00      0.80  -9999.00
     1   2005    251   14000.0      10.4      22.1      1.26      2.00      0.00  -9999.00
     1   2005    252    8000.0      10.5      17.7      1.27      2.00      0.10  -9999.00
     1   2005    253    6900.0      15.2      17.0      1.73      2.00      0.20  -9999.00
     1   2005    254   11800.0      11.4      18.3      1.35      2.00      0.10  -9999.00
     1   2005    255    9700.0      11.8      17.8      1.38      2.00      0.10  -9999.00
     1   2005    256   13400.0      13.0      15.7      1.50      2.00     19.70  -9999.00
     1   2005    257   15500.0       9.3      16.7      1.17      2.00      0.00  -9999.00
     1   2005    258   10900.0      10.9      19.1      1.30      2.00      0.10  -9999.00
     1   2005    259   10900.0      11.6      14.5      1.37      2.00      6.60  -9999.00
     1   2005    260    5600.0       8.6      20.4      1.12      2.00      0.70  -9999.00
     1   2005    261    6000.0      15.1      20.3      1.72      2.00      6.10  -9999.00
     1   2005    262   11300.0      14.1      16.3      1.61      2.00     18.10  -9999.00
     1   2005    263    8200.0      11.2      19.8      1.33      2.00      0.00  -9999.00
     1   2005    264   16200.0      12.0      18.6      1.40      2.00      9.30  -9999.00
     1   2005    265   10500.0      10.3      13.4      1.25      2.00     15.00  -9999.00
     1   2005    266    6700.0      13.3      17.3      1.53      2.00      0.10  -9999.00
     1   2005    267    4700.0       7.1      16.6      1.01      2.00      0.00  -9999.00
     1   2005    268    9000.0      10.6      19.7      1.28      2.00      0.00  -9999.00
     1   2005    269    9800.0      10.8      16.6      1.29      2.00      0.00  -9999.00
     1   2005    270    8500.0       9.1      19.6      1.16      2.00      0.00  -9999.00
     1   2005    271    6200.0      10.9      17.6      1.30      2.00      0.10  -9999.00
     1   2005    272    7900.0       9.5      15.9      1.19      2.00      0.00  -9999.00
     1   2005    273    8800.0      10.5      12.2      1.27      2.00      9.30  -9999.00
     1   2005    274    2100.0      10.7      13.2      1.29      2.00      1.30  -9999.00
     1   2005    275   13800.0       6.9      14.1      0.99      2.00      0.00  -9999.00
     1   2005    276    9200.0      10.8      14.0      1.29      2.00      0.00  -9999.00
     1   2005    277    5300.0       7.6      17.6      1.04      2.00      0.00  -9999.00
     1   2005    278   11800.0       6.7      17.0      0.98      2.00      0.00  -9999.00
     1   2005    279    6500.0      11.2      15.4      1.33      2.00     14.90  -9999.00
     1   2005    280   10000.0      11.5      16.1      1.36      2.00      0.70  -9999.00
     1   2005    281    3000.0      13.4      15.7      1.54      2.00      0.10  -9999.00
     1   2005    282    4300.0      10.6      12.6      1.28      2.00      1.70  -9999.00
     1   2005    283    3700.0      12.5      14.5      1.45      2.00     12.80  -9999.00
     1   2005    284    7700.0       8.7      14.9      1.12      2.00      0.00  -9999.00
     1   2005    285    7100.0       8.3      16.1      1.09      2.00      0.00  -9999.00
     1   2005    286    5900.0       8.1      12.9      1.08      2.00      9.60  -9999.00
     1   2005    287    2600.0      11.9      14.7      1.39      2.00      1.60  -9999.00
     1   2005    288    7300.0      13.6      16.2      1.56      2.00     10.80  -9999.00
     1   2005    289    3400.0       7.4      15.9      1.03      2.00      4.60  -9999.00
     1   2005    290    2900.0       5.0      15.6      0.87      2.00      5.60  -9999.00
     1   2005    291    7200.0      10.7      16.1      1.29      2.00      6.40  -9999.00
     1   2005    292    3500.0      10.0      14.4      1.23      2.00     13.50  -9999.00
     1   2005    293    1500.0       5.4      11.7      0.90      2.00      0.10  -9999.00
     1   2005    294    4300.0      13.0      15.0      1.50      2.00      2.70  -9999.00
     1   2005    295    7800.0       1.3      13.3      0.67      2.00      0.00  -9999.00
     1   2005    296    6800.0      12.5      14.5      1.45      2.00      0.00  -9999.00
     1   2005    297    7800.0       7.5      11.1      1.04      2.00      0.00  -9999.00
     1   2005    298    7900.0       8.6      11.0      1.12      2.00      0.00  -9999.00
     1   2005    299    7300.0       8.8      12.6      1.13      2.00      0.00  -9999.00
     1   2005    300    6600.0       7.5      10.5      1.04      2.00      0.00  -9999.00
     1   2005    301    5200.0       5.6       9.8      0.91      2.00      0.00  -9999.00
     1   2005    302    5300.0       3.6      14.3      0.79      2.00      0.00  -9999.00
     1   2005    303    3300.0       6.3       6.6      0.95      2.00      0.00  -9999.00
     1   2005    304    4500.0       4.2      11.7      0.82      2.00      1.50  -9999.00
     1   2005    305    2900.0      12.0      14.0      1.40      2.00      7.80  -9999.00
     1   2005    306    5300.0      10.9      12.4      1.30      2.00      0.20  -9999.00
     1   2005    307    2800.0       3.7      10.5      0.80      2.00      2.90  -9999.00
     1   2005    308    2700.0       0.4      12.2      0.63      2.00      6.80  -9999.00
     1   2005    309    2000.0       6.6      12.9      0.97      2.00      0.00  -9999.00
     1   2005    310    5600.0       5.2      15.8      0.88      2.00      0.20  -9999.00
     1   2005    311    6300.0      11.4      13.4      1.35      2.00     12.10  -9999.00
     1   2005    312    2900.0       5.7       8.1      0.92      2.00      0.00  -9999.00
     1   2005    313    3300.0       1.9      12.2      0.70      2.00      0.00  -9999.00
     1   2005    314    2200.0       9.7      13.6      1.20      2.00      3.60  -9999.00
     1   2005    315    4800.0       1.3      13.6      0.67      2.00      0.40  -9999.00
     1   2005    316    6000.0       7.3       8.3      1.02      2.00      0.80  -9999.00
     1   2005    317    5500.0       7.2      13.6      1.02      2.00      2.40  -9999.00
     1   2005    318    4100.0       2.2       9.9      0.72      2.00     10.40  -9999.00
     1   2005    319    2300.0       2.7       9.5      0.74      2.00      0.00  -9999.00
     1   2005    320    5200.0      -3.5       7.5      0.47      2.00      0.00  -9999.00
     1   2005    321    3900.0       1.0       6.5      0.66      2.00      0.00  -9999.00
     1   2005    322    4600.0       6.1       8.1      0.94      2.00      0.00  -9999.00
     1   2005    323    4700.0      -0.1       6.8      0.61      2.00      0.30  -9999.00
     1   2005    324    2000.0       6.2      12.0      0.95      2.00      2.70  -9999.00
     1   2005    325    2000.0       7.1       9.1      1.01      2.00      0.00  -9999.00
     1   2005    326    3000.0       6.3      11.7      0.95      2.00      0.00  -9999.00
     1   2005    327    3100.0       9.0      11.2      1.15      2.00     14.90  -9999.00
     1   2005    328    4400.0       8.7      10.7      1.12      2.00      0.60  -9999.00
     1   2005    329    4800.0      -2.0       9.9      0.53      2.00      3.70  -9999.00
     1   2005    330    2100.0      -0.3       9.4      0.60      2.00      0.00  -9999.00
     1   2005    331    4300.0       6.7      11.1      0.98      2.00     16.10  -9999.00
     1   2005    332    5200.0       0.4       2.4      0.63      2.00      2.10  -9999.00
     1   2005    333    2600.0      -1.3      12.5      0.56      2.00      0.20  -9999.00
     1   2005    334    3500.0      10.1      12.2      1.24      2.00      0.90  -9999.00
     1   2005    335    1800.0       6.6       8.6      0.97      2.00     13.00  -9999.00
     1   2005    336     900.0       6.8       9.9      0.99      2.00      8.50  -9999.00
     1   2005    337    1200.0       9.4      11.4      1.18      2.00     31.80  -9999.00
     1   2005    338    2700.0       5.1      12.1      0.88      2.00      0.60  -9999.00
     1   2005    339    2300.0       3.0       9.1      0.76      2.00      7.90  -9999.00
     1   2005    340    3700.0       2.2      10.0      0.72      2.00      0.00  -9999.00
     1   2005    341    2400.0       7.5      10.4      1.04      2.00      0.80  -9999.00
     1   2005    342    1500.0       5.8       7.8      0.92      2.00      0.60  -9999.00
     1   2005    343     700.0       4.3       8.1      0.83      2.00      0.40  -9999.00
     1   2005    344    2400.0       5.8       7.8      0.92      2.00     10.50  -9999.00
     1   2005    345    1100.0       2.1       8.2      0.71      2.00      8.00  -9999.00
     1   2005    346    1700.0       1.8       8.5      0.70      2.00      1.00  -9999.00
     1   2005    347    2800.0       6.0      11.7      0.93      2.00      2.60  -9999.00
     1   2005    348     700.0       0.7       3.8      0.64      2.00      0.00  -9999.00
     1   2005    349    4000.0       8.5       9.5      1.11      2.00      0.10  -9999.00
     1   2005    350    3000.0       1.2       3.2      0.67      2.00      0.00  -9999.00
     1   2005    351    1100.0       1.0       7.2      0.66      2.00     28.60  -9999.00
     1   2005    352    2900.0       4.3      10.4      0.83      2.00      9.10  -9999.00
     1   2005    353    2200.0       4.9       6.9      0.87      2.00      0.10  -9999.00
     1   2005    354    1100.0       8.8      11.0      1.13      2.00      3.50  -9999.00
     1   2005    355     700.0       0.3      13.5      0.62      2.00      7.30  -9999.00
     1   2005    356    1300.0      -3.5       9.9      0.47      2.00     11.40  -9999.00
     1   2005    357    2600.0       7.3       9.3      1.02      2.00      0.50  -9999.00
     1   2005    358    3400.0       9.1      11.7      1.16      2.00      2.20  -9999.00
     1   2005    359    1500.0       7.0       9.9      1.00      2.00     11.10  -9999.00
     1   2005    360    4500.0       0.3       6.8      0.62      2.00      3.90  -9999.00
     1   2005    361    2100.0       7.3      11.5      1.02      2.00      0.20  -9999.00
     1   2005    362    2200.0       1.5       6.3      0.68      2.00      2.40  -9999.00
     1   2005    363    2600.0       6.9       9.5      0.99      2.00      7.40  -9999.00
     1   2005    364    1600.0       7.2       9.9      1.02      2.00      0.10  -9999.00
     1   2005    365    1300.0       1.8       9.3      0.70      2.00      5.70  -9999.00
