*-----------------------------------------------------------------------------* 
           CNWG_228.met           51.48   -3.55   69.72
* Date created:  08-Aug-2019     Author: K Coleman 
* 
* NIL VALUE       -9999 
* Source:   data provided by M. Semenov 
*  
* Latitude:    51.48 Longitude:    -3.55 Altitude:    69.72
* 
* Column  Daily value 
* 1       station number 
* 2       year 
* 3       day 
* 4       irradiation                   (kJ m-2 d-1) 
* 5       minimum temperature           (degrees Celsius) 
* 6       maximum temperature           (degrees Celsius) 
* 7       early morning vapour pressure (kPa)             
* 8       mean wind speed (height: 2 m?) (m s-1)          
* 9       precipitation                 (mm d-1)          
* 10      sunshine                      (hrs)             
 		Jday	RAD	    TMIN	TMAX	 VAP	wind	RAIN	SUN  
               kj/m2	°C	    °C	     kPa	m/s	    mm	    hrs 
   51.48  69.72
     1   2005      1    1900.0       0.6       9.6      0.64      2.00      7.90  -9999.00
     1   2005      2    1300.0       4.1       6.4      0.82      2.00      1.90  -9999.00
     1   2005      3    2500.0       9.5      12.0      1.19      2.00      6.30  -9999.00
     1   2005      4    3800.0       4.2      10.4      0.82      2.00      0.20  -9999.00
     1   2005      5    3200.0       4.2       8.8      0.82      2.00     13.00  -9999.00
     1   2005      6    2700.0       5.0      10.5      0.87      2.00     22.20  -9999.00
     1   2005      7    1700.0       7.1       9.1      1.01      2.00      8.10  -9999.00
     1   2005      8    1800.0       3.4      10.5      0.78      2.00      9.70  -9999.00
     1   2005      9    1700.0       3.1       5.1      0.76      2.00      0.30  -9999.00
     1   2005     10    5100.0       5.8       6.1      0.92      2.00      0.10  -9999.00
     1   2005     11    1700.0       9.1      11.0      1.16      2.00      3.40  -9999.00
     1   2005     12    2000.0       5.9       7.9      0.93      2.00      0.00  -9999.00
     1   2005     13    3600.0      -0.8       2.5      0.58      2.00      0.00  -9999.00
     1   2005     14    3100.0      -0.7       5.5      0.58      2.00     11.30  -9999.00
     1   2005     15    1900.0       4.2       6.2      0.82      2.00      0.60  -9999.00
     1   2005     16    2800.0       2.0       8.9      0.71      2.00      6.70  -9999.00
     1   2005     17    1900.0       6.0      10.7      0.93      2.00      6.00  -9999.00
     1   2005     18    1700.0       8.2       9.9      1.09      2.00      3.70  -9999.00
     1   2005     19    4100.0      -0.3       9.7      0.60      2.00      0.50  -9999.00
     1   2005     20    2100.0       6.8       8.4      0.99      2.00      4.30  -9999.00
     1   2005     21    3500.0       7.5       8.2      1.04      2.00      0.50  -9999.00
     1   2005     22    1400.0       0.0       2.0      0.61      2.00     12.90  -9999.00
     1   2005     23    3300.0       6.1      10.1      0.94      2.00      1.90  -9999.00
     1   2005     24    6300.0      10.7      10.7      1.29      2.00      0.20  -9999.00
     1   2005     25    2700.0      -4.5       8.3      0.44      2.00      0.00  -9999.00
     1   2005     26    2900.0      -1.1       0.9      0.56      2.00      0.40  -9999.00
     1   2005     27    1900.0       7.4       8.4      1.03      2.00      8.70  -9999.00
     1   2005     28    3100.0       0.6       2.6      0.64      2.00      0.00  -9999.00
     1   2005     29    1900.0       3.9       7.7      0.81      2.00      0.00  -9999.00
     1   2005     30    5900.0       0.6       1.8      0.64      2.00      0.00  -9999.00
     1   2005     31    3900.0       6.4      12.5      0.96      2.00      0.80  -9999.00
     1   2005     32    2500.0       5.7       6.9      0.92      2.00      7.90  -9999.00
     1   2005     33    2000.0      -1.8      10.5      0.54      2.00      0.00  -9999.00
     1   2005     34    1800.0       3.7       5.7      0.80      2.00      0.00  -9999.00
     1   2005     35    1100.0      -0.9       7.5      0.57      2.00     13.10  -9999.00
     1   2005     36    4700.0       7.5      10.5      1.04      2.00      5.40  -9999.00
     1   2005     37    2900.0       2.7       8.8      0.74      2.00      2.50  -9999.00
     1   2005     38    2600.0       2.3       4.3      0.72      2.00      3.40  -9999.00
     1   2005     39    3100.0      -1.3       5.4      0.56      2.00      0.90  -9999.00
     1   2005     40    5400.0      -0.9       5.1      0.57      2.00      0.00  -9999.00
     1   2005     41    7200.0      -5.2       6.6      0.41      2.00      0.00  -9999.00
     1   2005     42    3000.0       7.8       8.5      1.06      2.00      1.90  -9999.00
     1   2005     43    2600.0       7.0       8.6      1.00      2.00      0.70  -9999.00
     1   2005     44    4200.0       2.8       7.9      0.75      2.00      0.20  -9999.00
     1   2005     45    5200.0       5.2      11.3      0.88      2.00      1.60  -9999.00
     1   2005     46    2900.0       3.3       5.8      0.77      2.00     10.10  -9999.00
     1   2005     47    2200.0       0.4       6.3      0.63      2.00      0.00  -9999.00
     1   2005     48    4300.0       6.8       8.7      0.99      2.00      0.00  -9999.00
     1   2005     49    6900.0       4.2       6.7      0.82      2.00      0.00  -9999.00
     1   2005     50    6200.0      -6.5       7.7      0.38      2.00      0.00  -9999.00
     1   2005     51    5000.0       5.0       7.0      0.87      2.00      2.70  -9999.00
     1   2005     52    7300.0       5.6       7.5      0.91      2.00      0.70  -9999.00
     1   2005     53    4800.0       8.2      10.7      1.09      2.00      0.80  -9999.00
     1   2005     54    3900.0       6.0       9.8      0.93      2.00      0.60  -9999.00
     1   2005     55    4300.0       3.2      10.0      0.77      2.00      6.70  -9999.00
     1   2005     56    5500.0       5.8      12.1      0.92      2.00      2.50  -9999.00
     1   2005     57    6600.0       1.5       9.0      0.68      2.00      0.40  -9999.00
     1   2005     58    5300.0       5.2       7.8      0.88      2.00      0.50  -9999.00
     1   2005     59    4900.0       7.3      10.7      1.02      2.00      6.20  -9999.00
     1   2005     60    5900.0       1.6      10.4      0.69      2.00      0.30  -9999.00
     1   2005     61    6800.0       5.6       9.3      0.91      2.00     15.10  -9999.00
     1   2005     62    4400.0       6.6      11.8      0.97      2.00      0.30  -9999.00
     1   2005     63    3300.0       6.2      12.4      0.95      2.00      4.20  -9999.00
     1   2005     64    6000.0       8.3       9.6      1.09      2.00      0.10  -9999.00
     1   2005     65    4600.0       4.8       8.4      0.86      2.00      0.90  -9999.00
     1   2005     66    4200.0       4.2      10.6      0.82      2.00      7.20  -9999.00
     1   2005     67    8100.0       6.7       9.7      0.98      2.00      0.70  -9999.00
     1   2005     68    2600.0       5.9       8.9      0.93      2.00      0.10  -9999.00
     1   2005     69    9900.0       0.6       8.7      0.64      2.00      0.00  -9999.00
     1   2005     70    9600.0      -0.6      11.6      0.58      2.00      3.40  -9999.00
     1   2005     71    4700.0       6.9      11.4      0.99      2.00      0.00  -9999.00
     1   2005     72    6100.0       6.4      11.5      0.96      2.00      3.90  -9999.00
     1   2005     73    4900.0       6.8      11.0      0.99      2.00      0.30  -9999.00
     1   2005     74   10700.0       5.6      11.7      0.91      2.00      5.10  -9999.00
     1   2005     75    5200.0       3.9       9.3      0.81      2.00     18.30  -9999.00
     1   2005     76    9300.0      -1.3      10.2      0.56      2.00      0.10  -9999.00
     1   2005     77    4700.0       5.7       7.8      0.92      2.00      3.40  -9999.00
     1   2005     78    8500.0       2.2       8.4      0.72      2.00     16.20  -9999.00
     1   2005     79    9000.0       2.0      11.8      0.71      2.00      1.90  -9999.00
     1   2005     80    4400.0       1.6       4.8      0.69      2.00      0.10  -9999.00
     1   2005     81    5800.0       2.0       7.9      0.71      2.00      6.60  -9999.00
     1   2005     82    7300.0       2.2       8.1      0.72      2.00      2.80  -9999.00
     1   2005     83    9700.0       5.8       7.8      0.92      2.00      9.00  -9999.00
     1   2005     84   11200.0       3.5      14.0      0.78      2.00      0.00  -9999.00
     1   2005     85    9400.0       7.3      11.5      1.02      2.00      7.40  -9999.00
     1   2005     86   10100.0       2.8      11.0      0.75      2.00      0.60  -9999.00
     1   2005     87    5000.0       2.9       8.7      0.75      2.00      2.90  -9999.00
     1   2005     88    9900.0       2.0       9.4      0.71      2.00      1.20  -9999.00
     1   2005     89   14900.0       3.8      11.0      0.80      2.00      4.20  -9999.00
     1   2005     90    3300.0       8.1       9.2      1.08      2.00      4.10  -9999.00
     1   2005     91   13000.0       5.3      11.7      0.89      2.00      0.00  -9999.00
     1   2005     92   12800.0       5.0       8.9      0.87      2.00      0.30  -9999.00
     1   2005     93    6800.0       5.2       7.5      0.88      2.00      7.10  -9999.00
     1   2005     94   12900.0       9.1      11.4      1.16      2.00      9.40  -9999.00
     1   2005     95    7300.0       2.5       9.4      0.73      2.00      1.10  -9999.00
     1   2005     96   19900.0       5.4       6.0      0.90      2.00      1.60  -9999.00
     1   2005     97    6400.0       5.9       9.7      0.93      2.00      0.60  -9999.00
     1   2005     98    4200.0       7.6      10.5      1.04      2.00      0.00  -9999.00
     1   2005     99    7400.0       3.6       6.7      0.79      2.00      0.00  -9999.00
     1   2005    100   18100.0       4.3      13.6      0.83      2.00      0.00  -9999.00
     1   2005    101   21200.0       2.7      15.0      0.74      2.00      0.00  -9999.00
     1   2005    102   13400.0       1.0      17.4      0.66      2.00      0.00  -9999.00
     1   2005    103   19700.0       1.7       9.6      0.69      2.00      0.00  -9999.00
     1   2005    104   16300.0       6.4      10.2      0.96      2.00      2.10  -9999.00
     1   2005    105   12500.0       3.2       9.3      0.77      2.00      2.10  -9999.00
     1   2005    106   16300.0       6.4      14.7      0.96      2.00      0.00  -9999.00
     1   2005    107   17000.0       1.8      21.6      0.70      2.00      0.00  -9999.00
     1   2005    108   16500.0       0.2      12.7      0.62      2.00      0.00  -9999.00
     1   2005    109   16400.0       0.8       8.2      0.65      2.00      0.00  -9999.00
     1   2005    110   21200.0      -1.0       8.3      0.57      2.00      0.00  -9999.00
     1   2005    111   12900.0       3.0      12.8      0.76      2.00      0.40  -9999.00
     1   2005    112   18300.0       4.5       9.3      0.84      2.00      0.20  -9999.00
     1   2005    113   15400.0       2.8      11.9      0.75      2.00      0.00  -9999.00
     1   2005    114   20200.0       3.2      13.0      0.77      2.00      0.00  -9999.00
     1   2005    115   15300.0       4.5      11.4      0.84      2.00      0.00  -9999.00
     1   2005    116    7600.0       1.3      12.7      0.67      2.00      1.40  -9999.00
     1   2005    117   14500.0       7.5      14.9      1.04      2.00      3.60  -9999.00
     1   2005    118   16700.0       6.3      12.1      0.95      2.00      3.20  -9999.00
     1   2005    119   13900.0       8.6      11.1      1.12      2.00      7.70  -9999.00
     1   2005    120   18700.0       7.5      10.9      1.04      2.00      0.40  -9999.00
     1   2005    121    7900.0       8.0      10.8      1.07      2.00      3.50  -9999.00
     1   2005    122   11300.0       9.7      12.6      1.20      2.00      4.00  -9999.00
     1   2005    123   11300.0       8.0      13.2      1.07      2.00      0.00  -9999.00
     1   2005    124   17500.0       2.7      19.3      0.74      2.00      0.00  -9999.00
     1   2005    125   14600.0       8.7      18.9      1.12      2.00      0.00  -9999.00
     1   2005    126   12600.0       5.2      11.7      0.88      2.00      0.00  -9999.00
     1   2005    127    8700.0      11.3      11.9      1.34      2.00      0.10  -9999.00
     1   2005    128   14400.0       5.2      10.2      0.88      2.00      0.10  -9999.00
     1   2005    129   18400.0       4.1      10.5      0.82      2.00      0.00  -9999.00
     1   2005    130   23300.0      12.3      14.7      1.43      2.00      0.00  -9999.00
     1   2005    131   26600.0       3.2      14.7      0.77      2.00      0.00  -9999.00
     1   2005    132   14400.0       7.8      14.9      1.06      2.00      0.00  -9999.00
     1   2005    133   13700.0      10.8      14.3      1.29      2.00      0.00  -9999.00
     1   2005    134   12900.0       7.9      14.9      1.07      2.00      0.10  -9999.00
     1   2005    135   15500.0       5.5      14.2      0.90      2.00      0.40  -9999.00
     1   2005    136   11600.0      10.6      12.2      1.28      2.00      0.10  -9999.00
     1   2005    137    8700.0       8.8      21.4      1.13      2.00      0.00  -9999.00
     1   2005    138   16700.0       8.8      14.4      1.13      2.00      0.10  -9999.00
     1   2005    139   14700.0       9.6      18.8      1.20      2.00      0.00  -9999.00
     1   2005    140    9200.0      11.4      13.7      1.35      2.00      0.00  -9999.00
     1   2005    141   23200.0       6.9      23.0      0.99      2.00      0.00  -9999.00
     1   2005    142   12100.0      14.2      18.6      1.62      2.00      0.00  -9999.00
     1   2005    143   19600.0      10.0      24.5      1.23      2.00      0.00  -9999.00
     1   2005    144   24900.0       7.9      25.1      1.07      2.00      0.00  -9999.00
     1   2005    145    9100.0      11.6      16.1      1.37      2.00      0.00  -9999.00
     1   2005    146   23800.0       5.1      13.1      0.88      2.00      0.00  -9999.00
     1   2005    147    8400.0      11.4      14.2      1.35      2.00      7.20  -9999.00
     1   2005    148   12600.0       8.5      14.7      1.11      2.00      7.20  -9999.00
     1   2005    149   13100.0      10.4      19.8      1.26      2.00      0.90  -9999.00
     1   2005    150   17800.0       8.3      15.0      1.09      2.00      0.00  -9999.00
     1   2005    151   14000.0       5.1      14.0      0.88      2.00      0.00  -9999.00
     1   2005    152   17200.0      11.7      13.7      1.37      2.00      3.30  -9999.00
     1   2005    153   11800.0       7.9      15.7      1.07      2.00      0.00  -9999.00
     1   2005    154   15400.0      14.8      16.8      1.68      2.00      0.00  -9999.00
     1   2005    155   27200.0      11.1      20.9      1.32      2.00      0.00  -9999.00
     1   2005    156    9300.0      10.1      14.1      1.24      2.00     15.00  -9999.00
     1   2005    157   13100.0      10.1      12.9      1.24      2.00      0.70  -9999.00
     1   2005    158   15700.0       4.5      14.9      0.84      2.00      0.20  -9999.00
     1   2005    159   11800.0       6.3      14.5      0.95      2.00      0.20  -9999.00
     1   2005    160   17600.0       8.5      17.4      1.11      2.00      0.10  -9999.00
     1   2005    161   18000.0      11.1      17.2      1.32      2.00      2.30  -9999.00
     1   2005    162   10900.0      11.9      17.0      1.39      2.00      1.60  -9999.00
     1   2005    163   16400.0       8.0      12.8      1.07      2.00      0.40  -9999.00
     1   2005    164   15400.0       8.3      16.1      1.09      2.00      0.10  -9999.00
     1   2005    165   17700.0      10.8      19.0      1.29      2.00      0.50  -9999.00
     1   2005    166   18800.0       9.4      17.6      1.18      2.00      0.00  -9999.00
     1   2005    167   28400.0      12.0      19.5      1.40      2.00      0.00  -9999.00
     1   2005    168   12200.0       8.2      17.3      1.09      2.00      5.50  -9999.00
     1   2005    169   23200.0      13.5      15.5      1.55      2.00      1.60  -9999.00
     1   2005    170   14300.0       3.4      18.4      0.78      2.00      1.10  -9999.00
     1   2005    171   12200.0      13.5      15.5      1.55      2.00      7.70  -9999.00
     1   2005    172    9500.0       5.3      18.6      0.89      2.00      2.90  -9999.00
     1   2005    173   18100.0       9.7      16.0      1.20      2.00     24.90  -9999.00
     1   2005    174    9300.0      10.9      15.8      1.30      2.00      0.00  -9999.00
     1   2005    175   19000.0       9.4      21.8      1.18      2.00      0.00  -9999.00
     1   2005    176   30300.0      14.4      21.3      1.64      2.00      0.00  -9999.00
     1   2005    177   18700.0      12.4      23.6      1.44      2.00      0.00  -9999.00
     1   2005    178   26700.0      11.6      19.6      1.37      2.00      0.00  -9999.00
     1   2005    179   17800.0      12.8      17.5      1.48      2.00     14.60  -9999.00
     1   2005    180   20900.0      10.3      18.1      1.25      2.00     12.90  -9999.00
     1   2005    181   16500.0      13.4      18.0      1.54      2.00      3.40  -9999.00
     1   2005    182   28300.0      13.8      20.9      1.58      2.00      0.00  -9999.00
     1   2005    183   20800.0      13.9      16.6      1.59      2.00     12.10  -9999.00
     1   2005    184   26500.0      13.5      17.2      1.55      2.00      0.00  -9999.00
     1   2005    185   12800.0      12.3      18.5      1.43      2.00      0.00  -9999.00
     1   2005    186   20700.0      13.3      16.9      1.53      2.00      1.40  -9999.00
     1   2005    187   22200.0      10.0      25.2      1.23      2.00      0.00  -9999.00
     1   2005    188    9300.0       7.5      17.1      1.04      2.00     19.60  -9999.00
     1   2005    189   11000.0       8.3      19.8      1.09      2.00      0.80  -9999.00
     1   2005    190   14700.0      12.7      16.7      1.47      2.00      0.50  -9999.00
     1   2005    191   10500.0      13.1      23.1      1.51      2.00      4.70  -9999.00
     1   2005    192   16100.0      13.3      19.3      1.53      2.00      0.10  -9999.00
     1   2005    193   10200.0      14.5      18.9      1.65      2.00      0.40  -9999.00
     1   2005    194   16300.0      14.1      16.9      1.61      2.00      8.60  -9999.00
     1   2005    195   24400.0      11.0      22.6      1.31      2.00      0.00  -9999.00
     1   2005    196   26600.0      18.1      23.3      2.08      2.00      0.00  -9999.00
     1   2005    197   25800.0      17.7      18.3      2.02      2.00      0.00  -9999.00
     1   2005    198   18800.0      10.4      26.8      1.26      2.00      0.00  -9999.00
     1   2005    199   23600.0      12.4      18.3      1.44      2.00      0.00  -9999.00
     1   2005    200   17200.0       7.3      19.7      1.02      2.00      0.70  -9999.00
     1   2005    201   10300.0      11.3      17.7      1.34      2.00      4.10  -9999.00
     1   2005    202   13700.0       8.9      22.2      1.14      2.00      1.60  -9999.00
     1   2005    203   18100.0      12.6      17.8      1.46      2.00     15.50  -9999.00
     1   2005    204   24000.0      14.0      18.2      1.60      2.00      0.00  -9999.00
     1   2005    205   27400.0       8.5      21.3      1.11      2.00      0.00  -9999.00
     1   2005    206   13800.0      11.6      20.5      1.37      2.00      0.00  -9999.00
     1   2005    207   18900.0      11.3      23.6      1.34      2.00      0.00  -9999.00
     1   2005    208   27800.0      14.1      16.5      1.61      2.00      0.00  -9999.00
     1   2005    209   23600.0      14.7      21.2      1.67      2.00      0.00  -9999.00
     1   2005    210   11900.0      13.9      24.3      1.59      2.00      1.20  -9999.00
     1   2005    211   13700.0      15.9      18.0      1.81      2.00      0.00  -9999.00
     1   2005    212   20400.0      10.4      25.2      1.26      2.00      0.00  -9999.00
     1   2005    213   12300.0      15.3      21.0      1.74      2.00      5.20  -9999.00
     1   2005    214   16100.0      12.4      20.5      1.44      2.00      0.80  -9999.00
     1   2005    215   10600.0       9.2      28.5      1.16      2.00      0.00  -9999.00
     1   2005    216   12500.0      15.0      16.3      1.70      2.00      5.40  -9999.00
     1   2005    217   13800.0      16.4      24.6      1.86      2.00      2.90  -9999.00
     1   2005    218   21300.0      14.3      20.7      1.63      2.00      0.10  -9999.00
     1   2005    219   11900.0      16.3      21.0      1.85      2.00     17.90  -9999.00
     1   2005    220   12400.0      14.5      18.0      1.65      2.00      2.30  -9999.00
     1   2005    221   16800.0      11.0      19.2      1.31      2.00      1.90  -9999.00
     1   2005    222   10400.0      13.3      18.7      1.53      2.00      2.50  -9999.00
     1   2005    223   25300.0       9.7      19.4      1.20      2.00      0.00  -9999.00
     1   2005    224   20300.0      16.0      18.0      1.82      2.00      0.00  -9999.00
     1   2005    225   13600.0      11.8      19.3      1.38      2.00      0.00  -9999.00
     1   2005    226   21200.0      14.0      22.6      1.60      2.00      0.00  -9999.00
     1   2005    227    7400.0      11.7      19.7      1.37      2.00      4.60  -9999.00
     1   2005    228   12400.0      12.0      20.0      1.40      2.00      0.10  -9999.00
     1   2005    229   13100.0      13.7      17.9      1.57      2.00      0.20  -9999.00
     1   2005    230   18600.0      15.4      20.3      1.75      2.00      0.10  -9999.00
     1   2005    231   10700.0      12.1      19.5      1.41      2.00     18.60  -9999.00
     1   2005    232   15800.0      15.9      20.0      1.81      2.00      1.40  -9999.00
     1   2005    233   12900.0      16.3      20.5      1.85      2.00      0.70  -9999.00
     1   2005    234   11800.0      10.8      22.2      1.29      2.00      1.90  -9999.00
     1   2005    235    7200.0      14.9      17.9      1.69      2.00      0.10  -9999.00
     1   2005    236   13300.0      10.3      17.4      1.25      2.00      8.20  -9999.00
     1   2005    237    9900.0      14.9      19.2      1.69      2.00      6.60  -9999.00
     1   2005    238   12700.0      11.4      17.5      1.35      2.00     10.70  -9999.00
     1   2005    239   16400.0       9.5      24.1      1.19      2.00      0.10  -9999.00
     1   2005    240   11000.0      15.3      19.0      1.74      2.00      7.20  -9999.00
     1   2005    241   11600.0      10.0      21.6      1.23      2.00      5.00  -9999.00
     1   2005    242   21400.0      12.4      18.3      1.44      2.00      0.00  -9999.00
     1   2005    243   15700.0       9.4      15.6      1.18      2.00      0.00  -9999.00
     1   2005    244   12700.0      10.8      18.4      1.29      2.00      2.20  -9999.00
     1   2005    245   19100.0      12.2      18.4      1.42      2.00      2.80  -9999.00
     1   2005    246    3000.0      10.7      17.2      1.29      2.00      2.70  -9999.00
     1   2005    247    7300.0      10.0      14.6      1.23      2.00     24.60  -9999.00
     1   2005    248    5800.0      12.1      13.9      1.41      2.00      0.10  -9999.00
     1   2005    249   11200.0      15.8      20.9      1.79      2.00     16.30  -9999.00
     1   2005    250    8500.0      12.7      16.4      1.47      2.00      1.80  -9999.00
     1   2005    251    7900.0      11.7      18.6      1.37      2.00      4.00  -9999.00
     1   2005    252    9300.0       9.6      19.1      1.20      2.00      1.40  -9999.00
     1   2005    253   14600.0      11.7      18.1      1.37      2.00      2.10  -9999.00
     1   2005    254   10300.0      12.5      18.1      1.45      2.00      1.50  -9999.00
     1   2005    255    6200.0      16.5      20.4      1.88      2.00      3.10  -9999.00
     1   2005    256    3700.0      12.5      17.0      1.45      2.00      0.10  -9999.00
     1   2005    257   14900.0      15.3      22.3      1.74      2.00      0.00  -9999.00
     1   2005    258   14500.0      11.0      22.6      1.31      2.00      0.00  -9999.00
     1   2005    259    9100.0      10.3      18.0      1.25      2.00      0.00  -9999.00
     1   2005    260   12900.0       8.9      15.8      1.14      2.00      0.00  -9999.00
     1   2005    261   10900.0      11.3      18.0      1.34      2.00      0.00  -9999.00
     1   2005    262   16000.0      11.2      18.6      1.33      2.00      0.00  -9999.00
     1   2005    263   12800.0      11.5      16.5      1.36      2.00      0.00  -9999.00
     1   2005    264   11800.0       7.5      19.0      1.04      2.00      0.00  -9999.00
     1   2005    265    9300.0       8.8      15.6      1.13      2.00      0.00  -9999.00
     1   2005    266    9700.0      14.9      16.3      1.69      2.00      0.00  -9999.00
     1   2005    267    9800.0       9.1      18.0      1.16      2.00      0.10  -9999.00
     1   2005    268   13900.0       4.9      16.0      0.87      2.00      0.00  -9999.00
     1   2005    269    5400.0      11.5      15.2      1.36      2.00      0.60  -9999.00
     1   2005    270    5100.0      14.4      15.5      1.64      2.00      0.00  -9999.00
     1   2005    271    8600.0      13.5      16.7      1.55      2.00      0.90  -9999.00
     1   2005    272    5500.0       4.7      13.6      0.85      2.00     11.20  -9999.00
     1   2005    273   10900.0      12.0      18.4      1.40      2.00      0.30  -9999.00
     1   2005    274    2100.0      10.9      19.0      1.30      2.00      1.30  -9999.00
     1   2005    275    7200.0      15.8      16.5      1.79      2.00      1.00  -9999.00
     1   2005    276   11600.0      10.4      18.7      1.26      2.00      0.00  -9999.00
     1   2005    277    8600.0       9.4      15.0      1.18      2.00      0.00  -9999.00
     1   2005    278   12200.0       8.1      13.0      1.08      2.00      0.00  -9999.00
     1   2005    279    5100.0      14.3      16.0      1.63      2.00      0.00  -9999.00
     1   2005    280    4800.0      10.6      16.6      1.28      2.00      2.80  -9999.00
     1   2005    281    8000.0      10.3      13.2      1.25      2.00      2.00  -9999.00
     1   2005    282    5900.0      10.5      11.2      1.27      2.00     12.00  -9999.00
     1   2005    283    6300.0       9.2      11.2      1.16      2.00      4.70  -9999.00
     1   2005    284    9200.0       9.7      16.4      1.20      2.00      1.10  -9999.00
     1   2005    285    5300.0       6.4      13.1      0.96      2.00      8.70  -9999.00
     1   2005    286    4100.0       6.4      15.6      0.96      2.00      0.20  -9999.00
     1   2005    287    4100.0      11.7      12.0      1.37      2.00      0.10  -9999.00
     1   2005    288    6900.0       6.4      18.7      0.96      2.00      0.40  -9999.00
     1   2005    289    9900.0      11.7      16.1      1.37      2.00      1.30  -9999.00
     1   2005    290    8900.0       4.6      15.8      0.85      2.00      3.60  -9999.00
     1   2005    291    5600.0       9.0      18.3      1.15      2.00      0.20  -9999.00
     1   2005    292    3300.0       5.6      16.8      0.91      2.00      0.00  -9999.00
     1   2005    293    3300.0       5.7      11.5      0.92      2.00      0.00  -9999.00
     1   2005    294    6900.0       5.9      16.4      0.93      2.00     12.60  -9999.00
     1   2005    295    2000.0       9.4      13.8      1.18      2.00      4.80  -9999.00
     1   2005    296    3300.0       8.6      10.6      1.12      2.00      0.00  -9999.00
     1   2005    297    8300.0       5.4       9.0      0.90      2.00      0.00  -9999.00
     1   2005    298    5000.0       8.8      11.6      1.13      2.00      0.00  -9999.00
     1   2005    299    3200.0      12.7      13.4      1.47      2.00      0.10  -9999.00
     1   2005    300    3600.0       9.3      10.8      1.17      2.00      8.30  -9999.00
     1   2005    301    2900.0       6.3      17.9      0.95      2.00     29.90  -9999.00
     1   2005    302    3700.0      10.3      11.5      1.25      2.00      0.00  -9999.00
     1   2005    303    3600.0      11.9      13.0      1.39      2.00      0.00  -9999.00
     1   2005    304    8100.0       7.5      14.7      1.04      2.00      0.10  -9999.00
     1   2005    305    3800.0       9.0      10.8      1.15      2.00      9.30  -9999.00
     1   2005    306    7000.0       8.1      15.2      1.08      2.00     10.40  -9999.00
     1   2005    307    6000.0       4.0      10.4      0.81      2.00      0.60  -9999.00
     1   2005    308    5500.0      -0.8      13.5      0.58      2.00      0.00  -9999.00
     1   2005    309    4600.0       4.3      16.6      0.83      2.00      1.10  -9999.00
     1   2005    310    1600.0       5.1       9.6      0.88      2.00      2.20  -9999.00
     1   2005    311    5600.0       6.3       8.4      0.95      2.00      0.00  -9999.00
     1   2005    312    5200.0       8.9      12.8      1.14      2.00      0.00  -9999.00
     1   2005    313    2500.0       6.6       9.3      0.97      2.00      2.60  -9999.00
     1   2005    314    3900.0       4.5      10.0      0.84      2.00      0.00  -9999.00
     1   2005    315    2700.0       7.9      11.0      1.07      2.00      3.10  -9999.00
     1   2005    316    3000.0       5.9      12.5      0.93      2.00      0.00  -9999.00
     1   2005    317    3700.0       6.4      13.0      0.96      2.00      0.00  -9999.00
     1   2005    318    3500.0      -0.1       7.9      0.61      2.00      0.00  -9999.00
     1   2005    319    3700.0       6.8      13.2      0.99      2.00      0.00  -9999.00
     1   2005    320    2000.0      -0.3      12.7      0.60      2.00      0.00  -9999.00
     1   2005    321    2300.0       1.1      11.8      0.66      2.00      0.00  -9999.00
     1   2005    322    2900.0       7.4      12.9      1.03      2.00      0.00  -9999.00
     1   2005    323    5100.0       2.9      14.1      0.75      2.00      0.00  -9999.00
     1   2005    324    5700.0      -1.0       8.2      0.57      2.00      0.00  -9999.00
     1   2005    325    3200.0       1.3      10.4      0.67      2.00      0.00  -9999.00
     1   2005    326    5700.0       0.9      10.8      0.65      2.00      0.00  -9999.00
     1   2005    327    4500.0      10.9      11.9      1.30      2.00      0.00  -9999.00
     1   2005    328    3300.0       4.5       5.3      0.84      2.00      0.00  -9999.00
     1   2005    329    3700.0       3.8       5.8      0.80      2.00      0.00  -9999.00
     1   2005    330    1800.0       1.1       8.8      0.66      2.00      0.00  -9999.00
     1   2005    331    2600.0       4.0       8.1      0.81      2.00      0.00  -9999.00
     1   2005    332    5000.0       4.5       6.9      0.84      2.00      0.00  -9999.00
     1   2005    333    2100.0       1.7       5.9      0.69      2.00      0.00  -9999.00
     1   2005    334    1900.0      -1.5       7.0      0.55      2.00      0.00  -9999.00
     1   2005    335    3000.0       9.8      11.8      1.21      2.00     23.40  -9999.00
     1   2005    336    3000.0       8.7       9.5      1.12      2.00     22.40  -9999.00
     1   2005    337    3000.0       2.4       5.8      0.73      2.00      0.00  -9999.00
     1   2005    338    3700.0       3.7      11.9      0.80      2.00      0.00  -9999.00
     1   2005    339    3300.0       1.6       3.6      0.69      2.00      0.30  -9999.00
     1   2005    340    3200.0       5.6      12.7      0.91      2.00      0.00  -9999.00
     1   2005    341    4400.0       3.3       3.9      0.77      2.00      0.00  -9999.00
     1   2005    342    1400.0       4.5       6.5      0.84      2.00      4.70  -9999.00
     1   2005    343    2600.0       4.2       8.0      0.82      2.00      0.00  -9999.00
     1   2005    344    2300.0       5.0       7.7      0.87      2.00      0.00  -9999.00
     1   2005    345    1200.0       5.8       7.8      0.92      2.00      0.00  -9999.00
     1   2005    346    4000.0       3.6       5.6      0.79      2.00      0.00  -9999.00
     1   2005    347    1800.0       7.0       9.0      1.00      2.00      2.00  -9999.00
     1   2005    348    1400.0       0.0      10.2      0.61      2.00      0.80  -9999.00
     1   2005    349    1600.0       1.8      10.0      0.70      2.00      0.20  -9999.00
     1   2005    350    2400.0       5.4       7.4      0.90      2.00      0.30  -9999.00
     1   2005    351    1400.0       6.2       8.8      0.95      2.00      0.40  -9999.00
     1   2005    352    3400.0       3.1       5.5      0.76      2.00      2.80  -9999.00
     1   2005    353    3000.0       0.1       7.5      0.62      2.00      0.50  -9999.00
     1   2005    354    1800.0       0.8       8.9      0.65      2.00      3.90  -9999.00
     1   2005    355    3800.0       4.7       6.7      0.85      2.00      1.80  -9999.00
     1   2005    356    1500.0      -0.3      11.2      0.60      2.00      2.40  -9999.00
     1   2005    357    4300.0       5.4       7.4      0.90      2.00      3.20  -9999.00
     1   2005    358    4000.0       8.1       9.6      1.08      2.00      8.70  -9999.00
     1   2005    359    1000.0       0.0       8.6      0.61      2.00     23.70  -9999.00
     1   2005    360    2100.0       2.0       9.8      0.71      2.00     27.70  -9999.00
     1   2005    361    1500.0       6.3       7.8      0.95      2.00      0.00  -9999.00
     1   2005    362    1600.0       7.2      10.6      1.02      2.00      1.00  -9999.00
     1   2005    363     700.0       5.1      10.1      0.88      2.00      0.10  -9999.00
     1   2005    364    1500.0       3.3      11.7      0.77      2.00      7.20  -9999.00
     1   2005    365     700.0       3.3      11.8      0.77      2.00      6.00  -9999.00
