*-----------------------------------------------------------------------------* 
           CNWG_251.met           51.48   -3.55   69.72
* Date created:  08-Aug-2019     Author: K Coleman 
* 
* NIL VALUE       -9999 
* Source:   data provided by M. Semenov 
*  
* Latitude:    51.48 Longitude:    -3.55 Altitude:    69.72
* 
* Column  Daily value 
* 1       station number 
* 2       year 
* 3       day 
* 4       irradiation                   (kJ m-2 d-1) 
* 5       minimum temperature           (degrees Celsius) 
* 6       maximum temperature           (degrees Celsius) 
* 7       early morning vapour pressure (kPa)             
* 8       mean wind speed (height: 2 m?) (m s-1)          
* 9       precipitation                 (mm d-1)          
* 10      sunshine                      (hrs)             
 		Jday	RAD	    TMIN	TMAX	 VAP	wind	RAIN	SUN  
               kj/m2	°C	    °C	     kPa	m/s	    mm	    hrs 
   51.48  69.72
     1   2005      1    4600.0       2.9       3.3      0.75      2.00     16.40  -9999.00
     1   2005      2    4000.0       7.1       9.1      1.01      2.00      0.10  -9999.00
     1   2005      3    1700.0       3.7      11.4      0.80      2.00      2.00  -9999.00
     1   2005      4    3800.0       7.3       9.4      1.02      2.00      0.30  -9999.00
     1   2005      5    2500.0       2.7       9.3      0.74      2.00      4.70  -9999.00
     1   2005      6    1200.0       3.5      11.1      0.78      2.00     13.50  -9999.00
     1   2005      7    3200.0       5.8      10.2      0.92      2.00     14.10  -9999.00
     1   2005      8    3300.0       4.1       9.0      0.82      2.00      0.00  -9999.00
     1   2005      9    3100.0       7.1      10.1      1.01      2.00     32.30  -9999.00
     1   2005     10    5100.0       8.0       9.4      1.07      2.00      0.20  -9999.00
     1   2005     11    2300.0       4.7       9.6      0.85      2.00      0.70  -9999.00
     1   2005     12    2000.0       8.7      10.7      1.12      2.00     17.90  -9999.00
     1   2005     13    1700.0       3.8      11.8      0.80      2.00      0.70  -9999.00
     1   2005     14    2500.0       2.5       4.5      0.73      2.00     11.90  -9999.00
     1   2005     15    1900.0      -3.2       4.1      0.48      2.00      0.00  -9999.00
     1   2005     16    1900.0       2.5       4.5      0.73      2.00      3.90  -9999.00
     1   2005     17    3000.0       6.8      11.2      0.99      2.00      0.20  -9999.00
     1   2005     18    2100.0      -6.9       6.6      0.36      2.00      0.50  -9999.00
     1   2005     19    3200.0       2.7       7.9      0.74      2.00     11.40  -9999.00
     1   2005     20    1400.0       5.7      10.6      0.92      2.00      0.50  -9999.00
     1   2005     21    3500.0       6.1       8.1      0.94      2.00      6.10  -9999.00
     1   2005     22    2500.0       3.9       5.9      0.81      2.00      0.00  -9999.00
     1   2005     23    2000.0       7.5       9.0      1.04      2.00      2.20  -9999.00
     1   2005     24    2800.0      -0.7      10.7      0.58      2.00      0.00  -9999.00
     1   2005     25    2000.0       0.7       7.4      0.64      2.00      0.00  -9999.00
     1   2005     26    2100.0       1.3       4.7      0.67      2.00      0.00  -9999.00
     1   2005     27    2000.0       5.8       6.1      0.92      2.00      0.00  -9999.00
     1   2005     28    6700.0      -0.6       7.4      0.58      2.00      0.00  -9999.00
     1   2005     29    5200.0      -0.3       8.0      0.60      2.00      0.00  -9999.00
     1   2005     30    4200.0       5.1       9.5      0.88      2.00      0.00  -9999.00
     1   2005     31    2500.0      -2.2       7.8      0.52      2.00      0.00  -9999.00
     1   2005     32    6800.0      -2.4      10.7      0.51      2.00      0.00  -9999.00
     1   2005     33    1400.0       2.4      10.7      0.73      2.00      0.90  -9999.00
     1   2005     34    3400.0       1.6       3.6      0.69      2.00      0.00  -9999.00
     1   2005     35    2200.0       2.0       4.0      0.71      2.00      0.00  -9999.00
     1   2005     36    6900.0       2.3       7.9      0.72      2.00      0.00  -9999.00
     1   2005     37    3700.0      -0.2      12.5      0.60      2.00      0.00  -9999.00
     1   2005     38    5100.0       3.0       5.0      0.76      2.00      0.00  -9999.00
     1   2005     39    5400.0      -1.2      10.2      0.56      2.00      0.00  -9999.00
     1   2005     40    4300.0       3.4       5.4      0.78      2.00      0.00  -9999.00
     1   2005     41    4500.0       4.7       8.3      0.85      2.00      1.00  -9999.00
     1   2005     42    3900.0      -3.5      11.2      0.47      2.00      0.00  -9999.00
     1   2005     43    2900.0       0.5      11.0      0.63      2.00      6.10  -9999.00
     1   2005     44    2700.0       3.0       6.0      0.76      2.00      0.90  -9999.00
     1   2005     45    4500.0       4.2       8.7      0.82      2.00      0.40  -9999.00
     1   2005     46    4300.0       5.9       9.6      0.93      2.00      2.30  -9999.00
     1   2005     47    4500.0       7.2      10.9      1.02      2.00      0.60  -9999.00
     1   2005     48    9300.0      -1.3      11.3      0.56      2.00     16.70  -9999.00
     1   2005     49    5000.0       6.6       7.1      0.97      2.00      2.00  -9999.00
     1   2005     50    3300.0       3.1       7.5      0.76      2.00      7.30  -9999.00
     1   2005     51    4900.0       2.5       6.8      0.73      2.00      0.20  -9999.00
     1   2005     52    3200.0       4.9      10.3      0.87      2.00      0.90  -9999.00
     1   2005     53    2900.0       4.4       9.7      0.84      2.00      0.30  -9999.00
     1   2005     54    3100.0      -2.8       6.6      0.50      2.00      4.80  -9999.00
     1   2005     55    5800.0       1.4       9.7      0.68      2.00      0.00  -9999.00
     1   2005     56    4700.0       3.7       9.7      0.80      2.00      3.60  -9999.00
     1   2005     57    7600.0       7.2      12.0      1.02      2.00      2.10  -9999.00
     1   2005     58    9800.0      -3.6      10.7      0.47      2.00      0.00  -9999.00
     1   2005     59    4900.0       5.1      11.3      0.88      2.00     10.60  -9999.00
     1   2005     60    9000.0       5.4       8.9      0.90      2.00      4.30  -9999.00
     1   2005     61    5700.0       1.5       7.4      0.68      2.00      1.30  -9999.00
     1   2005     62    5900.0       9.8      11.5      1.21      2.00      1.70  -9999.00
     1   2005     63    8600.0       6.6      11.1      0.97      2.00      3.30  -9999.00
     1   2005     64    4200.0       4.2       6.2      0.82      2.00      0.60  -9999.00
     1   2005     65    6400.0      -4.2      11.6      0.45      2.00      0.00  -9999.00
     1   2005     66    9300.0       5.4       8.1      0.90      2.00      1.90  -9999.00
     1   2005     67    7800.0       3.7       5.7      0.80      2.00      9.10  -9999.00
     1   2005     68    9800.0      -1.9       9.5      0.53      2.00      0.00  -9999.00
     1   2005     69    5500.0       7.1       9.8      1.01      2.00      0.00  -9999.00
     1   2005     70   14100.0       6.5       9.6      0.97      2.00      0.00  -9999.00
     1   2005     71   11600.0       1.3       5.2      0.67      2.00      0.00  -9999.00
     1   2005     72    8500.0      -0.5      10.7      0.59      2.00      0.00  -9999.00
     1   2005     73   10500.0      -2.8      12.3      0.50      2.00      0.00  -9999.00
     1   2005     74    3500.0       2.0      10.5      0.71      2.00      0.00  -9999.00
     1   2005     75    5200.0       1.4       9.9      0.68      2.00      1.60  -9999.00
     1   2005     76    6600.0       8.2      10.2      1.09      2.00      0.80  -9999.00
     1   2005     77   10900.0       7.2       9.7      1.02      2.00      0.00  -9999.00
     1   2005     78    7900.0       1.0      15.8      0.66      2.00      0.00  -9999.00
     1   2005     79    5000.0       5.4       9.0      0.90      2.00      0.10  -9999.00
     1   2005     80    5900.0       4.8      10.3      0.86      2.00      0.30  -9999.00
     1   2005     81    6200.0       7.0      10.4      1.00      2.00      1.90  -9999.00
     1   2005     82    8700.0       5.4      15.6      0.90      2.00      0.00  -9999.00
     1   2005     83    6600.0       2.5      13.3      0.73      2.00      0.00  -9999.00
     1   2005     84    8800.0       5.7      13.1      0.92      2.00      2.90  -9999.00
     1   2005     85   14700.0       6.0       8.0      0.93      2.00      0.00  -9999.00
     1   2005     86    5700.0       4.7      10.4      0.85      2.00      3.70  -9999.00
     1   2005     87   12400.0       0.9      10.4      0.65      2.00      0.60  -9999.00
     1   2005     88    7100.0       7.4      10.1      1.03      2.00      0.50  -9999.00
     1   2005     89    3800.0       5.2      11.8      0.88      2.00      1.10  -9999.00
     1   2005     90    6600.0      -1.9       8.7      0.53      2.00      0.00  -9999.00
     1   2005     91   14800.0      -1.2      11.1      0.56      2.00      0.00  -9999.00
     1   2005     92    4900.0       6.5       8.2      0.97      2.00      1.00  -9999.00
     1   2005     93   11900.0       6.1       8.8      0.94      2.00     13.60  -9999.00
     1   2005     94    6100.0       1.4       8.2      0.68      2.00      1.10  -9999.00
     1   2005     95    6900.0       1.4      14.7      0.68      2.00      1.10  -9999.00
     1   2005     96   17900.0       5.8       7.8      0.92      2.00     18.10  -9999.00
     1   2005     97   10300.0       4.4       5.7      0.84      2.00      0.50  -9999.00
     1   2005     98   11700.0       6.0      13.1      0.93      2.00      0.70  -9999.00
     1   2005     99   15600.0       0.2      14.7      0.62      2.00      0.00  -9999.00
     1   2005    100   18500.0       4.7      11.4      0.85      2.00     14.30  -9999.00
     1   2005    101   13700.0       7.1       9.1      1.01      2.00      0.60  -9999.00
     1   2005    102   18000.0       1.0      10.3      0.66      2.00      0.00  -9999.00
     1   2005    103   15200.0       5.1      13.7      0.88      2.00      0.00  -9999.00
     1   2005    104   15200.0       6.0       9.7      0.93      2.00      0.60  -9999.00
     1   2005    105   21700.0       1.9      18.0      0.70      2.00      0.00  -9999.00
     1   2005    106   17800.0      -1.1      15.6      0.56      2.00      0.00  -9999.00
     1   2005    107   13400.0       4.9       9.2      0.87      2.00     15.10  -9999.00
     1   2005    108   14100.0       4.9      10.4      0.87      2.00      2.40  -9999.00
     1   2005    109    3800.0       5.8      10.9      0.92      2.00      0.60  -9999.00
     1   2005    110    9700.0       8.6      12.9      1.12      2.00      2.80  -9999.00
     1   2005    111    5900.0       7.1      14.8      1.01      2.00      2.50  -9999.00
     1   2005    112    6100.0       4.6       8.3      0.85      2.00      4.90  -9999.00
     1   2005    113   22800.0       9.2      11.8      1.16      2.00     14.30  -9999.00
     1   2005    114   17500.0       6.0      13.2      0.93      2.00      0.30  -9999.00
     1   2005    115   15400.0       4.0      10.5      0.81      2.00      6.70  -9999.00
     1   2005    116   15100.0       8.9      13.0      1.14      2.00      0.20  -9999.00
     1   2005    117   12900.0       3.2      10.5      0.77      2.00      2.00  -9999.00
     1   2005    118   22300.0       1.4      13.6      0.68      2.00      0.00  -9999.00
     1   2005    119    7600.0      10.5      14.1      1.27      2.00      0.00  -9999.00
     1   2005    120   15000.0       5.6      10.8      0.91      2.00      0.00  -9999.00
     1   2005    121   13900.0       4.9      20.4      0.87      2.00      0.00  -9999.00
     1   2005    122   17100.0       6.7      11.4      0.98      2.00      0.00  -9999.00
     1   2005    123   14200.0       2.7      14.5      0.74      2.00      0.00  -9999.00
     1   2005    124   17600.0       3.1      11.3      0.76      2.00      0.10  -9999.00
     1   2005    125   19500.0       6.7      11.5      0.98      2.00      0.10  -9999.00
     1   2005    126   21300.0       1.0      12.2      0.66      2.00      0.00  -9999.00
     1   2005    127    8900.0       9.0      12.0      1.15      2.00      0.10  -9999.00
     1   2005    128   14400.0       6.1      11.8      0.94      2.00     14.30  -9999.00
     1   2005    129   17100.0       6.7      15.8      0.98      2.00      0.00  -9999.00
     1   2005    130   24100.0       5.1      20.7      0.88      2.00      0.00  -9999.00
     1   2005    131    8200.0       7.4      16.3      1.03      2.00      0.00  -9999.00
     1   2005    132   19600.0      10.7      16.3      1.29      2.00      0.00  -9999.00
     1   2005    133   18600.0       4.2      14.3      0.82      2.00      0.00  -9999.00
     1   2005    134    9500.0       3.0      13.5      0.76      2.00      1.20  -9999.00
     1   2005    135   19000.0       3.4      19.9      0.78      2.00      0.00  -9999.00
     1   2005    136   12200.0       7.4      15.0      1.03      2.00      4.00  -9999.00
     1   2005    137   24100.0      11.0      18.5      1.31      2.00      0.00  -9999.00
     1   2005    138   21300.0       9.8      17.3      1.21      2.00      0.00  -9999.00
     1   2005    139   18200.0       7.3      20.0      1.02      2.00      0.00  -9999.00
     1   2005    140   25500.0      11.5      17.0      1.36      2.00      0.00  -9999.00
     1   2005    141   27100.0       4.0      17.7      0.81      2.00      0.00  -9999.00
     1   2005    142   17700.0       6.7      18.5      0.98      2.00      0.00  -9999.00
     1   2005    143   28100.0      11.9      21.5      1.39      2.00      0.00  -9999.00
     1   2005    144   23600.0       9.0      21.2      1.15      2.00      0.00  -9999.00
     1   2005    145   24300.0      12.4      16.2      1.44      2.00      0.00  -9999.00
     1   2005    146   28300.0       4.1      17.2      0.82      2.00      0.00  -9999.00
     1   2005    147   28400.0      12.9      20.3      1.49      2.00      0.00  -9999.00
     1   2005    148   25300.0      15.0      19.5      1.70      2.00      0.00  -9999.00
     1   2005    149   24900.0      12.2      18.1      1.42      2.00      0.00  -9999.00
     1   2005    150   27600.0       9.8      17.9      1.21      2.00      0.70  -9999.00
     1   2005    151   13900.0      13.9      15.1      1.59      2.00      3.40  -9999.00
     1   2005    152    7800.0       7.8      13.9      1.06      2.00      4.30  -9999.00
     1   2005    153   10400.0       4.7      20.0      0.85      2.00      0.00  -9999.00
     1   2005    154    4400.0      11.2      17.6      1.33      2.00      8.10  -9999.00
     1   2005    155   27200.0      12.1      15.6      1.41      2.00      0.00  -9999.00
     1   2005    156   22800.0      12.5      15.8      1.45      2.00      0.00  -9999.00
     1   2005    157   13900.0      14.0      16.7      1.60      2.00      0.00  -9999.00
     1   2005    158   10800.0      13.7      18.0      1.57      2.00      0.00  -9999.00
     1   2005    159   18900.0       9.3      17.7      1.17      2.00      0.00  -9999.00
     1   2005    160   18000.0      10.6      14.5      1.28      2.00      0.00  -9999.00
     1   2005    161   26000.0      13.0      16.3      1.50      2.00      0.00  -9999.00
     1   2005    162   13800.0      11.4      15.3      1.35      2.00      0.00  -9999.00
     1   2005    163   19700.0       8.1      25.9      1.08      2.00      0.00  -9999.00
     1   2005    164   17200.0      11.2      16.6      1.33      2.00     12.80  -9999.00
     1   2005    165   10500.0      13.4      18.7      1.54      2.00      0.00  -9999.00
     1   2005    166   19300.0       9.1      20.9      1.16      2.00      0.00  -9999.00
     1   2005    167   23000.0      11.4      15.5      1.35      2.00     11.40  -9999.00
     1   2005    168   15000.0      11.3      15.2      1.34      2.00     14.70  -9999.00
     1   2005    169   21000.0       5.9      16.1      0.93      2.00      0.80  -9999.00
     1   2005    170   18600.0       9.3      16.0      1.17      2.00      2.50  -9999.00
     1   2005    171   10900.0       9.8      15.9      1.21      2.00      0.00  -9999.00
     1   2005    172   21300.0      12.2      18.1      1.42      2.00     31.60  -9999.00
     1   2005    173    9700.0      11.6      17.3      1.37      2.00     16.10  -9999.00
     1   2005    174   24600.0      10.4      18.6      1.26      2.00      0.00  -9999.00
     1   2005    175   17500.0       6.0      16.2      0.93      2.00      2.40  -9999.00
     1   2005    176   17600.0      10.5      24.1      1.27      2.00      0.00  -9999.00
     1   2005    177   16200.0      10.4      15.8      1.26      2.00     16.20  -9999.00
     1   2005    178   15100.0      11.7      18.3      1.37      2.00      0.20  -9999.00
     1   2005    179   24200.0      11.8      22.1      1.38      2.00      0.00  -9999.00
     1   2005    180   25600.0      15.1      17.2      1.72      2.00      0.00  -9999.00
     1   2005    181   12000.0      11.9      15.0      1.39      2.00      0.80  -9999.00
     1   2005    182   16700.0      12.1      23.6      1.41      2.00      0.00  -9999.00
     1   2005    183   14300.0      12.7      18.7      1.47      2.00      0.00  -9999.00
     1   2005    184   15800.0      12.4      20.4      1.44      2.00      0.10  -9999.00
     1   2005    185   21800.0      10.4      16.4      1.26      2.00      1.10  -9999.00
     1   2005    186   22900.0      11.6      19.2      1.37      2.00      0.00  -9999.00
     1   2005    187   19200.0       8.7      26.3      1.12      2.00      0.00  -9999.00
     1   2005    188   22600.0      11.0      18.0      1.31      2.00      0.00  -9999.00
     1   2005    189   13200.0      12.0      20.2      1.40      2.00      1.90  -9999.00
     1   2005    190   19400.0      13.4      17.9      1.54      2.00      0.00  -9999.00
     1   2005    191   13100.0      14.7      24.0      1.67      2.00     33.50  -9999.00
     1   2005    192   18700.0      14.7      17.2      1.67      2.00     27.80  -9999.00
     1   2005    193   14000.0      14.4      16.8      1.64      2.00      2.20  -9999.00
     1   2005    194   23800.0      10.7      17.0      1.29      2.00      3.50  -9999.00
     1   2005    195   21400.0      11.1      19.4      1.32      2.00      0.00  -9999.00
     1   2005    196   14700.0      13.5      17.8      1.55      2.00      0.00  -9999.00
     1   2005    197   17200.0      10.3      19.9      1.25      2.00      0.00  -9999.00
     1   2005    198    4300.0      11.2      17.1      1.33      2.00      2.00  -9999.00
     1   2005    199   11400.0      15.3      20.1      1.74      2.00      0.10  -9999.00
     1   2005    200   27500.0      14.2      24.3      1.62      2.00      0.00  -9999.00
     1   2005    201   28700.0      11.0      18.4      1.31      2.00      0.00  -9999.00
     1   2005    202   12500.0      15.8      20.4      1.79      2.00      0.30  -9999.00
     1   2005    203    4200.0      12.7      16.9      1.47      2.00      1.80  -9999.00
     1   2005    204   24000.0       9.4      17.9      1.18      2.00      0.00  -9999.00
     1   2005    205   14400.0      13.6      18.3      1.56      2.00      0.90  -9999.00
     1   2005    206   18400.0      11.1      18.4      1.32      2.00      3.20  -9999.00
     1   2005    207   16900.0      12.1      20.9      1.41      2.00      0.80  -9999.00
     1   2005    208   18700.0      17.4      20.3      1.99      2.00     13.50  -9999.00
     1   2005    209    6800.0      15.8      22.0      1.79      2.00      0.10  -9999.00
     1   2005    210   18900.0      15.0      18.8      1.70      2.00      2.20  -9999.00
     1   2005    211   12400.0      14.2      18.5      1.62      2.00      4.30  -9999.00
     1   2005    212    4100.0      13.0      20.1      1.50      2.00      2.70  -9999.00
     1   2005    213   16400.0      13.0      18.2      1.50      2.00      0.00  -9999.00
     1   2005    214   20500.0      15.2      21.2      1.73      2.00      1.50  -9999.00
     1   2005    215    9000.0      14.6      16.8      1.66      2.00     14.10  -9999.00
     1   2005    216   18700.0      13.0      29.1      1.50      2.00      0.00  -9999.00
     1   2005    217    9700.0      13.0      19.1      1.50      2.00      0.80  -9999.00
     1   2005    218   17700.0      13.4      18.3      1.54      2.00      0.40  -9999.00
     1   2005    219   26000.0      18.1      25.4      2.08      2.00      0.00  -9999.00
     1   2005    220    9200.0      14.6      18.1      1.66      2.00      3.70  -9999.00
     1   2005    221   15500.0      12.7      19.1      1.47      2.00      3.50  -9999.00
     1   2005    222    6500.0      12.0      17.7      1.40      2.00      0.00  -9999.00
     1   2005    223   20700.0      14.1      16.0      1.61      2.00      0.40  -9999.00
     1   2005    224   17500.0      14.9      18.6      1.69      2.00      0.00  -9999.00
     1   2005    225   13600.0      10.8      17.8      1.29      2.00      9.80  -9999.00
     1   2005    226   13900.0      14.1      18.3      1.61      2.00      4.60  -9999.00
     1   2005    227   10700.0      15.8      18.9      1.79      2.00      9.80  -9999.00
     1   2005    228   13100.0      10.9      18.7      1.30      2.00     21.90  -9999.00
     1   2005    229   11600.0      11.2      20.3      1.33      2.00      7.00  -9999.00
     1   2005    230   23900.0      12.5      23.2      1.45      2.00      0.00  -9999.00
     1   2005    231   17900.0      10.5      25.2      1.27      2.00      0.00  -9999.00
     1   2005    232   16200.0      14.4      18.9      1.64      2.00      3.50  -9999.00
     1   2005    233   23300.0      14.0      24.8      1.60      2.00      0.00  -9999.00
     1   2005    234   18800.0      11.7      25.8      1.37      2.00      0.00  -9999.00
     1   2005    235   20600.0      15.1      21.8      1.72      2.00      0.00  -9999.00
     1   2005    236   14000.0      10.8      17.4      1.29      2.00      0.00  -9999.00
     1   2005    237   14200.0       8.7      18.0      1.12      2.00      9.70  -9999.00
     1   2005    238    4000.0       9.0      19.0      1.15      2.00      2.70  -9999.00
     1   2005    239   17800.0       9.5      22.6      1.19      2.00      0.00  -9999.00
     1   2005    240   18600.0      12.8      21.7      1.48      2.00      0.10  -9999.00
     1   2005    241    6600.0      10.9      20.1      1.30      2.00      0.10  -9999.00
     1   2005    242   19500.0      10.6      19.9      1.28      2.00      0.00  -9999.00
     1   2005    243    3400.0      15.6      20.7      1.77      2.00      1.20  -9999.00
     1   2005    244   10700.0      15.6      19.2      1.77      2.00      2.50  -9999.00
     1   2005    245   15400.0      11.1      19.8      1.32      2.00     19.30  -9999.00
     1   2005    246   12800.0      12.7      21.5      1.47      2.00      2.00  -9999.00
     1   2005    247   12800.0      14.5      17.9      1.65      2.00      4.00  -9999.00
     1   2005    248   13100.0      14.5      16.8      1.65      2.00      5.50  -9999.00
     1   2005    249    8300.0      16.1      17.8      1.83      2.00      8.90  -9999.00
     1   2005    250   10900.0      16.6      17.4      1.89      2.00      2.00  -9999.00
     1   2005    251   16500.0      12.1      19.0      1.41      2.00      0.00  -9999.00
     1   2005    252   10000.0      14.2      18.6      1.62      2.00     24.70  -9999.00
     1   2005    253   18900.0       8.4      17.0      1.10      2.00      0.00  -9999.00
     1   2005    254   10400.0      12.1      14.4      1.41      2.00      2.10  -9999.00
     1   2005    255    8900.0      11.0      17.8      1.31      2.00      0.10  -9999.00
     1   2005    256   10200.0      13.3      14.2      1.53      2.00      2.20  -9999.00
     1   2005    257    5800.0      13.2      16.4      1.52      2.00      0.70  -9999.00
     1   2005    258   14300.0      13.2      15.9      1.52      2.00      3.80  -9999.00
     1   2005    259   14000.0       8.9      16.2      1.14      2.00      3.20  -9999.00
     1   2005    260   10900.0       5.8      14.7      0.92      2.00      0.00  -9999.00
     1   2005    261    7700.0      10.7      15.5      1.29      2.00      0.00  -9999.00
     1   2005    262    6400.0       9.0      15.5      1.15      2.00      0.00  -9999.00
     1   2005    263    9900.0      13.0      17.7      1.50      2.00      0.00  -9999.00
     1   2005    264   12200.0      14.7      15.7      1.67      2.00      0.00  -9999.00
     1   2005    265   16100.0      10.4      19.5      1.26      2.00      0.00  -9999.00
     1   2005    266   12800.0      10.5      16.9      1.27      2.00     12.80  -9999.00
     1   2005    267    4800.0      11.4      13.0      1.35      2.00      0.30  -9999.00
     1   2005    268    6500.0      12.5      19.1      1.45      2.00      8.70  -9999.00
     1   2005    269    4900.0       8.9      15.2      1.14      2.00      0.10  -9999.00
     1   2005    270    6600.0      10.5      17.8      1.27      2.00      6.30  -9999.00
     1   2005    271    4000.0      13.4      18.0      1.54      2.00      9.70  -9999.00
     1   2005    272   10600.0       6.9      13.3      0.99      2.00      3.00  -9999.00
     1   2005    273    6400.0      12.2      17.4      1.42      2.00     18.50  -9999.00
     1   2005    274   11200.0       9.3      15.9      1.17      2.00      0.10  -9999.00
     1   2005    275    7800.0      11.9      17.5      1.39      2.00      0.50  -9999.00
     1   2005    276    4400.0      12.0      16.7      1.40      2.00     11.50  -9999.00
     1   2005    277    7500.0       7.2      13.1      1.02      2.00     16.80  -9999.00
     1   2005    278    9500.0       6.1      14.9      0.94      2.00      0.20  -9999.00
     1   2005    279   10000.0       5.3      12.7      0.89      2.00      0.00  -9999.00
     1   2005    280    5500.0      11.1      15.6      1.32      2.00     30.60  -9999.00
     1   2005    281    6800.0       8.9      15.9      1.14      2.00      7.40  -9999.00
     1   2005    282    6300.0       9.4      17.8      1.18      2.00      4.80  -9999.00
     1   2005    283    2400.0      11.0      15.2      1.31      2.00      2.50  -9999.00
     1   2005    284   10100.0       5.1      17.4      0.88      2.00      5.00  -9999.00
     1   2005    285    4900.0       8.9      16.4      1.14      2.00     10.70  -9999.00
     1   2005    286    6400.0      11.0      14.0      1.31      2.00      8.70  -9999.00
     1   2005    287    5900.0      12.2      19.2      1.42      2.00      6.60  -9999.00
     1   2005    288   11200.0      12.2      14.2      1.42      2.00      0.00  -9999.00
     1   2005    289    5300.0       5.4      10.1      0.90      2.00      0.00  -9999.00
     1   2005    290   10800.0       7.6      11.0      1.04      2.00      0.00  -9999.00
     1   2005    291    5400.0       8.1       8.9      1.08      2.00      0.00  -9999.00
     1   2005    292    7300.0       8.7      13.0      1.12      2.00      0.00  -9999.00
     1   2005    293    8500.0       4.4      12.3      0.84      2.00      0.00  -9999.00
     1   2005    294    4500.0       4.7      11.6      0.85      2.00      0.00  -9999.00
     1   2005    295    9700.0      13.0      13.6      1.50      2.00      0.00  -9999.00
     1   2005    296    9400.0      10.8      12.8      1.29      2.00      0.00  -9999.00
     1   2005    297    7300.0       2.0      10.1      0.71      2.00      0.00  -9999.00
     1   2005    298    4700.0       5.5       7.5      0.90      2.00      9.60  -9999.00
     1   2005    299    6400.0       4.9      14.2      0.87      2.00      2.60  -9999.00
     1   2005    300    6200.0      13.4      14.6      1.54      2.00      6.50  -9999.00
     1   2005    301    6700.0      -1.6      13.0      0.54      2.00      0.00  -9999.00
     1   2005    302    6100.0       9.2       9.8      1.16      2.00      0.00  -9999.00
     1   2005    303    4000.0       6.0      10.6      0.93      2.00      8.60  -9999.00
     1   2005    304    6300.0       8.9       9.7      1.14      2.00      0.00  -9999.00
     1   2005    305    5600.0       7.9      12.0      1.07      2.00      0.40  -9999.00
     1   2005    306    3100.0       8.5      12.1      1.11      2.00     17.20  -9999.00
     1   2005    307    5300.0       7.9      14.5      1.07      2.00      3.00  -9999.00
     1   2005    308    3300.0       0.9      15.9      0.65      2.00      5.00  -9999.00
     1   2005    309    5500.0       6.2      13.6      0.95      2.00      0.40  -9999.00
     1   2005    310    3800.0       6.8       8.8      0.99      2.00      2.90  -9999.00
     1   2005    311    7200.0       3.6       9.7      0.79      2.00      0.00  -9999.00
     1   2005    312    5500.0       5.5      14.3      0.90      2.00      0.00  -9999.00
     1   2005    313    2500.0      10.7      12.7      1.29      2.00      0.00  -9999.00
     1   2005    314    4800.0       5.6       9.0      0.91      2.00      0.00  -9999.00
     1   2005    315    3300.0       6.9      10.1      0.99      2.00      0.20  -9999.00
     1   2005    316    2400.0       3.9      12.0      0.81      2.00      0.70  -9999.00
     1   2005    317    1700.0       7.6       8.6      1.04      2.00      0.00  -9999.00
     1   2005    318    1000.0      11.0      13.0      1.31      2.00      0.70  -9999.00
     1   2005    319    3300.0       3.3      11.8      0.77      2.00      1.90  -9999.00
     1   2005    320    4000.0      -1.2       7.6      0.56      2.00      0.40  -9999.00
     1   2005    321    4400.0       4.7      10.7      0.85      2.00      2.10  -9999.00
     1   2005    322    6000.0       1.8       9.3      0.70      2.00      0.00  -9999.00
     1   2005    323    2300.0      -0.2      10.4      0.60      2.00      4.60  -9999.00
     1   2005    324    2300.0       4.2       8.7      0.82      2.00      0.00  -9999.00
     1   2005    325    2400.0       3.8      11.0      0.80      2.00      4.60  -9999.00
     1   2005    326    1800.0       3.0       7.0      0.76      2.00     11.90  -9999.00
     1   2005    327    2200.0       8.7      11.3      1.12      2.00     15.30  -9999.00
     1   2005    328    2900.0       5.7       9.8      0.92      2.00      0.00  -9999.00
     1   2005    329    1900.0       4.5      11.6      0.84      2.00      5.50  -9999.00
     1   2005    330    1800.0       4.5       8.2      0.84      2.00      2.20  -9999.00
     1   2005    331    2300.0      10.2      12.4      1.24      2.00      1.10  -9999.00
     1   2005    332    1800.0       5.0      12.7      0.87      2.00      0.50  -9999.00
     1   2005    333    3600.0      -0.9      12.4      0.57      2.00      1.10  -9999.00
     1   2005    334    1900.0       3.7       7.8      0.80      2.00      2.10  -9999.00
     1   2005    335    2100.0       8.1      10.1      1.08      2.00      0.40  -9999.00
     1   2005    336    2300.0       2.9      10.1      0.75      2.00      0.00  -9999.00
     1   2005    337    2000.0      -0.3       3.2      0.60      2.00      0.00  -9999.00
     1   2005    338    1000.0       2.7       8.0      0.74      2.00      0.00  -9999.00
     1   2005    339    1600.0      -4.2       8.2      0.45      2.00      0.00  -9999.00
     1   2005    340    2600.0       5.1       5.6      0.88      2.00     20.20  -9999.00
     1   2005    341    1500.0       6.6      10.7      0.97      2.00      0.00  -9999.00
     1   2005    342    1500.0       9.4      12.3      1.18      2.00      3.30  -9999.00
     1   2005    343    3800.0      -0.2       9.1      0.60      2.00      0.00  -9999.00
     1   2005    344    3900.0       3.8      12.0      0.80      2.00      0.00  -9999.00
     1   2005    345    3100.0       6.5       6.6      0.97      2.00      0.10  -9999.00
     1   2005    346    2900.0       4.6      11.4      0.85      2.00     11.50  -9999.00
     1   2005    347     900.0       9.3      11.9      1.17      2.00     11.60  -9999.00
     1   2005    348    1800.0       2.4       4.4      0.73      2.00      0.00  -9999.00
     1   2005    349    4400.0       5.6       7.6      0.91      2.00      0.00  -9999.00
     1   2005    350    1900.0       0.6       5.9      0.64      2.00      0.00  -9999.00
     1   2005    351    2700.0       6.2       8.2      0.95      2.00      0.00  -9999.00
     1   2005    352    3000.0      -0.3       9.0      0.60      2.00      3.80  -9999.00
     1   2005    353    2800.0       2.7       7.4      0.74      2.00      0.10  -9999.00
     1   2005    354    3000.0       7.2       9.6      1.02      2.00      4.00  -9999.00
     1   2005    355    1300.0      -0.4       8.0      0.59      2.00      0.00  -9999.00
     1   2005    356    1800.0       2.5       4.5      0.73      2.00      4.60  -9999.00
     1   2005    357    1500.0       0.3       7.6      0.62      2.00      0.00  -9999.00
     1   2005    358    1400.0       8.6      10.6      1.12      2.00      1.20  -9999.00
     1   2005    359    2900.0       5.4      11.6      0.90      2.00      0.30  -9999.00
     1   2005    360    3400.0       8.4      10.4      1.10      2.00      7.70  -9999.00
     1   2005    361    2100.0       5.4      11.5      0.90      2.00      1.80  -9999.00
     1   2005    362    3800.0       4.2       6.2      0.82      2.00      0.00  -9999.00
     1   2005    363    1600.0      -0.5       2.2      0.59      2.00      0.00  -9999.00
     1   2005    364    1600.0       1.8       6.2      0.70      2.00      0.00  -9999.00
     1   2005    365    3600.0      -0.5       8.6      0.59      2.00      0.00  -9999.00
