*-----------------------------------------------------------------------------* 
           CNWG_69.met            51.48   -3.55   69.72
* Date created:  08-Aug-2019     Author: K Coleman 
* 
* NIL VALUE       -9999 
* Source:   data provided by M. Semenov 
*  
* Latitude:    51.48 Longitude:    -3.55 Altitude:    69.72
* 
* Column  Daily value 
* 1       station number 
* 2       year 
* 3       day 
* 4       irradiation                   (kJ m-2 d-1) 
* 5       minimum temperature           (degrees Celsius) 
* 6       maximum temperature           (degrees Celsius) 
* 7       early morning vapour pressure (kPa)             
* 8       mean wind speed (height: 2 m?) (m s-1)          
* 9       precipitation                 (mm d-1)          
* 10      sunshine                      (hrs)             
 		Jday	RAD	    TMIN	TMAX	 VAP	wind	RAIN	SUN  
               kj/m2	°C	    °C	     kPa	m/s	    mm	    hrs 
   51.48  69.72
     1   2005      1    2400.0       6.7      11.2      0.98      2.00      0.00  -9999.00
     1   2005      2    3500.0       0.9       1.7      0.65      2.00      0.00  -9999.00
     1   2005      3    2400.0       2.8       4.8      0.75      2.00      0.00  -9999.00
     1   2005      4    1700.0      -3.7       4.5      0.46      2.00      4.50  -9999.00
     1   2005      5    3500.0       6.5       6.7      0.97      2.00      0.20  -9999.00
     1   2005      6     800.0       4.3       7.2      0.83      2.00      6.20  -9999.00
     1   2005      7    2600.0       1.5      10.9      0.68      2.00      2.80  -9999.00
     1   2005      8    3100.0       8.7      12.2      1.12      2.00      5.90  -9999.00
     1   2005      9    3000.0       5.7       7.7      0.92      2.00     13.70  -9999.00
     1   2005     10    3600.0       2.7       9.5      0.74      2.00      1.00  -9999.00
     1   2005     11    2400.0      -3.3       8.6      0.48      2.00      0.00  -9999.00
     1   2005     12    2600.0       7.3      12.1      1.02      2.00      1.20  -9999.00
     1   2005     13    1800.0       3.1       5.1      0.76      2.00      0.40  -9999.00
     1   2005     14    5400.0       1.0       3.0      0.66      2.00      2.30  -9999.00
     1   2005     15    4100.0       8.6      10.6      1.12      2.00      2.20  -9999.00
     1   2005     16    2200.0      -0.8       8.8      0.58      2.00      0.50  -9999.00
     1   2005     17    1700.0       0.6      10.6      0.64      2.00     15.20  -9999.00
     1   2005     18    2600.0       7.9      12.6      1.07      2.00      4.90  -9999.00
     1   2005     19    3900.0       2.5      10.2      0.73      2.00      1.60  -9999.00
     1   2005     20    1900.0       7.4       8.8      1.03      2.00      0.00  -9999.00
     1   2005     21    2800.0       2.1       6.2      0.71      2.00      0.00  -9999.00
     1   2005     22    2300.0      -0.2       7.6      0.60      2.00      0.00  -9999.00
     1   2005     23    4400.0       3.0       5.0      0.76      2.00      0.00  -9999.00
     1   2005     24    4500.0       8.7      11.3      1.12      2.00      0.00  -9999.00
     1   2005     25    2700.0       6.0      12.5      0.93      2.00      3.70  -9999.00
     1   2005     26    2600.0       5.7      11.1      0.92      2.00      3.60  -9999.00
     1   2005     27    5800.0      -0.4      12.1      0.59      2.00      0.00  -9999.00
     1   2005     28    2300.0       4.7       8.6      0.85      2.00      4.20  -9999.00
     1   2005     29    3200.0       4.5       9.3      0.84      2.00      4.80  -9999.00
     1   2005     30    2200.0       1.7       7.1      0.69      2.00      0.50  -9999.00
     1   2005     31    3000.0      -4.0       7.2      0.45      2.00      0.00  -9999.00
     1   2005     32    2500.0       2.2       2.8      0.72      2.00      0.00  -9999.00
     1   2005     33    4000.0       5.5       8.4      0.90      2.00      5.20  -9999.00
     1   2005     34    5100.0       1.4       8.6      0.68      2.00      0.90  -9999.00
     1   2005     35    1400.0       7.1       7.7      1.01      2.00      0.60  -9999.00
     1   2005     36    6200.0       4.2       9.0      0.82      2.00      5.00  -9999.00
     1   2005     37    5100.0       2.3       4.3      0.72      2.00      0.00  -9999.00
     1   2005     38    2800.0       1.0      11.2      0.66      2.00      5.80  -9999.00
     1   2005     39    5700.0       1.4       6.7      0.68      2.00      0.00  -9999.00
     1   2005     40    4600.0       6.8      10.5      0.99      2.00      1.00  -9999.00
     1   2005     41    4100.0       2.1       9.0      0.71      2.00      3.00  -9999.00
     1   2005     42    6200.0      -1.5       9.4      0.55      2.00      0.10  -9999.00
     1   2005     43    4000.0       2.2       9.0      0.72      2.00      4.30  -9999.00
     1   2005     44    4200.0      -1.3       5.7      0.56      2.00      0.00  -9999.00
     1   2005     45    4300.0       1.7       8.9      0.69      2.00      0.00  -9999.00
     1   2005     46    7900.0      -0.4       2.4      0.59      2.00      0.00  -9999.00
     1   2005     47    3100.0       6.0       8.9      0.93      2.00      5.30  -9999.00
     1   2005     48    6400.0       0.2       3.6      0.62      2.00      3.70  -9999.00
     1   2005     49    6200.0      -0.7       6.2      0.58      2.00      0.00  -9999.00
     1   2005     50    2800.0      -3.4       9.8      0.48      2.00      0.00  -9999.00
     1   2005     51    8900.0      -0.2       6.5      0.60      2.00      0.00  -9999.00
     1   2005     52    5200.0      -0.9       7.3      0.57      2.00      0.10  -9999.00
     1   2005     53    8400.0       3.8       6.2      0.80      2.00      1.70  -9999.00
     1   2005     54    3500.0       4.0      11.1      0.81      2.00      0.40  -9999.00
     1   2005     55    3800.0       6.7      11.0      0.98      2.00      3.60  -9999.00
     1   2005     56    9300.0       3.2       7.1      0.77      2.00      0.00  -9999.00
     1   2005     57   10900.0       6.8       8.8      0.99      2.00     11.20  -9999.00
     1   2005     58    7200.0       3.0       9.8      0.76      2.00      7.80  -9999.00
     1   2005     59    5700.0       8.2      10.2      1.09      2.00      0.20  -9999.00
     1   2005     60    6700.0       5.6      11.1      0.91      2.00      9.30  -9999.00
     1   2005     61    4100.0       1.9       3.9      0.70      2.00      2.90  -9999.00
     1   2005     62    6600.0       2.8       7.7      0.75      2.00      4.30  -9999.00
     1   2005     63    7800.0       6.4      11.4      0.96      2.00      4.40  -9999.00
     1   2005     64    7000.0       5.0      10.4      0.87      2.00      5.70  -9999.00
     1   2005     65   11100.0       4.4       6.4      0.84      2.00      1.90  -9999.00
     1   2005     66    4700.0      -1.7      11.8      0.54      2.00      0.90  -9999.00
     1   2005     67    5900.0       1.7       9.4      0.69      2.00      0.00  -9999.00
     1   2005     68    7600.0       4.2       6.2      0.82      2.00      0.00  -9999.00
     1   2005     69   10000.0       7.4      12.1      1.03      2.00      0.00  -9999.00
     1   2005     70    7300.0       2.2       8.9      0.72      2.00      0.30  -9999.00
     1   2005     71   10500.0       5.3       7.3      0.89      2.00      3.80  -9999.00
     1   2005     72    3900.0       5.1       8.5      0.88      2.00      0.00  -9999.00
     1   2005     73    2200.0       7.8       8.5      1.06      2.00      4.50  -9999.00
     1   2005     74    6900.0       8.2      11.5      1.09      2.00      4.60  -9999.00
     1   2005     75   11100.0       5.0       7.2      0.87      2.00      0.00  -9999.00
     1   2005     76    8400.0       4.1      11.9      0.82      2.00      6.10  -9999.00
     1   2005     77    6600.0       0.0      10.2      0.61      2.00      0.00  -9999.00
     1   2005     78    8300.0       1.3       9.9      0.67      2.00      1.20  -9999.00
     1   2005     79    3400.0       7.7       8.8      1.05      2.00      0.20  -9999.00
     1   2005     80    8000.0       7.4       8.7      1.03      2.00      0.40  -9999.00
     1   2005     81    5100.0       8.0      10.4      1.07      2.00     10.10  -9999.00
     1   2005     82    7800.0       5.6      11.5      0.91      2.00      0.20  -9999.00
     1   2005     83   11900.0       6.8       9.1      0.99      2.00      1.90  -9999.00
     1   2005     84   10300.0       3.0      11.8      0.76      2.00      0.00  -9999.00
     1   2005     85    6500.0       6.9      12.4      0.99      2.00      0.10  -9999.00
     1   2005     86    8300.0       7.1       9.1      1.01      2.00      2.20  -9999.00
     1   2005     87   11000.0       2.4       9.8      0.73      2.00      0.90  -9999.00
     1   2005     88    8500.0       3.9       9.8      0.81      2.00      7.00  -9999.00
     1   2005     89    4100.0       6.7      12.3      0.98      2.00      0.20  -9999.00
     1   2005     90    7400.0       4.4      12.0      0.84      2.00      0.00  -9999.00
     1   2005     91   12000.0       7.1       9.9      1.01      2.00      0.50  -9999.00
     1   2005     92    9100.0       1.1       6.6      0.66      2.00      2.00  -9999.00
     1   2005     93   15900.0       5.6       7.6      0.91      2.00      4.30  -9999.00
     1   2005     94   12700.0       8.5      14.3      1.11      2.00      0.20  -9999.00
     1   2005     95    6200.0       5.8       8.6      0.92      2.00      6.70  -9999.00
     1   2005     96   16500.0       2.3       8.1      0.72      2.00      1.10  -9999.00
     1   2005     97    8600.0       3.6       9.2      0.79      2.00      3.60  -9999.00
     1   2005     98    3000.0       7.3      11.2      1.02      2.00      6.30  -9999.00
     1   2005     99   13300.0       6.0       6.7      0.93      2.00      1.70  -9999.00
     1   2005    100   11800.0       7.2      14.6      1.02      2.00     10.80  -9999.00
     1   2005    101    9800.0       4.7      12.1      0.85      2.00     13.80  -9999.00
     1   2005    102    4900.0       6.8      12.8      0.99      2.00      9.10  -9999.00
     1   2005    103    5100.0       8.2      10.5      1.09      2.00      2.20  -9999.00
     1   2005    104   10800.0       3.0      10.1      0.76      2.00      3.10  -9999.00
     1   2005    105   11800.0       7.9      10.8      1.07      2.00     11.00  -9999.00
     1   2005    106   16100.0       7.8      10.7      1.06      2.00      3.20  -9999.00
     1   2005    107   13300.0       8.5      11.8      1.11      2.00      2.20  -9999.00
     1   2005    108   18500.0       4.9      14.8      0.87      2.00      0.00  -9999.00
     1   2005    109   12700.0       5.6      15.9      0.91      2.00      0.00  -9999.00
     1   2005    110   18400.0       4.3      11.2      0.83      2.00      0.50  -9999.00
     1   2005    111   13200.0       4.7      19.7      0.85      2.00      0.00  -9999.00
     1   2005    112   16700.0       2.1      14.0      0.71      2.00      0.00  -9999.00
     1   2005    113   15800.0       2.4      11.6      0.73      2.00      0.00  -9999.00
     1   2005    114   19400.0      10.8      17.8      1.29      2.00      0.00  -9999.00
     1   2005    115   17500.0       4.1      12.0      0.82      2.00      5.90  -9999.00
     1   2005    116   15100.0       4.2      11.9      0.82      2.00      0.20  -9999.00
     1   2005    117   19400.0       1.5       7.5      0.68      2.00      2.50  -9999.00
     1   2005    118   22300.0       8.1      15.8      1.08      2.00      0.50  -9999.00
     1   2005    119   17900.0       8.7      10.2      1.12      2.00      0.20  -9999.00
     1   2005    120   15900.0       7.7      11.9      1.05      2.00      0.00  -9999.00
     1   2005    121   14800.0       2.3      14.4      0.72      2.00      0.00  -9999.00
     1   2005    122   15700.0       6.3      17.3      0.95      2.00      0.00  -9999.00
     1   2005    123   22000.0       3.2      12.5      0.77      2.00      0.00  -9999.00
     1   2005    124   13100.0       7.7      13.9      1.05      2.00      0.00  -9999.00
     1   2005    125   25800.0       7.0      14.0      1.00      2.00      0.00  -9999.00
     1   2005    126   19100.0       9.4      12.5      1.18      2.00      0.00  -9999.00
     1   2005    127   14400.0       5.4      12.8      0.90      2.00      0.10  -9999.00
     1   2005    128    8000.0       7.9      15.6      1.07      2.00      4.40  -9999.00
     1   2005    129   14800.0       7.5      15.4      1.04      2.00      1.90  -9999.00
     1   2005    130   13400.0       6.4       8.0      0.96      2.00      0.50  -9999.00
     1   2005    131    7800.0      -0.1      12.6      0.61      2.00      0.00  -9999.00
     1   2005    132   14800.0       9.2      13.6      1.16      2.00      0.00  -9999.00
     1   2005    133   20500.0       8.0      19.7      1.07      2.00      0.00  -9999.00
     1   2005    134   24000.0       7.7      17.5      1.05      2.00      0.00  -9999.00
     1   2005    135   19500.0       6.3      12.6      0.95      2.00      0.00  -9999.00
     1   2005    136   19000.0       5.7      15.1      0.92      2.00      0.00  -9999.00
     1   2005    137    8600.0       4.5      21.5      0.84      2.00      0.00  -9999.00
     1   2005    138   13200.0       9.3      16.8      1.17      2.00      0.10  -9999.00
     1   2005    139   15200.0       6.5      12.8      0.97      2.00      1.90  -9999.00
     1   2005    140   18100.0       7.7      15.1      1.05      2.00     11.50  -9999.00
     1   2005    141   12400.0       5.0      16.7      0.87      2.00      0.40  -9999.00
     1   2005    142   15600.0      10.6      12.2      1.28      2.00      6.10  -9999.00
     1   2005    143   19300.0       8.5      10.7      1.11      2.00      5.20  -9999.00
     1   2005    144    8300.0       8.5      13.7      1.11      2.00      7.80  -9999.00
     1   2005    145   17600.0       7.2      11.0      1.02      2.00      0.00  -9999.00
     1   2005    146   14500.0       4.3      11.9      0.83      2.00      2.20  -9999.00
     1   2005    147   15200.0       9.3      19.1      1.17      2.00      1.90  -9999.00
     1   2005    148    7000.0       7.3      16.1      1.02      2.00      0.70  -9999.00
     1   2005    149   15200.0      15.0      16.4      1.70      2.00      0.00  -9999.00
     1   2005    150   13400.0      11.9      23.7      1.39      2.00      0.00  -9999.00
     1   2005    151   22500.0      12.5      19.7      1.45      2.00      0.00  -9999.00
     1   2005    152   23800.0       7.9      15.3      1.07      2.00      0.70  -9999.00
     1   2005    153   17700.0       5.7      14.0      0.92      2.00      4.10  -9999.00
     1   2005    154   19600.0       6.6      16.6      0.97      2.00      0.00  -9999.00
     1   2005    155   16500.0       8.3      16.5      1.09      2.00      0.70  -9999.00
     1   2005    156   21500.0       6.9      20.5      0.99      2.00      0.00  -9999.00
     1   2005    157   18000.0       6.8      19.8      0.99      2.00      0.00  -9999.00
     1   2005    158   24900.0       5.5      18.5      0.90      2.00      0.00  -9999.00
     1   2005    159   24000.0      11.7      17.6      1.37      2.00      0.00  -9999.00
     1   2005    160   17100.0      11.9      18.5      1.39      2.00      0.00  -9999.00
     1   2005    161   18900.0       7.6      20.4      1.04      2.00      0.00  -9999.00
     1   2005    162   26300.0      11.0      19.2      1.31      2.00      0.00  -9999.00
     1   2005    163    9500.0      11.3      16.8      1.34      2.00      1.80  -9999.00
     1   2005    164    9300.0      10.8      16.2      1.29      2.00      5.30  -9999.00
     1   2005    165   13100.0       8.8      18.3      1.13      2.00      3.40  -9999.00
     1   2005    166   26300.0      13.6      24.4      1.56      2.00      0.00  -9999.00
     1   2005    167   23900.0       8.7      24.3      1.12      2.00      0.00  -9999.00
     1   2005    168   28500.0      12.0      22.5      1.40      2.00      0.00  -9999.00
     1   2005    169   25800.0       5.9      16.1      0.93      2.00      0.00  -9999.00
     1   2005    170   26500.0       7.9      16.4      1.07      2.00      0.00  -9999.00
     1   2005    171   23400.0      11.3      18.4      1.34      2.00      0.00  -9999.00
     1   2005    172   19000.0      12.0      21.9      1.40      2.00      0.00  -9999.00
     1   2005    173   12700.0       8.8      22.1      1.13      2.00      0.00  -9999.00
     1   2005    174   15200.0       7.6      16.5      1.04      2.00      0.00  -9999.00
     1   2005    175   20000.0      10.9      17.9      1.30      2.00      0.00  -9999.00
     1   2005    176   14100.0       9.4      16.8      1.18      2.00      0.00  -9999.00
     1   2005    177   23400.0       9.0      16.2      1.15      2.00      0.00  -9999.00
     1   2005    178   20700.0       8.8      16.5      1.13      2.00     44.80  -9999.00
     1   2005    179   27700.0      12.5      21.6      1.45      2.00      0.00  -9999.00
     1   2005    180   17200.0      13.2      17.2      1.52      2.00      0.70  -9999.00
     1   2005    181    9000.0      14.6      17.9      1.66      2.00      0.30  -9999.00
     1   2005    182   23600.0      11.0      17.9      1.31      2.00      0.00  -9999.00
     1   2005    183    9600.0      15.1      18.2      1.72      2.00      3.90  -9999.00
     1   2005    184   10300.0      12.4      22.8      1.44      2.00      2.50  -9999.00
     1   2005    185   13800.0      14.3      16.3      1.63      2.00     17.40  -9999.00
     1   2005    186   19800.0      11.3      20.1      1.34      2.00      0.00  -9999.00
     1   2005    187    9800.0      13.1      18.6      1.51      2.00      0.20  -9999.00
     1   2005    188   12600.0      14.3      17.2      1.63      2.00      7.00  -9999.00
     1   2005    189   18800.0      12.6      18.2      1.46      2.00      2.10  -9999.00
     1   2005    190   20700.0       9.5      19.3      1.19      2.00      0.60  -9999.00
     1   2005    191   18800.0       8.2      21.2      1.09      2.00      0.50  -9999.00
     1   2005    192   26900.0      15.7      17.2      1.78      2.00      2.90  -9999.00
     1   2005    193    9100.0      15.7      23.0      1.78      2.00      6.40  -9999.00
     1   2005    194    4300.0      12.8      18.7      1.48      2.00      2.10  -9999.00
     1   2005    195   12700.0      14.6      24.7      1.66      2.00      0.10  -9999.00
     1   2005    196   22200.0      12.0      20.0      1.40      2.00      0.00  -9999.00
     1   2005    197   20500.0      16.8      21.2      1.91      2.00      0.00  -9999.00
     1   2005    198   11300.0      10.8      18.0      1.29      2.00     11.70  -9999.00
     1   2005    199   16900.0      15.3      16.2      1.74      2.00      2.70  -9999.00
     1   2005    200   12300.0       8.5      18.1      1.11      2.00     19.50  -9999.00
     1   2005    201   18700.0      11.9      20.8      1.39      2.00     18.40  -9999.00
     1   2005    202    7400.0      16.9      16.9      1.92      2.00      3.00  -9999.00
     1   2005    203   10100.0      15.7      20.8      1.78      2.00      0.40  -9999.00
     1   2005    204   13000.0      15.1      18.1      1.72      2.00      1.10  -9999.00
     1   2005    205   10400.0      12.1      19.8      1.41      2.00     11.60  -9999.00
     1   2005    206   27500.0      12.9      18.5      1.49      2.00      0.00  -9999.00
     1   2005    207   25600.0      12.4      21.8      1.44      2.00      0.00  -9999.00
     1   2005    208   11100.0      11.1      17.0      1.32      2.00      0.10  -9999.00
     1   2005    209   14300.0      13.8      17.9      1.58      2.00      0.70  -9999.00
     1   2005    210    7400.0      15.3      16.9      1.74      2.00      0.10  -9999.00
     1   2005    211   22200.0       8.6      20.0      1.12      2.00      0.00  -9999.00
     1   2005    212   19800.0      15.3      18.5      1.74      2.00      7.30  -9999.00
     1   2005    213    9800.0      13.2      17.4      1.52      2.00      0.70  -9999.00
     1   2005    214   16400.0      10.8      20.1      1.29      2.00      0.10  -9999.00
     1   2005    215   14300.0      13.2      18.7      1.52      2.00      0.10  -9999.00
     1   2005    216   15800.0      10.6      18.2      1.28      2.00      2.90  -9999.00
     1   2005    217    8800.0      16.9      17.4      1.92      2.00      0.10  -9999.00
     1   2005    218   12900.0      13.5      20.1      1.55      2.00      0.10  -9999.00
     1   2005    219   16600.0      13.0      20.8      1.50      2.00      0.00  -9999.00
     1   2005    220   22700.0      12.0      18.8      1.40      2.00      0.10  -9999.00
     1   2005    221   14100.0      15.2      23.9      1.73      2.00      0.00  -9999.00
     1   2005    222   17600.0      13.8      20.0      1.58      2.00      0.20  -9999.00
     1   2005    223   18900.0      11.6      21.2      1.37      2.00      0.00  -9999.00
     1   2005    224   23800.0      11.9      21.8      1.39      2.00      0.00  -9999.00
     1   2005    225   22800.0      14.9      18.5      1.69      2.00      0.00  -9999.00
     1   2005    226   13700.0      16.0      16.0      1.82      2.00      0.10  -9999.00
     1   2005    227   13600.0      16.3      23.5      1.85      2.00      0.00  -9999.00
     1   2005    228    4000.0      11.4      20.6      1.35      2.00      1.80  -9999.00
     1   2005    229   22800.0      14.2      22.2      1.62      2.00      0.20  -9999.00
     1   2005    230   14200.0      11.9      26.8      1.39      2.00      0.00  -9999.00
     1   2005    231   15800.0      11.6      24.2      1.37      2.00      0.00  -9999.00
     1   2005    232   20500.0      15.2      19.8      1.73      2.00      0.00  -9999.00
     1   2005    233   10400.0      13.3      20.7      1.53      2.00      0.30  -9999.00
     1   2005    234    9000.0      10.5      18.4      1.27      2.00      0.10  -9999.00
     1   2005    235   16600.0      15.4      18.3      1.75      2.00      0.00  -9999.00
     1   2005    236    8700.0      11.7      24.9      1.37      2.00      0.00  -9999.00
     1   2005    237   13300.0      13.0      15.6      1.50      2.00      0.00  -9999.00
     1   2005    238   12900.0      13.5      24.4      1.55      2.00      0.00  -9999.00
     1   2005    239    5900.0      14.1      27.1      1.61      2.00      0.00  -9999.00
     1   2005    240   15700.0      15.5      18.0      1.76      2.00      0.00  -9999.00
     1   2005    241   13300.0      12.0      19.2      1.40      2.00      0.00  -9999.00
     1   2005    242    6100.0      14.5      20.0      1.65      2.00      0.10  -9999.00
     1   2005    243   15600.0      12.0      16.5      1.40      2.00      0.00  -9999.00
     1   2005    244   12400.0      13.6      14.8      1.56      2.00      0.00  -9999.00
     1   2005    245   15500.0      15.1      20.9      1.72      2.00     38.20  -9999.00
     1   2005    246   18100.0      11.7      20.8      1.37      2.00      0.00  -9999.00
     1   2005    247    9400.0       9.5      19.7      1.19      2.00      0.00  -9999.00
     1   2005    248   11300.0      11.0      20.3      1.31      2.00      0.00  -9999.00
     1   2005    249   10300.0      14.8      20.7      1.68      2.00      0.00  -9999.00
     1   2005    250    9900.0       9.9      19.1      1.22      2.00      0.00  -9999.00
     1   2005    251   16700.0       8.0      14.5      1.07      2.00      0.00  -9999.00
     1   2005    252   19100.0      15.5      16.6      1.76      2.00      0.00  -9999.00
     1   2005    253   15400.0       8.6      18.0      1.12      2.00      0.00  -9999.00
     1   2005    254   12900.0      15.7      15.9      1.78      2.00      0.00  -9999.00
     1   2005    255   13000.0      12.9      20.2      1.49      2.00      0.10  -9999.00
     1   2005    256    5600.0      12.3      16.9      1.43      2.00      3.80  -9999.00
     1   2005    257   16700.0      12.0      20.0      1.40      2.00      0.00  -9999.00
     1   2005    258   12100.0       9.6      17.4      1.20      2.00      0.00  -9999.00
     1   2005    259   12700.0      13.2      22.2      1.52      2.00      0.00  -9999.00
     1   2005    260   15300.0       6.8      18.5      0.99      2.00      0.00  -9999.00
     1   2005    261   11200.0       5.8      16.4      0.92      2.00      0.00  -9999.00
     1   2005    262   10900.0       9.8      19.8      1.21      2.00      0.10  -9999.00
     1   2005    263    8500.0       7.3      19.4      1.02      2.00     12.80  -9999.00
     1   2005    264   16000.0      11.5      18.0      1.36      2.00     27.40  -9999.00
     1   2005    265    5800.0       9.2      17.0      1.16      2.00      3.90  -9999.00
     1   2005    266    8900.0      12.9      14.0      1.49      2.00      0.10  -9999.00
     1   2005    267   10800.0      10.8      17.8      1.29      2.00      0.00  -9999.00
     1   2005    268   13200.0      11.0      15.0      1.31      2.00      0.00  -9999.00
     1   2005    269    8800.0       3.4      17.9      0.78      2.00      0.00  -9999.00
     1   2005    270    9800.0      13.7      16.2      1.57      2.00      0.00  -9999.00
     1   2005    271    8300.0       9.8      13.6      1.21      2.00      0.00  -9999.00
     1   2005    272   14400.0       4.9      14.0      0.87      2.00      0.00  -9999.00
     1   2005    273    5600.0      11.6      14.8      1.37      2.00      0.00  -9999.00
     1   2005    274    9700.0       5.0      16.8      0.87      2.00      0.00  -9999.00
     1   2005    275    6900.0      10.4      15.1      1.26      2.00      0.00  -9999.00
     1   2005    276    8400.0       7.1      13.1      1.01      2.00      3.20  -9999.00
     1   2005    277    7200.0      12.7      13.2      1.47      2.00      4.60  -9999.00
     1   2005    278    5300.0      11.5      13.7      1.36      2.00     54.80  -9999.00
     1   2005    279    3500.0       9.1      16.2      1.16      2.00      6.60  -9999.00
     1   2005    280    6100.0       3.7      13.4      0.80      2.00      9.80  -9999.00
     1   2005    281    5800.0       7.3      12.9      1.02      2.00     26.90  -9999.00
     1   2005    282    9100.0       8.5      16.9      1.11      2.00     10.50  -9999.00
     1   2005    283    1800.0       9.7      14.8      1.20      2.00      0.80  -9999.00
     1   2005    284    6100.0      11.4      12.8      1.35      2.00      4.90  -9999.00
     1   2005    285    5300.0       9.5      15.6      1.19      2.00      0.10  -9999.00
     1   2005    286    4300.0      10.0      12.6      1.23      2.00      9.70  -9999.00
     1   2005    287    2700.0       8.4      14.9      1.10      2.00      0.10  -9999.00
     1   2005    288    6000.0       6.2      18.1      0.95      2.00      0.10  -9999.00
     1   2005    289    8400.0      12.9      15.2      1.49      2.00      0.10  -9999.00
     1   2005    290    5300.0       7.4      15.5      1.03      2.00      0.20  -9999.00
     1   2005    291    3400.0      11.4      14.8      1.35      2.00      8.50  -9999.00
     1   2005    292    4700.0       7.5      14.2      1.04      2.00     17.90  -9999.00
     1   2005    293    8100.0       7.9       9.5      1.07      2.00      0.00  -9999.00
     1   2005    294    8400.0      10.3      13.1      1.25      2.00      0.00  -9999.00
     1   2005    295    7300.0       4.4      16.6      0.84      2.00      0.00  -9999.00
     1   2005    296    4400.0       9.8      11.7      1.21      2.00     14.80  -9999.00
     1   2005    297    4900.0       8.2      11.8      1.09      2.00      0.00  -9999.00
     1   2005    298    8200.0       1.1      12.3      0.66      2.00      0.00  -9999.00
     1   2005    299    4800.0      10.1      14.0      1.24      2.00      3.00  -9999.00
     1   2005    300    5500.0       5.1      11.2      0.88      2.00      0.00  -9999.00
     1   2005    301    7600.0       7.7      11.0      1.05      2.00      0.00  -9999.00
     1   2005    302    3700.0       6.7      10.1      0.98      2.00      0.00  -9999.00
     1   2005    303    6800.0       6.7      14.2      0.98      2.00      0.10  -9999.00
     1   2005    304    1800.0       2.0      13.3      0.71      2.00     28.90  -9999.00
     1   2005    305    4700.0       4.4      12.9      0.84      2.00      2.10  -9999.00
     1   2005    306    4900.0      13.1      13.5      1.51      2.00     14.50  -9999.00
     1   2005    307    2300.0       3.4      12.8      0.78      2.00     13.80  -9999.00
     1   2005    308    2300.0       9.3      11.3      1.17      2.00     10.20  -9999.00
     1   2005    309    1100.0       9.4      11.4      1.18      2.00      6.70  -9999.00
     1   2005    310    5700.0       2.3      10.7      0.72      2.00      0.00  -9999.00
     1   2005    311    4400.0       8.7      14.0      1.12      2.00      1.10  -9999.00
     1   2005    312    5100.0       5.3       9.3      0.89      2.00      0.30  -9999.00
     1   2005    313    2000.0      11.2      11.2      1.33      2.00     18.00  -9999.00
     1   2005    314    2500.0       7.0      12.7      1.00      2.00      0.90  -9999.00
     1   2005    315    2700.0       9.8      13.9      1.21      2.00      1.90  -9999.00
     1   2005    316    4100.0       8.4      10.4      1.10      2.00      9.30  -9999.00
     1   2005    317    4400.0       6.3      12.1      0.95      2.00      0.00  -9999.00
     1   2005    318    2400.0       8.1      13.5      1.08      2.00      5.40  -9999.00
     1   2005    319    2900.0       5.0      13.1      0.87      2.00      0.80  -9999.00
     1   2005    320    2000.0      10.2      13.6      1.24      2.00      9.00  -9999.00
     1   2005    321    3100.0       1.7      11.5      0.69      2.00      1.60  -9999.00
     1   2005    322    4700.0      -2.8       5.8      0.50      2.00      0.00  -9999.00
     1   2005    323    2700.0       3.2      11.9      0.77      2.00      1.00  -9999.00
     1   2005    324    3800.0      -3.8       7.8      0.46      2.00      0.20  -9999.00
     1   2005    325    2100.0       6.7      11.0      0.98      2.00      0.20  -9999.00
     1   2005    326    5500.0       2.8       9.1      0.75      2.00      0.00  -9999.00
     1   2005    327    3400.0      -4.6       9.3      0.43      2.00      0.00  -9999.00
     1   2005    328    4700.0       8.0       9.1      1.07      2.00      0.00  -9999.00
     1   2005    329    2300.0       2.5       8.9      0.73      2.00      0.00  -9999.00
     1   2005    330    1700.0       1.3       7.5      0.67      2.00      0.00  -9999.00
     1   2005    331    2900.0       9.9      11.9      1.22      2.00      0.50  -9999.00
     1   2005    332    2000.0       9.7      10.8      1.20      2.00      2.90  -9999.00
     1   2005    333    2700.0       3.1      12.1      0.76      2.00      0.20  -9999.00
     1   2005    334    2600.0       7.4       9.8      1.03      2.00      4.90  -9999.00
     1   2005    335    1800.0       6.7       8.7      0.98      2.00      0.10  -9999.00
     1   2005    336    1600.0       4.1       6.1      0.82      2.00      0.00  -9999.00
     1   2005    337    1500.0       6.6       7.8      0.97      2.00      0.70  -9999.00
     1   2005    338    2900.0       2.8      11.8      0.75      2.00      0.10  -9999.00
     1   2005    339    1400.0       6.7      12.1      0.98      2.00      0.00  -9999.00
     1   2005    340    2600.0       7.0      10.2      1.00      2.00      0.00  -9999.00
     1   2005    341    1600.0       3.6       5.6      0.79      2.00      1.10  -9999.00
     1   2005    342    2100.0       6.1      12.6      0.94      2.00      5.30  -9999.00
     1   2005    343    1500.0       3.5       6.7      0.78      2.00      0.10  -9999.00
     1   2005    344     700.0      -0.7      11.0      0.58      2.00     14.20  -9999.00
     1   2005    345    4000.0       5.6      13.2      0.91      2.00      0.20  -9999.00
     1   2005    346    1500.0       5.0       6.7      0.87      2.00      3.70  -9999.00
     1   2005    347    2400.0       8.2      11.3      1.09      2.00      4.10  -9999.00
     1   2005    348    1500.0       8.4       9.2      1.10      2.00      6.50  -9999.00
     1   2005    349    2100.0       5.2       7.6      0.88      2.00      2.20  -9999.00
     1   2005    350    2100.0       0.8       2.8      0.65      2.00      0.10  -9999.00
     1   2005    351    3100.0       3.2       9.5      0.77      2.00     13.00  -9999.00
     1   2005    352     700.0       5.3      10.6      0.89      2.00      3.10  -9999.00
     1   2005    353    2500.0       8.6       9.9      1.12      2.00     12.00  -9999.00
     1   2005    354    2300.0       4.5       7.5      0.84      2.00      0.30  -9999.00
     1   2005    355    1000.0       2.0       5.3      0.71      2.00      0.00  -9999.00
     1   2005    356    2500.0       3.0       9.0      0.76      2.00      0.70  -9999.00
     1   2005    357     900.0       7.5       9.5      1.04      2.00      4.70  -9999.00
     1   2005    358    2600.0       6.4       8.2      0.96      2.00      0.00  -9999.00
     1   2005    359    2000.0       1.2       4.4      0.67      2.00      0.00  -9999.00
     1   2005    360    2500.0       4.1       6.1      0.82      2.00      8.50  -9999.00
     1   2005    361    2500.0       4.2      10.7      0.82      2.00      6.90  -9999.00
     1   2005    362    2000.0       4.7       8.3      0.85      2.00      0.00  -9999.00
     1   2005    363    2900.0      -1.1       7.2      0.56      2.00     14.20  -9999.00
     1   2005    364    3900.0       8.5       9.7      1.11      2.00      0.00  -9999.00
     1   2005    365     700.0       5.1       5.5      0.88      2.00      0.00  -9999.00
