*-----------------------------------------------------------------------------* 
           CNWG_99.met            51.48   -3.55   69.72
* Date created:  08-Aug-2019     Author: K Coleman 
* 
* NIL VALUE       -9999 
* Source:   data provided by M. Semenov 
*  
* Latitude:    51.48 Longitude:    -3.55 Altitude:    69.72
* 
* Column  Daily value 
* 1       station number 
* 2       year 
* 3       day 
* 4       irradiation                   (kJ m-2 d-1) 
* 5       minimum temperature           (degrees Celsius) 
* 6       maximum temperature           (degrees Celsius) 
* 7       early morning vapour pressure (kPa)             
* 8       mean wind speed (height: 2 m?) (m s-1)          
* 9       precipitation                 (mm d-1)          
* 10      sunshine                      (hrs)             
 		Jday	RAD	    TMIN	TMAX	 VAP	wind	RAIN	SUN  
               kj/m2	°C	    °C	     kPa	m/s	    mm	    hrs 
   51.48  69.72
     1   2005      1    1600.0       2.5       7.6      0.73      2.00      2.00  -9999.00
     1   2005      2    1000.0       1.2      10.0      0.67      2.00     10.10  -9999.00
     1   2005      3     700.0      -0.4       6.4      0.59      2.00      0.00  -9999.00
     1   2005      4    2800.0      -3.5       3.8      0.47      2.00      0.00  -9999.00
     1   2005      5    2600.0       2.0       8.9      0.71      2.00      1.20  -9999.00
     1   2005      6     700.0      -1.3       4.2      0.56      2.00      0.00  -9999.00
     1   2005      7    4100.0       7.5      11.7      1.04      2.00      1.20  -9999.00
     1   2005      8    1700.0       8.6      10.6      1.12      2.00      4.70  -9999.00
     1   2005      9    1900.0       8.1      10.1      1.08      2.00      2.10  -9999.00
     1   2005     10    3500.0      -0.1       7.5      0.61      2.00      5.70  -9999.00
     1   2005     11    2900.0       1.1      11.8      0.66      2.00      6.50  -9999.00
     1   2005     12    1800.0       4.7       6.7      0.85      2.00      6.00  -9999.00
     1   2005     13    1700.0       9.2      11.6      1.16      2.00      3.70  -9999.00
     1   2005     14    4000.0       0.5       2.5      0.63      2.00      0.40  -9999.00
     1   2005     15    1600.0      -3.8      10.1      0.46      2.00      0.40  -9999.00
     1   2005     16    4300.0       8.0      10.0      1.07      2.00      9.00  -9999.00
     1   2005     17    2400.0       5.4       7.4      0.90      2.00      0.30  -9999.00
     1   2005     18    1400.0       5.6       8.5      0.91      2.00      0.30  -9999.00
     1   2005     19     900.0       4.1       6.1      0.82      2.00     14.00  -9999.00
     1   2005     20    3900.0       6.3       8.8      0.95      2.00     17.40  -9999.00
     1   2005     21    2100.0       1.3       8.0      0.67      2.00      0.60  -9999.00
     1   2005     22    3200.0       3.1      12.2      0.76      2.00     34.20  -9999.00
     1   2005     23    4600.0       6.6      11.1      0.97      2.00      0.30  -9999.00
     1   2005     24    4900.0       3.0       3.7      0.76      2.00      0.00  -9999.00
     1   2005     25    1500.0       5.1       8.0      0.88      2.00      0.30  -9999.00
     1   2005     26    2500.0       8.3      10.3      1.09      2.00     10.10  -9999.00
     1   2005     27    2100.0       6.5      10.2      0.97      2.00     10.10  -9999.00
     1   2005     28    5200.0       0.2      11.6      0.62      2.00      3.00  -9999.00
     1   2005     29    3800.0       6.1       8.8      0.94      2.00      0.40  -9999.00
     1   2005     30    2400.0       9.4      11.4      1.18      2.00      1.10  -9999.00
     1   2005     31    7100.0       4.4       8.4      0.84      2.00      1.20  -9999.00
     1   2005     32    1100.0       1.2       6.4      0.67      2.00      1.00  -9999.00
     1   2005     33    6300.0       3.4       5.4      0.78      2.00      9.90  -9999.00
     1   2005     34    4400.0       3.4       6.4      0.78      2.00      0.30  -9999.00
     1   2005     35    2700.0       3.9       7.7      0.81      2.00      0.00  -9999.00
     1   2005     36    5000.0       0.7      10.5      0.64      2.00      1.80  -9999.00
     1   2005     37    4100.0      -3.4       9.3      0.48      2.00      1.00  -9999.00
     1   2005     38    6800.0       3.3      10.2      0.77      2.00      0.00  -9999.00
     1   2005     39    2700.0       1.4       8.5      0.68      2.00      0.00  -9999.00
     1   2005     40    3900.0      -3.0       9.2      0.49      2.00      0.00  -9999.00
     1   2005     41    7400.0       7.2      11.0      1.02      2.00      0.00  -9999.00
     1   2005     42    8500.0       6.9      11.2      0.99      2.00      1.10  -9999.00
     1   2005     43    3000.0       2.4      10.3      0.73      2.00      0.20  -9999.00
     1   2005     44    6500.0       1.4       3.9      0.68      2.00      0.40  -9999.00
     1   2005     45    3000.0       1.0       6.4      0.66      2.00      2.00  -9999.00
     1   2005     46    3700.0      -2.1       5.7      0.52      2.00      0.00  -9999.00
     1   2005     47    1400.0       0.2      10.4      0.62      2.00      3.20  -9999.00
     1   2005     48    3300.0       3.7       7.9      0.80      2.00      0.30  -9999.00
     1   2005     49    7700.0       3.8       5.8      0.80      2.00     11.00  -9999.00
     1   2005     50    3900.0       4.3       7.3      0.83      2.00      7.90  -9999.00
     1   2005     51    2600.0       5.6       8.3      0.91      2.00      2.30  -9999.00
     1   2005     52    7500.0       5.1       8.0      0.88      2.00      1.10  -9999.00
     1   2005     53    2500.0      -0.4       0.1      0.59      2.00      0.30  -9999.00
     1   2005     54    5600.0       5.7       8.8      0.92      2.00      2.00  -9999.00
     1   2005     55    7000.0       2.4      10.2      0.73      2.00      7.70  -9999.00
     1   2005     56    8300.0       5.5       8.0      0.90      2.00      4.60  -9999.00
     1   2005     57    2800.0       3.5      10.2      0.78      2.00      2.50  -9999.00
     1   2005     58    4000.0       6.0      11.2      0.93      2.00      2.20  -9999.00
     1   2005     59    5900.0       1.5       7.4      0.68      2.00      3.00  -9999.00
     1   2005     60    2800.0       5.1       7.1      0.88      2.00     10.40  -9999.00
     1   2005     61    6100.0       3.1       5.1      0.76      2.00     19.00  -9999.00
     1   2005     62    7600.0       4.3       9.1      0.83      2.00      4.20  -9999.00
     1   2005     63    7300.0       4.2      11.8      0.82      2.00      8.70  -9999.00
     1   2005     64    6000.0       3.7      12.4      0.80      2.00      1.70  -9999.00
     1   2005     65    4400.0       1.9       5.1      0.70      2.00      0.00  -9999.00
     1   2005     66   10100.0       5.0      10.8      0.87      2.00      3.20  -9999.00
     1   2005     67    7300.0       3.1       5.9      0.76      2.00      0.90  -9999.00
     1   2005     68    4900.0       7.8      10.0      1.06      2.00      0.90  -9999.00
     1   2005     69    7200.0      -0.2       6.6      0.60      2.00      0.00  -9999.00
     1   2005     70   10400.0       0.2       6.6      0.62      2.00      0.00  -9999.00
     1   2005     71    9200.0       8.4       9.7      1.10      2.00      0.00  -9999.00
     1   2005     72   11600.0       4.0       8.7      0.81      2.00      7.70  -9999.00
     1   2005     73   12400.0       4.9      15.0      0.87      2.00      6.90  -9999.00
     1   2005     74   14100.0       1.2      13.5      0.67      2.00      0.00  -9999.00
     1   2005     75    8200.0       1.6       4.4      0.69      2.00      1.90  -9999.00
     1   2005     76    9800.0       8.2      10.1      1.09      2.00      2.60  -9999.00
     1   2005     77    8000.0       5.0       7.0      0.87      2.00      5.10  -9999.00
     1   2005     78    8200.0       1.2      10.2      0.67      2.00      0.20  -9999.00
     1   2005     79   12400.0       3.8       6.4      0.80      2.00      0.30  -9999.00
     1   2005     80    8900.0       7.0      13.2      1.00      2.00      0.00  -9999.00
     1   2005     81    6000.0       6.2      10.0      0.95      2.00      0.20  -9999.00
     1   2005     82    8200.0       0.3       9.9      0.62      2.00      0.10  -9999.00
     1   2005     83   15300.0      -1.2      18.9      0.56      2.00      0.00  -9999.00
     1   2005     84    6700.0       8.7      12.4      1.12      2.00      1.50  -9999.00
     1   2005     85   13600.0      -1.2      12.0      0.56      2.00      4.00  -9999.00
     1   2005     86   17300.0       4.2      10.4      0.82      2.00      0.70  -9999.00
     1   2005     87   13100.0       6.9       8.9      0.99      2.00      2.40  -9999.00
     1   2005     88   14900.0       7.2      14.7      1.02      2.00      0.00  -9999.00
     1   2005     89   13700.0       2.5      10.3      0.73      2.00      7.10  -9999.00
     1   2005     90    6200.0       0.9      10.4      0.65      2.00      0.10  -9999.00
     1   2005     91    7300.0       5.1      10.0      0.88      2.00      4.50  -9999.00
     1   2005     92   11500.0      -0.4       8.8      0.59      2.00      0.00  -9999.00
     1   2005     93    3600.0       3.6      12.4      0.79      2.00      3.20  -9999.00
     1   2005     94    6300.0       0.4       8.2      0.63      2.00     13.00  -9999.00
     1   2005     95    7800.0       5.1       8.6      0.88      2.00      3.00  -9999.00
     1   2005     96    9900.0       5.0      13.1      0.87      2.00      0.80  -9999.00
     1   2005     97   17000.0       5.5      11.4      0.90      2.00      0.00  -9999.00
     1   2005     98   16900.0       2.6      12.5      0.74      2.00      0.00  -9999.00
     1   2005     99   16300.0       5.4       9.8      0.90      2.00      0.00  -9999.00
     1   2005    100   10800.0       8.1      11.2      1.08      2.00      1.70  -9999.00
     1   2005    101   21200.0      -1.3      13.4      0.56      2.00      0.60  -9999.00
     1   2005    102   19600.0       5.0      15.0      0.87      2.00      0.00  -9999.00
     1   2005    103   17200.0       6.2      10.1      0.95      2.00      0.00  -9999.00
     1   2005    104   18300.0       3.9      13.2      0.81      2.00     13.30  -9999.00
     1   2005    105   12100.0       9.0      10.1      1.15      2.00      2.10  -9999.00
     1   2005    106   17900.0       3.3       9.5      0.77      2.00      0.50  -9999.00
     1   2005    107   10700.0       2.2      15.0      0.72      2.00      0.00  -9999.00
     1   2005    108   16000.0       5.9       7.9      0.93      2.00      3.10  -9999.00
     1   2005    109   20600.0       8.3       9.5      1.09      2.00      3.40  -9999.00
     1   2005    110   22600.0       8.0      12.7      1.07      2.00      0.50  -9999.00
     1   2005    111   12800.0       7.0      14.9      1.00      2.00      2.10  -9999.00
     1   2005    112    9000.0       5.1      11.6      0.88      2.00      1.10  -9999.00
     1   2005    113   10300.0       6.7      12.8      0.98      2.00     23.00  -9999.00
     1   2005    114    8400.0       7.0      11.1      1.00      2.00      2.80  -9999.00
     1   2005    115   13300.0       6.4      15.3      0.96      2.00      0.50  -9999.00
     1   2005    116    9400.0       5.7      10.2      0.92      2.00      7.10  -9999.00
     1   2005    117    9300.0       4.0      11.2      0.81      2.00      6.30  -9999.00
     1   2005    118   13700.0       2.7       9.7      0.74      2.00      0.00  -9999.00
     1   2005    119   20800.0       7.0      16.8      1.00      2.00      0.00  -9999.00
     1   2005    120   10100.0       8.2      14.0      1.09      2.00      0.00  -9999.00
     1   2005    121   19200.0      11.4      13.4      1.35      2.00      0.00  -9999.00
     1   2005    122   20300.0       5.8      17.9      0.92      2.00      0.00  -9999.00
     1   2005    123   15600.0       3.9      14.3      0.81      2.00      0.00  -9999.00
     1   2005    124   13900.0       2.1      13.2      0.71      2.00      0.00  -9999.00
     1   2005    125   23300.0       6.9      15.0      0.99      2.00      0.00  -9999.00
     1   2005    126   19300.0      12.3      14.9      1.43      2.00      0.00  -9999.00
     1   2005    127   20600.0       0.0      14.4      0.61      2.00      0.00  -9999.00
     1   2005    128    9800.0      12.7      13.6      1.47      2.00     14.60  -9999.00
     1   2005    129   14500.0       8.2      11.2      1.09      2.00      0.50  -9999.00
     1   2005    130   20900.0       9.4      13.5      1.18      2.00      0.30  -9999.00
     1   2005    131   15900.0      10.5      12.3      1.27      2.00      0.80  -9999.00
     1   2005    132   17600.0       7.5      12.6      1.04      2.00      2.90  -9999.00
     1   2005    133   20900.0       6.2      15.7      0.95      2.00      0.00  -9999.00
     1   2005    134   24200.0       6.0      13.8      0.93      2.00      0.00  -9999.00
     1   2005    135   23700.0       4.5      17.5      0.84      2.00      0.00  -9999.00
     1   2005    136   22600.0       4.6      21.1      0.85      2.00      0.00  -9999.00
     1   2005    137   24300.0      11.5      13.5      1.36      2.00      0.00  -9999.00
     1   2005    138   20100.0       2.0      15.6      0.71      2.00     10.70  -9999.00
     1   2005    139   10200.0      10.2      12.5      1.24      2.00      1.70  -9999.00
     1   2005    140   10500.0       9.1      11.1      1.16      2.00      6.40  -9999.00
     1   2005    141   27200.0       3.3      16.6      0.77      2.00      0.00  -9999.00
     1   2005    142   19400.0      11.0      21.4      1.31      2.00      0.00  -9999.00
     1   2005    143   18300.0      13.3      15.4      1.53      2.00      0.00  -9999.00
     1   2005    144   15100.0       6.6      14.0      0.97      2.00      2.20  -9999.00
     1   2005    145   13500.0       9.9      15.8      1.22      2.00      3.90  -9999.00
     1   2005    146    9000.0       9.7      14.7      1.20      2.00      0.30  -9999.00
     1   2005    147   17400.0       9.5      15.6      1.19      2.00      0.00  -9999.00
     1   2005    148   23200.0       2.5      15.5      0.73      2.00      0.00  -9999.00
     1   2005    149   22400.0       7.3      23.7      1.02      2.00      0.00  -9999.00
     1   2005    150   19800.0      16.1      16.7      1.83      2.00      0.00  -9999.00
     1   2005    151   11300.0       7.8      23.0      1.06      2.00      0.00  -9999.00
     1   2005    152   17800.0      14.4      16.8      1.64      2.00      0.00  -9999.00
     1   2005    153   20200.0       8.1      14.6      1.08      2.00      0.00  -9999.00
     1   2005    154   14300.0       9.8      14.6      1.21      2.00      0.00  -9999.00
     1   2005    155   10400.0      11.0      16.6      1.31      2.00      0.00  -9999.00
     1   2005    156   13800.0       4.8      22.0      0.86      2.00      0.00  -9999.00
     1   2005    157   26100.0      11.3      19.3      1.34      2.00      0.00  -9999.00
     1   2005    158   20800.0      11.2      15.6      1.33      2.00      3.10  -9999.00
     1   2005    159   27900.0      15.5      25.8      1.76      2.00      0.00  -9999.00
     1   2005    160   18700.0       4.5      14.9      0.84      2.00      0.00  -9999.00
     1   2005    161   15600.0      12.6      15.4      1.46      2.00      0.80  -9999.00
     1   2005    162   23800.0      14.8      19.2      1.68      2.00      0.00  -9999.00
     1   2005    163   13000.0       7.3      16.8      1.02      2.00     14.10  -9999.00
     1   2005    164   28400.0      14.5      20.0      1.65      2.00      0.00  -9999.00
     1   2005    165   12000.0      15.1      19.4      1.72      2.00      0.20  -9999.00
     1   2005    166   23400.0      11.8      19.4      1.38      2.00      0.00  -9999.00
     1   2005    167   15600.0      10.0      21.5      1.23      2.00      0.00  -9999.00
     1   2005    168   18200.0      12.9      20.1      1.49      2.00      0.00  -9999.00
     1   2005    169   13900.0      14.7      21.3      1.67      2.00      0.00  -9999.00
     1   2005    170    9600.0       8.8      23.8      1.13      2.00      0.00  -9999.00
     1   2005    171   18000.0      15.1      22.2      1.72      2.00      0.00  -9999.00
     1   2005    172   27000.0      11.4      19.9      1.35      2.00      0.00  -9999.00
     1   2005    173   18800.0      14.8      16.8      1.68      2.00      2.50  -9999.00
     1   2005    174   12800.0      11.0      17.7      1.31      2.00      0.10  -9999.00
     1   2005    175   12300.0       6.7      16.9      0.98      2.00     18.30  -9999.00
     1   2005    176    9000.0      12.1      17.6      1.41      2.00     13.30  -9999.00
     1   2005    177    9300.0      10.3      16.4      1.25      2.00      4.70  -9999.00
     1   2005    178   13700.0       7.0      17.9      1.00      2.00      3.00  -9999.00
     1   2005    179    5700.0      14.6      19.7      1.66      2.00      5.10  -9999.00
     1   2005    180   11200.0      11.8      15.5      1.38      2.00      5.80  -9999.00
     1   2005    181   20400.0      12.8      18.5      1.48      2.00      9.30  -9999.00
     1   2005    182   14800.0       7.4      15.6      1.03      2.00      0.20  -9999.00
     1   2005    183   28100.0      13.4      24.7      1.54      2.00      0.00  -9999.00
     1   2005    184   14300.0      12.9      19.7      1.49      2.00      4.30  -9999.00
     1   2005    185   20100.0       9.2      21.9      1.16      2.00      0.00  -9999.00
     1   2005    186   16200.0      11.1      28.9      1.32      2.00      0.00  -9999.00
     1   2005    187   23000.0      10.8      21.4      1.29      2.00      0.00  -9999.00
     1   2005    188   18000.0      11.4      19.7      1.35      2.00      0.00  -9999.00
     1   2005    189   22500.0      14.0      15.9      1.60      2.00      0.00  -9999.00
     1   2005    190    6400.0      11.6      29.0      1.37      2.00      0.10  -9999.00
     1   2005    191   13200.0      13.3      17.3      1.53      2.00      0.90  -9999.00
     1   2005    192   22800.0      16.9      21.8      1.92      2.00      0.00  -9999.00
     1   2005    193   23700.0      12.6      22.5      1.46      2.00     17.10  -9999.00
     1   2005    194   16000.0      14.3      16.5      1.63      2.00      3.80  -9999.00
     1   2005    195   10600.0      11.5      17.0      1.36      2.00      1.20  -9999.00
     1   2005    196   18900.0      12.3      18.1      1.43      2.00      3.00  -9999.00
     1   2005    197   17600.0      10.0      15.9      1.23      2.00      0.00  -9999.00
     1   2005    198   16100.0      13.4      18.9      1.54      2.00      0.30  -9999.00
     1   2005    199   21100.0      14.8      20.1      1.68      2.00      0.50  -9999.00
     1   2005    200   28700.0      10.7      19.9      1.29      2.00      0.00  -9999.00
     1   2005    201   20300.0       8.7      28.2      1.12      2.00      0.10  -9999.00
     1   2005    202    4500.0      14.0      23.1      1.60      2.00     15.80  -9999.00
     1   2005    203   11100.0      12.7      16.2      1.47      2.00      3.10  -9999.00
     1   2005    204   15200.0       9.1      20.1      1.16      2.00      0.90  -9999.00
     1   2005    205   11900.0      15.1      19.6      1.72      2.00     12.10  -9999.00
     1   2005    206   23900.0       9.6      18.1      1.20      2.00      0.40  -9999.00
     1   2005    207   19500.0      11.8      25.3      1.38      2.00      0.60  -9999.00
     1   2005    208   19900.0      13.1      21.7      1.51      2.00      8.20  -9999.00
     1   2005    209   11900.0      12.8      16.2      1.48      2.00     16.60  -9999.00
     1   2005    210   15600.0      17.0      23.0      1.94      2.00      0.00  -9999.00
     1   2005    211   11900.0      13.4      21.2      1.54      2.00      0.80  -9999.00
     1   2005    212   18300.0      15.5      18.9      1.76      2.00     28.30  -9999.00
     1   2005    213    9800.0       7.8      20.6      1.06      2.00      0.00  -9999.00
     1   2005    214   16200.0      14.1      19.7      1.61      2.00      0.60  -9999.00
     1   2005    215    9800.0      15.7      20.4      1.78      2.00      0.10  -9999.00
     1   2005    216   16500.0      13.8      19.4      1.58      2.00      0.70  -9999.00
     1   2005    217   24100.0      13.3      21.9      1.53      2.00      0.00  -9999.00
     1   2005    218   21700.0      10.0      28.6      1.23      2.00      0.00  -9999.00
     1   2005    219   21700.0      13.4      20.0      1.54      2.00      0.00  -9999.00
     1   2005    220   16800.0      13.2      28.8      1.52      2.00      0.00  -9999.00
     1   2005    221   14500.0      13.0      19.3      1.50      2.00      3.50  -9999.00
     1   2005    222    8400.0      12.2      23.1      1.42      2.00      3.90  -9999.00
     1   2005    223   25300.0      13.4      26.5      1.54      2.00      0.00  -9999.00
     1   2005    224   20400.0      10.1      18.9      1.24      2.00      0.00  -9999.00
     1   2005    225   11900.0      14.6      18.9      1.66      2.00      0.30  -9999.00
     1   2005    226   12500.0      13.0      18.5      1.50      2.00      0.00  -9999.00
     1   2005    227   23500.0      16.5      20.5      1.88      2.00      0.00  -9999.00
     1   2005    228   13000.0      11.8      20.1      1.38      2.00      1.60  -9999.00
     1   2005    229   19100.0       9.9      23.7      1.22      2.00      0.00  -9999.00
     1   2005    230    7000.0      14.0      16.5      1.60      2.00      0.00  -9999.00
     1   2005    231    9800.0      10.9      17.1      1.30      2.00      0.60  -9999.00
     1   2005    232   12000.0      14.5      15.6      1.65      2.00     11.50  -9999.00
     1   2005    233   11900.0       8.5      21.3      1.11      2.00      0.20  -9999.00
     1   2005    234   11400.0      14.3      18.0      1.63      2.00      2.10  -9999.00
     1   2005    235   13800.0      15.4      17.1      1.75      2.00      7.30  -9999.00
     1   2005    236   18000.0      12.1      20.4      1.41      2.00      0.00  -9999.00
     1   2005    237   18400.0      14.4      20.6      1.64      2.00      0.00  -9999.00
     1   2005    238    7900.0      11.7      20.2      1.37      2.00      2.70  -9999.00
     1   2005    239    7200.0      14.1      19.4      1.61      2.00     14.90  -9999.00
     1   2005    240   11300.0      15.4      20.2      1.75      2.00      8.80  -9999.00
     1   2005    241   18300.0      14.5      17.6      1.65      2.00      2.90  -9999.00
     1   2005    242   12600.0       7.4      18.3      1.03      2.00     15.10  -9999.00
     1   2005    243   17300.0      13.7      19.2      1.57      2.00      0.00  -9999.00
     1   2005    244   20900.0      13.6      17.2      1.56      2.00      0.00  -9999.00
     1   2005    245   11100.0      12.5      21.4      1.45      2.00      1.30  -9999.00
     1   2005    246   10700.0       6.0      15.7      0.93      2.00      0.00  -9999.00
     1   2005    247    6600.0      11.8      16.2      1.38      2.00      0.10  -9999.00
     1   2005    248    6400.0      12.8      17.9      1.48      2.00      1.30  -9999.00
     1   2005    249    5700.0      13.1      14.6      1.51      2.00      0.20  -9999.00
     1   2005    250   11300.0      12.2      20.5      1.42      2.00      0.00  -9999.00
     1   2005    251   11400.0       9.5      16.7      1.19      2.00      0.00  -9999.00
     1   2005    252    7700.0      12.4      17.9      1.44      2.00      7.60  -9999.00
     1   2005    253   12000.0      14.8      19.4      1.68      2.00      6.10  -9999.00
     1   2005    254    9100.0      14.0      15.7      1.60      2.00      3.90  -9999.00
     1   2005    255   10500.0      14.3      18.1      1.63      2.00      1.90  -9999.00
     1   2005    256    8800.0      12.3      17.1      1.43      2.00     14.00  -9999.00
     1   2005    257   10000.0      10.2      18.2      1.24      2.00     30.20  -9999.00
     1   2005    258   13300.0      16.7      18.3      1.90      2.00     64.50  -9999.00
     1   2005    259   12300.0       7.9      16.8      1.07      2.00      5.30  -9999.00
     1   2005    260    6000.0      10.6      14.8      1.28      2.00      0.10  -9999.00
     1   2005    261    8700.0      11.8      15.7      1.38      2.00      0.70  -9999.00
     1   2005    262   13900.0       8.6      17.1      1.12      2.00      0.00  -9999.00
     1   2005    263    4800.0      11.2      18.7      1.33      2.00      0.00  -9999.00
     1   2005    264   10200.0      14.6      16.4      1.66      2.00      0.10  -9999.00
     1   2005    265   12100.0      13.2      15.2      1.52      2.00      7.40  -9999.00
     1   2005    266    4300.0      13.1      20.8      1.51      2.00      2.70  -9999.00
     1   2005    267    6000.0      12.2      17.1      1.42      2.00      0.10  -9999.00
     1   2005    268   13600.0      14.3      16.7      1.63      2.00      0.00  -9999.00
     1   2005    269    8800.0      10.1      20.8      1.24      2.00      0.00  -9999.00
     1   2005    270    9700.0       5.2      15.8      0.88      2.00      0.00  -9999.00
     1   2005    271    8400.0       9.4      17.2      1.18      2.00      0.00  -9999.00
     1   2005    272   12000.0       4.0      16.5      0.81      2.00      0.00  -9999.00
     1   2005    273   10700.0       9.1      16.8      1.16      2.00      0.00  -9999.00
     1   2005    274   10700.0      11.8      16.9      1.38      2.00      3.20  -9999.00
     1   2005    275   11300.0       4.1      14.0      0.82      2.00      0.00  -9999.00
     1   2005    276   11200.0      11.3      13.3      1.34      2.00      5.20  -9999.00
     1   2005    277    8800.0       8.3      13.3      1.09      2.00      5.90  -9999.00
     1   2005    278    5400.0      11.0      13.0      1.31      2.00      5.70  -9999.00
     1   2005    279    7200.0       6.1      12.7      0.94      2.00      6.20  -9999.00
     1   2005    280   10000.0      11.9      14.2      1.39      2.00      9.00  -9999.00
     1   2005    281    6000.0      11.1      16.5      1.32      2.00      0.10  -9999.00
     1   2005    282    4700.0       5.9      17.4      0.93      2.00      2.60  -9999.00
     1   2005    283    9300.0       6.6      18.1      0.97      2.00      6.10  -9999.00
     1   2005    284   10200.0       8.7      16.6      1.12      2.00      0.00  -9999.00
     1   2005    285    5800.0      12.0      16.1      1.40      2.00      6.90  -9999.00
     1   2005    286    6000.0      12.5      15.6      1.45      2.00      3.30  -9999.00
     1   2005    287    5100.0       6.8      11.6      0.99      2.00     22.20  -9999.00
     1   2005    288    9300.0      10.6      12.6      1.28      2.00     27.60  -9999.00
     1   2005    289    5900.0       1.2      12.1      0.67      2.00      0.80  -9999.00
     1   2005    290    8500.0       7.0      14.1      1.00      2.00      2.10  -9999.00
     1   2005    291    5300.0      10.8      12.4      1.29      2.00     13.60  -9999.00
     1   2005    292    4100.0      10.8      14.8      1.29      2.00      0.10  -9999.00
     1   2005    293    4200.0      11.4      14.6      1.35      2.00      1.80  -9999.00
     1   2005    294    3200.0       4.3      14.3      0.83      2.00     39.90  -9999.00
     1   2005    295    9200.0       8.5      13.2      1.11      2.00      1.70  -9999.00
     1   2005    296    1400.0       6.1      11.1      0.94      2.00      0.70  -9999.00
     1   2005    297    3200.0       8.4      10.4      1.10      2.00      0.70  -9999.00
     1   2005    298    3600.0      10.5      14.5      1.27      2.00     11.00  -9999.00
     1   2005    299    5800.0       3.3      14.2      0.77      2.00      0.10  -9999.00
     1   2005    300    3100.0       5.4      14.1      0.90      2.00      2.00  -9999.00
     1   2005    301    8800.0       9.8      11.8      1.21      2.00      0.00  -9999.00
     1   2005    302    4500.0       6.6      15.0      0.97      2.00      1.80  -9999.00
     1   2005    303    6800.0       1.2      10.5      0.67      2.00      0.00  -9999.00
     1   2005    304    2700.0       6.7      13.1      0.98      2.00      3.40  -9999.00
     1   2005    305    6400.0       8.5      13.3      1.11      2.00      3.60  -9999.00
     1   2005    306    2000.0       4.2       6.2      0.82      2.00      1.90  -9999.00
     1   2005    307    4900.0      -0.1       8.4      0.61      2.00      0.00  -9999.00
     1   2005    308    5900.0       6.7      10.8      0.98      2.00      0.90  -9999.00
     1   2005    309    3200.0       4.1      14.8      0.82      2.00     13.20  -9999.00
     1   2005    310    3600.0       5.7      14.2      0.92      2.00     14.10  -9999.00
     1   2005    311    5600.0       4.5      15.4      0.84      2.00      0.50  -9999.00
     1   2005    312    3500.0       7.6      14.7      1.04      2.00     10.00  -9999.00
     1   2005    313    5000.0      11.0      12.6      1.31      2.00      8.80  -9999.00
     1   2005    314    3500.0       0.5      10.7      0.63      2.00      0.50  -9999.00
     1   2005    315    2700.0       3.0      10.1      0.76      2.00      0.00  -9999.00
     1   2005    316    5200.0       7.6       8.9      1.04      2.00      0.00  -9999.00
     1   2005    317    5000.0      -1.0       8.7      0.57      2.00      0.00  -9999.00
     1   2005    318    2600.0      -0.6       8.9      0.58      2.00      0.00  -9999.00
     1   2005    319    2600.0       7.1       9.1      1.01      2.00      0.00  -9999.00
     1   2005    320    2400.0       9.6      10.8      1.20      2.00      0.00  -9999.00
     1   2005    321    4400.0       6.8       9.3      0.99      2.00      0.00  -9999.00
     1   2005    322    3500.0       1.3      10.1      0.67      2.00      0.00  -9999.00
     1   2005    323    2700.0       8.5      10.5      1.11      2.00      0.00  -9999.00
     1   2005    324    2300.0       5.3       7.3      0.89      2.00      0.00  -9999.00
     1   2005    325    3200.0       5.6      12.8      0.91      2.00      0.00  -9999.00
     1   2005    326    2600.0      -2.8      11.0      0.50      2.00      0.00  -9999.00
     1   2005    327    3200.0       1.8       9.2      0.70      2.00      0.00  -9999.00
     1   2005    328    2000.0      -4.5      10.9      0.44      2.00      0.00  -9999.00
     1   2005    329    1000.0       5.6      12.2      0.91      2.00      0.40  -9999.00
     1   2005    330    2100.0       1.2      12.5      0.67      2.00      0.00  -9999.00
     1   2005    331    2400.0       8.6      10.6      1.12      2.00      0.00  -9999.00
     1   2005    332    5000.0       4.5      10.6      0.84      2.00      0.00  -9999.00
     1   2005    333    2900.0       1.9      11.3      0.70      2.00      4.40  -9999.00
     1   2005    334    3400.0       6.8      12.2      0.99      2.00      0.00  -9999.00
     1   2005    335    1900.0      -0.3       9.8      0.60      2.00      0.00  -9999.00
     1   2005    336    1600.0       9.6      13.3      1.20      2.00      0.10  -9999.00
     1   2005    337     900.0      -1.1      11.4      0.56      2.00      0.70  -9999.00
     1   2005    338    1100.0       7.7       8.4      1.05      2.00     22.20  -9999.00
     1   2005    339    1100.0       6.3      11.2      0.95      2.00      0.10  -9999.00
     1   2005    340    2400.0       2.8       6.9      0.75      2.00      0.00  -9999.00
     1   2005    341    2800.0       5.4       7.4      0.90      2.00      1.60  -9999.00
     1   2005    342    3100.0       3.1      12.4      0.76      2.00      6.80  -9999.00
     1   2005    343    4400.0       9.8      11.8      1.21      2.00      8.80  -9999.00
     1   2005    344    1000.0       9.6      11.3      1.20      2.00      0.90  -9999.00
     1   2005    345     900.0      -0.1      11.7      0.61      2.00      0.10  -9999.00
     1   2005    346    2200.0       8.3       8.7      1.09      2.00      0.20  -9999.00
     1   2005    347     700.0       9.8      13.2      1.21      2.00      0.30  -9999.00
     1   2005    348     700.0       3.0       9.1      0.76      2.00      0.30  -9999.00
     1   2005    349    1700.0       6.1       6.2      0.94      2.00      0.30  -9999.00
     1   2005    350     700.0       5.4       8.6      0.90      2.00      9.00  -9999.00
     1   2005    351    1100.0       2.9       9.8      0.75      2.00      1.80  -9999.00
     1   2005    352    3800.0       1.2       3.2      0.67      2.00      0.00  -9999.00
     1   2005    353    1400.0       0.7      11.2      0.64      2.00      0.70  -9999.00
     1   2005    354    1400.0      -3.2      -1.1      0.48      2.00      0.00  -9999.00
     1   2005    355    3400.0       2.1       6.4      0.71      2.00      4.30  -9999.00
     1   2005    356    1400.0      -4.7       4.2      0.43      2.00      3.40  -9999.00
     1   2005    357    1100.0       1.7      11.8      0.69      2.00      0.80  -9999.00
     1   2005    358    4000.0       7.0      11.1      1.00      2.00     23.40  -9999.00
     1   2005    359    2700.0       2.5       9.6      0.73      2.00      0.50  -9999.00
     1   2005    360     700.0       3.8       5.8      0.80      2.00      0.20  -9999.00
     1   2005    361    1500.0       6.4       9.8      0.96      2.00      0.80  -9999.00
     1   2005    362    1500.0       5.6      10.9      0.91      2.00      3.80  -9999.00
     1   2005    363    1800.0       4.3       6.1      0.83      2.00      5.60  -9999.00
     1   2005    364    3500.0      -0.1       8.2      0.61      2.00     15.70  -9999.00
     1   2005    365    4600.0       8.3       8.9      1.09      2.00      0.00  -9999.00
