*-----------------------------------------------------------------------------* 
           CNWG_296.met           51.48   -3.55   69.72
* Date created:  08-Aug-2019     Author: K Coleman 
* 
* NIL VALUE       -9999 
* Source:   data provided by M. Semenov 
*  
* Latitude:    51.48 Longitude:    -3.55 Altitude:    69.72
* 
* Column  Daily value 
* 1       station number 
* 2       year 
* 3       day 
* 4       irradiation                   (kJ m-2 d-1) 
* 5       minimum temperature           (degrees Celsius) 
* 6       maximum temperature           (degrees Celsius) 
* 7       early morning vapour pressure (kPa)             
* 8       mean wind speed (height: 2 m?) (m s-1)          
* 9       precipitation                 (mm d-1)          
* 10      sunshine                      (hrs)             
 		Jday	RAD	    TMIN	TMAX	 VAP	wind	RAIN	SUN  
               kj/m2	°C	    °C	     kPa	m/s	    mm	    hrs 
   51.48  69.72
     1   2005      1    1400.0       9.0      11.0      1.15      2.00      3.80  -9999.00
     1   2005      2    1600.0       4.2       6.9      0.82      2.00      4.60  -9999.00
     1   2005      3    4100.0       9.3      11.9      1.17      2.00      9.40  -9999.00
     1   2005      4    1600.0       8.8       8.8      1.13      2.00     17.70  -9999.00
     1   2005      5    3200.0       8.0      10.0      1.07      2.00      7.40  -9999.00
     1   2005      6    1700.0       2.4       4.4      0.73      2.00      0.60  -9999.00
     1   2005      7    1700.0       3.0      10.6      0.76      2.00      0.80  -9999.00
     1   2005      8    2700.0       3.6       3.8      0.79      2.00      0.50  -9999.00
     1   2005      9    1500.0       5.1      11.2      0.88      2.00      0.20  -9999.00
     1   2005     10    2000.0      -0.3       1.6      0.60      2.00      0.00  -9999.00
     1   2005     11    1100.0       3.6       5.6      0.79      2.00     14.90  -9999.00
     1   2005     12     800.0       1.1       8.8      0.66      2.00      0.00  -9999.00
     1   2005     13    1800.0       7.0       9.3      1.00      2.00      0.00  -9999.00
     1   2005     14    2500.0       3.0       5.0      0.76      2.00      0.00  -9999.00
     1   2005     15    2400.0      -0.3       1.7      0.60      2.00      0.00  -9999.00
     1   2005     16    2600.0      -3.1       6.0      0.49      2.00      0.00  -9999.00
     1   2005     17    2600.0       5.8      11.2      0.92      2.00      0.30  -9999.00
     1   2005     18    1700.0       2.4      11.0      0.73      2.00      0.40  -9999.00
     1   2005     19    1600.0       4.9       8.8      0.87      2.00      3.20  -9999.00
     1   2005     20    2000.0       5.4       6.1      0.90      2.00      3.70  -9999.00
     1   2005     21    3700.0       6.6       8.6      0.97      2.00      0.00  -9999.00
     1   2005     22    6100.0       6.9      10.2      0.99      2.00     13.80  -9999.00
     1   2005     23    2100.0       2.4       8.4      0.73      2.00      0.00  -9999.00
     1   2005     24    5500.0      -1.4      -0.1      0.55      2.00      0.00  -9999.00
     1   2005     25    4900.0       4.9       6.8      0.87      2.00      0.00  -9999.00
     1   2005     26    2200.0       6.7      10.4      0.98      2.00      0.30  -9999.00
     1   2005     27    4900.0       8.9      10.9      1.14      2.00      3.90  -9999.00
     1   2005     28    2000.0       4.7      10.4      0.85      2.00      8.60  -9999.00
     1   2005     29    2000.0      -0.3       9.4      0.60      2.00      3.90  -9999.00
     1   2005     30    2900.0       5.2       6.3      0.88      2.00      5.10  -9999.00
     1   2005     31    3700.0       4.1       7.5      0.82      2.00      6.50  -9999.00
     1   2005     32    6000.0       3.5       5.5      0.78      2.00      0.90  -9999.00
     1   2005     33    2600.0      -2.6       5.6      0.50      2.00      2.20  -9999.00
     1   2005     34    2100.0       2.0       9.9      0.71      2.00      6.80  -9999.00
     1   2005     35    3600.0       2.8       6.4      0.75      2.00     34.70  -9999.00
     1   2005     36    1100.0       7.4       7.4      1.03      2.00      2.00  -9999.00
     1   2005     37    2900.0       6.7      10.5      0.98      2.00      0.80  -9999.00
     1   2005     38    6300.0       8.1       9.6      1.08      2.00      4.50  -9999.00
     1   2005     39    4200.0      -1.9       8.3      0.53      2.00      0.10  -9999.00
     1   2005     40    1800.0       3.2       8.9      0.77      2.00      0.00  -9999.00
     1   2005     41    6000.0       4.8       7.7      0.86      2.00      8.20  -9999.00
     1   2005     42    6000.0      -6.6       1.8      0.37      2.00      0.00  -9999.00
     1   2005     43    2600.0       1.1       6.3      0.66      2.00      0.00  -9999.00
     1   2005     44    8900.0      -1.7       5.1      0.54      2.00      0.00  -9999.00
     1   2005     45    2600.0       4.8      10.0      0.86      2.00      0.20  -9999.00
     1   2005     46    6800.0      -1.5       2.3      0.55      2.00      0.00  -9999.00
     1   2005     47    7000.0       3.6       8.8      0.79      2.00      3.60  -9999.00
     1   2005     48    5400.0       7.9      11.1      1.07      2.00      3.90  -9999.00
     1   2005     49    6300.0       2.1       3.4      0.71      2.00      0.30  -9999.00
     1   2005     50    3700.0       5.2      15.5      0.88      2.00      0.00  -9999.00
     1   2005     51    8100.0       7.2      10.0      1.02      2.00      4.70  -9999.00
     1   2005     52    2000.0       4.4       6.4      0.84      2.00      0.00  -9999.00
     1   2005     53    2900.0       5.0       7.0      0.87      2.00      0.20  -9999.00
     1   2005     54    6000.0      -6.1      10.9      0.39      2.00      3.00  -9999.00
     1   2005     55    3000.0       7.6       9.6      1.04      2.00      3.60  -9999.00
     1   2005     56   11200.0       0.7       7.6      0.64      2.00      0.00  -9999.00
     1   2005     57   10200.0      -1.5      10.1      0.55      2.00      0.00  -9999.00
     1   2005     58    7300.0       4.0       6.0      0.81      2.00      0.00  -9999.00
     1   2005     59    3800.0       3.0       5.0      0.76      2.00      0.00  -9999.00
     1   2005     60    4200.0      -0.8      10.2      0.58      2.00      0.00  -9999.00
     1   2005     61    7600.0       4.8       5.3      0.86      2.00      0.00  -9999.00
     1   2005     62    8100.0       4.9       9.6      0.87      2.00      0.00  -9999.00
     1   2005     63    4900.0       3.8       4.4      0.80      2.00      0.00  -9999.00
     1   2005     64    7700.0       4.9       6.5      0.87      2.00      0.00  -9999.00
     1   2005     65    3500.0      -4.7      11.5      0.43      2.00      4.20  -9999.00
     1   2005     66    5000.0       4.6       7.2      0.85      2.00      0.00  -9999.00
     1   2005     67    8900.0       0.9       3.9      0.65      2.00      0.00  -9999.00
     1   2005     68    8700.0      -2.0       8.9      0.53      2.00      0.00  -9999.00
     1   2005     69    4700.0       4.3       6.3      0.83      2.00      0.60  -9999.00
     1   2005     70    9500.0      -2.1       5.0      0.52      2.00      0.00  -9999.00
     1   2005     71    6500.0       3.9       5.9      0.81      2.00      2.30  -9999.00
     1   2005     72    4900.0       6.9       7.4      0.99      2.00      0.80  -9999.00
     1   2005     73   14800.0       6.2      10.7      0.95      2.00     14.20  -9999.00
     1   2005     74    4100.0       1.9       8.9      0.70      2.00      0.40  -9999.00
     1   2005     75    7500.0       6.4       6.6      0.96      2.00      3.80  -9999.00
     1   2005     76    5000.0       6.9      10.2      0.99      2.00      0.10  -9999.00
     1   2005     77    5100.0      -1.1      11.9      0.56      2.00      2.70  -9999.00
     1   2005     78    9400.0       8.8      10.9      1.13      2.00     15.80  -9999.00
     1   2005     79    6100.0       7.0       7.6      1.00      2.00      0.20  -9999.00
     1   2005     80   15900.0       6.7       9.1      0.98      2.00      0.00  -9999.00
     1   2005     81    9500.0      -0.6      12.0      0.58      2.00      0.40  -9999.00
     1   2005     82    5600.0       4.4       9.7      0.84      2.00      8.80  -9999.00
     1   2005     83    9100.0       1.8      10.6      0.70      2.00      0.00  -9999.00
     1   2005     84    5500.0       6.9      11.1      0.99      2.00      2.40  -9999.00
     1   2005     85    3900.0       5.7      11.4      0.92      2.00      0.10  -9999.00
     1   2005     86   16100.0       2.0       8.8      0.71      2.00      3.10  -9999.00
     1   2005     87    5500.0       8.4      13.6      1.10      2.00      0.70  -9999.00
     1   2005     88   11100.0       1.0      12.9      0.66      2.00      0.00  -9999.00
     1   2005     89    6900.0       5.7       9.5      0.92      2.00      0.70  -9999.00
     1   2005     90   10700.0       3.4       9.9      0.78      2.00      0.50  -9999.00
     1   2005     91    7800.0       1.3       6.3      0.67      2.00      0.00  -9999.00
     1   2005     92   13600.0       3.4       9.9      0.78      2.00      5.50  -9999.00
     1   2005     93   13300.0       4.4      13.2      0.84      2.00      3.20  -9999.00
     1   2005     94    8300.0       8.5      10.5      1.11      2.00      1.10  -9999.00
     1   2005     95    8800.0       7.6      10.8      1.04      2.00      7.80  -9999.00
     1   2005     96   15700.0      -1.0       9.5      0.57      2.00      2.20  -9999.00
     1   2005     97   10100.0       3.6      12.5      0.79      2.00      1.10  -9999.00
     1   2005     98   20500.0       5.3      14.6      0.89      2.00     15.20  -9999.00
     1   2005     99   11200.0       3.9      10.7      0.81      2.00      1.10  -9999.00
     1   2005    100    8500.0       6.3       9.7      0.95      2.00      2.10  -9999.00
     1   2005    101   12800.0       5.6      10.6      0.91      2.00      0.50  -9999.00
     1   2005    102    9200.0       9.8      12.4      1.21      2.00      0.00  -9999.00
     1   2005    103    4400.0       2.2      13.8      0.72      2.00      0.00  -9999.00
     1   2005    104   21200.0       2.3      11.9      0.72      2.00      0.00  -9999.00
     1   2005    105   21200.0       2.9      14.2      0.75      2.00      0.00  -9999.00
     1   2005    106   14300.0       4.4       7.4      0.84      2.00      3.60  -9999.00
     1   2005    107    9900.0       8.1      11.3      1.08      2.00      1.10  -9999.00
     1   2005    108    8600.0       5.1      14.0      0.88      2.00      4.70  -9999.00
     1   2005    109   14900.0       5.6      11.9      0.91      2.00      1.60  -9999.00
     1   2005    110    9000.0       3.2      13.9      0.77      2.00      9.90  -9999.00
     1   2005    111   10300.0      10.6      12.7      1.28      2.00      2.00  -9999.00
     1   2005    112    5400.0       5.7      10.2      0.92      2.00      0.50  -9999.00
     1   2005    113   15800.0       8.7      11.5      1.12      2.00      3.10  -9999.00
     1   2005    114   16500.0       1.3       7.8      0.67      2.00      5.40  -9999.00
     1   2005    115   10000.0       0.5      10.6      0.63      2.00      1.00  -9999.00
     1   2005    116   20000.0       5.4      16.5      0.90      2.00      7.40  -9999.00
     1   2005    117    9600.0       4.4      14.4      0.84      2.00      0.10  -9999.00
     1   2005    118   12000.0       0.1      11.8      0.62      2.00      0.00  -9999.00
     1   2005    119   22100.0       8.6      11.9      1.12      2.00      0.00  -9999.00
     1   2005    120   17700.0       3.0      23.8      0.76      2.00      0.00  -9999.00
     1   2005    121   19900.0       4.0      16.1      0.81      2.00      0.00  -9999.00
     1   2005    122   12000.0       9.0      11.4      1.15      2.00      6.80  -9999.00
     1   2005    123   16400.0       9.4      10.7      1.18      2.00      0.60  -9999.00
     1   2005    124   11100.0       8.7      14.7      1.12      2.00      0.20  -9999.00
     1   2005    125   23700.0       2.3      12.7      0.72      2.00      0.00  -9999.00
     1   2005    126   16000.0      10.1      15.3      1.24      2.00      9.20  -9999.00
     1   2005    127   11700.0       7.0      13.0      1.00      2.00      0.00  -9999.00
     1   2005    128   10600.0       6.9      16.3      0.99      2.00     10.40  -9999.00
     1   2005    129    9600.0       3.2      14.4      0.77      2.00     11.50  -9999.00
     1   2005    130   17000.0      11.4      12.5      1.35      2.00      0.10  -9999.00
     1   2005    131   14500.0       6.2      11.4      0.95      2.00      1.70  -9999.00
     1   2005    132   19400.0       5.7      21.8      0.92      2.00      0.00  -9999.00
     1   2005    133   15600.0       5.3      22.7      0.89      2.00      0.00  -9999.00
     1   2005    134   27500.0       7.7      20.2      1.05      2.00      0.00  -9999.00
     1   2005    135   27000.0       5.5      14.2      0.90      2.00      0.00  -9999.00
     1   2005    136   15900.0       8.2      12.5      1.09      2.00      0.30  -9999.00
     1   2005    137   24600.0       4.4      14.6      0.84      2.00      3.90  -9999.00
     1   2005    138   20600.0       5.9      13.6      0.93      2.00      0.40  -9999.00
     1   2005    139   11400.0      12.0      15.2      1.40      2.00      0.70  -9999.00
     1   2005    140   13900.0       9.6      16.0      1.20      2.00      0.00  -9999.00
     1   2005    141   15300.0       8.2      13.2      1.09      2.00      0.00  -9999.00
     1   2005    142   18200.0      11.4      14.6      1.35      2.00      0.70  -9999.00
     1   2005    143    7000.0       8.8      13.7      1.13      2.00      1.70  -9999.00
     1   2005    144   22700.0       9.4      17.8      1.18      2.00      0.00  -9999.00
     1   2005    145    8900.0       7.9      24.7      1.07      2.00      0.00  -9999.00
     1   2005    146   18000.0      10.4      17.5      1.26      2.00      0.00  -9999.00
     1   2005    147   27600.0       9.4      19.5      1.18      2.00      0.00  -9999.00
     1   2005    148   19300.0      10.8      16.9      1.29      2.00      0.10  -9999.00
     1   2005    149   20900.0      10.1      13.8      1.24      2.00      0.30  -9999.00
     1   2005    150   13400.0       9.8      15.1      1.21      2.00      0.10  -9999.00
     1   2005    151   13800.0       5.8      14.4      0.92      2.00     10.00  -9999.00
     1   2005    152   16000.0       9.4      13.9      1.18      2.00     19.30  -9999.00
     1   2005    153   17200.0      11.5      12.8      1.36      2.00     18.60  -9999.00
     1   2005    154   19100.0      10.3      15.0      1.25      2.00      0.70  -9999.00
     1   2005    155   22100.0      10.0      15.5      1.23      2.00      0.00  -9999.00
     1   2005    156    5700.0      10.1      16.5      1.24      2.00      0.20  -9999.00
     1   2005    157   27200.0       9.4      13.5      1.18      2.00      0.00  -9999.00
     1   2005    158   17500.0       6.9      16.7      0.99      2.00      5.30  -9999.00
     1   2005    159   24400.0      12.3      23.1      1.43      2.00      0.00  -9999.00
     1   2005    160   24000.0      12.3      15.3      1.43      2.00      0.00  -9999.00
     1   2005    161   10600.0      10.4      17.0      1.26      2.00     12.80  -9999.00
     1   2005    162   24900.0       9.9      18.0      1.22      2.00      0.00  -9999.00
     1   2005    163   21300.0      10.5      19.4      1.27      2.00      0.00  -9999.00
     1   2005    164   27900.0      11.7      16.9      1.37      2.00      0.00  -9999.00
     1   2005    165   13900.0       8.4      20.2      1.10      2.00      0.00  -9999.00
     1   2005    166   26800.0      14.1      24.0      1.61      2.00      0.00  -9999.00
     1   2005    167   16700.0      12.2      17.0      1.42      2.00      0.00  -9999.00
     1   2005    168   18200.0       8.6      21.4      1.12      2.00      0.00  -9999.00
     1   2005    169   25200.0      12.7      18.9      1.47      2.00      0.00  -9999.00
     1   2005    170   13900.0       9.7      18.0      1.20      2.00      0.00  -9999.00
     1   2005    171   23000.0      16.5      19.0      1.88      2.00      0.00  -9999.00
     1   2005    172   11900.0      11.6      18.7      1.37      2.00      3.00  -9999.00
     1   2005    173   26600.0      14.9      18.5      1.69      2.00      0.00  -9999.00
     1   2005    174   16200.0      12.2      21.0      1.42      2.00     15.20  -9999.00
     1   2005    175   30400.0      11.6      23.2      1.37      2.00      0.00  -9999.00
     1   2005    176   18700.0      13.8      18.1      1.58      2.00      5.80  -9999.00
     1   2005    177   14200.0       9.9      16.3      1.22      2.00      0.50  -9999.00
     1   2005    178   15600.0       9.9      14.1      1.22      2.00      0.00  -9999.00
     1   2005    179   25800.0      15.4      17.6      1.75      2.00      0.00  -9999.00
     1   2005    180   12700.0      14.3      16.3      1.63      2.00      0.70  -9999.00
     1   2005    181   17100.0      12.1      18.2      1.41      2.00     18.90  -9999.00
     1   2005    182   27800.0       8.2      17.9      1.09      2.00      3.60  -9999.00
     1   2005    183   17100.0      13.3      20.2      1.53      2.00      0.00  -9999.00
     1   2005    184   12200.0      12.2      21.7      1.42      2.00      0.00  -9999.00
     1   2005    185    9300.0      14.2      16.4      1.62      2.00      0.70  -9999.00
     1   2005    186   17900.0      11.6      20.4      1.37      2.00      2.40  -9999.00
     1   2005    187   22000.0      16.6      26.8      1.89      2.00      0.00  -9999.00
     1   2005    188   14900.0      13.1      17.0      1.51      2.00      0.10  -9999.00
     1   2005    189   16300.0      10.0      20.0      1.23      2.00     11.70  -9999.00
     1   2005    190   22400.0      12.0      24.1      1.40      2.00      0.00  -9999.00
     1   2005    191   29700.0      11.8      24.7      1.38      2.00      0.00  -9999.00
     1   2005    192   28700.0      14.1      17.8      1.61      2.00      0.00  -9999.00
     1   2005    193   27800.0      15.4      17.4      1.75      2.00      0.00  -9999.00
     1   2005    194   25700.0      13.4      23.7      1.54      2.00      0.00  -9999.00
     1   2005    195   17800.0      12.1      18.4      1.41      2.00      0.00  -9999.00
     1   2005    196   19000.0      11.0      21.3      1.31      2.00      0.00  -9999.00
     1   2005    197   11200.0      11.9      16.2      1.39      2.00      0.00  -9999.00
     1   2005    198   21700.0      15.9      24.7      1.81      2.00      0.00  -9999.00
     1   2005    199   23100.0      14.8      22.7      1.68      2.00      0.00  -9999.00
     1   2005    200   15300.0      14.6      19.4      1.66      2.00      0.00  -9999.00
     1   2005    201   28100.0      10.0      28.1      1.23      2.00      0.00  -9999.00
     1   2005    202    8800.0      14.2      18.1      1.62      2.00      1.90  -9999.00
     1   2005    203   20700.0      15.3      17.8      1.74      2.00      4.00  -9999.00
     1   2005    204   20500.0      15.6      18.2      1.77      2.00     18.40  -9999.00
     1   2005    205   19600.0      15.0      19.2      1.70      2.00      5.90  -9999.00
     1   2005    206   22700.0      13.1      19.5      1.51      2.00      0.20  -9999.00
     1   2005    207    8600.0      13.6      17.8      1.56      2.00      0.10  -9999.00
     1   2005    208   14500.0      15.3      18.0      1.74      2.00     60.80  -9999.00
     1   2005    209   25700.0      11.9      18.7      1.39      2.00      0.00  -9999.00
     1   2005    210   18000.0      12.5      16.7      1.45      2.00      1.60  -9999.00
     1   2005    211   18600.0      14.3      19.3      1.63      2.00      0.00  -9999.00
     1   2005    212   23200.0      16.6      21.3      1.89      2.00      0.00  -9999.00
     1   2005    213    7700.0      15.0      21.3      1.70      2.00      1.90  -9999.00
     1   2005    214   20600.0      17.0      20.0      1.94      2.00      0.80  -9999.00
     1   2005    215   25000.0       7.2      20.3      1.02      2.00      0.00  -9999.00
     1   2005    216   15600.0      12.4      20.9      1.44      2.00      0.00  -9999.00
     1   2005    217   23000.0      11.8      19.5      1.38      2.00      0.00  -9999.00
     1   2005    218   17600.0      11.8      16.0      1.38      2.00      0.00  -9999.00
     1   2005    219   23600.0      12.7      20.0      1.47      2.00      0.00  -9999.00
     1   2005    220   18600.0      13.2      28.1      1.52      2.00      0.00  -9999.00
     1   2005    221   21900.0      17.1      22.1      1.95      2.00      0.00  -9999.00
     1   2005    222    8300.0       9.9      20.2      1.22      2.00      0.00  -9999.00
     1   2005    223   16400.0      18.5      21.6      2.13      2.00      0.00  -9999.00
     1   2005    224   21500.0      12.3      17.1      1.43      2.00      0.00  -9999.00
     1   2005    225   20400.0      12.9      17.5      1.49      2.00     12.90  -9999.00
     1   2005    226   11200.0      13.2      20.9      1.52      2.00      8.10  -9999.00
     1   2005    227    8300.0      13.2      23.0      1.52      2.00      9.40  -9999.00
     1   2005    228   16100.0      11.8      17.9      1.38      2.00      0.10  -9999.00
     1   2005    229   13700.0      12.5      16.5      1.45      2.00      5.80  -9999.00
     1   2005    230   10800.0      11.4      22.1      1.35      2.00      0.50  -9999.00
     1   2005    231    8700.0      13.4      20.6      1.54      2.00      0.80  -9999.00
     1   2005    232   14000.0       8.4      21.8      1.10      2.00      0.00  -9999.00
     1   2005    233   21800.0       6.4      26.8      0.96      2.00      0.00  -9999.00
     1   2005    234   10200.0      12.4      20.0      1.44      2.00      0.10  -9999.00
     1   2005    235   10200.0      15.4      20.1      1.75      2.00      5.80  -9999.00
     1   2005    236   18300.0       9.8      19.5      1.21      2.00      0.00  -9999.00
     1   2005    237   10700.0      11.3      18.9      1.34      2.00      0.00  -9999.00
     1   2005    238   13900.0       8.1      24.7      1.08      2.00      0.00  -9999.00
     1   2005    239   16300.0       9.8      20.7      1.21      2.00      0.00  -9999.00
     1   2005    240   19500.0      12.9      23.6      1.49      2.00      0.00  -9999.00
     1   2005    241    9200.0      12.4      18.5      1.44      2.00      0.10  -9999.00
     1   2005    242   14600.0      10.1      19.9      1.24      2.00      1.40  -9999.00
     1   2005    243   12800.0      10.8      19.2      1.29      2.00      0.00  -9999.00
     1   2005    244   20900.0      17.5      22.8      2.00      2.00      0.00  -9999.00
     1   2005    245   13200.0       5.9      26.4      0.93      2.00      0.00  -9999.00
     1   2005    246   11200.0      16.6      20.0      1.89      2.00      0.00  -9999.00
     1   2005    247   12500.0      11.6      17.3      1.37      2.00      0.00  -9999.00
     1   2005    248   14400.0      11.8      18.3      1.38      2.00      0.00  -9999.00
     1   2005    249   16200.0      13.1      22.8      1.51      2.00      0.00  -9999.00
     1   2005    250    5500.0       9.8      23.0      1.21      2.00      0.00  -9999.00
     1   2005    251    8600.0      14.4      15.1      1.64      2.00      0.10  -9999.00
     1   2005    252    7600.0      11.5      19.3      1.36      2.00      0.50  -9999.00
     1   2005    253    8500.0       8.3      25.0      1.09      2.00      1.30  -9999.00
     1   2005    254    5200.0      14.3      17.0      1.63      2.00      2.80  -9999.00
     1   2005    255   11600.0      13.3      20.5      1.53      2.00     15.20  -9999.00
     1   2005    256   12200.0      13.7      16.4      1.57      2.00      5.80  -9999.00
     1   2005    257   16600.0       8.2      15.6      1.09      2.00      0.00  -9999.00
     1   2005    258   14100.0      11.0      15.9      1.31      2.00      0.00  -9999.00
     1   2005    259   11200.0       9.2      17.9      1.16      2.00      0.10  -9999.00
     1   2005    260   14300.0       9.9      18.2      1.22      2.00      0.00  -9999.00
     1   2005    261    9500.0      11.3      16.8      1.34      2.00      0.00  -9999.00
     1   2005    262    7100.0      11.6      17.2      1.37      2.00      0.70  -9999.00
     1   2005    263   12600.0       9.5      11.5      1.19      2.00      3.30  -9999.00
     1   2005    264    2400.0      14.8      17.5      1.68      2.00     32.70  -9999.00
     1   2005    265    8600.0       7.2      18.5      1.02      2.00      0.00  -9999.00
     1   2005    266    6700.0       5.8      13.9      0.92      2.00      1.40  -9999.00
     1   2005    267   11000.0      12.2      17.3      1.42      2.00      0.00  -9999.00
     1   2005    268   13800.0      14.6      17.0      1.66      2.00      0.10  -9999.00
     1   2005    269    2200.0       6.6      19.7      0.97      2.00      6.80  -9999.00
     1   2005    270    5600.0       7.4      19.3      1.03      2.00     30.40  -9999.00
     1   2005    271   10200.0       8.4      19.5      1.10      2.00      0.00  -9999.00
     1   2005    272    6400.0      10.0      14.4      1.23      2.00      0.10  -9999.00
     1   2005    273    7000.0      10.0      12.7      1.23      2.00      0.00  -9999.00
     1   2005    274   11400.0      10.6      16.1      1.28      2.00      3.60  -9999.00
     1   2005    275   13400.0      14.3      18.2      1.63      2.00      0.00  -9999.00
     1   2005    276   11300.0       8.3      11.6      1.09      2.00      0.00  -9999.00
     1   2005    277    7200.0      13.4      16.9      1.54      2.00      9.90  -9999.00
     1   2005    278    8200.0       6.6      14.5      0.97      2.00      4.30  -9999.00
     1   2005    279    1900.0       9.7      13.1      1.20      2.00      2.50  -9999.00
     1   2005    280    9100.0      10.5      15.8      1.27      2.00      0.10  -9999.00
     1   2005    281   10700.0      12.5      16.1      1.45      2.00      0.30  -9999.00
     1   2005    282    8300.0      12.8      15.6      1.48      2.00      0.10  -9999.00
     1   2005    283    4900.0      12.0      14.3      1.40      2.00      0.20  -9999.00
     1   2005    284    9700.0       7.8      16.5      1.06      2.00      0.00  -9999.00
     1   2005    285    7000.0       9.5      14.3      1.19      2.00      0.00  -9999.00
     1   2005    286    7600.0      12.1      14.1      1.41      2.00      0.00  -9999.00
     1   2005    287    6300.0       6.5      12.3      0.97      2.00      0.00  -9999.00
     1   2005    288    9200.0      11.6      16.1      1.37      2.00      0.00  -9999.00
     1   2005    289    9200.0      13.2      15.8      1.52      2.00      0.00  -9999.00
     1   2005    290    8700.0      10.5      12.5      1.27      2.00      0.00  -9999.00
     1   2005    291    5800.0       6.4       9.9      0.96      2.00      0.00  -9999.00
     1   2005    292    5000.0       9.2      12.3      1.16      2.00      0.00  -9999.00
     1   2005    293    3700.0      13.9      16.1      1.59      2.00      1.20  -9999.00
     1   2005    294    5200.0       5.4      12.6      0.90      2.00      0.00  -9999.00
     1   2005    295    8100.0       8.0      13.4      1.07      2.00      0.00  -9999.00
     1   2005    296    6300.0      10.0      12.0      1.23      2.00      0.00  -9999.00
     1   2005    297    9400.0      10.7      12.8      1.29      2.00      0.90  -9999.00
     1   2005    298    5900.0       9.0      15.4      1.15      2.00      4.50  -9999.00
     1   2005    299    5700.0       8.7       9.1      1.12      2.00      0.00  -9999.00
     1   2005    300    4700.0      11.4      12.4      1.35      2.00      0.00  -9999.00
     1   2005    301    8800.0       4.3      13.3      0.83      2.00      0.00  -9999.00
     1   2005    302    5600.0       2.9      13.3      0.75      2.00      0.10  -9999.00
     1   2005    303    2900.0      10.0      13.0      1.23      2.00      1.10  -9999.00
     1   2005    304    5700.0       4.0      10.2      0.81      2.00      7.30  -9999.00
     1   2005    305    4400.0       6.9      13.3      0.99      2.00      2.20  -9999.00
     1   2005    306    2800.0      -1.6      12.0      0.54      2.00      4.30  -9999.00
     1   2005    307    7000.0       2.2      10.0      0.72      2.00      0.00  -9999.00
     1   2005    308    4700.0       7.6      10.9      1.04      2.00      0.30  -9999.00
     1   2005    309    2500.0      11.1      13.1      1.32      2.00      0.30  -9999.00
     1   2005    310    7500.0       2.8      11.5      0.75      2.00      0.00  -9999.00
     1   2005    311    7000.0       2.8       8.8      0.75      2.00      0.00  -9999.00
     1   2005    312    2700.0       3.1      13.2      0.76      2.00      0.00  -9999.00
     1   2005    313    3000.0       7.4       7.8      1.03      2.00      0.00  -9999.00
     1   2005    314    2600.0       6.9       9.6      0.99      2.00      9.70  -9999.00
     1   2005    315    1000.0       7.2      12.3      1.02      2.00      5.20  -9999.00
     1   2005    316    5500.0       9.9      12.3      1.22      2.00     12.70  -9999.00
     1   2005    317    5300.0       3.7       8.3      0.80      2.00      0.00  -9999.00
     1   2005    318    1800.0      10.5      12.9      1.27      2.00      0.40  -9999.00
     1   2005    319    2000.0       3.0      11.9      0.76      2.00      5.20  -9999.00
     1   2005    320    3100.0       7.0       8.5      1.00      2.00      0.70  -9999.00
     1   2005    321    3300.0       0.1      10.1      0.62      2.00      9.10  -9999.00
     1   2005    322    2300.0       5.8       7.8      0.92      2.00      0.00  -9999.00
     1   2005    323    1700.0       5.4       9.7      0.90      2.00      0.00  -9999.00
     1   2005    324    4600.0      -2.4       7.2      0.51      2.00      0.00  -9999.00
     1   2005    325    2300.0       3.6      10.4      0.79      2.00      0.00  -9999.00
     1   2005    326    5400.0      -2.4       8.0      0.51      2.00      0.00  -9999.00
     1   2005    327    3700.0       3.6       6.7      0.79      2.00      0.00  -9999.00
     1   2005    328    2100.0      -4.3       8.6      0.44      2.00      0.00  -9999.00
     1   2005    329    2000.0       5.4       9.9      0.90      2.00      0.00  -9999.00
     1   2005    330    4600.0       3.4       6.4      0.78      2.00      0.00  -9999.00
     1   2005    331    2000.0      10.2      12.3      1.24      2.00      2.90  -9999.00
     1   2005    332    2800.0       5.3       9.7      0.89      2.00      5.20  -9999.00
     1   2005    333    1900.0       2.0      11.6      0.71      2.00      0.40  -9999.00
     1   2005    334     800.0      -1.9      12.6      0.53      2.00      4.50  -9999.00
     1   2005    335    1800.0       4.1      13.4      0.82      2.00      0.20  -9999.00
     1   2005    336     700.0       6.2      11.8      0.95      2.00      0.00  -9999.00
     1   2005    337    1300.0       6.1       8.1      0.94      2.00      0.00  -9999.00
     1   2005    338    1800.0      -1.0       7.3      0.57      2.00      0.00  -9999.00
     1   2005    339    3100.0       4.3      12.5      0.83      2.00     18.00  -9999.00
     1   2005    340    2000.0       5.5       5.6      0.90      2.00      3.80  -9999.00
     1   2005    341    3500.0      -0.6       9.7      0.58      2.00      0.00  -9999.00
     1   2005    342     700.0       5.5      11.6      0.90      2.00      4.30  -9999.00
     1   2005    343    1600.0       3.9       6.8      0.81      2.00      0.00  -9999.00
     1   2005    344    4100.0       2.8       4.8      0.75      2.00      0.00  -9999.00
     1   2005    345    3700.0       8.3      10.5      1.09      2.00      0.00  -9999.00
     1   2005    346    2100.0       4.5       4.6      0.84      2.00      0.00  -9999.00
     1   2005    347    1700.0       3.7      11.5      0.80      2.00      1.00  -9999.00
     1   2005    348    1400.0       5.3      10.0      0.89      2.00      0.10  -9999.00
     1   2005    349    1500.0       4.9      10.3      0.87      2.00      0.80  -9999.00
     1   2005    350    2600.0       8.1       9.8      1.08      2.00     12.10  -9999.00
     1   2005    351    2300.0       8.0       9.6      1.07      2.00      7.60  -9999.00
     1   2005    352     900.0       8.8      10.9      1.13      2.00      1.00  -9999.00
     1   2005    353    4100.0       9.0      11.0      1.15      2.00      7.70  -9999.00
     1   2005    354    1800.0       5.2       7.2      0.88      2.00      7.30  -9999.00
     1   2005    355    2000.0       2.3      10.9      0.72      2.00     15.80  -9999.00
     1   2005    356    1700.0       5.2      10.5      0.88      2.00      1.90  -9999.00
     1   2005    357     700.0       3.2      10.0      0.77      2.00      8.80  -9999.00
     1   2005    358    1600.0       0.7       9.6      0.64      2.00      7.40  -9999.00
     1   2005    359     700.0       4.4       6.4      0.84      2.00      0.00  -9999.00
     1   2005    360    1300.0       5.4       9.9      0.90      2.00     10.50  -9999.00
     1   2005    361    3200.0       1.8      11.2      0.70      2.00      9.40  -9999.00
     1   2005    362    2600.0      -0.5      10.7      0.59      2.00      2.20  -9999.00
     1   2005    363     700.0       2.5      10.2      0.73      2.00      6.40  -9999.00
     1   2005    364    2300.0       5.3      11.0      0.89      2.00      5.30  -9999.00
     1   2005    365    1600.0       1.7      10.7      0.69      2.00      1.70  -9999.00
