*-----------------------------------------------------------------------------* 
           CNWG_206.met           51.48   -3.55   69.72
* Date created:  08-Aug-2019     Author: K Coleman 
* 
* NIL VALUE       -9999 
* Source:   data provided by M. Semenov 
*  
* Latitude:    51.48 Longitude:    -3.55 Altitude:    69.72
* 
* Column  Daily value 
* 1       station number 
* 2       year 
* 3       day 
* 4       irradiation                   (kJ m-2 d-1) 
* 5       minimum temperature           (degrees Celsius) 
* 6       maximum temperature           (degrees Celsius) 
* 7       early morning vapour pressure (kPa)             
* 8       mean wind speed (height: 2 m?) (m s-1)          
* 9       precipitation                 (mm d-1)          
* 10      sunshine                      (hrs)             
 		Jday	RAD	    TMIN	TMAX	 VAP	wind	RAIN	SUN  
               kj/m2	°C	    °C	     kPa	m/s	    mm	    hrs 
   51.48  69.72
     1   2005      1     700.0       0.9      12.1      0.65      2.00      0.80  -9999.00
     1   2005      2     900.0      -0.2       7.1      0.60      2.00      0.00  -9999.00
     1   2005      3    4200.0      -6.8       4.7      0.37      2.00      0.00  -9999.00
     1   2005      4    2000.0       2.6       4.6      0.74      2.00      0.00  -9999.00
     1   2005      5    2600.0       5.3       7.3      0.89      2.00      0.00  -9999.00
     1   2005      6    3900.0       3.2       5.2      0.77      2.00      0.00  -9999.00
     1   2005      7    3500.0       2.6      10.7      0.74      2.00      0.40  -9999.00
     1   2005      8    2500.0       3.9      10.8      0.81      2.00      0.30  -9999.00
     1   2005      9    3800.0       2.0      10.9      0.71      2.00      2.10  -9999.00
     1   2005     10    1200.0       6.5       8.5      0.97      2.00      0.00  -9999.00
     1   2005     11    3700.0       5.5       7.1      0.90      2.00      2.30  -9999.00
     1   2005     12    3000.0       2.4       9.6      0.73      2.00      0.20  -9999.00
     1   2005     13    5100.0       8.5       9.7      1.11      2.00      1.00  -9999.00
     1   2005     14    1800.0       4.0       6.0      0.81      2.00      6.40  -9999.00
     1   2005     15    2800.0       8.1      10.1      1.08      2.00      0.40  -9999.00
     1   2005     16    5400.0       2.1       4.1      0.71      2.00      6.80  -9999.00
     1   2005     17    4200.0       3.4       6.9      0.78      2.00      0.00  -9999.00
     1   2005     18    4300.0       5.9      11.1      0.93      2.00      2.60  -9999.00
     1   2005     19    2000.0       1.2       8.8      0.67      2.00      1.20  -9999.00
     1   2005     20    2400.0       2.0       5.9      0.71      2.00      0.00  -9999.00
     1   2005     21    5000.0       4.5       7.1      0.84      2.00      0.00  -9999.00
     1   2005     22    5000.0       6.5       8.7      0.97      2.00      0.90  -9999.00
     1   2005     23    4300.0       0.3      11.4      0.62      2.00      0.20  -9999.00
     1   2005     24    6300.0       3.2       5.2      0.77      2.00      0.00  -9999.00
     1   2005     25     900.0       2.9       7.3      0.75      2.00      2.00  -9999.00
     1   2005     26    2300.0       4.1       8.7      0.82      2.00     14.60  -9999.00
     1   2005     27    3100.0       6.8       9.4      0.99      2.00      3.80  -9999.00
     1   2005     28    4400.0       5.0      10.2      0.87      2.00      2.80  -9999.00
     1   2005     29    6800.0       6.7       9.7      0.98      2.00      0.60  -9999.00
     1   2005     30    1000.0       3.5      13.2      0.78      2.00      0.40  -9999.00
     1   2005     31    2800.0       5.8       6.4      0.92      2.00     13.10  -9999.00
     1   2005     32    2400.0       4.7      10.4      0.85      2.00      5.80  -9999.00
     1   2005     33    2100.0       4.2      10.2      0.82      2.00      5.40  -9999.00
     1   2005     34    3100.0       1.5       8.4      0.68      2.00      5.70  -9999.00
     1   2005     35    1100.0       1.4       7.1      0.68      2.00      5.40  -9999.00
     1   2005     36    1100.0       5.2       6.2      0.88      2.00      1.00  -9999.00
     1   2005     37    4400.0       1.9      11.1      0.70      2.00      1.30  -9999.00
     1   2005     38    3500.0       1.7       5.9      0.69      2.00      9.90  -9999.00
     1   2005     39    6300.0      -2.3      11.5      0.52      2.00      0.30  -9999.00
     1   2005     40    3500.0       9.4       9.7      1.18      2.00      3.10  -9999.00
     1   2005     41    4900.0       0.2       6.2      0.62      2.00      2.90  -9999.00
     1   2005     42    4700.0      -3.5       9.7      0.47      2.00      2.40  -9999.00
     1   2005     43    6300.0       5.2       5.8      0.88      2.00      0.10  -9999.00
     1   2005     44    4900.0       6.5       9.7      0.97      2.00      2.00  -9999.00
     1   2005     45    5400.0       5.0       8.9      0.87      2.00      0.00  -9999.00
     1   2005     46    2900.0      -1.2       8.4      0.56      2.00      0.00  -9999.00
     1   2005     47    3300.0      -1.5       5.5      0.55      2.00      6.80  -9999.00
     1   2005     48    3700.0      -2.8       6.0      0.50      2.00      0.80  -9999.00
     1   2005     49    8600.0       0.6       2.6      0.64      2.00      0.00  -9999.00
     1   2005     50    5200.0       0.8       2.8      0.65      2.00      0.00  -9999.00
     1   2005     51    7300.0      -0.4       8.1      0.59      2.00      0.00  -9999.00
     1   2005     52   10000.0       2.0       5.1      0.71      2.00      0.00  -9999.00
     1   2005     53    3000.0       5.0       7.7      0.87      2.00      2.80  -9999.00
     1   2005     54   10800.0       1.7       2.6      0.69      2.00      0.00  -9999.00
     1   2005     55    9600.0       0.8       3.9      0.65      2.00      0.00  -9999.00
     1   2005     56    1600.0       0.7       8.8      0.64      2.00      0.00  -9999.00
     1   2005     57   11400.0       0.7       9.7      0.64      2.00      0.00  -9999.00
     1   2005     58    7000.0       4.3       8.2      0.83      2.00      0.00  -9999.00
     1   2005     59    4000.0       9.1      12.0      1.16      2.00      0.00  -9999.00
     1   2005     60    3700.0       3.4       7.8      0.78      2.00     20.70  -9999.00
     1   2005     61    5700.0       7.0       9.9      1.00      2.00      3.90  -9999.00
     1   2005     62    5300.0       6.2      11.5      0.95      2.00      1.70  -9999.00
     1   2005     63    9700.0       4.8       6.8      0.86      2.00      0.70  -9999.00
     1   2005     64    4600.0       6.7       7.9      0.98      2.00      3.20  -9999.00
     1   2005     65    5800.0       4.9       9.1      0.87      2.00      2.00  -9999.00
     1   2005     66    9700.0      -0.2      10.6      0.60      2.00      0.20  -9999.00
     1   2005     67    9400.0       6.2      10.9      0.95      2.00      0.00  -9999.00
     1   2005     68    4600.0       7.9       8.8      1.07      2.00      0.80  -9999.00
     1   2005     69    6900.0      -4.1       8.7      0.45      2.00     14.70  -9999.00
     1   2005     70    9000.0      -2.4       5.5      0.51      2.00      0.00  -9999.00
     1   2005     71    5100.0       4.4      11.6      0.84      2.00      1.90  -9999.00
     1   2005     72    9400.0       4.0      12.0      0.81      2.00     13.10  -9999.00
     1   2005     73   11300.0       0.0      10.0      0.61      2.00      0.00  -9999.00
     1   2005     74    5000.0       3.9      12.2      0.81      2.00     10.60  -9999.00
     1   2005     75    4500.0       3.1       8.7      0.76      2.00      0.00  -9999.00
     1   2005     76    6300.0       4.2       8.5      0.82      2.00      1.50  -9999.00
     1   2005     77    6400.0       0.5      14.2      0.63      2.00      0.00  -9999.00
     1   2005     78    7100.0       5.0       9.5      0.87      2.00      0.20  -9999.00
     1   2005     79    5900.0       3.7      12.2      0.80      2.00      8.50  -9999.00
     1   2005     80    5800.0       4.5      10.1      0.84      2.00      3.10  -9999.00
     1   2005     81    9900.0       5.4      10.5      0.90      2.00      0.30  -9999.00
     1   2005     82    5200.0       1.8      12.9      0.70      2.00      0.00  -9999.00
     1   2005     83    8000.0       7.1       7.9      1.01      2.00      0.00  -9999.00
     1   2005     84    3000.0       8.5       9.6      1.11      2.00      1.00  -9999.00
     1   2005     85   13000.0       7.3       8.4      1.02      2.00      0.00  -9999.00
     1   2005     86   15200.0       0.3      11.9      0.62      2.00      0.00  -9999.00
     1   2005     87   11000.0       8.3      10.2      1.09      2.00      0.90  -9999.00
     1   2005     88   10700.0       4.2      10.0      0.82      2.00      0.50  -9999.00
     1   2005     89    6600.0       5.3      12.4      0.89      2.00      5.70  -9999.00
     1   2005     90   13200.0       3.1      12.6      0.76      2.00      4.80  -9999.00
     1   2005     91    8100.0       6.7       9.1      0.98      2.00     12.30  -9999.00
     1   2005     92   17400.0       4.7      10.2      0.85      2.00      0.70  -9999.00
     1   2005     93   16000.0      10.2      11.8      1.24      2.00      0.00  -9999.00
     1   2005     94   18100.0       0.0       6.7      0.61      2.00      0.00  -9999.00
     1   2005     95   17300.0       4.4      10.3      0.84      2.00      0.00  -9999.00
     1   2005     96   17300.0       3.9      17.2      0.81      2.00      0.00  -9999.00
     1   2005     97    6400.0       0.8       9.7      0.65      2.00      0.00  -9999.00
     1   2005     98   10300.0       8.3      13.8      1.09      2.00      0.00  -9999.00
     1   2005     99   17400.0       4.7      12.2      0.85      2.00      0.00  -9999.00
     1   2005    100   20700.0       2.0       7.1      0.71      2.00      0.00  -9999.00
     1   2005    101    3100.0       2.9      12.5      0.75      2.00      4.30  -9999.00
     1   2005    102    6300.0       4.6       7.6      0.85      2.00      8.30  -9999.00
     1   2005    103   15200.0       3.9      16.8      0.81      2.00      0.00  -9999.00
     1   2005    104   21200.0       1.1      11.7      0.66      2.00      0.00  -9999.00
     1   2005    105   16300.0       6.7      13.9      0.98      2.00      0.00  -9999.00
     1   2005    106   19800.0       6.5       8.5      0.97      2.00      0.00  -9999.00
     1   2005    107    5200.0       3.0      10.4      0.76      2.00      0.00  -9999.00
     1   2005    108   19800.0       2.0       8.7      0.71      2.00      0.00  -9999.00
     1   2005    109   12800.0       8.0      14.1      1.07      2.00      0.00  -9999.00
     1   2005    110   14700.0       2.0      11.4      0.71      2.00      0.00  -9999.00
     1   2005    111   20700.0       4.8      12.0      0.86      2.00      0.00  -9999.00
     1   2005    112    8800.0       5.7       8.6      0.92      2.00     11.70  -9999.00
     1   2005    113   23200.0       3.3      12.1      0.77      2.00      0.00  -9999.00
     1   2005    114   17100.0       3.9      15.3      0.81      2.00      0.00  -9999.00
     1   2005    115   20900.0       0.3      11.2      0.62      2.00      0.00  -9999.00
     1   2005    116    8900.0       4.1       7.8      0.82      2.00      2.90  -9999.00
     1   2005    117   10700.0      11.9      11.9      1.39      2.00      9.90  -9999.00
     1   2005    118   13500.0       4.5       8.3      0.84      2.00      0.80  -9999.00
     1   2005    119   23700.0       3.8      21.6      0.80      2.00      0.00  -9999.00
     1   2005    120   20900.0       7.4      21.2      1.03      2.00      0.00  -9999.00
     1   2005    121   15000.0      12.1      12.7      1.41      2.00      0.00  -9999.00
     1   2005    122   12100.0       4.6       9.0      0.85      2.00      3.10  -9999.00
     1   2005    123   15000.0       5.3      16.6      0.89      2.00      0.00  -9999.00
     1   2005    124   12400.0       8.5      13.7      1.11      2.00      8.40  -9999.00
     1   2005    125   10100.0       5.7      11.9      0.92      2.00      2.60  -9999.00
     1   2005    126   10600.0       6.8      12.0      0.99      2.00      1.60  -9999.00
     1   2005    127   13800.0       6.9       9.0      0.99      2.00      0.10  -9999.00
     1   2005    128   21700.0      11.2      14.7      1.33      2.00      0.00  -9999.00
     1   2005    129   17700.0      10.7      11.0      1.29      2.00      0.00  -9999.00
     1   2005    130   14000.0       8.4      13.2      1.10      2.00      0.00  -9999.00
     1   2005    131   17700.0       1.4      17.9      0.68      2.00      0.00  -9999.00
     1   2005    132   13500.0       7.4      12.0      1.03      2.00      0.00  -9999.00
     1   2005    133   27000.0       9.3      14.7      1.17      2.00      0.00  -9999.00
     1   2005    134   19200.0      11.2      14.1      1.33      2.00      0.00  -9999.00
     1   2005    135   16500.0       9.0      14.5      1.15      2.00      0.00  -9999.00
     1   2005    136    8000.0      11.3      17.3      1.34      2.00      0.00  -9999.00
     1   2005    137   19800.0      11.0      18.6      1.31      2.00      0.00  -9999.00
     1   2005    138   25400.0       8.1      15.7      1.08      2.00      0.00  -9999.00
     1   2005    139   18700.0       4.3      13.9      0.83      2.00     21.90  -9999.00
     1   2005    140   23200.0       8.6      17.3      1.12      2.00      6.10  -9999.00
     1   2005    141   19400.0      12.0      14.2      1.40      2.00      7.80  -9999.00
     1   2005    142   18900.0      10.5      13.5      1.27      2.00     11.80  -9999.00
     1   2005    143   23200.0       5.4      11.9      0.90      2.00      0.30  -9999.00
     1   2005    144   17700.0       7.6      15.2      1.04      2.00      0.10  -9999.00
     1   2005    145   11300.0      10.9      19.2      1.30      2.00      2.90  -9999.00
     1   2005    146   20500.0       7.8      14.8      1.06      2.00      4.50  -9999.00
     1   2005    147   15200.0       9.6      14.1      1.20      2.00      0.70  -9999.00
     1   2005    148   18000.0      13.7      15.7      1.57      2.00      0.10  -9999.00
     1   2005    149   20400.0      10.2      14.4      1.24      2.00      0.70  -9999.00
     1   2005    150   13100.0       9.4      14.0      1.18      2.00     16.60  -9999.00
     1   2005    151   20600.0       8.2      25.6      1.09      2.00      0.00  -9999.00
     1   2005    152   11600.0       9.2      17.5      1.16      2.00      8.60  -9999.00
     1   2005    153   22000.0      11.0      13.0      1.31      2.00     13.20  -9999.00
     1   2005    154   17600.0       9.4      15.7      1.18      2.00      3.20  -9999.00
     1   2005    155   11800.0       8.1      14.3      1.08      2.00      0.10  -9999.00
     1   2005    156   20800.0       6.7      15.9      0.98      2.00      0.10  -9999.00
     1   2005    157   11200.0      10.8      12.6      1.29      2.00      3.70  -9999.00
     1   2005    158    9700.0       2.7      15.9      0.74      2.00      0.70  -9999.00
     1   2005    159    8900.0       7.3      17.4      1.02      2.00      5.50  -9999.00
     1   2005    160    5100.0      11.3      23.2      1.34      2.00      2.60  -9999.00
     1   2005    161   24300.0      14.4      15.0      1.64      2.00      0.00  -9999.00
     1   2005    162   21600.0      11.5      21.6      1.36      2.00      1.00  -9999.00
     1   2005    163   19400.0       8.7      24.3      1.12      2.00      0.00  -9999.00
     1   2005    164   27400.0       9.6      17.4      1.20      2.00      0.10  -9999.00
     1   2005    165    8800.0      11.8      15.8      1.38      2.00      5.50  -9999.00
     1   2005    166   18000.0      10.5      17.5      1.27      2.00      0.80  -9999.00
     1   2005    167   11000.0       9.7      15.0      1.20      2.00      9.90  -9999.00
     1   2005    168   16700.0      10.0      16.7      1.23      2.00      0.00  -9999.00
     1   2005    169   23100.0      10.8      17.3      1.29      2.00      0.00  -9999.00
     1   2005    170   22100.0       7.0      18.2      1.00      2.00      0.00  -9999.00
     1   2005    171   13200.0       9.7      23.0      1.20      2.00      0.00  -9999.00
     1   2005    172   25800.0      12.0      20.0      1.40      2.00      0.00  -9999.00
     1   2005    173   27800.0      13.7      16.7      1.57      2.00      0.00  -9999.00
     1   2005    174   17700.0       8.7      14.6      1.12      2.00      0.40  -9999.00
     1   2005    175   23400.0      11.4      16.7      1.35      2.00      0.00  -9999.00
     1   2005    176   24200.0      13.2      18.5      1.52      2.00      0.20  -9999.00
     1   2005    177    9200.0      10.4      17.7      1.26      2.00      7.00  -9999.00
     1   2005    178   17200.0       8.9      18.8      1.14      2.00      0.00  -9999.00
     1   2005    179   23200.0      11.6      17.3      1.37      2.00      0.00  -9999.00
     1   2005    180   17200.0      11.5      18.7      1.36      2.00      0.00  -9999.00
     1   2005    181   23300.0      13.9      20.8      1.59      2.00      0.00  -9999.00
     1   2005    182   13800.0       8.1      18.3      1.08      2.00      6.80  -9999.00
     1   2005    183   10200.0      14.0      17.5      1.60      2.00      9.30  -9999.00
     1   2005    184   18700.0      14.1      15.9      1.61      2.00      0.10  -9999.00
     1   2005    185   25000.0      12.4      24.9      1.44      2.00      0.00  -9999.00
     1   2005    186   27500.0      13.8      17.9      1.58      2.00      0.00  -9999.00
     1   2005    187   15300.0      13.8      21.3      1.58      2.00      0.00  -9999.00
     1   2005    188   25300.0      13.7      19.7      1.57      2.00      0.00  -9999.00
     1   2005    189    9900.0      14.5      17.9      1.65      2.00      0.00  -9999.00
     1   2005    190   15100.0      12.4      26.9      1.44      2.00      0.00  -9999.00
     1   2005    191   26000.0      13.9      18.9      1.59      2.00      0.00  -9999.00
     1   2005    192   26700.0      11.6      24.0      1.37      2.00      0.00  -9999.00
     1   2005    193   24500.0      13.7      23.9      1.57      2.00      0.00  -9999.00
     1   2005    194   19400.0      11.8      26.7      1.38      2.00      0.00  -9999.00
     1   2005    195   25200.0      17.7      28.6      2.02      2.00      0.00  -9999.00
     1   2005    196   22400.0      11.4      29.8      1.35      2.00      0.20  -9999.00
     1   2005    197   11900.0       9.8      15.6      1.21      2.00     24.90  -9999.00
     1   2005    198   10900.0      13.5      20.2      1.55      2.00      0.90  -9999.00
     1   2005    199   13700.0      11.3      17.2      1.34      2.00      0.30  -9999.00
     1   2005    200   17900.0      15.0      20.7      1.70      2.00      0.00  -9999.00
     1   2005    201    8500.0      15.5      18.5      1.76      2.00      3.70  -9999.00
     1   2005    202   20400.0      12.3      29.8      1.43      2.00     16.30  -9999.00
     1   2005    203   16800.0       6.6      18.3      0.97      2.00      0.10  -9999.00
     1   2005    204   14700.0      17.2      17.4      1.96      2.00      6.80  -9999.00
     1   2005    205   20300.0      13.4      25.0      1.54      2.00      1.60  -9999.00
     1   2005    206   15600.0      15.5      19.5      1.76      2.00      0.10  -9999.00
     1   2005    207    7200.0      14.0      18.0      1.60      2.00      0.40  -9999.00
     1   2005    208   20700.0      12.0      17.9      1.40      2.00      0.00  -9999.00
     1   2005    209   16800.0      10.1      20.7      1.24      2.00      0.00  -9999.00
     1   2005    210   12200.0      16.7      17.2      1.90      2.00     19.00  -9999.00
     1   2005    211   25600.0      17.9      23.2      2.05      2.00      0.00  -9999.00
     1   2005    212   19400.0      13.2      18.9      1.52      2.00      5.50  -9999.00
     1   2005    213   10900.0      14.0      18.9      1.60      2.00      7.50  -9999.00
     1   2005    214   18400.0      15.5      22.6      1.76      2.00      0.00  -9999.00
     1   2005    215    8600.0      11.4      22.0      1.35      2.00      7.30  -9999.00
     1   2005    216    4100.0      13.7      24.5      1.57      2.00      9.40  -9999.00
     1   2005    217   19500.0      10.6      17.6      1.28      2.00      0.00  -9999.00
     1   2005    218   17000.0      15.5      18.5      1.76      2.00      0.10  -9999.00
     1   2005    219   19400.0       7.1      23.5      1.01      2.00      0.00  -9999.00
     1   2005    220    9300.0       9.0      23.8      1.15      2.00     20.00  -9999.00
     1   2005    221   17400.0      16.1      18.5      1.83      2.00      0.10  -9999.00
     1   2005    222   12900.0      11.9      21.8      1.39      2.00      0.00  -9999.00
     1   2005    223   13000.0      14.0      16.7      1.60      2.00     17.20  -9999.00
     1   2005    224   22600.0      12.2      20.9      1.42      2.00      0.00  -9999.00
     1   2005    225   24900.0      11.7      20.7      1.37      2.00      0.00  -9999.00
     1   2005    226   13100.0      13.8      20.8      1.58      2.00      0.00  -9999.00
     1   2005    227    9600.0      17.3      18.0      1.97      2.00      0.50  -9999.00
     1   2005    228    8300.0       9.6      19.9      1.20      2.00      4.60  -9999.00
     1   2005    229    6200.0      11.5      19.0      1.36      2.00      0.00  -9999.00
     1   2005    230    8200.0      15.6      17.8      1.77      2.00      8.30  -9999.00
     1   2005    231   14000.0      15.5      18.0      1.76      2.00      0.10  -9999.00
     1   2005    232    6700.0      12.5      18.7      1.45      2.00      0.00  -9999.00
     1   2005    233    5900.0      16.2      20.5      1.84      2.00      2.20  -9999.00
     1   2005    234   21900.0      10.0      26.8      1.23      2.00      0.00  -9999.00
     1   2005    235   20200.0      11.0      19.5      1.31      2.00      0.00  -9999.00
     1   2005    236   11700.0      10.0      20.9      1.23      2.00      0.00  -9999.00
     1   2005    237    6700.0      15.8      20.0      1.79      2.00     12.90  -9999.00
     1   2005    238   15100.0      14.6      20.9      1.66      2.00      7.50  -9999.00
     1   2005    239   13200.0      14.2      15.6      1.62      2.00      0.10  -9999.00
     1   2005    240   16200.0      16.0      16.3      1.82      2.00      0.00  -9999.00
     1   2005    241   11000.0      12.6      20.4      1.46      2.00     13.40  -9999.00
     1   2005    242   20500.0      13.6      26.7      1.56      2.00      0.00  -9999.00
     1   2005    243   18500.0      13.3      20.4      1.53      2.00      0.00  -9999.00
     1   2005    244   14200.0      11.7      19.8      1.37      2.00      3.90  -9999.00
     1   2005    245   19400.0       4.6      17.7      0.85      2.00      0.00  -9999.00
     1   2005    246   14300.0       9.1      24.0      1.16      2.00      0.00  -9999.00
     1   2005    247   20000.0      13.1      17.2      1.51      2.00      0.00  -9999.00
     1   2005    248   16200.0       6.2      19.5      0.95      2.00      0.00  -9999.00
     1   2005    249   10500.0      14.1      17.8      1.61      2.00      0.00  -9999.00
     1   2005    250   16800.0      10.5      25.6      1.27      2.00      0.00  -9999.00
     1   2005    251   11800.0      14.5      18.2      1.65      2.00      0.10  -9999.00
     1   2005    252   11500.0       7.8      19.8      1.06      2.00      0.10  -9999.00
     1   2005    253   17600.0       5.2      16.7      0.88      2.00      1.80  -9999.00
     1   2005    254   10800.0       9.7      25.8      1.20      2.00      3.70  -9999.00
     1   2005    255   12700.0      12.9      13.9      1.49      2.00      0.10  -9999.00
     1   2005    256   12500.0      10.9      17.0      1.30      2.00      0.00  -9999.00
     1   2005    257    8300.0      13.4      16.6      1.54      2.00      3.40  -9999.00
     1   2005    258   11400.0      11.1      21.2      1.32      2.00      3.70  -9999.00
     1   2005    259   13900.0      10.0      18.1      1.23      2.00      0.20  -9999.00
     1   2005    260   16300.0      15.1      17.8      1.72      2.00      0.00  -9999.00
     1   2005    261    7200.0       8.3      14.5      1.09      2.00      0.00  -9999.00
     1   2005    262   10600.0      13.9      18.2      1.59      2.00      6.00  -9999.00
     1   2005    263    9100.0       7.6      17.5      1.04      2.00      0.30  -9999.00
     1   2005    264    7600.0       4.9      14.7      0.87      2.00      9.70  -9999.00
     1   2005    265    5300.0      14.0      14.3      1.60      2.00      1.80  -9999.00
     1   2005    266   13500.0      10.8      16.5      1.29      2.00      2.40  -9999.00
     1   2005    267   12400.0       7.6      19.3      1.04      2.00      1.90  -9999.00
     1   2005    268   15400.0      15.3      16.0      1.74      2.00      5.80  -9999.00
     1   2005    269   10700.0       7.6      16.2      1.04      2.00      0.00  -9999.00
     1   2005    270   12300.0      14.8      16.8      1.68      2.00      0.00  -9999.00
     1   2005    271   12400.0      11.5      12.9      1.36      2.00      0.10  -9999.00
     1   2005    272    9900.0      11.9      16.6      1.39      2.00      0.10  -9999.00
     1   2005    273    7500.0      11.0      17.0      1.31      2.00      0.10  -9999.00
     1   2005    274   13700.0       8.4      16.5      1.10      2.00      0.00  -9999.00
     1   2005    275   13900.0       6.5      13.3      0.97      2.00      0.00  -9999.00
     1   2005    276    6800.0      14.5      15.6      1.65      2.00      4.50  -9999.00
     1   2005    277    6800.0       9.4      14.9      1.18      2.00      0.00  -9999.00
     1   2005    278    6800.0      14.9      17.1      1.69      2.00     16.30  -9999.00
     1   2005    279   10600.0      14.0      16.7      1.60      2.00      0.90  -9999.00
     1   2005    280    7000.0       8.7      15.2      1.12      2.00      6.00  -9999.00
     1   2005    281    5600.0       7.0      13.1      1.00      2.00      0.10  -9999.00
     1   2005    282    4600.0       9.3      11.3      1.17      2.00     15.40  -9999.00
     1   2005    283    2800.0      14.5      19.8      1.65      2.00     27.90  -9999.00
     1   2005    284    9900.0      10.6      12.6      1.28      2.00      8.90  -9999.00
     1   2005    285    4500.0      10.6      12.8      1.28      2.00     20.60  -9999.00
     1   2005    286    3400.0       9.0      11.0      1.15      2.00      0.80  -9999.00
     1   2005    287    6000.0      12.4      15.4      1.44      2.00      1.70  -9999.00
     1   2005    288    8200.0      10.9      13.5      1.30      2.00      0.00  -9999.00
     1   2005    289    8500.0       9.2      12.2      1.16      2.00      0.00  -9999.00
     1   2005    290    6300.0       7.6      16.0      1.04      2.00     10.70  -9999.00
     1   2005    291   10400.0       7.1      13.6      1.01      2.00      0.60  -9999.00
     1   2005    292    5900.0       3.7      10.5      0.80      2.00      0.00  -9999.00
     1   2005    293    9100.0      11.4      15.3      1.35      2.00      0.00  -9999.00
     1   2005    294    6000.0       7.0      11.4      1.00      2.00      1.90  -9999.00
     1   2005    295    4800.0      11.5      13.5      1.36      2.00      5.00  -9999.00
     1   2005    296    6000.0       7.4      11.0      1.03      2.00      2.20  -9999.00
     1   2005    297    3700.0       9.3      14.5      1.17      2.00      4.90  -9999.00
     1   2005    298    2900.0       2.0      14.1      0.71      2.00      7.30  -9999.00
     1   2005    299    3400.0       7.3      13.6      1.02      2.00      2.20  -9999.00
     1   2005    300    9000.0       3.0      15.1      0.76      2.00     19.20  -9999.00
     1   2005    301    6300.0       7.3      13.4      1.02      2.00      0.20  -9999.00
     1   2005    302    3100.0      11.2      15.4      1.33      2.00      0.10  -9999.00
     1   2005    303    2900.0       7.3       7.5      1.02      2.00      0.80  -9999.00
     1   2005    304    5500.0       8.9      11.5      1.14      2.00      0.30  -9999.00
     1   2005    305    8200.0       6.0      10.2      0.93      2.00      7.90  -9999.00
     1   2005    306    4600.0      10.6      12.4      1.28      2.00      1.90  -9999.00
     1   2005    307    3400.0       7.6      13.3      1.04      2.00      9.50  -9999.00
     1   2005    308    5600.0       8.4      13.2      1.10      2.00      1.60  -9999.00
     1   2005    309    6200.0       6.2      11.5      0.95      2.00      0.70  -9999.00
     1   2005    310    4700.0       7.5       8.8      1.04      2.00      0.20  -9999.00
     1   2005    311    2500.0       9.3      12.7      1.17      2.00      1.80  -9999.00
     1   2005    312    1700.0      10.9      12.5      1.30      2.00      0.50  -9999.00
     1   2005    313    4800.0       6.3       8.3      0.95      2.00     10.80  -9999.00
     1   2005    314    6900.0       1.7      11.2      0.69      2.00      0.00  -9999.00
     1   2005    315    6000.0      -1.6       9.6      0.54      2.00      0.00  -9999.00
     1   2005    316    3000.0       5.7       8.0      0.92      2.00      0.00  -9999.00
     1   2005    317    4800.0       0.9       6.1      0.65      2.00      0.00  -9999.00
     1   2005    318    1000.0       0.9      11.8      0.65      2.00      0.50  -9999.00
     1   2005    319    2600.0       7.8       8.8      1.06      2.00      4.60  -9999.00
     1   2005    320    1400.0      10.3      13.9      1.25      2.00      0.40  -9999.00
     1   2005    321    4900.0      10.3      13.7      1.25      2.00      2.60  -9999.00
     1   2005    322    4100.0       4.8      13.1      0.86      2.00      0.90  -9999.00
     1   2005    323    2200.0       1.8       8.4      0.70      2.00      0.00  -9999.00
     1   2005    324    2200.0       0.2      11.1      0.62      2.00      0.00  -9999.00
     1   2005    325    3600.0       0.0      10.6      0.61      2.00      0.00  -9999.00
     1   2005    326    1800.0       5.5       8.2      0.90      2.00      0.00  -9999.00
     1   2005    327    3900.0       0.5       7.2      0.63      2.00      0.00  -9999.00
     1   2005    328    1700.0      -4.1       7.0      0.45      2.00      0.00  -9999.00
     1   2005    329    4400.0       4.5       5.2      0.84      2.00      0.00  -9999.00
     1   2005    330    4500.0       8.0       8.7      1.07      2.00      0.00  -9999.00
     1   2005    331    4800.0      -4.4      11.3      0.44      2.00      0.00  -9999.00
     1   2005    332    5200.0       5.8      10.5      0.92      2.00      0.00  -9999.00
     1   2005    333    2600.0       3.8       6.5      0.80      2.00      0.00  -9999.00
     1   2005    334    3600.0       2.2       8.2      0.72      2.00      0.00  -9999.00
     1   2005    335    3200.0       7.2       9.2      1.02      2.00      0.00  -9999.00
     1   2005    336    2100.0      -0.7      10.0      0.58      2.00      0.00  -9999.00
     1   2005    337    1900.0       1.8       9.3      0.70      2.00      0.00  -9999.00
     1   2005    338    4100.0      -0.4      11.8      0.59      2.00      0.00  -9999.00
     1   2005    339    1800.0       5.4      10.4      0.90      2.00      9.60  -9999.00
     1   2005    340     800.0       0.0       9.0      0.61      2.00      0.60  -9999.00
     1   2005    341    1600.0       3.8       6.6      0.80      2.00      0.10  -9999.00
     1   2005    342    1000.0       5.1       8.6      0.88      2.00      4.10  -9999.00
     1   2005    343    3000.0       1.9       7.2      0.70      2.00     16.10  -9999.00
     1   2005    344    1300.0      -0.3       6.7      0.60      2.00      0.30  -9999.00
     1   2005    345    1400.0      -0.6       4.5      0.58      2.00     19.60  -9999.00
     1   2005    346    3100.0       7.8       8.5      1.06      2.00      1.90  -9999.00
     1   2005    347     700.0       3.9      10.2      0.81      2.00      0.00  -9999.00
     1   2005    348    1400.0       4.5       8.7      0.84      2.00      6.70  -9999.00
     1   2005    349     700.0       3.1       5.1      0.76      2.00      0.80  -9999.00
     1   2005    350     700.0      -0.7      11.0      0.58      2.00      1.30  -9999.00
     1   2005    351     700.0       5.3       7.8      0.89      2.00      0.30  -9999.00
     1   2005    352    1500.0       3.5      10.8      0.78      2.00      0.20  -9999.00
     1   2005    353    1300.0       7.0       9.3      1.00      2.00      2.60  -9999.00
     1   2005    354    1900.0       7.1      10.1      1.01      2.00      8.90  -9999.00
     1   2005    355    3600.0       7.4       9.4      1.03      2.00      1.80  -9999.00
     1   2005    356    1500.0       4.2       8.1      0.82      2.00     16.10  -9999.00
     1   2005    357    1400.0       7.0       7.5      1.00      2.00      0.10  -9999.00
     1   2005    358     800.0       2.7       9.0      0.74      2.00      0.70  -9999.00
     1   2005    359    2700.0       0.5       9.3      0.63      2.00     11.50  -9999.00
     1   2005    360    1700.0       6.3       9.5      0.95      2.00     15.70  -9999.00
     1   2005    361    3400.0       0.6       3.0      0.64      2.00      0.00  -9999.00
     1   2005    362    1600.0       9.0      11.7      1.15      2.00      0.10  -9999.00
     1   2005    363    1200.0       4.3       8.9      0.83      2.00     23.30  -9999.00
     1   2005    364    3800.0      -5.0       6.4      0.42      2.00      0.00  -9999.00
     1   2005    365    1500.0       7.8       9.7      1.06      2.00      0.80  -9999.00
