*-----------------------------------------------------------------------------* 
           CNWG_102.met           51.48   -3.55   69.72
* Date created:  08-Aug-2019     Author: K Coleman 
* 
* NIL VALUE       -9999 
* Source:   data provided by M. Semenov 
*  
* Latitude:    51.48 Longitude:    -3.55 Altitude:    69.72
* 
* Column  Daily value 
* 1       station number 
* 2       year 
* 3       day 
* 4       irradiation                   (kJ m-2 d-1) 
* 5       minimum temperature           (degrees Celsius) 
* 6       maximum temperature           (degrees Celsius) 
* 7       early morning vapour pressure (kPa)             
* 8       mean wind speed (height: 2 m?) (m s-1)          
* 9       precipitation                 (mm d-1)          
* 10      sunshine                      (hrs)             
 		Jday	RAD	    TMIN	TMAX	 VAP	wind	RAIN	SUN  
               kj/m2	°C	    °C	     kPa	m/s	    mm	    hrs 
   51.48  69.72
     1   2005      1    2300.0       8.7      12.3      1.12      2.00      0.20  -9999.00
     1   2005      2    1700.0       9.7      10.1      1.20      2.00      0.20  -9999.00
     1   2005      3     800.0       5.7       7.7      0.92      2.00      5.10  -9999.00
     1   2005      4    1400.0       4.4       8.6      0.84      2.00      0.40  -9999.00
     1   2005      5    3000.0       3.9      10.5      0.81      2.00      0.60  -9999.00
     1   2005      6    3000.0       8.4      11.2      1.10      2.00      4.20  -9999.00
     1   2005      7    4900.0       3.7       5.7      0.80      2.00      0.00  -9999.00
     1   2005      8    2900.0      -0.5       7.7      0.59      2.00      0.00  -9999.00
     1   2005      9    1300.0       8.4      10.8      1.10      2.00     10.20  -9999.00
     1   2005     10    3700.0       2.4       4.4      0.73      2.00      5.10  -9999.00
     1   2005     11     800.0       0.8       2.8      0.65      2.00      4.00  -9999.00
     1   2005     12     800.0       3.8       9.6      0.80      2.00      1.10  -9999.00
     1   2005     13    1300.0       2.7       7.2      0.74      2.00      0.00  -9999.00
     1   2005     14    1800.0      -0.1       6.6      0.61      2.00      0.00  -9999.00
     1   2005     15    3100.0       5.8       7.8      0.92      2.00      0.00  -9999.00
     1   2005     16    2300.0       4.4      11.6      0.84      2.00      0.00  -9999.00
     1   2005     17    4300.0       1.9       5.5      0.70      2.00      0.00  -9999.00
     1   2005     18    2100.0       7.0       9.3      1.00      2.00     12.90  -9999.00
     1   2005     19    1900.0       3.3       5.4      0.77      2.00     14.20  -9999.00
     1   2005     20    1900.0       1.9       5.1      0.70      2.00      0.00  -9999.00
     1   2005     21    2200.0      -2.4       1.2      0.51      2.00      0.00  -9999.00
     1   2005     22    5700.0       4.8       8.1      0.86      2.00      0.00  -9999.00
     1   2005     23    4100.0      -0.4       3.3      0.59      2.00      0.00  -9999.00
     1   2005     24    6300.0       3.1       6.3      0.76      2.00      0.00  -9999.00
     1   2005     25    1000.0       3.1       8.8      0.76      2.00      0.30  -9999.00
     1   2005     26    2100.0       3.8       8.8      0.80      2.00      0.80  -9999.00
     1   2005     27    3000.0       1.9      10.6      0.70      2.00      5.50  -9999.00
     1   2005     28    2800.0      -4.7       2.7      0.43      2.00      0.00  -9999.00
     1   2005     29    2600.0       3.1      10.3      0.76      2.00      2.30  -9999.00
     1   2005     30    7000.0       4.8       6.8      0.86      2.00      0.00  -9999.00
     1   2005     31    3000.0       8.7      11.6      1.12      2.00     10.80  -9999.00
     1   2005     32    2500.0       2.7       4.7      0.74      2.00      1.10  -9999.00
     1   2005     33    2200.0       0.6       7.9      0.64      2.00      0.30  -9999.00
     1   2005     34    5000.0       6.3       7.4      0.95      2.00      6.60  -9999.00
     1   2005     35    5700.0      -1.2       7.7      0.56      2.00      0.00  -9999.00
     1   2005     36    7800.0      -3.0       6.3      0.49      2.00      0.00  -9999.00
     1   2005     37    6600.0       1.7       3.7      0.69      2.00      0.00  -9999.00
     1   2005     38    7800.0      -0.1       9.2      0.61      2.00      0.00  -9999.00
     1   2005     39    5000.0       2.9       3.9      0.75      2.00      0.00  -9999.00
     1   2005     40    7200.0       2.8       4.8      0.75      2.00      0.00  -9999.00
     1   2005     41    4100.0       7.7      10.7      1.05      2.00     21.00  -9999.00
     1   2005     42    3600.0       6.8      10.0      0.99      2.00      0.70  -9999.00
     1   2005     43    5100.0       2.6      10.5      0.74      2.00      0.40  -9999.00
     1   2005     44    8100.0       1.4       9.1      0.68      2.00      1.10  -9999.00
     1   2005     45    7600.0       5.6      10.3      0.91      2.00      0.00  -9999.00
     1   2005     46    6100.0       1.3       6.2      0.67      2.00      0.00  -9999.00
     1   2005     47    6600.0       7.5       8.6      1.04      2.00      9.30  -9999.00
     1   2005     48    2500.0       9.7      11.2      1.20      2.00     10.70  -9999.00
     1   2005     49    3000.0       0.9       6.7      0.65      2.00      5.40  -9999.00
     1   2005     50    6700.0      -2.0       7.3      0.53      2.00      0.00  -9999.00
     1   2005     51    3300.0      -4.1       8.4      0.45      2.00      6.70  -9999.00
     1   2005     52    4500.0       0.8      10.7      0.65      2.00      0.00  -9999.00
     1   2005     53    1600.0       5.2       8.1      0.88      2.00      0.60  -9999.00
     1   2005     54    2400.0       7.5       8.2      1.04      2.00      6.80  -9999.00
     1   2005     55    6500.0      -3.0       9.9      0.49      2.00      0.40  -9999.00
     1   2005     56    8200.0       0.2       9.1      0.62      2.00     22.70  -9999.00
     1   2005     57    7400.0       3.8      10.1      0.80      2.00      0.30  -9999.00
     1   2005     58    5600.0       5.8       7.0      0.92      2.00      4.20  -9999.00
     1   2005     59    5400.0       2.9       8.4      0.75      2.00      0.30  -9999.00
     1   2005     60    7400.0       6.8       8.8      0.99      2.00      0.20  -9999.00
     1   2005     61    1800.0       5.0      11.4      0.87      2.00      0.70  -9999.00
     1   2005     62   11100.0      -1.6       8.8      0.54      2.00      0.00  -9999.00
     1   2005     63    4300.0       2.1       6.6      0.71      2.00      6.80  -9999.00
     1   2005     64   10300.0       6.7      10.1      0.98      2.00      0.00  -9999.00
     1   2005     65    7000.0       1.9      10.8      0.70      2.00      0.00  -9999.00
     1   2005     66   10000.0       0.8       2.4      0.65      2.00      0.00  -9999.00
     1   2005     67    8900.0      -0.8      14.8      0.58      2.00      0.00  -9999.00
     1   2005     68    5100.0       6.7      10.1      0.98      2.00      0.00  -9999.00
     1   2005     69   10700.0       3.8      10.1      0.80      2.00      0.00  -9999.00
     1   2005     70   14100.0       0.9       9.6      0.65      2.00      0.00  -9999.00
     1   2005     71    4900.0       5.0      12.2      0.87      2.00      0.50  -9999.00
     1   2005     72    9600.0       3.6       9.0      0.79      2.00      0.10  -9999.00
     1   2005     73   10400.0       6.5       8.9      0.97      2.00     15.70  -9999.00
     1   2005     74   11300.0       7.6      12.2      1.04      2.00      0.90  -9999.00
     1   2005     75    9100.0       6.8       8.5      0.99      2.00      0.30  -9999.00
     1   2005     76    4500.0       7.5       9.2      1.04      2.00      4.80  -9999.00
     1   2005     77    5200.0       9.2      11.7      1.16      2.00      0.20  -9999.00
     1   2005     78   15900.0      -1.1      11.9      0.56      2.00      0.00  -9999.00
     1   2005     79    7000.0       9.2      12.4      1.16      2.00      0.40  -9999.00
     1   2005     80    5300.0       6.9      14.5      0.99      2.00      0.30  -9999.00
     1   2005     81    5700.0       4.7      10.7      0.85      2.00     14.20  -9999.00
     1   2005     82    8400.0       5.6      10.0      0.91      2.00      7.90  -9999.00
     1   2005     83   13400.0       0.8      12.4      0.65      2.00      0.00  -9999.00
     1   2005     84   12700.0       6.2      11.7      0.95      2.00      0.00  -9999.00
     1   2005     85    4700.0       3.5      11.4      0.78      2.00      0.00  -9999.00
     1   2005     86    9900.0       6.9       7.6      0.99      2.00      0.00  -9999.00
     1   2005     87    5300.0       8.7      10.7      1.12      2.00      8.40  -9999.00
     1   2005     88   10800.0       5.4      10.6      0.90      2.00     14.70  -9999.00
     1   2005     89   11500.0       3.8       4.2      0.80      2.00      0.00  -9999.00
     1   2005     90   17700.0       1.8      12.0      0.70      2.00      0.00  -9999.00
     1   2005     91    7300.0       3.2       9.4      0.77      2.00      2.10  -9999.00
     1   2005     92    8500.0       2.4      10.5      0.73      2.00      4.80  -9999.00
     1   2005     93   13300.0       2.9      13.6      0.75      2.00      4.40  -9999.00
     1   2005     94   16100.0       8.9      11.8      1.14      2.00      1.20  -9999.00
     1   2005     95   18000.0       0.7      11.0      0.64      2.00      0.00  -9999.00
     1   2005     96   12400.0       3.4       8.7      0.78      2.00      0.30  -9999.00
     1   2005     97   11000.0      10.3      10.4      1.25      2.00      2.00  -9999.00
     1   2005     98    6300.0       8.3      12.2      1.09      2.00      0.50  -9999.00
     1   2005     99   10800.0       7.2       9.2      1.02      2.00      3.20  -9999.00
     1   2005    100   15100.0       3.6       7.1      0.79      2.00      2.10  -9999.00
     1   2005    101   11100.0       3.4      11.3      0.78      2.00      0.20  -9999.00
     1   2005    102   11000.0       5.3      13.5      0.89      2.00      0.40  -9999.00
     1   2005    103    5700.0       2.8      12.1      0.75      2.00      0.70  -9999.00
     1   2005    104   18100.0       8.2      11.3      1.09      2.00      0.40  -9999.00
     1   2005    105    9000.0       2.5      11.7      0.73      2.00      0.00  -9999.00
     1   2005    106   15400.0       0.6      10.9      0.64      2.00      0.00  -9999.00
     1   2005    107   14600.0       1.4      17.2      0.68      2.00      0.00  -9999.00
     1   2005    108   20800.0       0.3      12.8      0.62      2.00      0.00  -9999.00
     1   2005    109    9100.0       3.1      13.4      0.76      2.00      2.20  -9999.00
     1   2005    110   15200.0       1.0      11.6      0.66      2.00      1.10  -9999.00
     1   2005    111   15000.0       0.2      11.0      0.62      2.00      0.00  -9999.00
     1   2005    112   17100.0       1.0      11.9      0.66      2.00      0.00  -9999.00
     1   2005    113   14600.0       2.5      17.8      0.73      2.00      0.00  -9999.00
     1   2005    114   13400.0       9.1      11.9      1.16      2.00      0.00  -9999.00
     1   2005    115   18900.0       6.1      14.5      0.94      2.00      0.00  -9999.00
     1   2005    116   19400.0       1.6      10.7      0.69      2.00      0.00  -9999.00
     1   2005    117   23400.0       3.4      13.5      0.78      2.00      0.00  -9999.00
     1   2005    118   23000.0       3.1      13.0      0.76      2.00      0.00  -9999.00
     1   2005    119   23900.0      10.9      13.0      1.30      2.00      0.00  -9999.00
     1   2005    120   19400.0       7.0      19.6      1.00      2.00      0.00  -9999.00
     1   2005    121   21000.0       3.4      21.4      0.78      2.00      0.00  -9999.00
     1   2005    122   13500.0       2.6      22.9      0.74      2.00      0.00  -9999.00
     1   2005    123   18900.0       7.4      13.7      1.03      2.00      0.00  -9999.00
     1   2005    124   17400.0       1.5      17.6      0.68      2.00      0.00  -9999.00
     1   2005    125   12000.0       9.0      14.8      1.15      2.00      0.00  -9999.00
     1   2005    126   26200.0       4.9      12.2      0.87      2.00      0.00  -9999.00
     1   2005    127   19700.0       7.9      14.3      1.07      2.00      0.00  -9999.00
     1   2005    128    9400.0       6.1      13.2      0.94      2.00      0.00  -9999.00
     1   2005    129    3900.0      10.0      13.2      1.23      2.00      9.20  -9999.00
     1   2005    130   16500.0       4.5      21.8      0.84      2.00      0.00  -9999.00
     1   2005    131   18700.0       5.7      15.9      0.92      2.00      0.00  -9999.00
     1   2005    132   15000.0       7.4      18.7      1.03      2.00      0.00  -9999.00
     1   2005    133   15400.0       4.0       7.7      0.81      2.00      2.70  -9999.00
     1   2005    134   16400.0       9.4      22.3      1.18      2.00      2.30  -9999.00
     1   2005    135   14700.0       3.2      15.2      0.77      2.00     31.10  -9999.00
     1   2005    136   22600.0       7.6      15.4      1.04      2.00      0.00  -9999.00
     1   2005    137   24500.0      12.7      14.9      1.47      2.00      0.00  -9999.00
     1   2005    138   25100.0       5.8      15.5      0.92      2.00      0.00  -9999.00
     1   2005    139   19900.0       5.9      10.6      0.93      2.00      0.00  -9999.00
     1   2005    140   21600.0      12.1      24.6      1.41      2.00      0.00  -9999.00
     1   2005    141   22900.0      10.4      22.8      1.26      2.00      0.00  -9999.00
     1   2005    142   15100.0       9.9      25.0      1.22      2.00      0.00  -9999.00
     1   2005    143   23200.0      10.1      19.2      1.24      2.00      0.00  -9999.00
     1   2005    144   17200.0       9.5      11.5      1.19      2.00      0.10  -9999.00
     1   2005    145   14400.0       9.7      10.6      1.20      2.00      0.20  -9999.00
     1   2005    146   20000.0       9.3      16.0      1.17      2.00      0.00  -9999.00
     1   2005    147   11500.0       9.7      14.4      1.20      2.00     17.40  -9999.00
     1   2005    148   20200.0       8.4      19.8      1.10      2.00      0.10  -9999.00
     1   2005    149   15300.0      10.0      14.6      1.23      2.00      0.00  -9999.00
     1   2005    150   19600.0      10.7      15.4      1.29      2.00      0.80  -9999.00
     1   2005    151   26000.0      10.0      15.6      1.23      2.00      0.00  -9999.00
     1   2005    152   17600.0       7.4      22.6      1.03      2.00      0.00  -9999.00
     1   2005    153   26700.0      12.1      18.4      1.41      2.00      0.00  -9999.00
     1   2005    154   24300.0      12.4      21.6      1.44      2.00      0.00  -9999.00
     1   2005    155   26600.0      10.7      17.2      1.29      2.00      0.00  -9999.00
     1   2005    156    8500.0      11.4      16.4      1.35      2.00      0.20  -9999.00
     1   2005    157   16100.0      11.1      15.9      1.32      2.00     13.00  -9999.00
     1   2005    158   17800.0       5.6      18.3      0.91      2.00      0.00  -9999.00
     1   2005    159   26200.0       5.4      19.0      0.90      2.00      0.00  -9999.00
     1   2005    160   25500.0      10.3      18.8      1.25      2.00      0.00  -9999.00
     1   2005    161   26600.0      11.1      14.5      1.32      2.00      0.00  -9999.00
     1   2005    162   20200.0       9.8      23.8      1.21      2.00      0.00  -9999.00
     1   2005    163   25300.0       8.9      17.0      1.14      2.00      0.00  -9999.00
     1   2005    164   24100.0      10.7      24.2      1.29      2.00      0.00  -9999.00
     1   2005    165   20100.0      12.3      21.8      1.43      2.00      0.00  -9999.00
     1   2005    166   22100.0      10.6      18.4      1.28      2.00      0.00  -9999.00
     1   2005    167   18100.0      10.5      17.0      1.27      2.00      0.00  -9999.00
     1   2005    168   29100.0      10.0      16.0      1.23      2.00      0.00  -9999.00
     1   2005    169   14600.0      15.2      15.9      1.73      2.00      0.00  -9999.00
     1   2005    170   30300.0       5.0      24.4      0.87      2.00      0.00  -9999.00
     1   2005    171   14000.0      12.8      21.2      1.48      2.00      1.80  -9999.00
     1   2005    172   17400.0      11.8      17.3      1.38      2.00      0.80  -9999.00
     1   2005    173   22600.0      13.4      21.3      1.54      2.00      0.00  -9999.00
     1   2005    174   21500.0       8.9      16.8      1.14      2.00      0.00  -9999.00
     1   2005    175   13100.0       8.4      17.0      1.10      2.00      0.90  -9999.00
     1   2005    176    7900.0       8.8      15.4      1.13      2.00      0.10  -9999.00
     1   2005    177   11800.0      12.7      18.7      1.47      2.00      1.10  -9999.00
     1   2005    178   17000.0      13.6      17.3      1.56      2.00      0.80  -9999.00
     1   2005    179   20900.0      12.3      23.3      1.43      2.00      0.00  -9999.00
     1   2005    180    9900.0      12.8      17.9      1.48      2.00      2.60  -9999.00
     1   2005    181   14300.0      10.4      20.4      1.26      2.00      0.00  -9999.00
     1   2005    182   10800.0      12.9      20.5      1.49      2.00      0.00  -9999.00
     1   2005    183   15700.0       9.8      22.9      1.21      2.00      0.00  -9999.00
     1   2005    184   23500.0      10.4      22.9      1.26      2.00      0.00  -9999.00
     1   2005    185   13700.0      11.7      25.0      1.37      2.00      0.00  -9999.00
     1   2005    186   18500.0      13.8      18.8      1.58      2.00      0.20  -9999.00
     1   2005    187   18500.0      13.3      24.3      1.53      2.00      1.50  -9999.00
     1   2005    188    8900.0      13.3      19.1      1.53      2.00     13.40  -9999.00
     1   2005    189   13900.0      15.0      20.7      1.70      2.00      2.70  -9999.00
     1   2005    190   28600.0      13.9      16.7      1.59      2.00      0.00  -9999.00
     1   2005    191   15700.0      15.3      24.5      1.74      2.00      0.00  -9999.00
     1   2005    192   13600.0      13.3      18.7      1.53      2.00     24.50  -9999.00
     1   2005    193    8500.0      13.3      17.8      1.53      2.00      2.80  -9999.00
     1   2005    194   20600.0      15.6      16.1      1.77      2.00      0.00  -9999.00
     1   2005    195   17900.0      15.6      18.2      1.77      2.00      2.20  -9999.00
     1   2005    196    9000.0      12.7      18.9      1.47      2.00     19.90  -9999.00
     1   2005    197   17200.0      12.2      21.6      1.42      2.00      4.00  -9999.00
     1   2005    198   21500.0      15.4      29.8      1.75      2.00      0.20  -9999.00
     1   2005    199   20600.0      13.5      19.5      1.55      2.00      0.30  -9999.00
     1   2005    200   22700.0      14.1      27.6      1.61      2.00      0.00  -9999.00
     1   2005    201   23000.0      13.3      19.5      1.53      2.00      0.30  -9999.00
     1   2005    202   10100.0      13.7      16.6      1.57      2.00      0.10  -9999.00
     1   2005    203   22400.0      15.9      17.3      1.81      2.00      0.00  -9999.00
     1   2005    204   27000.0      17.0      18.9      1.94      2.00      0.00  -9999.00
     1   2005    205   20900.0      13.1      17.3      1.51      2.00      0.00  -9999.00
     1   2005    206   17500.0      13.7      16.5      1.57      2.00      0.00  -9999.00
     1   2005    207   21100.0       8.5      20.9      1.11      2.00      0.00  -9999.00
     1   2005    208   18200.0      14.7      17.1      1.67      2.00      0.00  -9999.00
     1   2005    209   16000.0      14.4      21.7      1.64      2.00      0.00  -9999.00
     1   2005    210   20900.0      11.9      20.1      1.39      2.00      0.00  -9999.00
     1   2005    211   20700.0      11.1      20.6      1.32      2.00      0.00  -9999.00
     1   2005    212   21300.0      12.1      20.1      1.41      2.00      0.00  -9999.00
     1   2005    213   20600.0      10.3      28.4      1.25      2.00      0.00  -9999.00
     1   2005    214   19400.0      14.3      21.0      1.63      2.00      0.00  -9999.00
     1   2005    215   13300.0      13.5      20.1      1.55      2.00     12.60  -9999.00
     1   2005    216   17900.0      14.2      19.5      1.62      2.00      0.00  -9999.00
     1   2005    217   17000.0      11.8      21.9      1.38      2.00      0.00  -9999.00
     1   2005    218   12900.0      15.6      21.9      1.77      2.00      1.00  -9999.00
     1   2005    219   12600.0      15.2      23.0      1.73      2.00      0.30  -9999.00
     1   2005    220   15700.0      11.6      19.1      1.37      2.00      8.20  -9999.00
     1   2005    221   18600.0      13.2      18.6      1.52      2.00      0.00  -9999.00
     1   2005    222   23900.0      11.2      21.1      1.33      2.00      0.00  -9999.00
     1   2005    223   15200.0      12.7      22.1      1.47      2.00      0.00  -9999.00
     1   2005    224   16400.0      12.0      26.8      1.40      2.00      0.00  -9999.00
     1   2005    225   16000.0      17.1      19.1      1.95      2.00      0.10  -9999.00
     1   2005    226    6600.0      11.6      21.0      1.37      2.00     36.30  -9999.00
     1   2005    227    9600.0       9.9      19.0      1.22      2.00      0.80  -9999.00
     1   2005    228   20900.0      12.7      21.0      1.47      2.00      0.00  -9999.00
     1   2005    229   12200.0      17.4      22.8      1.99      2.00      0.10  -9999.00
     1   2005    230    7300.0      14.0      18.1      1.60      2.00      2.80  -9999.00
     1   2005    231    7800.0      13.4      20.3      1.54      2.00      0.10  -9999.00
     1   2005    232   13700.0       8.8      20.3      1.13      2.00      4.40  -9999.00
     1   2005    233    7500.0      18.0      18.6      2.06      2.00      0.00  -9999.00
     1   2005    234    9400.0       6.9      19.2      0.99      2.00      0.00  -9999.00
     1   2005    235   22900.0      13.9      21.8      1.59      2.00      0.00  -9999.00
     1   2005    236   14500.0      12.6      21.5      1.46      2.00      0.00  -9999.00
     1   2005    237   15700.0      11.3      21.7      1.34      2.00      0.00  -9999.00
     1   2005    238    7100.0      17.2      17.9      1.96      2.00     23.20  -9999.00
     1   2005    239    8800.0      13.6      22.2      1.56      2.00      1.50  -9999.00
     1   2005    240   12000.0      11.5      18.3      1.36      2.00      0.00  -9999.00
     1   2005    241   13400.0       5.3      19.2      0.89      2.00      0.00  -9999.00
     1   2005    242   13700.0      10.5      17.8      1.27      2.00      0.00  -9999.00
     1   2005    243   17700.0       8.3      20.9      1.09      2.00      0.00  -9999.00
     1   2005    244   14300.0       8.8      21.5      1.13      2.00      0.00  -9999.00
     1   2005    245   14900.0      13.3      15.6      1.53      2.00      0.00  -9999.00
     1   2005    246   15300.0       9.9      17.8      1.22      2.00      0.00  -9999.00
     1   2005    247   15500.0      15.7      15.9      1.78      2.00      0.00  -9999.00
     1   2005    248   13700.0      10.8      22.9      1.29      2.00      0.00  -9999.00
     1   2005    249   15900.0      10.8      19.0      1.29      2.00      0.00  -9999.00
     1   2005    250   18000.0       9.4      18.8      1.18      2.00      0.00  -9999.00
     1   2005    251   12200.0      10.7      19.6      1.29      2.00      0.00  -9999.00
     1   2005    252   15900.0       8.8      19.7      1.13      2.00      0.00  -9999.00
     1   2005    253   12500.0       7.4      16.3      1.03      2.00      0.00  -9999.00
     1   2005    254   17300.0      13.3      16.3      1.53      2.00      0.00  -9999.00
     1   2005    255   11000.0      11.8      21.5      1.38      2.00      0.00  -9999.00
     1   2005    256    9000.0      12.3      20.1      1.43      2.00      0.10  -9999.00
     1   2005    257   15000.0       7.9      18.8      1.07      2.00      8.00  -9999.00
     1   2005    258    9100.0      12.0      16.3      1.40      2.00      0.00  -9999.00
     1   2005    259    5900.0      13.9      21.1      1.59      2.00      0.00  -9999.00
     1   2005    260    9200.0       5.1      14.6      0.88      2.00      0.00  -9999.00
     1   2005    261   16300.0       7.3      15.8      1.02      2.00      0.00  -9999.00
     1   2005    262   10700.0      14.3      21.3      1.63      2.00      0.00  -9999.00
     1   2005    263   12200.0      14.3      15.3      1.63      2.00      0.00  -9999.00
     1   2005    264    9200.0       9.7      19.7      1.20      2.00      0.00  -9999.00
     1   2005    265   13100.0      14.0      20.4      1.60      2.00      1.80  -9999.00
     1   2005    266    6700.0       8.4      17.2      1.10      2.00      7.10  -9999.00
     1   2005    267    4500.0       8.1      19.2      1.08      2.00      7.50  -9999.00
     1   2005    268   12100.0       7.2      18.6      1.02      2.00      0.00  -9999.00
     1   2005    269   13900.0       7.5      17.2      1.04      2.00      0.00  -9999.00
     1   2005    270   10200.0      10.2      13.2      1.24      2.00      0.00  -9999.00
     1   2005    271   14800.0       8.7      20.8      1.12      2.00      0.00  -9999.00
     1   2005    272    7700.0      11.5      20.6      1.36      2.00      2.80  -9999.00
     1   2005    273   12700.0       7.0      13.2      1.00      2.00      2.30  -9999.00
     1   2005    274    6300.0      14.8      15.5      1.68      2.00      9.30  -9999.00
     1   2005    275    4400.0      14.4      16.9      1.64      2.00     15.80  -9999.00
     1   2005    276    2800.0      10.8      16.0      1.29      2.00      6.20  -9999.00
     1   2005    277    7800.0      12.9      14.6      1.49      2.00      1.20  -9999.00
     1   2005    278    3400.0       9.7      16.0      1.20      2.00      2.60  -9999.00
     1   2005    279   10800.0       7.5      11.9      1.04      2.00      0.00  -9999.00
     1   2005    280    3300.0      10.8      12.5      1.29      2.00      0.00  -9999.00
     1   2005    281   10300.0       5.9      12.9      0.93      2.00      0.00  -9999.00
     1   2005    282    8500.0       5.6      16.1      0.91      2.00      0.10  -9999.00
     1   2005    283    5500.0       8.3      13.8      1.09      2.00      0.00  -9999.00
     1   2005    284    3000.0      14.8      15.0      1.68      2.00     24.00  -9999.00
     1   2005    285    7300.0       8.5      13.9      1.11      2.00     10.70  -9999.00
     1   2005    286    2300.0       4.6      16.1      0.85      2.00      8.30  -9999.00
     1   2005    287    5300.0      10.2      15.5      1.24      2.00      0.80  -9999.00
     1   2005    288    4300.0       9.9      14.5      1.22      2.00      0.20  -9999.00
     1   2005    289    4600.0      12.9      13.8      1.49      2.00      0.20  -9999.00
     1   2005    290    5600.0       9.1      17.9      1.16      2.00      3.20  -9999.00
     1   2005    291    5700.0       8.1      18.3      1.08      2.00      1.60  -9999.00
     1   2005    292    4000.0       4.1      14.4      0.82      2.00      0.00  -9999.00
     1   2005    293    5400.0       6.7      13.7      0.98      2.00     18.40  -9999.00
     1   2005    294    5100.0      10.9      12.9      1.30      2.00     13.60  -9999.00
     1   2005    295    5300.0       7.0       9.7      1.00      2.00      1.00  -9999.00
     1   2005    296    9700.0       8.7      17.8      1.12      2.00      0.10  -9999.00
     1   2005    297    2900.0       9.2      12.8      1.16      2.00     12.70  -9999.00
     1   2005    298    8000.0       7.2       9.2      1.02      2.00      0.00  -9999.00
     1   2005    299    2800.0       8.5      13.4      1.11      2.00      0.30  -9999.00
     1   2005    300    5500.0      10.2      13.8      1.24      2.00      1.50  -9999.00
     1   2005    301    1300.0       7.5      17.1      1.04      2.00      0.30  -9999.00
     1   2005    302    3000.0       1.4      14.4      0.68      2.00      0.40  -9999.00
     1   2005    303    3300.0       6.6       9.1      0.97      2.00      6.90  -9999.00
     1   2005    304    2400.0       5.5      13.4      0.90      2.00      6.00  -9999.00
     1   2005    305    5100.0      12.0      14.0      1.40      2.00      0.80  -9999.00
     1   2005    306    4900.0       2.4      13.5      0.73      2.00      0.40  -9999.00
     1   2005    307    3800.0       7.3      12.0      1.02      2.00      3.90  -9999.00
     1   2005    308    2900.0      10.1      10.9      1.24      2.00      1.10  -9999.00
     1   2005    309    3000.0       7.2      12.8      1.02      2.00     24.70  -9999.00
     1   2005    310    4500.0       8.2      11.8      1.09      2.00      2.10  -9999.00
     1   2005    311    2800.0       0.8       9.3      0.65      2.00      3.60  -9999.00
     1   2005    312    2700.0       5.6      13.2      0.91      2.00     16.90  -9999.00
     1   2005    313    2600.0      11.1      13.3      1.32      2.00      9.70  -9999.00
     1   2005    314    2300.0      10.2      12.7      1.24      2.00      5.70  -9999.00
     1   2005    315    3700.0      -3.5      12.2      0.47      2.00      7.10  -9999.00
     1   2005    316    4200.0       2.8      14.1      0.75      2.00     20.50  -9999.00
     1   2005    317    1000.0       7.1      12.6      1.01      2.00      0.40  -9999.00
     1   2005    318    1800.0       6.7       8.2      0.98      2.00      1.90  -9999.00
     1   2005    319    4300.0       6.4       8.4      0.96      2.00      0.00  -9999.00
     1   2005    320    2100.0       9.2      11.2      1.16      2.00      5.60  -9999.00
     1   2005    321    4200.0       9.3      11.3      1.17      2.00      2.10  -9999.00
     1   2005    322    1600.0       8.3       9.7      1.09      2.00      2.20  -9999.00
     1   2005    323    3900.0      11.3      12.0      1.34      2.00      0.40  -9999.00
     1   2005    324    1000.0      -2.4       9.7      0.51      2.00      3.00  -9999.00
     1   2005    325    2200.0       4.8      11.4      0.86      2.00      4.80  -9999.00
     1   2005    326    4700.0      -1.5      11.5      0.55      2.00      0.50  -9999.00
     1   2005    327    1900.0       9.6      12.4      1.20      2.00      2.30  -9999.00
     1   2005    328    5400.0       5.0       7.6      0.87      2.00      8.70  -9999.00
     1   2005    329    1900.0       8.1      13.7      1.08      2.00      0.90  -9999.00
     1   2005    330    1600.0      -2.0       6.7      0.53      2.00      0.00  -9999.00
     1   2005    331    1900.0       5.0      10.5      0.87      2.00      0.40  -9999.00
     1   2005    332    2000.0       4.2       4.3      0.82      2.00      0.40  -9999.00
     1   2005    333    4900.0       4.2       7.7      0.82      2.00      0.00  -9999.00
     1   2005    334    2000.0       0.9       5.3      0.65      2.00      0.00  -9999.00
     1   2005    335    4200.0       8.0       8.1      1.07      2.00      0.00  -9999.00
     1   2005    336    4100.0       7.4       9.4      1.03      2.00      0.00  -9999.00
     1   2005    337    1300.0       3.5       7.0      0.78      2.00      0.00  -9999.00
     1   2005    338    2400.0       9.3       9.6      1.17      2.00      1.10  -9999.00
     1   2005    339     700.0       9.2      11.2      1.16      2.00      7.80  -9999.00
     1   2005    340    2000.0       4.9       6.9      0.87      2.00      1.70  -9999.00
     1   2005    341    3500.0      -0.1       5.2      0.61      2.00      0.00  -9999.00
     1   2005    342    3300.0       3.5      13.3      0.78      2.00      0.80  -9999.00
     1   2005    343    2600.0      10.1      10.1      1.24      2.00      0.10  -9999.00
     1   2005    344    2300.0       2.7       3.2      0.74      2.00      2.70  -9999.00
     1   2005    345    1500.0      -1.4       7.6      0.55      2.00      0.30  -9999.00
     1   2005    346    1300.0       0.6       6.3      0.64      2.00      0.00  -9999.00
     1   2005    347     900.0       1.5      11.2      0.68      2.00      0.30  -9999.00
     1   2005    348    1900.0       7.8      12.3      1.06      2.00      0.70  -9999.00
     1   2005    349    1400.0      -3.3       7.8      0.48      2.00      0.20  -9999.00
     1   2005    350     700.0       3.8      10.9      0.80      2.00      0.80  -9999.00
     1   2005    351    2500.0       8.9      10.9      1.14      2.00      5.10  -9999.00
     1   2005    352    1800.0       0.3       5.3      0.62      2.00     11.50  -9999.00
     1   2005    353    2800.0      -2.0       9.3      0.53      2.00      0.00  -9999.00
     1   2005    354    3700.0       0.3       6.5      0.62      2.00      0.00  -9999.00
     1   2005    355     700.0      -0.2       9.9      0.60      2.00      0.00  -9999.00
     1   2005    356    1800.0       5.2      10.4      0.88      2.00      0.00  -9999.00
     1   2005    357    2100.0       5.1       7.1      0.88      2.00      0.00  -9999.00
     1   2005    358    2700.0       1.3       7.3      0.67      2.00      6.50  -9999.00
     1   2005    359    1700.0       4.2       6.2      0.82      2.00      1.00  -9999.00
     1   2005    360    3200.0       4.3       9.8      0.83      2.00      8.70  -9999.00
     1   2005    361    2300.0       2.5       5.4      0.73      2.00      5.00  -9999.00
     1   2005    362    1500.0       2.6       4.6      0.74      2.00      2.20  -9999.00
     1   2005    363    2700.0      -3.0       7.4      0.49      2.00     12.20  -9999.00
     1   2005    364    1700.0       2.2       9.9      0.72      2.00      0.10  -9999.00
     1   2005    365    1700.0       2.3      10.4      0.72      2.00      0.00  -9999.00
