*-----------------------------------------------------------------------------* 
           CNWG_212.met           51.48   -3.55   69.72
* Date created:  08-Aug-2019     Author: K Coleman 
* 
* NIL VALUE       -9999 
* Source:   data provided by M. Semenov 
*  
* Latitude:    51.48 Longitude:    -3.55 Altitude:    69.72
* 
* Column  Daily value 
* 1       station number 
* 2       year 
* 3       day 
* 4       irradiation                   (kJ m-2 d-1) 
* 5       minimum temperature           (degrees Celsius) 
* 6       maximum temperature           (degrees Celsius) 
* 7       early morning vapour pressure (kPa)             
* 8       mean wind speed (height: 2 m?) (m s-1)          
* 9       precipitation                 (mm d-1)          
* 10      sunshine                      (hrs)             
 		Jday	RAD	    TMIN	TMAX	 VAP	wind	RAIN	SUN  
               kj/m2	°C	    °C	     kPa	m/s	    mm	    hrs 
   51.48  69.72
     1   2005      1    3200.0       1.4       8.8      0.68      2.00      0.00  -9999.00
     1   2005      2    1800.0       2.5       5.5      0.73      2.00      0.00  -9999.00
     1   2005      3    2900.0       1.4       3.3      0.68      2.00      0.00  -9999.00
     1   2005      4    3900.0       6.2       9.4      0.95      2.00      0.00  -9999.00
     1   2005      5    2700.0       6.1       6.3      0.94      2.00      0.00  -9999.00
     1   2005      6    2300.0      -1.9       7.1      0.53      2.00      0.00  -9999.00
     1   2005      7    3000.0       2.9       3.7      0.75      2.00      0.00  -9999.00
     1   2005      8    1500.0       5.9       9.1      0.93      2.00      1.20  -9999.00
     1   2005      9    1500.0       3.2      11.0      0.77      2.00      1.30  -9999.00
     1   2005     10    1400.0       6.7      12.4      0.98      2.00      3.50  -9999.00
     1   2005     11    1800.0       6.9       8.1      0.99      2.00      0.00  -9999.00
     1   2005     12    3900.0       2.4       6.5      0.73      2.00      0.00  -9999.00
     1   2005     13    3300.0       3.0       9.1      0.76      2.00      2.70  -9999.00
     1   2005     14    2800.0       9.0       9.1      1.15      2.00      4.00  -9999.00
     1   2005     15    3300.0       5.0       8.0      0.87      2.00      2.10  -9999.00
     1   2005     16    2100.0       2.3       8.3      0.72      2.00      0.40  -9999.00
     1   2005     17    1500.0       7.1       9.7      1.01      2.00      6.10  -9999.00
     1   2005     18    1100.0       3.5       6.7      0.78      2.00      1.20  -9999.00
     1   2005     19    3100.0       6.5      12.5      0.97      2.00      2.60  -9999.00
     1   2005     20    1000.0       5.5       6.4      0.90      2.00      9.60  -9999.00
     1   2005     21    2800.0       8.3      10.4      1.09      2.00      0.00  -9999.00
     1   2005     22    2000.0       1.0       1.8      0.66      2.00     30.40  -9999.00
     1   2005     23    2100.0       1.9       4.7      0.70      2.00      0.00  -9999.00
     1   2005     24    4600.0       0.1      10.5      0.62      2.00      0.00  -9999.00
     1   2005     25    4400.0       2.6       4.6      0.74      2.00      0.50  -9999.00
     1   2005     26    2300.0       5.8      10.8      0.92      2.00      0.10  -9999.00
     1   2005     27    6200.0       0.8       7.1      0.65      2.00      0.00  -9999.00
     1   2005     28    4900.0       0.6      10.6      0.64      2.00      0.30  -9999.00
     1   2005     29    4300.0      -0.8       5.1      0.58      2.00      0.00  -9999.00
     1   2005     30    6200.0       5.9       9.4      0.93      2.00      0.00  -9999.00
     1   2005     31    5000.0      -1.6       9.1      0.54      2.00      0.00  -9999.00
     1   2005     32    3800.0       0.6       6.1      0.64      2.00      0.00  -9999.00
     1   2005     33    5700.0       0.8       7.6      0.65      2.00      0.00  -9999.00
     1   2005     34    2300.0       1.5       9.6      0.68      2.00      0.00  -9999.00
     1   2005     35    6500.0       7.6      10.1      1.04      2.00      0.00  -9999.00
     1   2005     36    5700.0      -2.1      -0.1      0.52      2.00      0.00  -9999.00
     1   2005     37    7900.0      -2.8       3.2      0.50      2.00      0.00  -9999.00
     1   2005     38    5100.0       1.0       3.0      0.66      2.00      0.00  -9999.00
     1   2005     39    1200.0       2.2       7.8      0.72      2.00      0.00  -9999.00
     1   2005     40    6900.0      -3.0      13.2      0.49      2.00      0.00  -9999.00
     1   2005     41    6500.0       4.9       5.3      0.87      2.00      0.00  -9999.00
     1   2005     42    2000.0       8.7      12.5      1.12      2.00      5.30  -9999.00
     1   2005     43    5200.0      -0.5       9.9      0.59      2.00      0.80  -9999.00
     1   2005     44    3100.0       0.6       2.6      0.64      2.00      0.00  -9999.00
     1   2005     45    5400.0       1.5      13.7      0.68      2.00      0.00  -9999.00
     1   2005     46    6800.0       3.4       7.4      0.78      2.00      0.00  -9999.00
     1   2005     47    8400.0      -2.2      11.5      0.52      2.00      0.00  -9999.00
     1   2005     48    6600.0       3.5       8.7      0.78      2.00      0.00  -9999.00
     1   2005     49    3500.0       8.1      10.1      1.08      2.00      2.70  -9999.00
     1   2005     50    3000.0       5.2       9.3      0.88      2.00      0.30  -9999.00
     1   2005     51    5500.0      -3.3      -1.3      0.48      2.00      0.00  -9999.00
     1   2005     52    4200.0       3.7       7.9      0.80      2.00      1.50  -9999.00
     1   2005     53    6700.0      -1.9       9.8      0.53      2.00      0.50  -9999.00
     1   2005     54    3400.0       3.3       8.9      0.77      2.00      6.00  -9999.00
     1   2005     55    5300.0       6.8       9.9      0.99      2.00      3.40  -9999.00
     1   2005     56    2700.0      -3.2      10.7      0.48      2.00     12.20  -9999.00
     1   2005     57   10400.0       4.6       9.7      0.85      2.00     10.70  -9999.00
     1   2005     58   11600.0       2.6       9.1      0.74      2.00      0.00  -9999.00
     1   2005     59    9000.0       7.3       8.2      1.02      2.00      0.30  -9999.00
     1   2005     60    7000.0      -0.1      12.0      0.61      2.00      0.80  -9999.00
     1   2005     61    2000.0       4.4       6.4      0.84      2.00      0.00  -9999.00
     1   2005     62   12200.0       2.2       9.7      0.72      2.00      0.00  -9999.00
     1   2005     63    9100.0       1.7       4.9      0.69      2.00      0.00  -9999.00
     1   2005     64    9700.0       4.2      11.3      0.82      2.00      0.00  -9999.00
     1   2005     65   13000.0       3.7      11.5      0.80      2.00      0.00  -9999.00
     1   2005     66    2500.0       0.4      10.7      0.63      2.00      0.00  -9999.00
     1   2005     67    7700.0      -2.0       4.6      0.53      2.00      0.00  -9999.00
     1   2005     68    4400.0       2.8       9.0      0.75      2.00      0.00  -9999.00
     1   2005     69    5500.0       4.9      10.0      0.87      2.00      0.00  -9999.00
     1   2005     70    8100.0       6.9       9.9      0.99      2.00      7.60  -9999.00
     1   2005     71    9400.0       7.1      11.8      1.01      2.00      1.00  -9999.00
     1   2005     72   10900.0       7.1       8.7      1.01      2.00      0.00  -9999.00
     1   2005     73    7400.0       2.0       8.9      0.71      2.00      0.00  -9999.00
     1   2005     74   11800.0       8.7      12.6      1.12      2.00      0.80  -9999.00
     1   2005     75    7100.0      -1.4      12.0      0.55      2.00      0.80  -9999.00
     1   2005     76   10500.0       4.9      10.2      0.87      2.00      6.00  -9999.00
     1   2005     77    5400.0       9.1       9.2      1.16      2.00      6.40  -9999.00
     1   2005     78    5100.0       9.2      11.0      1.16      2.00      0.20  -9999.00
     1   2005     79    5300.0       5.3       7.3      0.89      2.00      0.20  -9999.00
     1   2005     80    4900.0       7.8      17.7      1.06      2.00      9.30  -9999.00
     1   2005     81    5300.0       1.0      11.1      0.66      2.00      5.10  -9999.00
     1   2005     82    7800.0       9.7      11.4      1.20      2.00      7.70  -9999.00
     1   2005     83   10200.0       5.2       9.1      0.88      2.00     26.30  -9999.00
     1   2005     84   12300.0       3.9      12.3      0.81      2.00     12.80  -9999.00
     1   2005     85    2600.0      10.1      12.3      1.24      2.00      2.50  -9999.00
     1   2005     86   11400.0       3.6       9.5      0.79      2.00      7.80  -9999.00
     1   2005     87   13700.0       5.5       7.5      0.90      2.00      0.00  -9999.00
     1   2005     88   17500.0       7.0      15.3      1.00      2.00      0.00  -9999.00
     1   2005     89    9400.0       9.2      11.2      1.16      2.00      2.10  -9999.00
     1   2005     90   11300.0       1.0      10.6      0.66      2.00      0.00  -9999.00
     1   2005     91   17200.0       4.4      11.4      0.84      2.00      0.00  -9999.00
     1   2005     92   16600.0       3.4      13.1      0.78      2.00      0.00  -9999.00
     1   2005     93    9400.0       8.9      11.3      1.14      2.00      0.00  -9999.00
     1   2005     94    8100.0       5.7      14.9      0.92      2.00      0.00  -9999.00
     1   2005     95   14600.0       1.7       7.6      0.69      2.00      0.00  -9999.00
     1   2005     96   20000.0       6.9      12.0      0.99      2.00      0.00  -9999.00
     1   2005     97    8200.0       8.3      11.8      1.09      2.00      0.40  -9999.00
     1   2005     98    9900.0       7.1       9.1      1.01      2.00      0.70  -9999.00
     1   2005     99    9400.0       4.7       6.7      0.85      2.00      7.00  -9999.00
     1   2005    100    6100.0      -0.4      10.8      0.59      2.00      0.30  -9999.00
     1   2005    101    7800.0       4.2       9.6      0.82      2.00     17.50  -9999.00
     1   2005    102   16100.0       4.2       8.6      0.82      2.00     10.00  -9999.00
     1   2005    103    9700.0       6.0      11.7      0.93      2.00      3.90  -9999.00
     1   2005    104    7200.0       0.8       9.5      0.65      2.00      3.10  -9999.00
     1   2005    105   21200.0       1.7      11.1      0.69      2.00      2.30  -9999.00
     1   2005    106   18500.0       5.1       8.9      0.88      2.00      0.00  -9999.00
     1   2005    107   22300.0      -0.5      13.1      0.59      2.00      0.00  -9999.00
     1   2005    108    6600.0       5.4      11.8      0.90      2.00      0.30  -9999.00
     1   2005    109    9900.0       4.8      10.7      0.86      2.00      0.40  -9999.00
     1   2005    110   10300.0       8.8      12.9      1.13      2.00      4.70  -9999.00
     1   2005    111   10500.0       1.2      14.5      0.67      2.00      0.80  -9999.00
     1   2005    112   12100.0       4.5       9.8      0.84      2.00      0.30  -9999.00
     1   2005    113   23700.0       3.8      15.9      0.80      2.00      0.00  -9999.00
     1   2005    114   12500.0       7.5      13.4      1.04      2.00     13.10  -9999.00
     1   2005    115   21500.0       6.1      16.5      0.94      2.00      0.00  -9999.00
     1   2005    116   18900.0       8.2      12.1      1.09      2.00      0.00  -9999.00
     1   2005    117   20900.0       3.3      12.4      0.77      2.00      0.00  -9999.00
     1   2005    118    9200.0       4.5      11.3      0.84      2.00      0.70  -9999.00
     1   2005    119   17200.0       5.8      14.6      0.92      2.00      0.00  -9999.00
     1   2005    120   12200.0      10.6      16.6      1.28      2.00      1.10  -9999.00
     1   2005    121   20700.0       2.7      16.3      0.74      2.00      0.00  -9999.00
     1   2005    122   15300.0       1.6      12.5      0.69      2.00      0.00  -9999.00
     1   2005    123   21300.0      10.1      12.3      1.24      2.00      0.20  -9999.00
     1   2005    124   12800.0       3.2      13.6      0.77      2.00      4.60  -9999.00
     1   2005    125   14100.0       9.1      13.4      1.16      2.00      4.20  -9999.00
     1   2005    126   18800.0       7.8      12.8      1.06      2.00      0.00  -9999.00
     1   2005    127   17600.0      10.8      15.1      1.29      2.00      0.00  -9999.00
     1   2005    128   19800.0       7.5      10.9      1.04      2.00      0.00  -9999.00
     1   2005    129   22100.0       7.1      20.0      1.01      2.00      0.00  -9999.00
     1   2005    130   18500.0       9.0      14.6      1.15      2.00      0.80  -9999.00
     1   2005    131   18700.0       7.1      15.7      1.01      2.00      0.10  -9999.00
     1   2005    132   14400.0       5.3      13.6      0.89      2.00      0.70  -9999.00
     1   2005    133   19600.0       3.7      11.5      0.80      2.00      0.00  -9999.00
     1   2005    134   24800.0       9.4      20.4      1.18      2.00      0.00  -9999.00
     1   2005    135   22200.0       9.8      18.3      1.21      2.00      0.00  -9999.00
     1   2005    136    9500.0       4.2      15.0      0.82      2.00      0.80  -9999.00
     1   2005    137   14400.0       8.0      18.7      1.07      2.00      7.20  -9999.00
     1   2005    138   28000.0       5.6      21.5      0.91      2.00      0.00  -9999.00
     1   2005    139   22400.0      13.8      15.0      1.58      2.00      0.00  -9999.00
     1   2005    140   24800.0       5.7      23.3      0.92      2.00      0.00  -9999.00
     1   2005    141   22400.0       4.6      19.7      0.85      2.00      0.00  -9999.00
     1   2005    142   26600.0      12.4      18.9      1.44      2.00      0.00  -9999.00
     1   2005    143   14100.0       9.2      12.9      1.16      2.00      0.70  -9999.00
     1   2005    144   19400.0       6.5      12.2      0.97      2.00      4.50  -9999.00
     1   2005    145    9000.0      14.3      20.9      1.63      2.00      0.00  -9999.00
     1   2005    146   27700.0       9.2      16.2      1.16      2.00      0.00  -9999.00
     1   2005    147   26000.0      11.5      14.9      1.36      2.00      3.50  -9999.00
     1   2005    148   16400.0       8.9      12.8      1.14      2.00      0.00  -9999.00
     1   2005    149   13600.0       8.0      16.6      1.07      2.00      0.10  -9999.00
     1   2005    150   23700.0      11.3      14.5      1.34      2.00      6.20  -9999.00
     1   2005    151   18300.0       7.2      12.6      1.02      2.00      0.70  -9999.00
     1   2005    152   16600.0       7.4      14.4      1.03      2.00      0.10  -9999.00
     1   2005    153   14600.0       9.9      15.1      1.22      2.00      7.60  -9999.00
     1   2005    154   17300.0       8.8      15.4      1.13      2.00      0.70  -9999.00
     1   2005    155   14200.0       4.9      14.0      0.87      2.00      1.20  -9999.00
     1   2005    156    9400.0       9.8      12.7      1.21      2.00     16.40  -9999.00
     1   2005    157   20500.0       7.0      15.9      1.00      2.00      0.10  -9999.00
     1   2005    158   17600.0      10.0      14.3      1.23      2.00      2.10  -9999.00
     1   2005    159    9100.0      11.9      13.9      1.39      2.00      7.50  -9999.00
     1   2005    160    9100.0       7.6      20.5      1.04      2.00     14.30  -9999.00
     1   2005    161   12700.0      11.9      16.1      1.39      2.00      7.20  -9999.00
     1   2005    162   17100.0       6.9      14.5      0.99      2.00      0.00  -9999.00
     1   2005    163   16300.0      13.1      21.8      1.51      2.00      0.00  -9999.00
     1   2005    164   22400.0      14.0      15.0      1.60      2.00      0.00  -9999.00
     1   2005    165    9100.0      11.2      18.1      1.33      2.00      0.50  -9999.00
     1   2005    166   14700.0       6.2      17.5      0.95      2.00      0.00  -9999.00
     1   2005    167   26900.0      13.4      19.6      1.54      2.00      0.00  -9999.00
     1   2005    168   27100.0       7.7      24.0      1.05      2.00      0.00  -9999.00
     1   2005    169   25400.0      12.3      19.7      1.43      2.00      0.00  -9999.00
     1   2005    170   21400.0       7.4      20.2      1.03      2.00      0.00  -9999.00
     1   2005    171   23800.0      11.8      16.0      1.38      2.00      0.00  -9999.00
     1   2005    172   23600.0      13.8      18.6      1.58      2.00      0.00  -9999.00
     1   2005    173   26500.0      14.5      14.8      1.65      2.00      0.00  -9999.00
     1   2005    174   28400.0      12.3      19.6      1.43      2.00      0.00  -9999.00
     1   2005    175   21600.0      12.4      16.8      1.44      2.00      0.00  -9999.00
     1   2005    176   29000.0      11.4      17.2      1.35      2.00      0.00  -9999.00
     1   2005    177   23900.0       7.9      23.5      1.07      2.00      0.00  -9999.00
     1   2005    178   27400.0      15.5      16.8      1.76      2.00      0.00  -9999.00
     1   2005    179   17300.0      12.8      16.3      1.48      2.00      0.00  -9999.00
     1   2005    180   19900.0       9.4      23.6      1.18      2.00      0.00  -9999.00
     1   2005    181   11100.0      16.3      22.5      1.85      2.00      0.00  -9999.00
     1   2005    182   13400.0      12.6      18.3      1.46      2.00      6.30  -9999.00
     1   2005    183   28400.0      14.4      16.6      1.64      2.00      2.80  -9999.00
     1   2005    184   26300.0      11.2      18.9      1.33      2.00     10.10  -9999.00
     1   2005    185   15400.0      17.3      19.4      1.97      2.00     17.60  -9999.00
     1   2005    186   20800.0      12.4      17.7      1.44      2.00      1.90  -9999.00
     1   2005    187   19300.0      10.7      19.3      1.29      2.00      0.00  -9999.00
     1   2005    188   27500.0      12.6      21.1      1.46      2.00      0.00  -9999.00
     1   2005    189   12700.0       9.3      18.3      1.17      2.00      2.70  -9999.00
     1   2005    190   12400.0      11.1      15.0      1.32      2.00      1.80  -9999.00
     1   2005    191   26300.0      13.4      21.5      1.54      2.00      2.60  -9999.00
     1   2005    192   13300.0       9.5      16.4      1.19      2.00      2.70  -9999.00
     1   2005    193   23000.0      14.3      16.3      1.63      2.00      3.10  -9999.00
     1   2005    194   22600.0      16.3      18.1      1.85      2.00      1.00  -9999.00
     1   2005    195   17800.0      12.1      17.2      1.41      2.00     12.30  -9999.00
     1   2005    196   25700.0      14.5      20.7      1.65      2.00      0.00  -9999.00
     1   2005    197   21800.0      14.0      20.5      1.60      2.00      0.00  -9999.00
     1   2005    198   23800.0      15.3      18.7      1.74      2.00      0.00  -9999.00
     1   2005    199   11600.0      13.2      27.9      1.52      2.00      0.00  -9999.00
     1   2005    200   22600.0      13.3      23.7      1.53      2.00      0.00  -9999.00
     1   2005    201   24800.0      12.9      19.9      1.49      2.00      0.00  -9999.00
     1   2005    202   21600.0      15.3      19.6      1.74      2.00      4.50  -9999.00
     1   2005    203   18400.0      10.7      16.5      1.29      2.00      3.50  -9999.00
     1   2005    204   23100.0      14.9      16.9      1.69      2.00      2.40  -9999.00
     1   2005    205   10700.0      13.4      17.6      1.54      2.00     14.90  -9999.00
     1   2005    206   17800.0      13.1      20.9      1.51      2.00      0.00  -9999.00
     1   2005    207   16900.0      15.3      18.2      1.74      2.00      0.30  -9999.00
     1   2005    208   18100.0      14.7      20.5      1.67      2.00      0.80  -9999.00
     1   2005    209   16000.0      13.5      21.7      1.55      2.00      5.60  -9999.00
     1   2005    210   22600.0      11.7      17.3      1.37      2.00      0.00  -9999.00
     1   2005    211   22000.0      12.1      24.8      1.41      2.00      0.00  -9999.00
     1   2005    212   20300.0      12.6      23.2      1.46      2.00      0.00  -9999.00
     1   2005    213   15000.0       9.3      28.4      1.17      2.00      0.00  -9999.00
     1   2005    214   19000.0      11.9      18.2      1.39      2.00     68.80  -9999.00
     1   2005    215   13100.0      14.2      21.2      1.62      2.00      0.00  -9999.00
     1   2005    216   15800.0      13.8      21.9      1.58      2.00      0.00  -9999.00
     1   2005    217   15600.0      10.4      16.0      1.26      2.00      0.00  -9999.00
     1   2005    218   18600.0       7.3      22.1      1.02      2.00      0.00  -9999.00
     1   2005    219    9500.0      15.8      18.2      1.79      2.00      0.80  -9999.00
     1   2005    220   20500.0      15.0      18.7      1.70      2.00     10.70  -9999.00
     1   2005    221   20700.0      12.2      20.4      1.42      2.00      0.00  -9999.00
     1   2005    222   15600.0      11.8      16.4      1.38      2.00      6.20  -9999.00
     1   2005    223   25300.0       7.8      18.2      1.06      2.00      0.00  -9999.00
     1   2005    224   10300.0      16.8      18.2      1.91      2.00      0.20  -9999.00
     1   2005    225   14800.0      14.4      18.0      1.64      2.00     11.30  -9999.00
     1   2005    226   11800.0      12.8      19.4      1.48      2.00      1.00  -9999.00
     1   2005    227   15100.0      15.2      27.9      1.73      2.00      0.00  -9999.00
     1   2005    228   10800.0      12.3      16.4      1.43      2.00      6.10  -9999.00
     1   2005    229   20800.0      13.1      22.9      1.51      2.00      3.40  -9999.00
     1   2005    230   21700.0      14.2      18.8      1.62      2.00      0.90  -9999.00
     1   2005    231   20000.0      16.8      22.7      1.91      2.00      0.00  -9999.00
     1   2005    232   16600.0      12.2      28.7      1.42      2.00      0.00  -9999.00
     1   2005    233   14600.0      15.0      22.4      1.70      2.00      0.00  -9999.00
     1   2005    234   16600.0       8.1      18.0      1.08      2.00      0.10  -9999.00
     1   2005    235   10000.0      12.3      19.5      1.43      2.00      0.90  -9999.00
     1   2005    236    8700.0      10.9      18.7      1.30      2.00      7.20  -9999.00
     1   2005    237   14800.0      11.7      21.1      1.37      2.00      0.00  -9999.00
     1   2005    238   15400.0      12.5      20.1      1.45      2.00      0.00  -9999.00
     1   2005    239   18700.0      14.0      19.8      1.60      2.00      0.00  -9999.00
     1   2005    240   12500.0      11.3      15.7      1.34      2.00      0.00  -9999.00
     1   2005    241   15100.0      10.2      17.9      1.24      2.00      0.00  -9999.00
     1   2005    242   19900.0      11.5      20.1      1.36      2.00      0.00  -9999.00
     1   2005    243   14400.0      11.0      22.9      1.31      2.00      0.00  -9999.00
     1   2005    244   17500.0      12.6      22.7      1.46      2.00      7.00  -9999.00
     1   2005    245   11800.0      10.4      18.2      1.26      2.00      6.60  -9999.00
     1   2005    246    8400.0      10.9      17.2      1.30      2.00      3.00  -9999.00
     1   2005    247    9200.0      14.3      20.8      1.63      2.00      0.10  -9999.00
     1   2005    248   10500.0       9.9      16.1      1.22      2.00      0.00  -9999.00
     1   2005    249   13200.0      15.7      17.5      1.78      2.00      0.00  -9999.00
     1   2005    250   13300.0       8.2      15.9      1.09      2.00      0.00  -9999.00
     1   2005    251   19300.0      12.6      22.8      1.46      2.00      0.00  -9999.00
     1   2005    252    8800.0      14.4      21.7      1.64      2.00      0.10  -9999.00
     1   2005    253    6000.0      12.5      18.0      1.45      2.00      0.10  -9999.00
     1   2005    254    8600.0      16.1      17.7      1.83      2.00      0.10  -9999.00
     1   2005    255   11500.0      13.8      19.5      1.58      2.00      7.40  -9999.00
     1   2005    256    8400.0      13.3      17.7      1.53      2.00     10.70  -9999.00
     1   2005    257    8500.0       7.8      19.4      1.06      2.00      0.20  -9999.00
     1   2005    258   11100.0      12.2      18.7      1.42      2.00      0.00  -9999.00
     1   2005    259   15400.0       9.1      14.8      1.16      2.00      0.00  -9999.00
     1   2005    260   11100.0       9.8      18.5      1.21      2.00      0.00  -9999.00
     1   2005    261   11200.0      10.1      16.6      1.24      2.00      2.10  -9999.00
     1   2005    262    7800.0      10.2      17.6      1.24      2.00      6.00  -9999.00
     1   2005    263    2400.0      11.1      20.8      1.32      2.00      0.60  -9999.00
     1   2005    264    9600.0      12.0      15.3      1.40      2.00      0.00  -9999.00
     1   2005    265    9600.0      11.4      16.7      1.35      2.00      0.00  -9999.00
     1   2005    266   15100.0      13.1      14.5      1.51      2.00      0.00  -9999.00
     1   2005    267    7600.0       2.7      18.8      0.74      2.00      0.00  -9999.00
     1   2005    268   11100.0       9.2      16.3      1.16      2.00      0.00  -9999.00
     1   2005    269   15200.0      12.7      14.0      1.47      2.00      0.00  -9999.00
     1   2005    270    8600.0      11.3      16.7      1.34      2.00      0.00  -9999.00
     1   2005    271   11200.0       3.0      16.8      0.76      2.00      0.00  -9999.00
     1   2005    272    9800.0      10.2      16.6      1.24      2.00      0.00  -9999.00
     1   2005    273    8900.0       7.5      13.6      1.04      2.00      0.00  -9999.00
     1   2005    274    6700.0      12.5      15.3      1.45      2.00     44.40  -9999.00
     1   2005    275   10800.0      15.0      15.8      1.70      2.00     33.80  -9999.00
     1   2005    276   13000.0      12.6      15.6      1.46      2.00      0.00  -9999.00
     1   2005    277    4200.0      11.9      17.9      1.39      2.00     10.90  -9999.00
     1   2005    278    8000.0       7.4      14.9      1.03      2.00      3.40  -9999.00
     1   2005    279    4600.0      13.5      14.8      1.55      2.00      0.10  -9999.00
     1   2005    280    8500.0      13.9      15.6      1.59      2.00      0.00  -9999.00
     1   2005    281    5400.0      10.7      17.3      1.29      2.00     50.80  -9999.00
     1   2005    282    8800.0       8.0      16.2      1.07      2.00      0.90  -9999.00
     1   2005    283    8800.0       8.4      15.7      1.10      2.00      0.80  -9999.00
     1   2005    284    8700.0       7.3      13.6      1.02      2.00      0.70  -9999.00
     1   2005    285    2800.0      14.4      16.4      1.64      2.00      0.10  -9999.00
     1   2005    286    6200.0      12.0      14.8      1.40      2.00      0.20  -9999.00
     1   2005    287   10700.0      12.1      14.9      1.41      2.00      2.90  -9999.00
     1   2005    288    5700.0       5.6       7.6      0.91      2.00      4.80  -9999.00
     1   2005    289    7300.0       5.2      12.8      0.88      2.00      0.00  -9999.00
     1   2005    290    2900.0      11.0      13.6      1.31      2.00      0.00  -9999.00
     1   2005    291    5700.0       2.9      19.3      0.75      2.00      0.00  -9999.00
     1   2005    292    4600.0      11.9      13.9      1.39      2.00      0.00  -9999.00
     1   2005    293    3000.0       7.5      14.1      1.04      2.00     11.10  -9999.00
     1   2005    294    4900.0       8.7      12.1      1.12      2.00      0.10  -9999.00
     1   2005    295    4500.0       6.5      11.8      0.97      2.00      3.60  -9999.00
     1   2005    296    3500.0      10.6      12.6      1.28      2.00      1.80  -9999.00
     1   2005    297    2200.0      11.0      13.2      1.31      2.00     12.40  -9999.00
     1   2005    298    3300.0       5.5      12.6      0.90      2.00     11.10  -9999.00
     1   2005    299    4700.0       8.8      11.3      1.13      2.00     11.10  -9999.00
     1   2005    300    5800.0      -1.8      12.1      0.54      2.00      5.20  -9999.00
     1   2005    301    1300.0       5.7      15.0      0.92      2.00      1.60  -9999.00
     1   2005    302    4000.0      10.0      12.4      1.23      2.00      0.80  -9999.00
     1   2005    303    3200.0       8.7       9.4      1.12      2.00      0.10  -9999.00
     1   2005    304    3400.0       7.1      13.5      1.01      2.00      1.10  -9999.00
     1   2005    305    3300.0       4.7      11.6      0.85      2.00      0.70  -9999.00
     1   2005    306    3400.0       8.2      13.5      1.09      2.00      8.40  -9999.00
     1   2005    307    2900.0      11.5      13.5      1.36      2.00     10.10  -9999.00
     1   2005    308    7800.0      10.5      15.1      1.27      2.00      7.00  -9999.00
     1   2005    309    3300.0       8.0      13.2      1.07      2.00      1.80  -9999.00
     1   2005    310    7200.0       7.2      11.8      1.02      2.00      0.00  -9999.00
     1   2005    311    2400.0       8.6      10.1      1.12      2.00      0.00  -9999.00
     1   2005    312    6900.0       5.5       6.7      0.90      2.00      0.00  -9999.00
     1   2005    313    2900.0       6.3       8.6      0.95      2.00      0.00  -9999.00
     1   2005    314    5700.0       4.4      13.2      0.84      2.00      7.50  -9999.00
     1   2005    315    2100.0       1.5       7.0      0.68      2.00      0.00  -9999.00
     1   2005    316    1800.0       4.2      13.5      0.82      2.00      0.00  -9999.00
     1   2005    317    2400.0       6.6      12.1      0.97      2.00     11.50  -9999.00
     1   2005    318    2300.0       5.6       8.5      0.91      2.00      0.00  -9999.00
     1   2005    319    6100.0       3.3       5.3      0.77      2.00      0.00  -9999.00
     1   2005    320    2400.0       6.2      12.3      0.95      2.00      6.20  -9999.00
     1   2005    321    2000.0       7.6      12.1      1.04      2.00      0.50  -9999.00
     1   2005    322    2100.0       7.4      10.0      1.03      2.00     10.00  -9999.00
     1   2005    323     900.0       6.1      11.5      0.94      2.00      4.50  -9999.00
     1   2005    324    2600.0       7.5       8.7      1.04      2.00      1.10  -9999.00
     1   2005    325    1800.0       5.8       7.2      0.92      2.00      0.30  -9999.00
     1   2005    326    2100.0       6.5       8.5      0.97      2.00      0.40  -9999.00
     1   2005    327    1900.0       1.2      13.4      0.67      2.00      2.70  -9999.00
     1   2005    328    1900.0       4.9      12.0      0.87      2.00     20.80  -9999.00
     1   2005    329    3300.0      -1.3       7.9      0.56      2.00      0.00  -9999.00
     1   2005    330    4000.0       2.1       4.1      0.71      2.00      0.00  -9999.00
     1   2005    331    5000.0       7.0       9.0      1.00      2.00      0.00  -9999.00
     1   2005    332    2700.0       1.5       9.1      0.68      2.00      0.00  -9999.00
     1   2005    333    2400.0       4.1       9.4      0.82      2.00      0.00  -9999.00
     1   2005    334    3000.0       3.1       9.6      0.76      2.00     11.80  -9999.00
     1   2005    335    1300.0       5.7      13.4      0.92      2.00      4.40  -9999.00
     1   2005    336    2600.0       5.0      10.1      0.87      2.00      1.00  -9999.00
     1   2005    337    1800.0       5.8       9.1      0.92      2.00      0.10  -9999.00
     1   2005    338    1600.0       8.5      10.5      1.11      2.00      0.20  -9999.00
     1   2005    339    2800.0       0.7       6.8      0.64      2.00      0.00  -9999.00
     1   2005    340    4400.0       8.9      11.8      1.14      2.00      0.80  -9999.00
     1   2005    341     900.0      -0.8       9.1      0.58      2.00      0.10  -9999.00
     1   2005    342    3800.0       4.9      10.9      0.87      2.00      0.00  -9999.00
     1   2005    343    2200.0       7.8       9.1      1.06      2.00      1.10  -9999.00
     1   2005    344    2500.0       4.1       5.0      0.82      2.00      0.00  -9999.00
     1   2005    345     900.0      -0.6      11.4      0.58      2.00      3.80  -9999.00
     1   2005    346    1400.0       8.9      10.9      1.14      2.00      1.80  -9999.00
     1   2005    347    4200.0       6.4       8.5      0.96      2.00      5.50  -9999.00
     1   2005    348    4200.0       1.4       9.3      0.68      2.00      8.40  -9999.00
     1   2005    349    1400.0       6.8      11.9      0.99      2.00      2.40  -9999.00
     1   2005    350    4100.0       0.8       2.7      0.65      2.00      0.00  -9999.00
     1   2005    351    1500.0       1.7       9.8      0.69      2.00     27.80  -9999.00
     1   2005    352    3400.0       4.3       6.3      0.83      2.00      0.00  -9999.00
     1   2005    353    2800.0       6.4       8.4      0.96      2.00      4.20  -9999.00
     1   2005    354    1800.0       0.3      10.6      0.62      2.00      1.90  -9999.00
     1   2005    355    1400.0       2.1      10.3      0.71      2.00      8.60  -9999.00
     1   2005    356    2100.0       5.7      10.9      0.92      2.00      0.80  -9999.00
     1   2005    357    2800.0      -4.8       5.4      0.43      2.00      0.10  -9999.00
     1   2005    358     700.0      -1.9      11.1      0.53      2.00      0.30  -9999.00
     1   2005    359    1600.0       8.4       9.4      1.10      2.00      1.20  -9999.00
     1   2005    360    1900.0       3.0       7.2      0.76      2.00     14.20  -9999.00
     1   2005    361    2100.0       1.2       1.6      0.67      2.00      0.00  -9999.00
     1   2005    362    2300.0       4.5       6.5      0.84      2.00      0.30  -9999.00
     1   2005    363    1100.0      -0.9       6.3      0.57      2.00      0.10  -9999.00
     1   2005    364    2700.0       5.8       9.4      0.92      2.00     21.90  -9999.00
     1   2005    365    1300.0      -0.9       4.0      0.57      2.00      8.70  -9999.00
