*-----------------------------------------------------------------------------* 
           CNWG_9.met             51.48   -3.55   69.72
* Date created:  08-Aug-2019     Author: K Coleman 
* 
* NIL VALUE       -9999 
* Source:   data provided by M. Semenov 
*  
* Latitude:    51.48 Longitude:    -3.55 Altitude:    69.72
* 
* Column  Daily value 
* 1       station number 
* 2       year 
* 3       day 
* 4       irradiation                   (kJ m-2 d-1) 
* 5       minimum temperature           (degrees Celsius) 
* 6       maximum temperature           (degrees Celsius) 
* 7       early morning vapour pressure (kPa)             
* 8       mean wind speed (height: 2 m?) (m s-1)          
* 9       precipitation                 (mm d-1)          
* 10      sunshine                      (hrs)             
 		Jday	RAD	    TMIN	TMAX	 VAP	wind	RAIN	SUN  
               kj/m2	°C	    °C	     kPa	m/s	    mm	    hrs 
   51.48  69.72
     1   2005      1    1900.0       0.5       3.4      0.63      2.00      6.10  -9999.00
     1   2005      2    2200.0       5.6       8.7      0.91      2.00     11.80  -9999.00
     1   2005      3    1800.0      10.3      11.0      1.25      2.00     19.10  -9999.00
     1   2005      4    2200.0       2.5       8.0      0.73      2.00      0.70  -9999.00
     1   2005      5    1900.0       9.1       9.4      1.16      2.00     21.00  -9999.00
     1   2005      6    3800.0       2.0      11.7      0.71      2.00      6.30  -9999.00
     1   2005      7    3200.0       1.9       4.8      0.70      2.00      0.00  -9999.00
     1   2005      8    1500.0       4.4       6.4      0.84      2.00      2.00  -9999.00
     1   2005      9    2000.0       5.6       8.5      0.91      2.00     12.20  -9999.00
     1   2005     10    2200.0       8.6      10.6      1.12      2.00      6.90  -9999.00
     1   2005     11    2600.0       6.2       8.2      0.95      2.00      0.00  -9999.00
     1   2005     12    2200.0       0.9       4.9      0.65      2.00      0.00  -9999.00
     1   2005     13    3900.0      -0.3       6.0      0.60      2.00      0.00  -9999.00
     1   2005     14    1600.0       4.7       9.0      0.85      2.00      0.00  -9999.00
     1   2005     15    4300.0      -3.0       5.3      0.49      2.00      0.00  -9999.00
     1   2005     16    5500.0       4.5       6.2      0.84      2.00      0.00  -9999.00
     1   2005     17    3600.0      -0.5       9.1      0.59      2.00      0.00  -9999.00
     1   2005     18    3000.0       6.6      10.7      0.97      2.00      9.50  -9999.00
     1   2005     19    1700.0       7.1       9.6      1.01      2.00     10.10  -9999.00
     1   2005     20    1800.0       6.0       8.0      0.93      2.00      2.10  -9999.00
     1   2005     21    3500.0       7.4       7.5      1.03      2.00      1.60  -9999.00
     1   2005     22    4600.0      -0.4       9.6      0.59      2.00      1.10  -9999.00
     1   2005     23    4600.0       5.8      10.2      0.92      2.00      1.00  -9999.00
     1   2005     24    1900.0       3.8       8.6      0.80      2.00      0.20  -9999.00
     1   2005     25    2200.0       3.7       5.7      0.80      2.00      1.00  -9999.00
     1   2005     26    2500.0       3.2      10.6      0.77      2.00      0.80  -9999.00
     1   2005     27    6300.0       3.2      10.3      0.77      2.00      0.50  -9999.00
     1   2005     28    2300.0       4.0       9.6      0.81      2.00      0.50  -9999.00
     1   2005     29    4100.0       4.3       7.9      0.83      2.00      0.90  -9999.00
     1   2005     30    3700.0       1.5       9.1      0.68      2.00      1.80  -9999.00
     1   2005     31    1000.0       4.6       6.6      0.85      2.00      5.40  -9999.00
     1   2005     32    3700.0       1.4       7.6      0.68      2.00      3.50  -9999.00
     1   2005     33    3900.0      -0.2      11.7      0.60      2.00      1.00  -9999.00
     1   2005     34    4600.0       9.0      10.1      1.15      2.00      0.90  -9999.00
     1   2005     35    4000.0       4.6       6.6      0.85      2.00      0.00  -9999.00
     1   2005     36    3500.0      -0.7       9.0      0.58      2.00      3.40  -9999.00
     1   2005     37    5200.0       8.8      10.8      1.13      2.00      3.20  -9999.00
     1   2005     38    3300.0       7.5       9.3      1.04      2.00      2.90  -9999.00
     1   2005     39    4300.0      -2.5       6.7      0.51      2.00      0.00  -9999.00
     1   2005     40    3400.0       0.7       2.7      0.64      2.00      0.30  -9999.00
     1   2005     41    3400.0       2.9       8.8      0.75      2.00      2.00  -9999.00
     1   2005     42    6200.0      -7.3       6.6      0.35      2.00      0.00  -9999.00
     1   2005     43    2900.0       5.7       8.6      0.92      2.00      3.90  -9999.00
     1   2005     44    6600.0       3.0       9.5      0.76      2.00      3.20  -9999.00
     1   2005     45    6800.0       5.1      10.5      0.88      2.00      3.70  -9999.00
     1   2005     46    9200.0       3.0       8.8      0.76      2.00      3.20  -9999.00
     1   2005     47    3800.0      -3.7       9.6      0.46      2.00      0.10  -9999.00
     1   2005     48    5000.0       3.9       8.6      0.81      2.00      1.10  -9999.00
     1   2005     49    2200.0       4.8      11.6      0.86      2.00      6.90  -9999.00
     1   2005     50    3600.0       0.1      10.6      0.62      2.00      0.40  -9999.00
     1   2005     51    5100.0       7.2       9.2      1.02      2.00      1.40  -9999.00
     1   2005     52    7100.0       2.7       8.2      0.74      2.00      0.40  -9999.00
     1   2005     53    8100.0       4.3       7.8      0.83      2.00      0.00  -9999.00
     1   2005     54    4100.0       2.9      10.9      0.75      2.00      0.30  -9999.00
     1   2005     55    3700.0       6.2       8.2      0.95      2.00      0.10  -9999.00
     1   2005     56    6500.0      -1.4      10.7      0.55      2.00      0.00  -9999.00
     1   2005     57    4800.0       3.8      10.7      0.80      2.00      0.00  -9999.00
     1   2005     58   10200.0       2.9       4.9      0.75      2.00      0.00  -9999.00
     1   2005     59    2900.0       1.6       8.9      0.69      2.00      1.50  -9999.00
     1   2005     60    3900.0       4.0      11.0      0.81      2.00      0.20  -9999.00
     1   2005     61    4500.0       7.6       9.3      1.04      2.00      3.20  -9999.00
     1   2005     62    7000.0       3.8      12.8      0.80      2.00      0.00  -9999.00
     1   2005     63   12600.0       0.6      10.5      0.64      2.00      0.00  -9999.00
     1   2005     64    7100.0       7.8       9.7      1.06      2.00      1.60  -9999.00
     1   2005     65    6300.0       8.0      11.1      1.07      2.00      0.20  -9999.00
     1   2005     66   11000.0       2.8       4.4      0.75      2.00      0.00  -9999.00
     1   2005     67   13400.0       0.7      10.9      0.64      2.00      0.00  -9999.00
     1   2005     68    8500.0       1.1      11.7      0.66      2.00      5.60  -9999.00
     1   2005     69   10300.0       2.6      15.1      0.74      2.00      0.20  -9999.00
     1   2005     70   11600.0      -1.2       8.2      0.56      2.00      4.60  -9999.00
     1   2005     71   11500.0       5.6       8.4      0.91      2.00      7.30  -9999.00
     1   2005     72    5300.0       1.7       9.0      0.69      2.00      5.50  -9999.00
     1   2005     73    4000.0       5.2       7.2      0.88      2.00      0.90  -9999.00
     1   2005     74    6100.0      -1.4      10.9      0.55      2.00      5.00  -9999.00
     1   2005     75    6000.0      -1.7       8.9      0.54      2.00      0.70  -9999.00
     1   2005     76   10100.0       2.9      11.7      0.75      2.00      0.00  -9999.00
     1   2005     77    5000.0      -0.8       9.6      0.58      2.00      2.40  -9999.00
     1   2005     78   12400.0       2.1      11.1      0.71      2.00      0.00  -9999.00
     1   2005     79   10600.0       4.5      11.1      0.84      2.00      0.00  -9999.00
     1   2005     80   11000.0       4.3       6.3      0.83      2.00      0.00  -9999.00
     1   2005     81    7000.0       0.1      11.3      0.62      2.00      0.00  -9999.00
     1   2005     82   10400.0       2.5       9.1      0.73      2.00     10.30  -9999.00
     1   2005     83    5400.0       2.9       5.7      0.75      2.00      0.00  -9999.00
     1   2005     84   13900.0       3.4      10.7      0.78      2.00      0.00  -9999.00
     1   2005     85   14500.0      -1.4      12.9      0.55      2.00      0.00  -9999.00
     1   2005     86    7800.0       3.8       9.2      0.80      2.00      0.00  -9999.00
     1   2005     87    5800.0       3.7      10.6      0.80      2.00      0.80  -9999.00
     1   2005     88    9900.0       5.7      12.3      0.92      2.00      2.90  -9999.00
     1   2005     89   14200.0       5.3       8.6      0.89      2.00      1.60  -9999.00
     1   2005     90   14200.0       7.2      11.9      1.02      2.00      1.50  -9999.00
     1   2005     91    8800.0       7.0      13.3      1.00      2.00      0.00  -9999.00
     1   2005     92   14100.0      -0.5       9.2      0.59      2.00      0.00  -9999.00
     1   2005     93   18400.0       5.3      13.3      0.89      2.00      0.00  -9999.00
     1   2005     94   17800.0       0.9      14.6      0.65      2.00      0.00  -9999.00
     1   2005     95   12800.0       4.6       9.3      0.85      2.00      0.00  -9999.00
     1   2005     96    4800.0       6.4      11.5      0.96      2.00      0.00  -9999.00
     1   2005     97   13300.0       7.6      10.9      1.04      2.00      0.00  -9999.00
     1   2005     98    6000.0       0.9      15.8      0.65      2.00      0.00  -9999.00
     1   2005     99   13200.0       1.1      15.8      0.66      2.00      6.70  -9999.00
     1   2005    100    6100.0       4.7       8.9      0.85      2.00      2.30  -9999.00
     1   2005    101    3300.0       0.4      13.4      0.63      2.00      3.80  -9999.00
     1   2005    102   10100.0       5.7      10.3      0.92      2.00      0.00  -9999.00
     1   2005    103   13600.0       1.8       9.8      0.70      2.00      3.10  -9999.00
     1   2005    104    5600.0       3.4      12.3      0.78      2.00      0.00  -9999.00
     1   2005    105    7500.0       6.8       9.5      0.99      2.00      5.30  -9999.00
     1   2005    106    9200.0       4.2      12.5      0.82      2.00     17.30  -9999.00
     1   2005    107   13100.0       8.7      11.1      1.12      2.00      0.30  -9999.00
     1   2005    108   13300.0       5.0       6.9      0.87      2.00      2.90  -9999.00
     1   2005    109    8300.0       4.2       8.3      0.82      2.00      0.30  -9999.00
     1   2005    110   12600.0       9.7      12.3      1.20      2.00     11.90  -9999.00
     1   2005    111   11500.0       2.6      12.2      0.74      2.00      3.20  -9999.00
     1   2005    112    8500.0       3.5      14.6      0.78      2.00     13.40  -9999.00
     1   2005    113   14000.0       8.8      12.1      1.13      2.00     11.60  -9999.00
     1   2005    114   11800.0       2.2      15.5      0.72      2.00      4.20  -9999.00
     1   2005    115   23100.0       0.3      14.4      0.62      2.00      0.00  -9999.00
     1   2005    116   18500.0       6.5      10.5      0.97      2.00      2.10  -9999.00
     1   2005    117    9300.0       7.8      13.9      1.06      2.00      2.20  -9999.00
     1   2005    118   14900.0       7.0       9.1      1.00      2.00     10.40  -9999.00
     1   2005    119    7200.0       1.8      11.7      0.70      2.00      3.70  -9999.00
     1   2005    120   20300.0       5.5      14.7      0.90      2.00      0.10  -9999.00
     1   2005    121    9600.0       4.4      14.0      0.84      2.00      4.80  -9999.00
     1   2005    122   24100.0       2.9      16.5      0.75      2.00      0.00  -9999.00
     1   2005    123    7400.0       6.0      12.8      0.93      2.00      0.10  -9999.00
     1   2005    124   18900.0       2.2      13.4      0.72      2.00      0.00  -9999.00
     1   2005    125    9700.0      10.4      20.7      1.26      2.00      0.00  -9999.00
     1   2005    126   21100.0      10.2      19.7      1.24      2.00      0.00  -9999.00
     1   2005    127   13900.0       6.2      15.0      0.95      2.00      0.00  -9999.00
     1   2005    128   19500.0       7.6      15.0      1.04      2.00      0.00  -9999.00
     1   2005    129   21400.0       5.4      19.9      0.90      2.00      0.00  -9999.00
     1   2005    130    9100.0       3.9      16.2      0.81      2.00      0.00  -9999.00
     1   2005    131   15600.0       3.2      16.2      0.77      2.00      0.00  -9999.00
     1   2005    132   16700.0       7.4      10.2      1.03      2.00      0.00  -9999.00
     1   2005    133   20300.0       6.7      20.0      0.98      2.00      0.00  -9999.00
     1   2005    134   22200.0      12.5      15.6      1.45      2.00      0.00  -9999.00
     1   2005    135   12400.0      11.2      18.2      1.33      2.00      0.00  -9999.00
     1   2005    136   20400.0      11.4      13.9      1.35      2.00      0.00  -9999.00
     1   2005    137   19400.0       6.6      15.7      0.97      2.00      0.00  -9999.00
     1   2005    138   11100.0       6.0      15.2      0.93      2.00      4.00  -9999.00
     1   2005    139   18600.0       8.2      16.7      1.09      2.00      6.40  -9999.00
     1   2005    140   20800.0      11.6      24.1      1.37      2.00      0.00  -9999.00
     1   2005    141    8800.0       7.5      17.9      1.04      2.00      0.00  -9999.00
     1   2005    142   16200.0      10.1      14.6      1.24      2.00      9.30  -9999.00
     1   2005    143   11200.0       5.2      13.7      0.88      2.00      0.10  -9999.00
     1   2005    144   10500.0      11.4      16.0      1.35      2.00      0.00  -9999.00
     1   2005    145   21500.0      12.1      14.1      1.41      2.00      0.00  -9999.00
     1   2005    146   16800.0      13.4      19.2      1.54      2.00      0.00  -9999.00
     1   2005    147   10200.0       6.9      16.5      0.99      2.00      0.00  -9999.00
     1   2005    148   22800.0       7.7      24.3      1.05      2.00      0.00  -9999.00
     1   2005    149   26700.0      11.7      18.4      1.37      2.00      0.00  -9999.00
     1   2005    150   17300.0      10.7      15.1      1.29      2.00      0.00  -9999.00
     1   2005    151   29400.0       8.6      14.8      1.12      2.00      0.00  -9999.00
     1   2005    152   26200.0       4.7      19.0      0.85      2.00      0.00  -9999.00
     1   2005    153   16900.0      10.7      15.7      1.29      2.00      0.30  -9999.00
     1   2005    154   19100.0       7.6      16.1      1.04      2.00      1.30  -9999.00
     1   2005    155   17300.0      15.7      17.6      1.78      2.00      3.60  -9999.00
     1   2005    156    9300.0      13.3      18.2      1.53      2.00      3.50  -9999.00
     1   2005    157   15200.0      10.2      15.0      1.24      2.00      0.10  -9999.00
     1   2005    158    9900.0      11.4      15.9      1.35      2.00      0.70  -9999.00
     1   2005    159   26600.0      11.3      14.0      1.34      2.00      0.00  -9999.00
     1   2005    160   22800.0      12.8      22.8      1.48      2.00      0.00  -9999.00
     1   2005    161   22600.0       9.8      17.8      1.21      2.00      0.00  -9999.00
     1   2005    162   11900.0      11.9      21.6      1.39      2.00      1.00  -9999.00
     1   2005    163   13900.0      14.1      20.3      1.61      2.00      1.70  -9999.00
     1   2005    164   24700.0       6.2      19.0      0.95      2.00      0.00  -9999.00
     1   2005    165   19200.0      10.9      18.4      1.30      2.00      0.00  -9999.00
     1   2005    166   16600.0       9.7      16.7      1.20      2.00     17.70  -9999.00
     1   2005    167   25900.0      11.0      16.2      1.31      2.00      0.00  -9999.00
     1   2005    168   19500.0      10.3      16.6      1.25      2.00      0.00  -9999.00
     1   2005    169   12800.0       8.9      16.8      1.14      2.00      0.20  -9999.00
     1   2005    170   24400.0      13.7      16.7      1.57      2.00      0.00  -9999.00
     1   2005    171   22500.0       7.2      17.5      1.02      2.00      0.20  -9999.00
     1   2005    172    8500.0      13.6      18.6      1.56      2.00      2.10  -9999.00
     1   2005    173   27000.0      11.4      21.2      1.35      2.00      5.30  -9999.00
     1   2005    174    8600.0      11.9      24.0      1.39      2.00      3.20  -9999.00
     1   2005    175   18600.0       9.0      27.6      1.15      2.00      0.00  -9999.00
     1   2005    176   27900.0      12.5      23.8      1.45      2.00      0.00  -9999.00
     1   2005    177   17000.0       7.2      14.7      1.02      2.00     45.00  -9999.00
     1   2005    178   24500.0      14.2      18.2      1.62      2.00      0.00  -9999.00
     1   2005    179   27800.0       9.4      24.7      1.18      2.00      0.00  -9999.00
     1   2005    180   21200.0      12.0      26.0      1.40      2.00      0.00  -9999.00
     1   2005    181   29900.0      11.5      16.9      1.36      2.00      0.00  -9999.00
     1   2005    182   24600.0      11.9      18.2      1.39      2.00      0.00  -9999.00
     1   2005    183   20100.0      11.8      20.6      1.38      2.00      0.00  -9999.00
     1   2005    184   13600.0      14.3      17.3      1.63      2.00     18.50  -9999.00
     1   2005    185   16100.0      10.8      14.4      1.29      2.00      8.50  -9999.00
     1   2005    186   11200.0      13.2      18.3      1.52      2.00      0.30  -9999.00
     1   2005    187   19500.0       8.9      23.9      1.14      2.00      0.00  -9999.00
     1   2005    188   13300.0      10.7      23.8      1.29      2.00     20.90  -9999.00
     1   2005    189   17500.0      15.5      19.9      1.76      2.00      0.00  -9999.00
     1   2005    190   17900.0      11.3      19.8      1.34      2.00      0.00  -9999.00
     1   2005    191   14700.0      13.5      16.4      1.55      2.00      2.30  -9999.00
     1   2005    192   25700.0      19.4      20.8      2.25      2.00      0.00  -9999.00
     1   2005    193   10900.0       8.4      18.0      1.10      2.00      5.50  -9999.00
     1   2005    194    9500.0      13.4      20.5      1.54      2.00      0.00  -9999.00
     1   2005    195   29200.0       7.8      25.2      1.06      2.00      0.00  -9999.00
     1   2005    196   24300.0      18.6      27.6      2.14      2.00      0.00  -9999.00
     1   2005    197   22300.0      11.2      22.3      1.33      2.00      0.00  -9999.00
     1   2005    198   19200.0      12.2      16.2      1.42      2.00      0.90  -9999.00
     1   2005    199   14700.0      14.8      18.8      1.68      2.00      0.00  -9999.00
     1   2005    200    8800.0      14.4      19.5      1.64      2.00      3.70  -9999.00
     1   2005    201   11200.0      12.2      21.7      1.42      2.00      0.00  -9999.00
     1   2005    202   10600.0      12.5      19.1      1.45      2.00     11.80  -9999.00
     1   2005    203   16800.0      13.4      19.5      1.54      2.00      3.40  -9999.00
     1   2005    204   22200.0      16.1      18.2      1.83      2.00      1.90  -9999.00
     1   2005    205    8400.0      14.7      17.9      1.67      2.00      5.60  -9999.00
     1   2005    206   14400.0      12.3      14.9      1.43      2.00      0.90  -9999.00
     1   2005    207    6500.0      12.9      18.7      1.49      2.00      0.10  -9999.00
     1   2005    208   12200.0      13.3      27.4      1.53      2.00     10.30  -9999.00
     1   2005    209   24400.0      12.6      24.0      1.46      2.00      0.00  -9999.00
     1   2005    210   13100.0      15.3      20.8      1.74      2.00      0.00  -9999.00
     1   2005    211   14100.0      11.9      23.7      1.39      2.00      0.00  -9999.00
     1   2005    212   13000.0      12.7      28.8      1.47      2.00      0.00  -9999.00
     1   2005    213   17300.0       8.5      22.9      1.11      2.00      0.00  -9999.00
     1   2005    214   21300.0      13.0      15.7      1.50      2.00      0.70  -9999.00
     1   2005    215   17700.0      16.3      18.3      1.85      2.00      0.60  -9999.00
     1   2005    216   11600.0       9.9      20.0      1.22      2.00      5.40  -9999.00
     1   2005    217    3900.0      14.9      21.0      1.69      2.00      0.10  -9999.00
     1   2005    218   19600.0      11.8      23.7      1.38      2.00      0.00  -9999.00
     1   2005    219   22800.0      11.5      16.3      1.36      2.00      0.00  -9999.00
     1   2005    220   20500.0      13.2      22.4      1.52      2.00      0.00  -9999.00
     1   2005    221    8100.0      13.2      19.1      1.52      2.00      0.00  -9999.00
     1   2005    222   10600.0      10.4      22.7      1.26      2.00      0.00  -9999.00
     1   2005    223   13000.0      10.0      23.0      1.23      2.00      0.00  -9999.00
     1   2005    224   16800.0       6.4      18.8      0.96      2.00      0.00  -9999.00
     1   2005    225   12900.0      13.3      15.7      1.53      2.00      1.20  -9999.00
     1   2005    226    7900.0      10.3      17.1      1.25      2.00     12.60  -9999.00
     1   2005    227   15000.0       8.4      20.4      1.10      2.00      1.20  -9999.00
     1   2005    228   12200.0      11.7      17.5      1.37      2.00      0.00  -9999.00
     1   2005    229   16900.0      11.5      18.9      1.36      2.00      1.60  -9999.00
     1   2005    230   15100.0      12.4      16.1      1.44      2.00      0.10  -9999.00
     1   2005    231   13100.0      12.3      19.4      1.43      2.00      1.40  -9999.00
     1   2005    232   10500.0      15.7      16.9      1.78      2.00     14.00  -9999.00
     1   2005    233    7500.0      10.4      17.4      1.26      2.00      9.90  -9999.00
     1   2005    234   12300.0      14.3      19.4      1.63      2.00      0.10  -9999.00
     1   2005    235   11000.0      11.1      18.8      1.32      2.00      0.20  -9999.00
     1   2005    236   18900.0      12.7      18.2      1.47      2.00      0.00  -9999.00
     1   2005    237   13700.0      11.9      24.6      1.39      2.00      0.00  -9999.00
     1   2005    238   15800.0      12.4      19.7      1.44      2.00      0.00  -9999.00
     1   2005    239   13400.0      13.5      21.9      1.55      2.00      0.70  -9999.00
     1   2005    240   20500.0      11.5      24.6      1.36      2.00      0.00  -9999.00
     1   2005    241   18500.0      15.9      17.3      1.81      2.00      0.00  -9999.00
     1   2005    242   11500.0      10.3      16.8      1.25      2.00      0.00  -9999.00
     1   2005    243   11300.0      13.9      24.7      1.59      2.00      0.20  -9999.00
     1   2005    244   19500.0       8.9      19.5      1.14      2.00      0.00  -9999.00
     1   2005    245   12400.0      10.5      19.0      1.27      2.00      0.40  -9999.00
     1   2005    246    6300.0       9.8      22.4      1.21      2.00      0.00  -9999.00
     1   2005    247   17200.0      13.3      17.4      1.53      2.00      0.00  -9999.00
     1   2005    248    7200.0      12.1      16.6      1.41      2.00      4.30  -9999.00
     1   2005    249    9100.0      13.0      21.0      1.50      2.00      0.60  -9999.00
     1   2005    250    9600.0      12.9      16.9      1.49      2.00     27.20  -9999.00
     1   2005    251    8600.0      12.7      14.7      1.47      2.00      0.40  -9999.00
     1   2005    252    7600.0      11.2      17.6      1.33      2.00      6.90  -9999.00
     1   2005    253    6800.0      13.2      15.2      1.52      2.00     18.60  -9999.00
     1   2005    254   11300.0      13.0      17.9      1.50      2.00      5.60  -9999.00
     1   2005    255   12900.0      14.1      15.7      1.61      2.00      0.20  -9999.00
     1   2005    256   14400.0       6.9      15.4      0.99      2.00      1.50  -9999.00
     1   2005    257   11000.0      14.5      16.5      1.65      2.00      1.50  -9999.00
     1   2005    258   16800.0      11.6      21.1      1.37      2.00      0.00  -9999.00
     1   2005    259    3700.0      11.0      17.6      1.31      2.00      8.40  -9999.00
     1   2005    260   16100.0      13.0      17.5      1.50      2.00      5.60  -9999.00
     1   2005    261   11400.0      13.6      16.0      1.56      2.00      0.40  -9999.00
     1   2005    262    5700.0       6.2      16.7      0.95      2.00      1.80  -9999.00
     1   2005    263    5000.0      13.4      18.4      1.54      2.00      0.00  -9999.00
     1   2005    264   12900.0      13.9      15.5      1.59      2.00      1.80  -9999.00
     1   2005    265    4800.0      12.7      18.3      1.47      2.00      0.20  -9999.00
     1   2005    266    6300.0      14.8      18.8      1.68      2.00     15.40  -9999.00
     1   2005    267    9900.0      11.4      14.8      1.35      2.00      0.20  -9999.00
     1   2005    268    7700.0      10.6      16.8      1.28      2.00      2.80  -9999.00
     1   2005    269    9500.0       4.1      16.7      0.82      2.00      7.00  -9999.00
     1   2005    270    4800.0       9.2      15.8      1.16      2.00      1.50  -9999.00
     1   2005    271    6800.0      14.0      16.0      1.60      2.00      0.10  -9999.00
     1   2005    272   13900.0      11.8      15.3      1.38      2.00      4.50  -9999.00
     1   2005    273    5700.0      15.2      16.5      1.73      2.00      7.70  -9999.00
     1   2005    274   13100.0       3.8      15.5      0.80      2.00      0.00  -9999.00
     1   2005    275   11700.0      13.8      20.3      1.58      2.00      0.00  -9999.00
     1   2005    276   12700.0       9.8      17.7      1.21      2.00      0.00  -9999.00
     1   2005    277    6200.0      11.2      12.8      1.33      2.00      0.00  -9999.00
     1   2005    278   10400.0       7.0      15.9      1.00      2.00      0.10  -9999.00
     1   2005    279    7400.0      12.8      15.5      1.48      2.00     17.40  -9999.00
     1   2005    280    5800.0      12.6      16.3      1.46      2.00      5.00  -9999.00
     1   2005    281    4800.0       8.3      11.6      1.09      2.00      0.40  -9999.00
     1   2005    282    4400.0      12.3      13.0      1.43      2.00      3.20  -9999.00
     1   2005    283    9000.0       8.1      13.0      1.08      2.00     10.20  -9999.00
     1   2005    284    8400.0      10.5      15.2      1.27      2.00      7.20  -9999.00
     1   2005    285    3500.0       7.7      15.1      1.05      2.00     31.40  -9999.00
     1   2005    286    4200.0       9.8      16.3      1.21      2.00      0.00  -9999.00
     1   2005    287   11300.0       9.2      11.2      1.16      2.00      0.00  -9999.00
     1   2005    288    7100.0      12.7      16.2      1.47      2.00      0.80  -9999.00
     1   2005    289    3900.0       6.3      14.7      0.95      2.00      1.30  -9999.00
     1   2005    290    8300.0       8.9      14.8      1.14      2.00      0.80  -9999.00
     1   2005    291    7400.0       9.6      13.9      1.20      2.00     29.80  -9999.00
     1   2005    292    6100.0      10.6      18.8      1.28      2.00      1.70  -9999.00
     1   2005    293    2800.0       3.6      10.0      0.79      2.00      7.70  -9999.00
     1   2005    294    9500.0       4.2      14.1      0.82      2.00      1.50  -9999.00
     1   2005    295    5300.0       5.7      14.5      0.92      2.00     16.50  -9999.00
     1   2005    296    7600.0       2.2      12.2      0.72      2.00      0.00  -9999.00
     1   2005    297    7700.0       3.9      12.2      0.81      2.00      0.00  -9999.00
     1   2005    298    7800.0       5.2      12.7      0.88      2.00      2.80  -9999.00
     1   2005    299    3900.0      11.5      11.6      1.36      2.00      9.30  -9999.00
     1   2005    300    6000.0       4.7      11.8      0.85      2.00      0.00  -9999.00
     1   2005    301    5900.0       8.4      12.2      1.10      2.00      0.00  -9999.00
     1   2005    302    8700.0       6.2      10.6      0.95      2.00      0.00  -9999.00
     1   2005    303    5400.0      -2.1      14.4      0.52      2.00      0.00  -9999.00
     1   2005    304    3700.0       9.0      12.5      1.15      2.00      0.00  -9999.00
     1   2005    305    5900.0       2.9       9.6      0.75      2.00      0.00  -9999.00
     1   2005    306    4800.0      -0.1      13.4      0.61      2.00      0.00  -9999.00
     1   2005    307    7900.0       6.4      12.2      0.96      2.00      0.00  -9999.00
     1   2005    308    4500.0       6.6      12.2      0.97      2.00      0.50  -9999.00
     1   2005    309    3400.0       0.7       8.6      0.64      2.00      0.30  -9999.00
     1   2005    310    5900.0       3.7       7.0      0.80      2.00     14.10  -9999.00
     1   2005    311    4800.0       1.5      13.5      0.68      2.00      0.20  -9999.00
     1   2005    312    2600.0       8.7      13.7      1.12      2.00      0.30  -9999.00
     1   2005    313    2300.0      10.2      12.2      1.24      2.00      0.70  -9999.00
     1   2005    314    2100.0       3.4      13.4      0.78      2.00      1.30  -9999.00
     1   2005    315    2200.0      10.0      14.4      1.23      2.00     20.00  -9999.00
     1   2005    316    5100.0      11.4      12.0      1.35      2.00      0.70  -9999.00
     1   2005    317    2000.0       4.4      10.4      0.84      2.00      4.80  -9999.00
     1   2005    318    2000.0       5.3       8.8      0.89      2.00      8.10  -9999.00
     1   2005    319    3900.0       8.9      10.9      1.14      2.00      0.40  -9999.00
     1   2005    320    2300.0       7.0      12.1      1.00      2.00      0.90  -9999.00
     1   2005    321    3700.0      10.2      11.3      1.24      2.00      2.00  -9999.00
     1   2005    322    3600.0       6.7      10.0      0.98      2.00      2.90  -9999.00
     1   2005    323    2400.0      11.2      13.2      1.33      2.00      0.20  -9999.00
     1   2005    324    5200.0       1.8      13.9      0.70      2.00      0.00  -9999.00
     1   2005    325    2400.0       8.0      12.4      1.07      2.00      0.00  -9999.00
     1   2005    326    1700.0       2.0       7.7      0.71      2.00      0.00  -9999.00
     1   2005    327    5500.0       5.0      11.1      0.87      2.00      0.00  -9999.00
     1   2005    328    2100.0       5.4       7.4      0.90      2.00      0.00  -9999.00
     1   2005    329    5300.0       5.1       6.2      0.88      2.00      0.00  -9999.00
     1   2005    330    5400.0       8.9      10.9      1.14      2.00      0.00  -9999.00
     1   2005    331    4700.0       0.7       8.9      0.64      2.00      0.00  -9999.00
     1   2005    332    2800.0       9.6      11.4      1.20      2.00      0.00  -9999.00
     1   2005    333    2000.0       6.5       7.0      0.97      2.00      0.00  -9999.00
     1   2005    334    2000.0       6.8       8.7      0.99      2.00      0.00  -9999.00
     1   2005    335     900.0       3.8       7.1      0.80      2.00      0.00  -9999.00
     1   2005    336    2700.0       0.4       4.3      0.63      2.00      0.00  -9999.00
     1   2005    337    1700.0       0.9       9.1      0.65      2.00      0.00  -9999.00
     1   2005    338    4300.0      -4.2       8.8      0.45      2.00      0.00  -9999.00
     1   2005    339    1500.0      10.5      11.3      1.27      2.00      0.00  -9999.00
     1   2005    340    1800.0       5.4       9.8      0.90      2.00      0.00  -9999.00
     1   2005    341    2800.0       4.9       5.0      0.87      2.00      0.00  -9999.00
     1   2005    342    1600.0       0.5      10.7      0.63      2.00      0.00  -9999.00
     1   2005    343    1300.0       3.0       8.8      0.76      2.00      2.30  -9999.00
     1   2005    344    3700.0      -3.0       0.3      0.49      2.00      0.00  -9999.00
     1   2005    345    3700.0      -0.6      10.9      0.58      2.00      0.00  -9999.00
     1   2005    346    3100.0       1.4       5.2      0.68      2.00      7.30  -9999.00
     1   2005    347    1500.0       8.3      12.2      1.09      2.00      7.60  -9999.00
     1   2005    348    1100.0       2.7       9.3      0.74      2.00      6.30  -9999.00
     1   2005    349     900.0       5.4      10.0      0.90      2.00      4.60  -9999.00
     1   2005    350    1600.0      -0.7      11.4      0.58      2.00     17.60  -9999.00
     1   2005    351    2200.0       4.8       6.8      0.86      2.00      2.70  -9999.00
     1   2005    352    3000.0       1.8      10.2      0.70      2.00      0.80  -9999.00
     1   2005    353    2700.0       4.0      10.4      0.81      2.00      0.00  -9999.00
     1   2005    354    1400.0       4.8      11.8      0.86      2.00      0.10  -9999.00
     1   2005    355    1400.0       0.4       6.9      0.63      2.00      0.00  -9999.00
     1   2005    356    1600.0       6.6      10.4      0.97      2.00     17.50  -9999.00
     1   2005    357     700.0       3.3       8.3      0.77      2.00      3.60  -9999.00
     1   2005    358    2000.0       2.4       4.4      0.73      2.00      5.40  -9999.00
     1   2005    359    3400.0       6.8       8.8      0.99      2.00      0.00  -9999.00
     1   2005    360    3600.0      -1.5       9.0      0.55      2.00      0.00  -9999.00
     1   2005    361    1500.0       5.5       6.5      0.90      2.00      0.00  -9999.00
     1   2005    362    1300.0       0.4       7.6      0.63      2.00      0.00  -9999.00
     1   2005    363     700.0       4.7       8.6      0.85      2.00      2.80  -9999.00
     1   2005    364    3400.0       3.1       5.1      0.76      2.00     10.60  -9999.00
     1   2005    365    2800.0       2.0       9.3      0.71      2.00      0.00  -9999.00
