*-----------------------------------------------------------------------------* 
           CNWG_219.met           51.48   -3.55   69.72
* Date created:  08-Aug-2019     Author: K Coleman 
* 
* NIL VALUE       -9999 
* Source:   data provided by M. Semenov 
*  
* Latitude:    51.48 Longitude:    -3.55 Altitude:    69.72
* 
* Column  Daily value 
* 1       station number 
* 2       year 
* 3       day 
* 4       irradiation                   (kJ m-2 d-1) 
* 5       minimum temperature           (degrees Celsius) 
* 6       maximum temperature           (degrees Celsius) 
* 7       early morning vapour pressure (kPa)             
* 8       mean wind speed (height: 2 m?) (m s-1)          
* 9       precipitation                 (mm d-1)          
* 10      sunshine                      (hrs)             
 		Jday	RAD	    TMIN	TMAX	 VAP	wind	RAIN	SUN  
               kj/m2	°C	    °C	     kPa	m/s	    mm	    hrs 
   51.48  69.72
     1   2005      1     900.0       4.9       6.9      0.87      2.00      0.00  -9999.00
     1   2005      2    2400.0       2.0       7.2      0.71      2.00      0.00  -9999.00
     1   2005      3    1300.0       1.8       5.2      0.70      2.00     16.80  -9999.00
     1   2005      4    1700.0       7.8      11.0      1.06      2.00      4.40  -9999.00
     1   2005      5    4000.0       7.6      10.6      1.04      2.00      6.80  -9999.00
     1   2005      6    2300.0       7.0       9.0      1.00      2.00      0.00  -9999.00
     1   2005      7    4900.0       8.0      11.7      1.07      2.00      0.20  -9999.00
     1   2005      8    2800.0       2.2       6.7      0.72      2.00      0.00  -9999.00
     1   2005      9    1800.0       5.1       8.7      0.88      2.00      0.40  -9999.00
     1   2005     10    2400.0       3.9       5.9      0.81      2.00      0.00  -9999.00
     1   2005     11     800.0      -0.5       9.0      0.59      2.00      0.00  -9999.00
     1   2005     12    3300.0       8.3       9.2      1.09      2.00      0.00  -9999.00
     1   2005     13    2000.0      -0.7       5.2      0.58      2.00      0.00  -9999.00
     1   2005     14    3100.0       4.5       6.2      0.84      2.00      0.00  -9999.00
     1   2005     15    1500.0       4.0       6.4      0.81      2.00      0.00  -9999.00
     1   2005     16    3300.0       1.7       3.7      0.69      2.00      0.00  -9999.00
     1   2005     17    3000.0      -1.5       9.2      0.55      2.00      0.00  -9999.00
     1   2005     18     800.0      -3.2       2.2      0.48      2.00      0.00  -9999.00
     1   2005     19    2300.0      -3.6       7.0      0.47      2.00      0.00  -9999.00
     1   2005     20    4700.0       3.1       5.2      0.76      2.00      0.00  -9999.00
     1   2005     21    3000.0       0.6       6.5      0.64      2.00      0.00  -9999.00
     1   2005     22    2500.0       6.6      11.4      0.97      2.00      8.60  -9999.00
     1   2005     23    2000.0       1.6       9.7      0.69      2.00      6.20  -9999.00
     1   2005     24    1700.0       5.4       8.0      0.90      2.00      8.00  -9999.00
     1   2005     25    2400.0       3.2       5.2      0.77      2.00      0.00  -9999.00
     1   2005     26    5400.0      -0.9       7.6      0.57      2.00      0.00  -9999.00
     1   2005     27    5500.0       5.8      10.5      0.92      2.00      0.00  -9999.00
     1   2005     28    1400.0       6.5      10.8      0.97      2.00     12.00  -9999.00
     1   2005     29    2000.0       3.9       8.3      0.81      2.00      1.80  -9999.00
     1   2005     30    2100.0       4.4       7.3      0.84      2.00      0.00  -9999.00
     1   2005     31    5400.0       2.1       8.8      0.71      2.00      0.80  -9999.00
     1   2005     32    4800.0       2.9       4.9      0.75      2.00      2.90  -9999.00
     1   2005     33    3400.0       8.1      10.1      1.08      2.00      1.70  -9999.00
     1   2005     34    5700.0       2.8      10.2      0.75      2.00      9.50  -9999.00
     1   2005     35    3200.0       0.4       2.4      0.63      2.00      7.70  -9999.00
     1   2005     36    5700.0       7.1      10.7      1.01      2.00      4.20  -9999.00
     1   2005     37    5000.0      -4.8       0.2      0.43      2.00      0.00  -9999.00
     1   2005     38    4600.0       6.3       8.0      0.95      2.00      0.00  -9999.00
     1   2005     39    4200.0      -0.6       0.1      0.58      2.00      0.00  -9999.00
     1   2005     40    2400.0       6.6       8.6      0.97      2.00      7.00  -9999.00
     1   2005     41    3800.0       7.4       9.4      1.03      2.00      9.20  -9999.00
     1   2005     42    4000.0       5.6       7.4      0.91      2.00      0.60  -9999.00
     1   2005     43    5800.0       4.3       6.9      0.83      2.00      0.00  -9999.00
     1   2005     44    2600.0       4.8      11.0      0.86      2.00      3.10  -9999.00
     1   2005     45    3200.0       8.4      10.2      1.10      2.00      0.20  -9999.00
     1   2005     46    3600.0       8.6      10.8      1.12      2.00     13.90  -9999.00
     1   2005     47    2900.0       2.8       8.9      0.75      2.00      3.70  -9999.00
     1   2005     48    4000.0       4.4       7.2      0.84      2.00      2.10  -9999.00
     1   2005     49    5500.0       6.4       8.9      0.96      2.00      0.50  -9999.00
     1   2005     50    4200.0       7.0       7.6      1.00      2.00      0.40  -9999.00
     1   2005     51    2100.0       4.2       5.5      0.82      2.00      0.40  -9999.00
     1   2005     52    5400.0       0.2       9.6      0.62      2.00      4.20  -9999.00
     1   2005     53    5100.0      -1.5      10.2      0.55      2.00      2.70  -9999.00
     1   2005     54    6400.0       2.1      11.4      0.71      2.00      5.40  -9999.00
     1   2005     55    3100.0      -0.7      10.6      0.58      2.00      0.10  -9999.00
     1   2005     56    4800.0       3.7      11.1      0.80      2.00      9.00  -9999.00
     1   2005     57    4400.0       1.1      11.1      0.66      2.00      0.10  -9999.00
     1   2005     58    3700.0       6.9      10.8      0.99      2.00     20.40  -9999.00
     1   2005     59   11300.0       5.7       9.5      0.92      2.00     13.80  -9999.00
     1   2005     60    7000.0       1.0       9.2      0.66      2.00      3.20  -9999.00
     1   2005     61    6900.0       9.6      10.4      1.20      2.00      4.60  -9999.00
     1   2005     62   12400.0       6.9      13.0      0.99      2.00      0.00  -9999.00
     1   2005     63   11100.0       0.4      10.2      0.63      2.00      2.20  -9999.00
     1   2005     64    3900.0       1.8       9.7      0.70      2.00      2.60  -9999.00
     1   2005     65    3100.0       8.7      11.6      1.12      2.00      3.10  -9999.00
     1   2005     66    2500.0       4.5       5.2      0.84      2.00      0.00  -9999.00
     1   2005     67   10700.0      -2.8       7.7      0.50      2.00      0.00  -9999.00
     1   2005     68    5700.0       4.1       4.1      0.82      2.00      0.00  -9999.00
     1   2005     69   10600.0       2.3       7.1      0.72      2.00      0.00  -9999.00
     1   2005     70    2100.0      -0.6       9.7      0.58      2.00      0.60  -9999.00
     1   2005     71    4700.0       4.9      12.2      0.87      2.00      0.10  -9999.00
     1   2005     72    4800.0       7.0      14.3      1.00      2.00      0.80  -9999.00
     1   2005     73    9900.0       5.0       7.6      0.87      2.00      2.50  -9999.00
     1   2005     74   10500.0       1.2      13.0      0.67      2.00      0.30  -9999.00
     1   2005     75   14400.0       5.0       9.0      0.87      2.00      1.30  -9999.00
     1   2005     76    9500.0       8.5      12.0      1.11      2.00      2.70  -9999.00
     1   2005     77    6900.0       7.2       9.3      1.02      2.00      2.00  -9999.00
     1   2005     78   12300.0       7.6       9.6      1.04      2.00      6.20  -9999.00
     1   2005     79   10900.0      -1.8      12.2      0.54      2.00      0.00  -9999.00
     1   2005     80   10300.0       2.5      10.0      0.73      2.00      0.00  -9999.00
     1   2005     81    5600.0       3.1       4.3      0.76      2.00      2.60  -9999.00
     1   2005     82    9200.0       2.3       8.7      0.72      2.00      0.00  -9999.00
     1   2005     83    8400.0       0.8      13.3      0.65      2.00      0.00  -9999.00
     1   2005     84   14200.0       3.5      11.0      0.78      2.00      0.00  -9999.00
     1   2005     85   12800.0       6.0      14.0      0.93      2.00      0.00  -9999.00
     1   2005     86   13700.0       8.3      10.1      1.09      2.00      8.20  -9999.00
     1   2005     87    6800.0       0.6      11.6      0.64      2.00      0.90  -9999.00
     1   2005     88   10200.0       3.1      10.9      0.76      2.00      2.10  -9999.00
     1   2005     89   10300.0       4.7      10.1      0.85      2.00      4.70  -9999.00
     1   2005     90   10500.0       5.2      12.5      0.88      2.00      3.50  -9999.00
     1   2005     91   16200.0       1.3       6.8      0.67      2.00      0.00  -9999.00
     1   2005     92    9500.0       4.1      11.5      0.82      2.00      0.30  -9999.00
     1   2005     93   12300.0       7.8      12.6      1.06      2.00      2.20  -9999.00
     1   2005     94    6700.0       2.6      10.8      0.74      2.00      5.10  -9999.00
     1   2005     95   19400.0       5.2      13.0      0.88      2.00      0.30  -9999.00
     1   2005     96    7600.0       4.8       9.5      0.86      2.00      0.40  -9999.00
     1   2005     97   18000.0       1.7       9.6      0.69      2.00      8.40  -9999.00
     1   2005     98   16300.0       3.9      10.9      0.81      2.00      2.90  -9999.00
     1   2005     99    5300.0       4.8      11.5      0.86      2.00      0.20  -9999.00
     1   2005    100    9700.0       6.2      10.4      0.95      2.00      1.30  -9999.00
     1   2005    101    9700.0       7.1      12.8      1.01      2.00      2.10  -9999.00
     1   2005    102   14200.0       7.6       9.6      1.04      2.00      0.50  -9999.00
     1   2005    103    5900.0       7.5      13.0      1.04      2.00      5.00  -9999.00
     1   2005    104   16600.0       5.6       9.3      0.91      2.00      0.00  -9999.00
     1   2005    105   20500.0       5.5       9.3      0.90      2.00      0.00  -9999.00
     1   2005    106    9300.0       4.3      10.4      0.83      2.00     13.00  -9999.00
     1   2005    107   22500.0      10.8      15.9      1.29      2.00      0.00  -9999.00
     1   2005    108   11900.0       4.8      12.2      0.86      2.00      1.20  -9999.00
     1   2005    109    6500.0       7.0       9.0      1.00      2.00      1.00  -9999.00
     1   2005    110   16700.0       3.8      11.4      0.80      2.00      6.40  -9999.00
     1   2005    111   14000.0       4.0      10.8      0.81      2.00      0.30  -9999.00
     1   2005    112   11600.0       8.2      12.7      1.09      2.00      0.00  -9999.00
     1   2005    113   18800.0       8.2      17.7      1.09      2.00      0.00  -9999.00
     1   2005    114   23400.0       0.9      12.8      0.65      2.00      0.00  -9999.00
     1   2005    115   22800.0      -0.1      11.2      0.61      2.00      0.00  -9999.00
     1   2005    116   17900.0       3.6      12.4      0.79      2.00      0.00  -9999.00
     1   2005    117   24100.0       5.4      12.4      0.90      2.00      0.00  -9999.00
     1   2005    118   16000.0       3.4      15.2      0.78      2.00      0.00  -9999.00
     1   2005    119   13100.0       5.5      16.1      0.90      2.00      0.00  -9999.00
     1   2005    120   12700.0       3.1      16.4      0.76      2.00      0.00  -9999.00
     1   2005    121   16200.0       2.9      11.6      0.75      2.00      0.00  -9999.00
     1   2005    122   20800.0      10.2      12.2      1.24      2.00      0.00  -9999.00
     1   2005    123   19100.0       5.8      15.7      0.92      2.00     14.40  -9999.00
     1   2005    124   17900.0       5.9      11.3      0.93      2.00      1.60  -9999.00
     1   2005    125   17000.0       2.6      12.4      0.74      2.00      5.80  -9999.00
     1   2005    126   21900.0       8.2      13.2      1.09      2.00      1.40  -9999.00
     1   2005    127    7700.0       8.5      14.7      1.11      2.00      2.70  -9999.00
     1   2005    128   14800.0       7.6      11.3      1.04      2.00      2.10  -9999.00
     1   2005    129    3900.0      10.9      12.6      1.30      2.00      6.60  -9999.00
     1   2005    130    4300.0      10.3      13.1      1.25      2.00      1.80  -9999.00
     1   2005    131    9300.0       5.3      17.6      0.89      2.00      0.20  -9999.00
     1   2005    132   19700.0       3.8      13.1      0.80      2.00      4.40  -9999.00
     1   2005    133   20300.0       8.6      20.4      1.12      2.00      8.00  -9999.00
     1   2005    134   25700.0      11.1      11.1      1.32      2.00      1.20  -9999.00
     1   2005    135   15400.0       8.1      12.3      1.08      2.00      0.10  -9999.00
     1   2005    136   18000.0       8.2      13.2      1.09      2.00      0.00  -9999.00
     1   2005    137    4600.0       9.3      11.0      1.17      2.00      1.60  -9999.00
     1   2005    138   12200.0      12.3      15.6      1.43      2.00      0.10  -9999.00
     1   2005    139   19400.0      11.7      15.5      1.37      2.00      0.00  -9999.00
     1   2005    140   26400.0       4.4      20.3      0.84      2.00      0.00  -9999.00
     1   2005    141   18300.0      11.7      21.1      1.37      2.00      0.00  -9999.00
     1   2005    142   26700.0      10.5      13.5      1.27      2.00      0.00  -9999.00
     1   2005    143   24600.0       6.2      14.5      0.95      2.00      0.00  -9999.00
     1   2005    144   27600.0       4.0      17.0      0.81      2.00      0.00  -9999.00
     1   2005    145   25400.0       7.9      18.1      1.07      2.00      0.00  -9999.00
     1   2005    146   22400.0       6.1      24.4      0.94      2.00      0.00  -9999.00
     1   2005    147   16400.0      10.1      22.9      1.24      2.00      0.00  -9999.00
     1   2005    148   14700.0       7.6      16.2      1.04      2.00      0.10  -9999.00
     1   2005    149   11300.0       9.5      13.1      1.19      2.00     17.80  -9999.00
     1   2005    150   22700.0      10.9      14.3      1.30      2.00      0.50  -9999.00
     1   2005    151    7300.0       9.2      14.3      1.16      2.00      0.40  -9999.00
     1   2005    152   21000.0       7.0      23.3      1.00      2.00      0.00  -9999.00
     1   2005    153    5600.0       9.3      13.8      1.17      2.00      0.10  -9999.00
     1   2005    154    8700.0      10.8      14.7      1.29      2.00      0.10  -9999.00
     1   2005    155   12900.0      11.5      17.2      1.36      2.00      0.30  -9999.00
     1   2005    156   19700.0       9.4      13.6      1.18      2.00      0.20  -9999.00
     1   2005    157   25000.0      10.5      12.5      1.27      2.00      7.80  -9999.00
     1   2005    158   13000.0       9.6      16.6      1.20      2.00      0.10  -9999.00
     1   2005    159   24300.0      13.1      15.4      1.51      2.00      5.50  -9999.00
     1   2005    160   19600.0       7.8      18.0      1.06      2.00      5.40  -9999.00
     1   2005    161    9500.0      10.9      14.3      1.30      2.00      1.10  -9999.00
     1   2005    162   20100.0      10.9      24.2      1.30      2.00      1.90  -9999.00
     1   2005    163   24600.0       6.5      16.5      0.97      2.00      0.00  -9999.00
     1   2005    164   12000.0      12.3      17.7      1.43      2.00      1.00  -9999.00
     1   2005    165   20500.0       7.4      15.6      1.03      2.00      0.00  -9999.00
     1   2005    166   30400.0      13.3      24.6      1.53      2.00      0.00  -9999.00
     1   2005    167   27200.0      13.3      19.6      1.53      2.00      0.00  -9999.00
     1   2005    168   19200.0      10.3      16.8      1.25      2.00      0.00  -9999.00
     1   2005    169   17300.0      13.4      18.4      1.54      2.00      3.30  -9999.00
     1   2005    170   17800.0       8.5      14.6      1.11      2.00     14.60  -9999.00
     1   2005    171   19400.0      12.1      21.7      1.41      2.00      0.00  -9999.00
     1   2005    172   13800.0       7.6      15.7      1.04      2.00      5.60  -9999.00
     1   2005    173   15800.0      10.9      15.2      1.30      2.00      3.70  -9999.00
     1   2005    174   16100.0       8.3      15.9      1.09      2.00      0.60  -9999.00
     1   2005    175   10100.0      12.7      17.5      1.47      2.00     20.70  -9999.00
     1   2005    176    9800.0       8.4      16.7      1.10      2.00      0.00  -9999.00
     1   2005    177   27300.0      12.5      21.4      1.45      2.00      0.00  -9999.00
     1   2005    178   14400.0      11.8      16.1      1.38      2.00      0.00  -9999.00
     1   2005    179   14700.0       9.1      16.4      1.16      2.00      0.00  -9999.00
     1   2005    180   14900.0      12.1      19.1      1.41      2.00      4.70  -9999.00
     1   2005    181   20300.0      12.5      17.4      1.45      2.00      1.20  -9999.00
     1   2005    182   24500.0       9.0      17.5      1.15      2.00      0.20  -9999.00
     1   2005    183   19100.0       7.8      22.3      1.06      2.00      0.00  -9999.00
     1   2005    184   18300.0      12.7      19.3      1.47      2.00      0.10  -9999.00
     1   2005    185   16500.0      13.0      17.6      1.50      2.00      0.20  -9999.00
     1   2005    186   20400.0      11.9      16.5      1.39      2.00      2.20  -9999.00
     1   2005    187   19200.0      12.1      16.7      1.41      2.00      5.30  -9999.00
     1   2005    188   25100.0      12.6      23.7      1.46      2.00      0.00  -9999.00
     1   2005    189   14100.0      10.4      15.6      1.26      2.00      0.70  -9999.00
     1   2005    190   28200.0      10.9      24.8      1.30      2.00      0.00  -9999.00
     1   2005    191   23500.0      16.1      24.1      1.83      2.00      0.00  -9999.00
     1   2005    192   19200.0      12.5      18.8      1.45      2.00      0.00  -9999.00
     1   2005    193   15500.0      16.4      16.8      1.86      2.00      0.00  -9999.00
     1   2005    194   24500.0      12.6      20.8      1.46      2.00      0.00  -9999.00
     1   2005    195   10500.0      12.8      18.9      1.48      2.00      2.10  -9999.00
     1   2005    196   19600.0       8.6      17.4      1.12      2.00      1.10  -9999.00
     1   2005    197   26100.0       6.6      17.9      0.97      2.00      3.70  -9999.00
     1   2005    198   13900.0      13.5      19.2      1.55      2.00      2.40  -9999.00
     1   2005    199   25100.0       9.6      20.6      1.20      2.00      0.00  -9999.00
     1   2005    200   24900.0      12.0      24.0      1.40      2.00      0.00  -9999.00
     1   2005    201   13800.0      13.8      16.5      1.58      2.00      0.00  -9999.00
     1   2005    202   12300.0      15.0      19.4      1.70      2.00      0.00  -9999.00
     1   2005    203   17900.0      16.7      22.5      1.90      2.00      0.00  -9999.00
     1   2005    204   19300.0      14.2      20.9      1.62      2.00     19.70  -9999.00
     1   2005    205   13300.0       9.6      22.0      1.20      2.00      3.50  -9999.00
     1   2005    206   18100.0      16.2      18.5      1.84      2.00      3.90  -9999.00
     1   2005    207   14600.0      19.2      21.9      2.22      2.00      0.00  -9999.00
     1   2005    208   12000.0      10.0      17.8      1.23      2.00      1.00  -9999.00
     1   2005    209   12100.0      14.3      17.6      1.63      2.00      3.70  -9999.00
     1   2005    210   21000.0      11.3      21.3      1.34      2.00      0.00  -9999.00
     1   2005    211   22500.0      12.3      26.0      1.43      2.00      0.00  -9999.00
     1   2005    212   11000.0      14.1      27.5      1.61      2.00      0.00  -9999.00
     1   2005    213   12100.0      14.1      17.1      1.61      2.00     18.10  -9999.00
     1   2005    214   13000.0      17.0      17.4      1.94      2.00      4.30  -9999.00
     1   2005    215   20500.0      10.4      27.9      1.26      2.00      0.00  -9999.00
     1   2005    216   26500.0      14.9      19.8      1.69      2.00      0.00  -9999.00
     1   2005    217    7600.0      12.2      16.4      1.42      2.00      4.70  -9999.00
     1   2005    218   11100.0       9.8      19.5      1.21      2.00      5.10  -9999.00
     1   2005    219   18800.0      11.7      19.2      1.37      2.00      0.70  -9999.00
     1   2005    220   13000.0      14.0      17.6      1.60      2.00     18.30  -9999.00
     1   2005    221   22900.0       6.5      20.1      0.97      2.00      0.00  -9999.00
     1   2005    222   22400.0      14.7      17.1      1.67      2.00      0.00  -9999.00
     1   2005    223   17000.0      17.6      19.5      2.01      2.00      0.00  -9999.00
     1   2005    224   17800.0      12.3      23.2      1.43      2.00      0.00  -9999.00
     1   2005    225   17500.0      13.7      18.7      1.57      2.00      0.00  -9999.00
     1   2005    226   16200.0      15.6      17.4      1.77      2.00      0.20  -9999.00
     1   2005    227   18900.0      11.7      22.1      1.37      2.00      0.00  -9999.00
     1   2005    228   14300.0      15.7      20.1      1.78      2.00      4.80  -9999.00
     1   2005    229   16300.0      10.3      20.1      1.25      2.00      0.10  -9999.00
     1   2005    230   13900.0      15.0      16.6      1.70      2.00      0.10  -9999.00
     1   2005    231   16200.0      12.2      14.1      1.42      2.00      0.40  -9999.00
     1   2005    232   12900.0      12.8      19.6      1.48      2.00      0.00  -9999.00
     1   2005    233   10200.0      10.1      20.7      1.24      2.00      0.00  -9999.00
     1   2005    234   13800.0      12.0      17.4      1.40      2.00     14.00  -9999.00
     1   2005    235   12700.0      13.1      18.9      1.51      2.00      2.40  -9999.00
     1   2005    236   14500.0      11.2      19.6      1.33      2.00      0.20  -9999.00
     1   2005    237    8300.0      18.1      22.0      2.08      2.00      0.70  -9999.00
     1   2005    238   22300.0      10.5      21.0      1.27      2.00      0.00  -9999.00
     1   2005    239   19900.0      10.8      18.1      1.29      2.00      0.00  -9999.00
     1   2005    240   21500.0      13.1      18.8      1.51      2.00      0.00  -9999.00
     1   2005    241    7600.0      11.5      16.7      1.36      2.00      6.60  -9999.00
     1   2005    242   17100.0      11.7      19.9      1.37      2.00      0.00  -9999.00
     1   2005    243   18900.0      11.3      19.1      1.34      2.00      0.00  -9999.00
     1   2005    244   10300.0      10.5      17.6      1.27      2.00      4.60  -9999.00
     1   2005    245   15600.0       9.9      23.0      1.22      2.00      3.90  -9999.00
     1   2005    246    8600.0      14.3      16.3      1.63      2.00      0.10  -9999.00
     1   2005    247   15100.0      14.8      21.1      1.68      2.00      7.90  -9999.00
     1   2005    248   10300.0      14.5      18.8      1.65      2.00      2.30  -9999.00
     1   2005    249   13200.0      14.1      17.2      1.61      2.00      0.00  -9999.00
     1   2005    250    6300.0      16.6      19.7      1.89      2.00      0.10  -9999.00
     1   2005    251   16100.0      10.3      16.6      1.25      2.00      0.00  -9999.00
     1   2005    252   11300.0      14.8      18.8      1.68      2.00      2.80  -9999.00
     1   2005    253    5600.0      14.7      17.2      1.67      2.00      5.80  -9999.00
     1   2005    254   15600.0       5.0      19.5      0.87      2.00      9.10  -9999.00
     1   2005    255   12800.0      10.9      16.4      1.30      2.00      5.00  -9999.00
     1   2005    256    7100.0      16.7      20.1      1.90      2.00      3.90  -9999.00
     1   2005    257    6200.0      13.4      22.6      1.54      2.00      0.10  -9999.00
     1   2005    258    7600.0      13.8      16.7      1.58      2.00      0.80  -9999.00
     1   2005    259    8900.0      14.8      15.9      1.68      2.00      8.10  -9999.00
     1   2005    260   12500.0       7.8      16.9      1.06      2.00      0.00  -9999.00
     1   2005    261   12300.0      11.1      14.2      1.32      2.00      0.00  -9999.00
     1   2005    262   10800.0      11.4      19.7      1.35      2.00      0.00  -9999.00
     1   2005    263    6300.0      12.9      15.6      1.49      2.00      6.00  -9999.00
     1   2005    264   15300.0      10.9      15.1      1.30      2.00      0.00  -9999.00
     1   2005    265   13300.0       7.2      18.2      1.02      2.00      0.00  -9999.00
     1   2005    266    9100.0      13.9      14.6      1.59      2.00      9.50  -9999.00
     1   2005    267   13200.0      13.0      17.7      1.50      2.00      0.70  -9999.00
     1   2005    268   10700.0      12.3      17.0      1.43      2.00     12.70  -9999.00
     1   2005    269   11400.0      10.5      17.5      1.27      2.00      5.50  -9999.00
     1   2005    270    8900.0       4.3      15.4      0.83      2.00      0.00  -9999.00
     1   2005    271    8800.0       9.0      15.6      1.15      2.00      1.20  -9999.00
     1   2005    272    5400.0      12.1      17.4      1.41      2.00      0.20  -9999.00
     1   2005    273    8300.0       8.1      18.0      1.08      2.00      0.00  -9999.00
     1   2005    274    8600.0       9.4      16.6      1.18      2.00      0.00  -9999.00
     1   2005    275   10400.0       7.4      14.8      1.03      2.00      0.00  -9999.00
     1   2005    276    7600.0       8.8      16.6      1.13      2.00      0.00  -9999.00
     1   2005    277    6700.0       9.0      17.7      1.15      2.00      0.00  -9999.00
     1   2005    278    6300.0       9.7      13.6      1.20      2.00      0.00  -9999.00
     1   2005    279    9100.0      12.5      17.6      1.45      2.00      1.20  -9999.00
     1   2005    280    4700.0      11.9      14.4      1.39      2.00      9.00  -9999.00
     1   2005    281    7500.0       9.2      15.3      1.16      2.00      8.10  -9999.00
     1   2005    282   10600.0       9.9      13.1      1.22      2.00      4.20  -9999.00
     1   2005    283    8200.0      12.6      15.6      1.46      2.00      3.50  -9999.00
     1   2005    284    3700.0      12.5      15.6      1.45      2.00      0.10  -9999.00
     1   2005    285    4000.0       9.6      19.3      1.20      2.00      0.70  -9999.00
     1   2005    286    3400.0       7.9       9.9      1.07      2.00     13.60  -9999.00
     1   2005    287    2900.0       2.5      13.8      0.73      2.00      2.20  -9999.00
     1   2005    288    5400.0       8.9      10.9      1.14      2.00     20.20  -9999.00
     1   2005    289    7000.0      12.9      16.0      1.49      2.00      0.10  -9999.00
     1   2005    290    7900.0       7.4      16.2      1.03      2.00      4.00  -9999.00
     1   2005    291    7100.0       9.1      14.2      1.16      2.00      1.80  -9999.00
     1   2005    292    9800.0      12.8      14.2      1.48      2.00      0.20  -9999.00
     1   2005    293    3700.0       9.5      14.1      1.19      2.00      0.40  -9999.00
     1   2005    294    8700.0       4.8      13.3      0.86      2.00      0.10  -9999.00
     1   2005    295    5200.0       7.5      12.6      1.04      2.00      0.20  -9999.00
     1   2005    296    1500.0       9.4      15.9      1.18      2.00     11.00  -9999.00
     1   2005    297    5100.0      13.5      14.1      1.55      2.00      0.80  -9999.00
     1   2005    298    6600.0      10.4      12.4      1.26      2.00      5.20  -9999.00
     1   2005    299    4800.0       4.6      13.3      0.85      2.00      3.70  -9999.00
     1   2005    300    3600.0      10.1      13.9      1.24      2.00      0.10  -9999.00
     1   2005    301    4900.0       2.4      11.5      0.73      2.00      0.00  -9999.00
     1   2005    302    7600.0       6.9      11.9      0.99      2.00      0.00  -9999.00
     1   2005    303    3700.0       9.6      11.0      1.20      2.00      0.90  -9999.00
     1   2005    304    6500.0       6.7      17.3      0.98      2.00      3.10  -9999.00
     1   2005    305    7500.0       4.9      11.6      0.87      2.00      1.70  -9999.00
     1   2005    306    1200.0       4.3      16.0      0.83      2.00      1.70  -9999.00
     1   2005    307    5000.0       9.6      15.4      1.20      2.00      0.50  -9999.00
     1   2005    308    3300.0       6.4       9.8      0.96      2.00      0.00  -9999.00
     1   2005    309    4200.0       2.7      10.4      0.74      2.00     17.10  -9999.00
     1   2005    310    2100.0       9.0       9.7      1.15      2.00      0.40  -9999.00
     1   2005    311    5000.0       7.1       9.8      1.01      2.00      0.20  -9999.00
     1   2005    312    1100.0       4.5       8.8      0.84      2.00     17.00  -9999.00
     1   2005    313    5700.0       7.4       9.4      1.03      2.00      0.00  -9999.00
     1   2005    314    3800.0       5.2      13.9      0.88      2.00      0.50  -9999.00
     1   2005    315    4200.0      10.1      12.1      1.24      2.00     21.30  -9999.00
     1   2005    316    2500.0       7.3      14.2      1.02      2.00     18.20  -9999.00
     1   2005    317    6600.0       5.3       5.8      0.89      2.00      0.00  -9999.00
     1   2005    318    2000.0       1.8       9.2      0.70      2.00      0.00  -9999.00
     1   2005    319    2200.0       9.8      12.2      1.21      2.00     16.00  -9999.00
     1   2005    320    2100.0       9.7      10.8      1.20      2.00      1.90  -9999.00
     1   2005    321    4400.0       7.3       9.3      1.02      2.00      2.10  -9999.00
     1   2005    322    2100.0      10.3      11.6      1.25      2.00      0.20  -9999.00
     1   2005    323    6000.0       5.6      12.1      0.91      2.00     10.20  -9999.00
     1   2005    324    4700.0       7.8       8.7      1.06      2.00      0.80  -9999.00
     1   2005    325    3100.0       7.2       9.5      1.02      2.00      1.60  -9999.00
     1   2005    326    3400.0       8.1      12.2      1.08      2.00      0.30  -9999.00
     1   2005    327    4300.0       3.7       9.9      0.80      2.00     15.70  -9999.00
     1   2005    328    2200.0       7.4      11.6      1.03      2.00      0.20  -9999.00
     1   2005    329    3400.0       4.1       6.1      0.82      2.00      0.20  -9999.00
     1   2005    330    3300.0      10.9      11.1      1.30      2.00     12.10  -9999.00
     1   2005    331    2700.0       5.0      12.8      0.87      2.00      1.20  -9999.00
     1   2005    332    1800.0       7.2       7.6      1.02      2.00      3.70  -9999.00
     1   2005    333    1000.0       3.3      12.9      0.77      2.00     11.30  -9999.00
     1   2005    334    2300.0       5.0      10.1      0.87      2.00     29.60  -9999.00
     1   2005    335    5000.0       2.7       6.4      0.74      2.00      0.00  -9999.00
     1   2005    336    3400.0       7.8       9.8      1.06      2.00      4.30  -9999.00
     1   2005    337     700.0      11.5      12.6      1.36      2.00      4.90  -9999.00
     1   2005    338    1600.0       1.2      10.8      0.67      2.00     12.80  -9999.00
     1   2005    339    4000.0       3.9      11.7      0.81      2.00      4.80  -9999.00
     1   2005    340    2500.0       4.7       6.7      0.85      2.00     13.20  -9999.00
     1   2005    341    4200.0       0.4      11.5      0.63      2.00      4.10  -9999.00
     1   2005    342    2000.0       1.6      12.9      0.69      2.00      0.80  -9999.00
     1   2005    343    1500.0       3.3       5.3      0.77      2.00      1.70  -9999.00
     1   2005    344    1400.0       9.0      10.4      1.15      2.00     28.10  -9999.00
     1   2005    345    1400.0       2.4       8.6      0.73      2.00      8.80  -9999.00
     1   2005    346    2600.0       5.4      12.5      0.90      2.00     21.30  -9999.00
     1   2005    347    2600.0      -0.1      10.8      0.61      2.00      0.10  -9999.00
     1   2005    348    2500.0       8.0       8.6      1.07      2.00     19.10  -9999.00
     1   2005    349    3800.0       6.7      10.7      0.98      2.00      5.60  -9999.00
     1   2005    350     700.0       2.5       8.1      0.73      2.00     11.50  -9999.00
     1   2005    351    2000.0      -4.7       4.1      0.43      2.00      0.00  -9999.00
     1   2005    352    3100.0       4.4      10.7      0.84      2.00     12.10  -9999.00
     1   2005    353    1500.0      -2.2       7.3      0.52      2.00      0.00  -9999.00
     1   2005    354    1400.0       9.7      12.3      1.20      2.00      7.70  -9999.00
     1   2005    355    1700.0       3.2      10.4      0.77      2.00      0.00  -9999.00
     1   2005    356    2500.0       5.8       8.4      0.92      2.00      0.00  -9999.00
     1   2005    357    3200.0      -2.1       9.8      0.52      2.00      3.60  -9999.00
     1   2005    358    2700.0       1.7      10.9      0.69      2.00      5.30  -9999.00
     1   2005    359    1400.0       2.1       4.1      0.71      2.00      0.00  -9999.00
     1   2005    360    3000.0       0.6       2.6      0.64      2.00      0.70  -9999.00
     1   2005    361    3900.0       0.3       6.3      0.62      2.00      0.00  -9999.00
     1   2005    362    1500.0       2.9       4.9      0.75      2.00      0.00  -9999.00
     1   2005    363    1600.0       1.2       9.9      0.67      2.00      0.90  -9999.00
     1   2005    364    2800.0      -0.3      12.1      0.60      2.00      1.90  -9999.00
     1   2005    365    2900.0       1.2      12.3      0.67      2.00      9.50  -9999.00
