*-----------------------------------------------------------------------------* 
           CNWG_55.met            51.48   -3.55   69.72
* Date created:  08-Aug-2019     Author: K Coleman 
* 
* NIL VALUE       -9999 
* Source:   data provided by M. Semenov 
*  
* Latitude:    51.48 Longitude:    -3.55 Altitude:    69.72
* 
* Column  Daily value 
* 1       station number 
* 2       year 
* 3       day 
* 4       irradiation                   (kJ m-2 d-1) 
* 5       minimum temperature           (degrees Celsius) 
* 6       maximum temperature           (degrees Celsius) 
* 7       early morning vapour pressure (kPa)             
* 8       mean wind speed (height: 2 m?) (m s-1)          
* 9       precipitation                 (mm d-1)          
* 10      sunshine                      (hrs)             
 		Jday	RAD	    TMIN	TMAX	 VAP	wind	RAIN	SUN  
               kj/m2	°C	    °C	     kPa	m/s	    mm	    hrs 
   51.48  69.72
     1   2005      1    2600.0       4.1      11.5      0.82      2.00      6.40  -9999.00
     1   2005      2    4300.0       2.5       4.2      0.73      2.00      0.00  -9999.00
     1   2005      3    2100.0       1.7       5.7      0.69      2.00      0.00  -9999.00
     1   2005      4    1900.0       3.6       9.4      0.79      2.00      1.30  -9999.00
     1   2005      5    1800.0       0.6      10.4      0.64      2.00      1.90  -9999.00
     1   2005      6    2400.0       9.3      11.3      1.17      2.00     14.80  -9999.00
     1   2005      7    1800.0       1.5       7.4      0.68      2.00      0.70  -9999.00
     1   2005      8    1600.0       1.5       4.8      0.68      2.00      0.00  -9999.00
     1   2005      9    3200.0       5.1       7.1      0.88      2.00      0.00  -9999.00
     1   2005     10    1800.0       7.0       9.2      1.00      2.00      0.00  -9999.00
     1   2005     11    3200.0       2.5       4.5      0.73      2.00      1.10  -9999.00
     1   2005     12    1700.0       3.9       9.5      0.81      2.00      2.10  -9999.00
     1   2005     13    1100.0       5.6       9.1      0.91      2.00     20.10  -9999.00
     1   2005     14    3000.0      -5.3      11.6      0.41      2.00      0.50  -9999.00
     1   2005     15    1800.0       2.5       4.5      0.73      2.00     28.20  -9999.00
     1   2005     16    1600.0       2.9       8.8      0.75      2.00      3.90  -9999.00
     1   2005     17     800.0       4.2       9.8      0.82      2.00      1.80  -9999.00
     1   2005     18    2900.0       1.5       8.7      0.68      2.00      0.30  -9999.00
     1   2005     19    2800.0       3.9       8.7      0.81      2.00      0.20  -9999.00
     1   2005     20    5100.0       2.4       4.4      0.73      2.00      3.80  -9999.00
     1   2005     21    3800.0       8.6       9.1      1.12      2.00      8.30  -9999.00
     1   2005     22    2600.0       0.2      11.9      0.62      2.00      1.00  -9999.00
     1   2005     23    2100.0       5.0       9.2      0.87      2.00      2.00  -9999.00
     1   2005     24    3800.0       3.7      11.5      0.80      2.00      0.00  -9999.00
     1   2005     25    6400.0      -0.5       8.0      0.59      2.00      0.00  -9999.00
     1   2005     26    1600.0       7.2       9.1      1.02      2.00      2.00  -9999.00
     1   2005     27    2000.0       5.8       8.9      0.92      2.00      0.70  -9999.00
     1   2005     28    2000.0      -4.7      11.3      0.43      2.00      7.80  -9999.00
     1   2005     29    3100.0      -0.2       6.6      0.60      2.00      0.00  -9999.00
     1   2005     30    1000.0       4.9       8.8      0.87      2.00      3.70  -9999.00
     1   2005     31    1000.0       3.0       5.0      0.76      2.00      7.30  -9999.00
     1   2005     32    3700.0       0.3       5.3      0.62      2.00      0.90  -9999.00
     1   2005     33    2600.0       2.3       7.6      0.72      2.00      0.00  -9999.00
     1   2005     34    7000.0       0.8       6.8      0.65      2.00      0.00  -9999.00
     1   2005     35    2200.0      -3.1      10.9      0.49      2.00      0.00  -9999.00
     1   2005     36    1500.0       3.3       8.9      0.77      2.00      1.20  -9999.00
     1   2005     37    7100.0      -1.9       8.7      0.53      2.00      0.00  -9999.00
     1   2005     38    2500.0       1.5       3.5      0.68      2.00      0.00  -9999.00
     1   2005     39    7500.0       5.1       7.9      0.88      2.00      0.00  -9999.00
     1   2005     40    5500.0      -1.5       6.2      0.55      2.00      0.00  -9999.00
     1   2005     41    4500.0       3.0       8.5      0.76      2.00      0.00  -9999.00
     1   2005     42    6000.0       2.7       4.9      0.74      2.00      1.30  -9999.00
     1   2005     43    5200.0      -0.7      11.8      0.58      2.00      0.00  -9999.00
     1   2005     44    3900.0      -1.2       9.1      0.56      2.00      2.80  -9999.00
     1   2005     45    3600.0       2.3       4.3      0.72      2.00      7.40  -9999.00
     1   2005     46    7400.0       5.0       5.2      0.87      2.00      0.50  -9999.00
     1   2005     47    2400.0       1.3       9.8      0.67      2.00      2.90  -9999.00
     1   2005     48    5200.0       3.8       9.2      0.80      2.00      0.90  -9999.00
     1   2005     49    5000.0       3.6       9.0      0.79      2.00      0.20  -9999.00
     1   2005     50    3200.0      -0.9       9.1      0.57      2.00      0.90  -9999.00
     1   2005     51    5200.0       5.0      10.3      0.87      2.00     24.70  -9999.00
     1   2005     52    5000.0       3.7      11.1      0.80      2.00      2.00  -9999.00
     1   2005     53    5000.0       3.7       8.8      0.80      2.00      6.50  -9999.00
     1   2005     54    3600.0       4.8       5.9      0.86      2.00     11.20  -9999.00
     1   2005     55    6400.0       4.4       6.4      0.84      2.00      3.30  -9999.00
     1   2005     56   11100.0      -0.6      10.6      0.58      2.00      0.00  -9999.00
     1   2005     57    5400.0       0.1       8.1      0.62      2.00      0.00  -9999.00
     1   2005     58    4300.0       4.3      10.4      0.83      2.00      0.00  -9999.00
     1   2005     59    8200.0       8.8      13.6      1.13      2.00      0.00  -9999.00
     1   2005     60    8500.0       6.0       8.0      0.93      2.00      0.00  -9999.00
     1   2005     61    5200.0       5.7       7.8      0.92      2.00      0.00  -9999.00
     1   2005     62    8200.0       7.1       9.9      1.01      2.00      1.80  -9999.00
     1   2005     63    5500.0       3.4      10.2      0.78      2.00      0.20  -9999.00
     1   2005     64    8400.0      -2.7       3.4      0.50      2.00      0.00  -9999.00
     1   2005     65    5800.0       7.0      11.0      1.00      2.00      0.00  -9999.00
     1   2005     66   12500.0       1.0       3.6      0.66      2.00      0.00  -9999.00
     1   2005     67    5400.0       4.7       7.2      0.85      2.00      0.00  -9999.00
     1   2005     68    7100.0       5.3      11.1      0.89      2.00      0.00  -9999.00
     1   2005     69    6300.0       3.9      10.8      0.81      2.00      9.00  -9999.00
     1   2005     70    5000.0       4.9       6.9      0.87      2.00      1.90  -9999.00
     1   2005     71    5800.0       6.2       7.3      0.95      2.00      1.80  -9999.00
     1   2005     72   11300.0       4.9      11.0      0.87      2.00     14.70  -9999.00
     1   2005     73   14800.0       9.2      11.1      1.16      2.00      0.20  -9999.00
     1   2005     74    8100.0       5.6      11.6      0.91      2.00      0.70  -9999.00
     1   2005     75    9300.0       0.9      11.4      0.65      2.00      0.00  -9999.00
     1   2005     76    4600.0       6.5       8.2      0.97      2.00      2.40  -9999.00
     1   2005     77    7100.0       7.7      11.4      1.05      2.00      8.20  -9999.00
     1   2005     78    5600.0      -1.6      11.6      0.54      2.00      0.20  -9999.00
     1   2005     79    5700.0       3.4       9.9      0.78      2.00      2.90  -9999.00
     1   2005     80   12300.0       6.4      10.5      0.96      2.00      6.90  -9999.00
     1   2005     81    5700.0       7.0      13.8      1.00      2.00      0.00  -9999.00
     1   2005     82    6600.0       7.8       9.8      1.06      2.00      4.10  -9999.00
     1   2005     83    8000.0       1.5      11.3      0.68      2.00      0.90  -9999.00
     1   2005     84    9700.0       1.7       7.5      0.69      2.00      0.00  -9999.00
     1   2005     85    7100.0       7.0      12.4      1.00      2.00      2.60  -9999.00
     1   2005     86   10900.0       6.1       8.1      0.94      2.00      0.30  -9999.00
     1   2005     87    9300.0       5.0       7.0      0.87      2.00      0.10  -9999.00
     1   2005     88   14800.0       3.6       4.1      0.79      2.00      0.90  -9999.00
     1   2005     89    5700.0       3.6      11.1      0.79      2.00     18.20  -9999.00
     1   2005     90   14900.0       5.7       7.9      0.92      2.00      0.00  -9999.00
     1   2005     91   18700.0       6.5      13.9      0.97      2.00      0.00  -9999.00
     1   2005     92    8900.0       9.4      10.3      1.18      2.00      0.60  -9999.00
     1   2005     93   15300.0       5.2      10.3      0.88      2.00      3.40  -9999.00
     1   2005     94   14600.0       2.9      13.5      0.75      2.00      0.20  -9999.00
     1   2005     95    5200.0       6.8       8.8      0.99      2.00      1.10  -9999.00
     1   2005     96    7100.0       0.6       7.6      0.64      2.00      9.40  -9999.00
     1   2005     97    6600.0       2.0      10.5      0.71      2.00      9.30  -9999.00
     1   2005     98   10800.0       4.8       9.5      0.86      2.00      3.10  -9999.00
     1   2005     99   10300.0       4.1      11.1      0.82      2.00      2.10  -9999.00
     1   2005    100   15800.0       4.2      10.6      0.82      2.00      0.00  -9999.00
     1   2005    101   13600.0      -0.3       8.4      0.60      2.00      0.60  -9999.00
     1   2005    102    7700.0       2.3      10.4      0.72      2.00      3.00  -9999.00
     1   2005    103   10100.0       7.7      10.2      1.05      2.00     13.80  -9999.00
     1   2005    104   20700.0       0.0      15.2      0.61      2.00      0.00  -9999.00
     1   2005    105   22000.0       6.3      12.6      0.95      2.00      0.00  -9999.00
     1   2005    106   12400.0       6.1       8.7      0.94      2.00      4.20  -9999.00
     1   2005    107   17800.0       8.1      12.3      1.08      2.00      4.60  -9999.00
     1   2005    108    7100.0       2.8      13.7      0.75      2.00      0.30  -9999.00
     1   2005    109   21300.0       1.3       5.0      0.67      2.00      0.00  -9999.00
     1   2005    110    3400.0       7.9       9.9      1.07      2.00      6.60  -9999.00
     1   2005    111   12700.0       1.2       7.5      0.67      2.00      5.60  -9999.00
     1   2005    112   11500.0       8.1       8.5      1.08      2.00      0.60  -9999.00
     1   2005    113   21200.0       6.2      19.6      0.95      2.00      0.00  -9999.00
     1   2005    114   10000.0       3.6      12.0      0.79      2.00      4.60  -9999.00
     1   2005    115   12900.0       6.7       9.8      0.98      2.00      0.40  -9999.00
     1   2005    116    5500.0       7.5      11.3      1.04      2.00      5.20  -9999.00
     1   2005    117   14500.0       4.0      16.9      0.81      2.00      0.40  -9999.00
     1   2005    118   20400.0      10.6      10.6      1.28      2.00      0.40  -9999.00
     1   2005    119   14600.0       7.8      11.7      1.06      2.00      0.20  -9999.00
     1   2005    120   25100.0       4.0      11.4      0.81      2.00      0.00  -9999.00
     1   2005    121   18300.0       9.4      11.5      1.18      2.00      0.00  -9999.00
     1   2005    122   12400.0       8.6      12.2      1.12      2.00      0.00  -9999.00
     1   2005    123   14800.0       9.2      13.9      1.16      2.00      0.90  -9999.00
     1   2005    124    3800.0       5.9      10.7      0.93      2.00      3.60  -9999.00
     1   2005    125   19300.0       6.7      16.4      0.98      2.00     18.50  -9999.00
     1   2005    126   14300.0       6.8      15.6      0.99      2.00      0.90  -9999.00
     1   2005    127   16000.0       6.7      20.7      0.98      2.00      0.00  -9999.00
     1   2005    128   19300.0      10.4      18.0      1.26      2.00      0.00  -9999.00
     1   2005    129   26200.0      10.4      11.7      1.26      2.00      0.00  -9999.00
     1   2005    130   22700.0       3.2      20.6      0.77      2.00      0.00  -9999.00
     1   2005    131   15200.0       9.2      11.5      1.16      2.00      4.50  -9999.00
     1   2005    132   22400.0       2.2      14.4      0.72      2.00      0.00  -9999.00
     1   2005    133    8800.0      12.5      18.9      1.45      2.00      2.70  -9999.00
     1   2005    134   21400.0       7.7      13.7      1.05      2.00      4.80  -9999.00
     1   2005    135   11200.0       9.1      13.7      1.16      2.00      0.10  -9999.00
     1   2005    136   18000.0       9.8      15.0      1.21      2.00      6.90  -9999.00
     1   2005    137   16900.0       4.6      21.6      0.85      2.00      0.00  -9999.00
     1   2005    138   24900.0      11.4      24.2      1.35      2.00      0.00  -9999.00
     1   2005    139   10300.0       8.5      12.9      1.11      2.00      0.60  -9999.00
     1   2005    140   20900.0       8.2      15.5      1.09      2.00      0.00  -9999.00
     1   2005    141    9700.0       7.1       9.3      1.01      2.00      0.10  -9999.00
     1   2005    142   11700.0       8.0      13.1      1.07      2.00      1.30  -9999.00
     1   2005    143   25700.0       9.8      15.5      1.21      2.00      0.00  -9999.00
     1   2005    144   23000.0      13.7      15.7      1.57      2.00      0.00  -9999.00
     1   2005    145   17900.0       8.4      15.0      1.10      2.00      0.10  -9999.00
     1   2005    146   15500.0       2.6      14.1      0.74      2.00      0.10  -9999.00
     1   2005    147    4300.0      11.7      19.4      1.37      2.00      4.50  -9999.00
     1   2005    148   15400.0       5.0      14.4      0.87      2.00      0.70  -9999.00
     1   2005    149   17300.0      12.1      15.2      1.41      2.00      3.80  -9999.00
     1   2005    150   15200.0       9.2      15.8      1.16      2.00      0.70  -9999.00
     1   2005    151   17900.0       8.5      14.9      1.11      2.00      4.40  -9999.00
     1   2005    152   15400.0      11.9      13.6      1.39      2.00      3.60  -9999.00
     1   2005    153    4400.0      11.2      17.9      1.33      2.00      2.20  -9999.00
     1   2005    154   10400.0       9.5      10.9      1.19      2.00      2.10  -9999.00
     1   2005    155   20900.0      11.0      17.5      1.31      2.00      0.60  -9999.00
     1   2005    156    7500.0      11.5      14.6      1.36      2.00     11.30  -9999.00
     1   2005    157    9200.0      12.0      14.3      1.40      2.00      1.80  -9999.00
     1   2005    158    9900.0      11.0      15.4      1.31      2.00      2.40  -9999.00
     1   2005    159   27400.0      11.2      17.1      1.33      2.00      0.00  -9999.00
     1   2005    160   19800.0      10.0      16.5      1.23      2.00      1.40  -9999.00
     1   2005    161    9300.0       8.1      18.1      1.08      2.00      2.80  -9999.00
     1   2005    162   20100.0      11.6      16.4      1.37      2.00      0.60  -9999.00
     1   2005    163   22200.0      11.4      21.9      1.35      2.00      0.10  -9999.00
     1   2005    164   26600.0      10.7      17.3      1.29      2.00      0.00  -9999.00
     1   2005    165   14500.0       8.7      20.7      1.12      2.00      0.00  -9999.00
     1   2005    166    8500.0      12.9      19.9      1.49      2.00      2.60  -9999.00
     1   2005    167   16600.0      14.3      15.4      1.63      2.00      0.00  -9999.00
     1   2005    168   21000.0       6.5      15.3      0.97      2.00      9.90  -9999.00
     1   2005    169   16000.0      10.7      16.9      1.29      2.00      0.00  -9999.00
     1   2005    170   28300.0       9.6      19.1      1.20      2.00      0.00  -9999.00
     1   2005    171   18300.0      13.0      22.5      1.50      2.00      0.00  -9999.00
     1   2005    172   19900.0      12.4      20.3      1.44      2.00      0.00  -9999.00
     1   2005    173   24400.0       9.9      23.2      1.22      2.00      0.00  -9999.00
     1   2005    174   28100.0      10.1      16.8      1.24      2.00      0.00  -9999.00
     1   2005    175   16700.0      11.2      17.2      1.33      2.00      0.00  -9999.00
     1   2005    176   19100.0      10.2      16.7      1.24      2.00      0.10  -9999.00
     1   2005    177   11700.0      13.3      17.8      1.53      2.00      3.80  -9999.00
     1   2005    178   21800.0       9.1      19.8      1.16      2.00      0.30  -9999.00
     1   2005    179   21000.0      11.6      15.9      1.37      2.00      1.20  -9999.00
     1   2005    180   21900.0      10.6      18.3      1.28      2.00      1.10  -9999.00
     1   2005    181   23000.0      15.3      22.0      1.74      2.00      0.00  -9999.00
     1   2005    182   21000.0      13.0      20.6      1.50      2.00      0.00  -9999.00
     1   2005    183   28100.0      13.4      17.2      1.54      2.00      0.00  -9999.00
     1   2005    184   29000.0      11.9      21.1      1.39      2.00      0.00  -9999.00
     1   2005    185   11600.0      12.4      17.9      1.44      2.00     46.90  -9999.00
     1   2005    186   20000.0      12.8      24.7      1.48      2.00      5.40  -9999.00
     1   2005    187   20400.0      16.2      20.0      1.84      2.00      0.00  -9999.00
     1   2005    188   23600.0       9.0      23.2      1.15      2.00      0.00  -9999.00
     1   2005    189   17300.0      14.6      15.2      1.66      2.00     11.60  -9999.00
     1   2005    190   17300.0      11.6      18.1      1.37      2.00      0.10  -9999.00
     1   2005    191   19000.0      10.4      21.2      1.26      2.00      0.00  -9999.00
     1   2005    192   12500.0       8.6      27.9      1.12      2.00      0.00  -9999.00
     1   2005    193   15200.0      12.3      21.3      1.43      2.00      0.60  -9999.00
     1   2005    194   10200.0      11.0      19.6      1.31      2.00      1.00  -9999.00
     1   2005    195   26100.0      15.2      17.9      1.73      2.00      0.00  -9999.00
     1   2005    196   21100.0      12.0      25.3      1.40      2.00      0.00  -9999.00
     1   2005    197   23000.0      15.7      18.1      1.78      2.00      0.00  -9999.00
     1   2005    198   21800.0      12.5      23.6      1.45      2.00      0.00  -9999.00
     1   2005    199   20500.0      12.4      19.7      1.44      2.00      0.00  -9999.00
     1   2005    200   20000.0      14.2      18.3      1.62      2.00     10.00  -9999.00
     1   2005    201    8300.0      12.6      18.4      1.46      2.00      2.00  -9999.00
     1   2005    202   18500.0      12.0      19.7      1.40      2.00      0.70  -9999.00
     1   2005    203   12000.0      13.1      19.0      1.51      2.00      7.60  -9999.00
     1   2005    204   20100.0      17.8      25.5      2.04      2.00      0.00  -9999.00
     1   2005    205   13100.0      13.2      19.6      1.52      2.00      4.00  -9999.00
     1   2005    206   25300.0       9.8      24.8      1.21      2.00      0.00  -9999.00
     1   2005    207   27300.0      14.4      26.7      1.64      2.00      0.00  -9999.00
     1   2005    208   23500.0       9.5      21.6      1.19      2.00      0.00  -9999.00
     1   2005    209   16400.0       8.8      21.7      1.13      2.00      0.00  -9999.00
     1   2005    210   16900.0      14.3      17.0      1.63      2.00      0.00  -9999.00
     1   2005    211   10700.0      14.4      17.9      1.64      2.00      5.90  -9999.00
     1   2005    212   18300.0      16.1      19.1      1.83      2.00      0.50  -9999.00
     1   2005    213   11000.0      13.2      16.7      1.52      2.00      3.20  -9999.00
     1   2005    214   11100.0      11.2      20.7      1.33      2.00      0.50  -9999.00
     1   2005    215    8400.0      11.2      18.7      1.33      2.00      3.20  -9999.00
     1   2005    216   22900.0      14.7      17.6      1.67      2.00      8.40  -9999.00
     1   2005    217   11800.0      16.1      17.9      1.83      2.00      6.20  -9999.00
     1   2005    218   20500.0      12.2      23.4      1.42      2.00      0.00  -9999.00
     1   2005    219    8200.0      14.7      18.0      1.67      2.00      0.80  -9999.00
     1   2005    220   10300.0      13.4      19.7      1.54      2.00      0.40  -9999.00
     1   2005    221   16100.0      15.6      21.9      1.77      2.00      0.00  -9999.00
     1   2005    222    9500.0      12.8      20.1      1.48      2.00      9.40  -9999.00
     1   2005    223   16700.0      14.0      20.6      1.60      2.00      4.90  -9999.00
     1   2005    224   13100.0      15.1      17.6      1.72      2.00      0.10  -9999.00
     1   2005    225   13700.0       9.3      24.4      1.17      2.00      8.50  -9999.00
     1   2005    226   10600.0      17.3      24.5      1.97      2.00      3.20  -9999.00
     1   2005    227   12600.0      15.0      21.1      1.70      2.00      9.70  -9999.00
     1   2005    228    8600.0      17.4      24.0      1.99      2.00      1.10  -9999.00
     1   2005    229   17000.0      12.2      20.9      1.42      2.00      0.10  -9999.00
     1   2005    230   14300.0      16.1      19.9      1.83      2.00      0.00  -9999.00
     1   2005    231   18300.0      12.6      16.4      1.46      2.00      0.00  -9999.00
     1   2005    232   16400.0      14.0      19.1      1.60      2.00     17.50  -9999.00
     1   2005    233   11800.0      17.4      18.0      1.99      2.00      0.30  -9999.00
     1   2005    234    9900.0      16.0      18.9      1.82      2.00      0.70  -9999.00
     1   2005    235   14800.0      13.0      20.3      1.50      2.00      0.10  -9999.00
     1   2005    236   20500.0      14.8      21.2      1.68      2.00      0.10  -9999.00
     1   2005    237    5800.0      13.2      18.4      1.52      2.00      1.70  -9999.00
     1   2005    238   14200.0      15.2      17.8      1.73      2.00      0.40  -9999.00
     1   2005    239    5300.0      16.8      20.7      1.91      2.00     36.50  -9999.00
     1   2005    240    9900.0      11.9      21.5      1.39      2.00      2.00  -9999.00
     1   2005    241    8600.0      13.9      20.0      1.59      2.00      0.50  -9999.00
     1   2005    242   13900.0      14.4      18.7      1.64      2.00      0.70  -9999.00
     1   2005    243    8700.0      15.0      19.5      1.70      2.00      3.10  -9999.00
     1   2005    244   18400.0       7.5      18.1      1.04      2.00      0.00  -9999.00
     1   2005    245    8100.0      11.9      20.9      1.39      2.00     25.80  -9999.00
     1   2005    246   11900.0      11.4      18.9      1.35      2.00     18.40  -9999.00
     1   2005    247   16400.0      12.8      20.2      1.48      2.00      0.00  -9999.00
     1   2005    248   17700.0      16.0      23.4      1.82      2.00      0.00  -9999.00
     1   2005    249   16000.0       8.7      15.9      1.12      2.00      0.00  -9999.00
     1   2005    250   11000.0      12.3      17.5      1.43      2.00      0.00  -9999.00
     1   2005    251   17200.0      12.3      17.7      1.43      2.00      0.00  -9999.00
     1   2005    252   11000.0      10.6      24.4      1.28      2.00      0.00  -9999.00
     1   2005    253    9800.0       9.8      18.3      1.21      2.00      6.30  -9999.00
     1   2005    254   13800.0      10.6      18.4      1.28      2.00      7.70  -9999.00
     1   2005    255    8200.0      10.8      18.4      1.29      2.00     31.00  -9999.00
     1   2005    256   11300.0       9.6      16.1      1.20      2.00      7.40  -9999.00
     1   2005    257    9100.0      12.0      16.1      1.40      2.00      1.20  -9999.00
     1   2005    258   12600.0       6.3      15.8      0.95      2.00      0.00  -9999.00
     1   2005    259    8000.0       8.1      17.0      1.08      2.00     38.70  -9999.00
     1   2005    260   15200.0      12.5      17.6      1.45      2.00      0.00  -9999.00
     1   2005    261   10600.0       8.8      16.5      1.13      2.00      9.00  -9999.00
     1   2005    262    6500.0      13.1      17.6      1.51      2.00     43.90  -9999.00
     1   2005    263    9400.0       8.4      16.3      1.10      2.00      3.00  -9999.00
     1   2005    264   13600.0      15.1      18.1      1.72      2.00      0.00  -9999.00
     1   2005    265    6400.0      11.3      16.3      1.34      2.00      0.00  -9999.00
     1   2005    266    9700.0       7.0      17.4      1.00      2.00      0.00  -9999.00
     1   2005    267   12700.0      12.3      19.8      1.43      2.00      0.00  -9999.00
     1   2005    268    8100.0       5.8      14.6      0.92      2.00      0.00  -9999.00
     1   2005    269    9800.0      11.5      12.6      1.36      2.00      0.00  -9999.00
     1   2005    270    8000.0      14.7      15.4      1.67      2.00      0.00  -9999.00
     1   2005    271   10900.0       9.4      19.7      1.18      2.00      0.00  -9999.00
     1   2005    272    6900.0       5.2      18.9      0.88      2.00      0.00  -9999.00
     1   2005    273    8800.0       2.3      15.8      0.72      2.00      0.00  -9999.00
     1   2005    274   10200.0      10.7      15.9      1.29      2.00      0.00  -9999.00
     1   2005    275    4600.0      12.8      15.9      1.48      2.00      7.60  -9999.00
     1   2005    276    8200.0      11.0      13.4      1.31      2.00      3.70  -9999.00
     1   2005    277    8100.0      10.0      19.1      1.23      2.00     18.60  -9999.00
     1   2005    278    8700.0       9.7      16.4      1.20      2.00      0.10  -9999.00
     1   2005    279   10400.0       9.4      15.6      1.18      2.00      4.80  -9999.00
     1   2005    280    5200.0       5.8      14.9      0.92      2.00      0.00  -9999.00
     1   2005    281    6600.0      12.8      14.8      1.48      2.00     19.70  -9999.00
     1   2005    282    8700.0      13.6      14.9      1.56      2.00      0.80  -9999.00
     1   2005    283    7700.0       9.2      12.7      1.16      2.00      6.20  -9999.00
     1   2005    284    7600.0       7.9      17.8      1.07      2.00      6.20  -9999.00
     1   2005    285    1700.0       8.4      14.7      1.10      2.00      0.10  -9999.00
     1   2005    286    4400.0       6.3      14.8      0.95      2.00      0.00  -9999.00
     1   2005    287    9400.0      10.2      15.0      1.24      2.00      0.00  -9999.00
     1   2005    288    7500.0       8.6      16.5      1.12      2.00      0.00  -9999.00
     1   2005    289   10800.0       8.3      12.5      1.09      2.00      0.00  -9999.00
     1   2005    290    4900.0      11.5      12.1      1.36      2.00      0.80  -9999.00
     1   2005    291    5200.0      12.7      14.7      1.47      2.00      0.10  -9999.00
     1   2005    292    6600.0      11.6      13.9      1.37      2.00     11.90  -9999.00
     1   2005    293    6500.0       4.3      12.3      0.83      2.00      3.20  -9999.00
     1   2005    294    6200.0       7.9      11.1      1.07      2.00      5.70  -9999.00
     1   2005    295    7800.0       6.6      14.4      0.97      2.00      2.50  -9999.00
     1   2005    296    8700.0       6.9      12.9      0.99      2.00      2.70  -9999.00
     1   2005    297    5600.0       0.7      10.6      0.64      2.00     17.50  -9999.00
     1   2005    298    7500.0       9.3      15.0      1.17      2.00      0.00  -9999.00
     1   2005    299    3500.0       1.1       9.6      0.66      2.00      0.00  -9999.00
     1   2005    300    9000.0       5.5      12.7      0.90      2.00      0.00  -9999.00
     1   2005    301    7100.0      12.0      15.7      1.40      2.00      3.80  -9999.00
     1   2005    302    4500.0       0.4       9.7      0.63      2.00      0.00  -9999.00
     1   2005    303    4600.0       7.9      12.2      1.07      2.00      0.00  -9999.00
     1   2005    304    5700.0       6.4      11.9      0.96      2.00      0.00  -9999.00
     1   2005    305    6300.0       6.1      12.3      0.94      2.00      0.00  -9999.00
     1   2005    306    2800.0       4.3       8.2      0.83      2.00      0.00  -9999.00
     1   2005    307    4600.0       3.5      12.8      0.78      2.00      0.00  -9999.00
     1   2005    308    2900.0       4.0       7.0      0.81      2.00      0.00  -9999.00
     1   2005    309    7600.0      -0.8      13.5      0.58      2.00      0.20  -9999.00
     1   2005    310    6600.0       8.2      10.2      1.09      2.00      0.00  -9999.00
     1   2005    311    7000.0       8.3      12.1      1.09      2.00      0.00  -9999.00
     1   2005    312    6400.0       6.2       8.2      0.95      2.00      0.00  -9999.00
     1   2005    313    6900.0      10.4      12.5      1.26      2.00      0.00  -9999.00
     1   2005    314    2800.0      11.1      13.1      1.32      2.00     13.00  -9999.00
     1   2005    315    2300.0       7.6      13.2      1.04      2.00      0.40  -9999.00
     1   2005    316    4500.0      10.7      12.7      1.29      2.00      5.00  -9999.00
     1   2005    317    4100.0       0.9      11.2      0.65      2.00      7.90  -9999.00
     1   2005    318    4200.0      10.7      12.7      1.29      2.00      0.90  -9999.00
     1   2005    319    1900.0       6.2       9.5      0.95      2.00      0.60  -9999.00
     1   2005    320    1900.0      11.2      14.3      1.33      2.00      5.20  -9999.00
     1   2005    321    4700.0      10.0      12.0      1.23      2.00     25.50  -9999.00
     1   2005    322     900.0       9.1      11.5      1.16      2.00      0.20  -9999.00
     1   2005    323    3600.0       1.8      13.7      0.70      2.00     11.30  -9999.00
     1   2005    324    4700.0       3.4      14.2      0.78      2.00      5.70  -9999.00
     1   2005    325    4600.0       6.1       6.4      0.94      2.00      0.00  -9999.00
     1   2005    326    5300.0       5.7      13.9      0.92      2.00      0.00  -9999.00
     1   2005    327    2300.0       3.8       8.3      0.80      2.00      0.00  -9999.00
     1   2005    328     800.0      -1.2       7.4      0.56      2.00      5.40  -9999.00
     1   2005    329    1500.0       6.0       7.1      0.93      2.00      1.00  -9999.00
     1   2005    330    1400.0       3.0       8.2      0.76      2.00      2.10  -9999.00
     1   2005    331    4600.0       0.7       4.9      0.64      2.00      0.00  -9999.00
     1   2005    332    3300.0       7.2      10.6      1.02      2.00      0.00  -9999.00
     1   2005    333    3200.0       5.5       9.8      0.90      2.00      3.90  -9999.00
     1   2005    334    2700.0       7.0       8.3      1.00      2.00      2.20  -9999.00
     1   2005    335     700.0       3.9       9.5      0.81      2.00      0.10  -9999.00
     1   2005    336    2600.0       3.0       8.1      0.76      2.00      0.00  -9999.00
     1   2005    337    2300.0       5.4       7.4      0.90      2.00     14.70  -9999.00
     1   2005    338    2000.0       9.1      11.1      1.16      2.00      0.00  -9999.00
     1   2005    339    2700.0       3.7       9.8      0.80      2.00      0.00  -9999.00
     1   2005    340    1600.0      -0.6       6.2      0.58      2.00      0.00  -9999.00
     1   2005    341    4400.0       3.6       5.6      0.79      2.00      0.00  -9999.00
     1   2005    342     700.0       3.7       5.7      0.80      2.00      7.80  -9999.00
     1   2005    343    2200.0       0.7       3.7      0.64      2.00      0.80  -9999.00
     1   2005    344    1800.0       1.6      10.3      0.69      2.00      8.70  -9999.00
     1   2005    345     700.0      -0.8       2.3      0.58      2.00      0.00  -9999.00
     1   2005    346    1300.0       2.9      10.6      0.75      2.00      0.50  -9999.00
     1   2005    347    1600.0       9.4      11.2      1.18      2.00      0.80  -9999.00
     1   2005    348    1700.0      -0.6      12.2      0.58      2.00      2.60  -9999.00
     1   2005    349    1100.0       1.0      13.3      0.66      2.00     16.10  -9999.00
     1   2005    350    3500.0      -4.1       7.9      0.45      2.00      0.00  -9999.00
     1   2005    351     700.0       4.8       6.8      0.86      2.00      0.60  -9999.00
     1   2005    352    2500.0       5.4       5.4      0.90      2.00     17.40  -9999.00
     1   2005    353    1400.0       0.1       9.8      0.62      2.00      3.50  -9999.00
     1   2005    354    1600.0       2.9      11.3      0.75      2.00      0.20  -9999.00
     1   2005    355     700.0      -0.3       8.8      0.60      2.00      0.90  -9999.00
     1   2005    356    1900.0       3.1       6.4      0.76      2.00      6.80  -9999.00
     1   2005    357    1500.0       6.2       8.2      0.95      2.00      0.50  -9999.00
     1   2005    358    3300.0       1.6      11.2      0.69      2.00      0.10  -9999.00
     1   2005    359    2600.0       0.2       9.1      0.62      2.00      0.10  -9999.00
     1   2005    360     700.0       4.1      12.9      0.82      2.00      1.50  -9999.00
     1   2005    361    1200.0       6.4       8.4      0.96      2.00      3.80  -9999.00
     1   2005    362    1500.0       4.7      10.9      0.85      2.00      3.70  -9999.00
     1   2005    363    1500.0       5.9      10.8      0.93      2.00      3.80  -9999.00
     1   2005    364    1900.0       4.7       5.3      0.85      2.00     19.60  -9999.00
     1   2005    365    2700.0      -5.7       9.9      0.40      2.00      4.20  -9999.00
