*-----------------------------------------------------------------------------* 
           CNWG_217.met           51.48   -3.55   69.72
* Date created:  08-Aug-2019     Author: K Coleman 
* 
* NIL VALUE       -9999 
* Source:   data provided by M. Semenov 
*  
* Latitude:    51.48 Longitude:    -3.55 Altitude:    69.72
* 
* Column  Daily value 
* 1       station number 
* 2       year 
* 3       day 
* 4       irradiation                   (kJ m-2 d-1) 
* 5       minimum temperature           (degrees Celsius) 
* 6       maximum temperature           (degrees Celsius) 
* 7       early morning vapour pressure (kPa)             
* 8       mean wind speed (height: 2 m?) (m s-1)          
* 9       precipitation                 (mm d-1)          
* 10      sunshine                      (hrs)             
 		Jday	RAD	    TMIN	TMAX	 VAP	wind	RAIN	SUN  
               kj/m2	°C	    °C	     kPa	m/s	    mm	    hrs 
   51.48  69.72
     1   2005      1    2900.0       5.2       9.1      0.88      2.00      0.60  -9999.00
     1   2005      2    4700.0       0.4      12.5      0.63      2.00     12.90  -9999.00
     1   2005      3    1700.0       7.0      10.0      1.00      2.00      4.10  -9999.00
     1   2005      4    4800.0       6.7       8.7      0.98      2.00      0.40  -9999.00
     1   2005      5    1200.0       0.5       5.9      0.63      2.00     18.60  -9999.00
     1   2005      6    3200.0       7.0       9.0      1.00      2.00      8.80  -9999.00
     1   2005      7    2200.0       5.5       9.0      0.90      2.00     11.70  -9999.00
     1   2005      8    2700.0      -0.8       5.4      0.58      2.00      0.30  -9999.00
     1   2005      9    1800.0       3.9      10.0      0.81      2.00     15.20  -9999.00
     1   2005     10    1500.0      -4.4       7.2      0.44      2.00     15.10  -9999.00
     1   2005     11    3700.0       0.2       9.7      0.62      2.00      3.00  -9999.00
     1   2005     12    5200.0       5.2       7.2      0.88      2.00      1.10  -9999.00
     1   2005     13    3000.0       5.2       7.7      0.88      2.00     10.10  -9999.00
     1   2005     14    4400.0       1.4      10.4      0.68      2.00      0.00  -9999.00
     1   2005     15    3000.0       4.6       6.6      0.85      2.00      0.00  -9999.00
     1   2005     16    4000.0       1.0       7.8      0.66      2.00      0.00  -9999.00
     1   2005     17    2600.0       2.6      10.9      0.74      2.00     20.20  -9999.00
     1   2005     18    1300.0      -1.4       5.6      0.55      2.00      6.50  -9999.00
     1   2005     19    3500.0       5.7       6.8      0.92      2.00      0.50  -9999.00
     1   2005     20    2100.0       1.4      13.2      0.68      2.00      1.00  -9999.00
     1   2005     21     900.0       8.5      10.5      1.11      2.00     12.80  -9999.00
     1   2005     22    3000.0       1.5       3.6      0.68      2.00      4.40  -9999.00
     1   2005     23    3300.0       1.3       3.6      0.67      2.00      0.00  -9999.00
     1   2005     24    3300.0       1.4      10.1      0.68      2.00      2.50  -9999.00
     1   2005     25    1800.0       7.8      12.5      1.06      2.00     25.40  -9999.00
     1   2005     26    1900.0       0.7       9.7      0.64      2.00      6.10  -9999.00
     1   2005     27    3700.0       4.1       8.8      0.82      2.00      1.00  -9999.00
     1   2005     28    2500.0       5.3       9.9      0.89      2.00      0.30  -9999.00
     1   2005     29    2200.0      -0.2       1.2      0.60      2.00      0.30  -9999.00
     1   2005     30    1000.0       8.0      11.2      1.07      2.00      3.00  -9999.00
     1   2005     31    1000.0       0.5       2.5      0.63      2.00      1.20  -9999.00
     1   2005     32    1600.0       1.1       9.5      0.66      2.00      0.70  -9999.00
     1   2005     33    5500.0      -0.3       9.9      0.60      2.00      5.70  -9999.00
     1   2005     34    4500.0       2.0      12.0      0.71      2.00      0.30  -9999.00
     1   2005     35    7600.0       2.4      10.7      0.73      2.00      5.90  -9999.00
     1   2005     36    4600.0       6.2       6.4      0.95      2.00      3.80  -9999.00
     1   2005     37    3900.0       8.5      11.2      1.11      2.00      0.50  -9999.00
     1   2005     38    2500.0       0.2      10.5      0.62      2.00      0.80  -9999.00
     1   2005     39    5400.0       3.9      10.6      0.81      2.00      6.80  -9999.00
     1   2005     40    1200.0       6.6       9.0      0.97      2.00      0.50  -9999.00
     1   2005     41    6700.0       3.3      11.6      0.77      2.00     12.40  -9999.00
     1   2005     42    4500.0       3.5       9.0      0.78      2.00      0.20  -9999.00
     1   2005     43    2500.0       6.8      10.7      0.99      2.00      5.40  -9999.00
     1   2005     44    6400.0       3.0       5.0      0.76      2.00      2.70  -9999.00
     1   2005     45    9100.0      -4.3       9.4      0.44      2.00      0.00  -9999.00
     1   2005     46    6400.0      -5.5       1.6      0.41      2.00      0.00  -9999.00
     1   2005     47    3300.0       5.4       9.8      0.90      2.00      6.50  -9999.00
     1   2005     48    8000.0       2.9       8.0      0.75      2.00      0.00  -9999.00
     1   2005     49    3300.0      -2.3       8.5      0.52      2.00      0.00  -9999.00
     1   2005     50    9000.0       2.4       5.0      0.73      2.00      0.00  -9999.00
     1   2005     51    3300.0       6.5       8.5      0.97      2.00      3.30  -9999.00
     1   2005     52    7800.0      -2.5      10.1      0.51      2.00      3.40  -9999.00
     1   2005     53    4400.0       3.6       9.6      0.79      2.00      1.30  -9999.00
     1   2005     54    3000.0       1.8       3.8      0.70      2.00      0.00  -9999.00
     1   2005     55    3900.0      -0.3      11.4      0.60      2.00      0.60  -9999.00
     1   2005     56    4700.0       8.3       9.8      1.09      2.00      0.00  -9999.00
     1   2005     57   10600.0       1.0       8.5      0.66      2.00      0.00  -9999.00
     1   2005     58    3400.0       0.5       6.2      0.63      2.00      0.00  -9999.00
     1   2005     59    3400.0       0.6       8.9      0.64      2.00      9.40  -9999.00
     1   2005     60    5800.0       7.4       7.6      1.03      2.00      0.90  -9999.00
     1   2005     61    4000.0       2.3       7.5      0.72      2.00      0.30  -9999.00
     1   2005     62    6800.0       1.5       7.3      0.68      2.00      6.00  -9999.00
     1   2005     63    8400.0       1.6      11.8      0.69      2.00      9.00  -9999.00
     1   2005     64    2400.0       4.8       9.8      0.86      2.00      0.10  -9999.00
     1   2005     65    3300.0       4.2      11.6      0.82      2.00      0.50  -9999.00
     1   2005     66   11800.0       4.4       6.4      0.84      2.00      1.90  -9999.00
     1   2005     67    9700.0       3.9      10.0      0.81      2.00      3.70  -9999.00
     1   2005     68    3500.0      -0.5      12.3      0.59      2.00     16.00  -9999.00
     1   2005     69    5100.0       6.2      10.6      0.95      2.00      0.40  -9999.00
     1   2005     70    2100.0       6.4       7.6      0.96      2.00      8.30  -9999.00
     1   2005     71    8300.0       5.1      11.4      0.88      2.00      2.10  -9999.00
     1   2005     72    9600.0       4.9       6.9      0.87      2.00     10.10  -9999.00
     1   2005     73    7100.0       5.6       7.6      0.91      2.00      5.60  -9999.00
     1   2005     74    2200.0       2.0       3.3      0.71      2.00      6.70  -9999.00
     1   2005     75    4000.0       5.1       9.7      0.88      2.00      7.60  -9999.00
     1   2005     76    2300.0       9.1      10.1      1.16      2.00      9.50  -9999.00
     1   2005     77   12000.0       7.3      11.0      1.02      2.00      0.00  -9999.00
     1   2005     78   10700.0       0.5       9.9      0.63      2.00      0.00  -9999.00
     1   2005     79   14100.0       5.0       8.6      0.87      2.00      0.30  -9999.00
     1   2005     80    4900.0       7.6      11.7      1.04      2.00      0.00  -9999.00
     1   2005     81   12700.0       7.9      11.4      1.07      2.00      0.40  -9999.00
     1   2005     82    9000.0       3.4      10.1      0.78      2.00      9.40  -9999.00
     1   2005     83    6500.0       5.5       7.6      0.90      2.00      2.20  -9999.00
     1   2005     84    8400.0       7.5       9.1      1.04      2.00      0.10  -9999.00
     1   2005     85   10700.0       6.9       9.1      0.99      2.00      2.00  -9999.00
     1   2005     86    5300.0       5.4      12.9      0.90      2.00      1.90  -9999.00
     1   2005     87    8900.0       6.1       8.9      0.94      2.00      4.10  -9999.00
     1   2005     88    6800.0       6.7       8.7      0.98      2.00      4.10  -9999.00
     1   2005     89   14900.0       5.1      10.5      0.88      2.00      0.00  -9999.00
     1   2005     90   18700.0       1.1      12.0      0.66      2.00      0.00  -9999.00
     1   2005     91   14900.0       4.7      10.9      0.85      2.00      0.00  -9999.00
     1   2005     92    6400.0       8.1      10.9      1.08      2.00      2.20  -9999.00
     1   2005     93    9700.0       5.0      10.1      0.87      2.00      6.60  -9999.00
     1   2005     94   17000.0       2.4       9.0      0.73      2.00      0.00  -9999.00
     1   2005     95    4600.0       2.7      11.3      0.74      2.00      6.50  -9999.00
     1   2005     96   16100.0       3.3      16.4      0.77      2.00      0.00  -9999.00
     1   2005     97   18000.0       7.2      18.2      1.02      2.00      0.00  -9999.00
     1   2005     98   13900.0       4.2      10.5      0.82      2.00      0.00  -9999.00
     1   2005     99   18900.0      -0.1      14.9      0.61      2.00      0.00  -9999.00
     1   2005    100   11500.0       6.4       8.7      0.96      2.00      1.90  -9999.00
     1   2005    101    6600.0       2.5       9.3      0.73      2.00      4.00  -9999.00
     1   2005    102   18900.0       7.0       9.0      1.00      2.00      3.30  -9999.00
     1   2005    103    9000.0       3.5      10.4      0.78      2.00      3.10  -9999.00
     1   2005    104    7400.0       9.3      10.7      1.17      2.00      0.30  -9999.00
     1   2005    105   12900.0       6.5      10.5      0.97      2.00      1.70  -9999.00
     1   2005    106    8500.0       8.3      10.5      1.09      2.00      2.90  -9999.00
     1   2005    107    8200.0       8.7       9.2      1.12      2.00      0.70  -9999.00
     1   2005    108    5700.0       2.8      12.2      0.75      2.00      4.50  -9999.00
     1   2005    109   20900.0       4.5      12.0      0.84      2.00      0.00  -9999.00
     1   2005    110   11300.0       9.3      12.0      1.17      2.00      0.00  -9999.00
     1   2005    111   13200.0       2.9      13.5      0.75      2.00      0.50  -9999.00
     1   2005    112   22600.0       5.5      16.0      0.90      2.00      2.80  -9999.00
     1   2005    113   10200.0       9.4      12.3      1.18      2.00      2.10  -9999.00
     1   2005    114   10000.0       4.8      11.9      0.86      2.00      0.80  -9999.00
     1   2005    115   11000.0       4.1      10.3      0.82      2.00      2.00  -9999.00
     1   2005    116   10800.0       5.2      10.8      0.88      2.00      1.70  -9999.00
     1   2005    117   10500.0       1.9      11.6      0.70      2.00      1.00  -9999.00
     1   2005    118   10600.0       8.1      11.2      1.08      2.00      4.70  -9999.00
     1   2005    119   14800.0       8.2      14.0      1.09      2.00      3.40  -9999.00
     1   2005    120   10700.0       3.8      14.3      0.80      2.00      0.00  -9999.00
     1   2005    121   23000.0       7.6      19.3      1.04      2.00      0.00  -9999.00
     1   2005    122   11100.0       7.9      15.4      1.07      2.00      0.00  -9999.00
     1   2005    123   23600.0       8.3      15.4      1.09      2.00      0.00  -9999.00
     1   2005    124   13600.0       6.7      16.2      0.98      2.00      0.00  -9999.00
     1   2005    125   21800.0       9.2      12.5      1.16      2.00      0.00  -9999.00
     1   2005    126   22800.0       7.0      13.5      1.00      2.00      0.00  -9999.00
     1   2005    127   18800.0      10.6      13.2      1.28      2.00      0.70  -9999.00
     1   2005    128   18800.0       9.0      12.0      1.15      2.00      2.70  -9999.00
     1   2005    129    8600.0      10.8      12.4      1.29      2.00      7.40  -9999.00
     1   2005    130   14400.0       5.7      14.7      0.92      2.00      0.40  -9999.00
     1   2005    131   12800.0       8.7       9.6      1.12      2.00      8.30  -9999.00
     1   2005    132   15400.0      11.5      13.5      1.36      2.00      9.70  -9999.00
     1   2005    133   11700.0      10.4      11.7      1.26      2.00      1.40  -9999.00
     1   2005    134   13900.0       9.0      15.3      1.15      2.00      7.00  -9999.00
     1   2005    135    6700.0       4.4      13.4      0.84      2.00      5.50  -9999.00
     1   2005    136   13300.0       9.7      11.8      1.20      2.00      0.10  -9999.00
     1   2005    137   12600.0       9.7      13.5      1.20      2.00      0.70  -9999.00
     1   2005    138   17300.0      12.6      15.1      1.46      2.00      4.50  -9999.00
     1   2005    139   17000.0       9.5      13.8      1.19      2.00      7.40  -9999.00
     1   2005    140   12500.0       6.9      12.8      0.99      2.00      4.30  -9999.00
     1   2005    141   12000.0       7.4      17.1      1.03      2.00      0.00  -9999.00
     1   2005    142   17000.0       7.4      20.0      1.03      2.00      0.00  -9999.00
     1   2005    143   12300.0      10.1      15.0      1.24      2.00      0.00  -9999.00
     1   2005    144   19700.0       3.7      17.2      0.80      2.00      0.00  -9999.00
     1   2005    145   22400.0      11.4      14.6      1.35      2.00      0.00  -9999.00
     1   2005    146   16600.0       2.5      14.9      0.73      2.00     12.90  -9999.00
     1   2005    147   16900.0       9.8      14.5      1.21      2.00      0.40  -9999.00
     1   2005    148   18400.0      10.0      16.9      1.23      2.00      0.10  -9999.00
     1   2005    149    9800.0      11.4      18.6      1.35      2.00      1.40  -9999.00
     1   2005    150   15200.0       9.3      15.9      1.17      2.00      0.00  -9999.00
     1   2005    151    4300.0       6.3      16.4      0.95      2.00      9.40  -9999.00
     1   2005    152   18700.0      12.4      16.5      1.44      2.00      2.40  -9999.00
     1   2005    153   11000.0       3.9      12.8      0.81      2.00      7.00  -9999.00
     1   2005    154    4400.0      11.2      13.4      1.33      2.00     12.30  -9999.00
     1   2005    155   28300.0       6.1      15.0      0.94      2.00      0.00  -9999.00
     1   2005    156   14200.0      12.8      14.7      1.48      2.00      0.30  -9999.00
     1   2005    157   17100.0       8.3      14.1      1.09      2.00      4.30  -9999.00
     1   2005    158   16300.0      11.9      18.2      1.39      2.00      0.00  -9999.00
     1   2005    159   15600.0       7.9      16.2      1.07      2.00      0.00  -9999.00
     1   2005    160   13600.0      12.9      13.9      1.49      2.00      3.30  -9999.00
     1   2005    161   14100.0       8.4      17.4      1.10      2.00     13.30  -9999.00
     1   2005    162   15600.0       9.1      15.6      1.16      2.00      0.20  -9999.00
     1   2005    163   15200.0      10.3      14.6      1.25      2.00      6.00  -9999.00
     1   2005    164   13800.0       8.4      17.4      1.10      2.00      0.00  -9999.00
     1   2005    165   28400.0      14.2      21.1      1.62      2.00      0.00  -9999.00
     1   2005    166   30100.0      13.3      15.9      1.53      2.00      0.00  -9999.00
     1   2005    167   26100.0       4.7      18.0      0.85      2.00      0.00  -9999.00
     1   2005    168   25700.0       6.5      17.1      0.97      2.00      0.00  -9999.00
     1   2005    169   15700.0      11.1      19.3      1.32      2.00      0.00  -9999.00
     1   2005    170   12700.0      10.5      17.2      1.27      2.00      4.10  -9999.00
     1   2005    171   23500.0      11.4      22.9      1.35      2.00      0.00  -9999.00
     1   2005    172   29700.0      14.6      15.2      1.66      2.00      0.00  -9999.00
     1   2005    173   28500.0      13.7      25.9      1.57      2.00      0.00  -9999.00
     1   2005    174   30400.0      12.9      19.5      1.49      2.00      0.00  -9999.00
     1   2005    175   15000.0      11.9      16.0      1.39      2.00      0.90  -9999.00
     1   2005    176   19700.0      13.7      20.0      1.57      2.00      2.30  -9999.00
     1   2005    177    9900.0      13.9      19.1      1.59      2.00      0.00  -9999.00
     1   2005    178   12900.0      14.6      17.0      1.66      2.00      4.10  -9999.00
     1   2005    179   22600.0      13.3      16.9      1.53      2.00      1.70  -9999.00
     1   2005    180   17200.0      11.9      16.9      1.39      2.00      0.10  -9999.00
     1   2005    181   20700.0      13.1      24.4      1.51      2.00      0.00  -9999.00
     1   2005    182   13500.0      16.7      18.7      1.90      2.00      0.70  -9999.00
     1   2005    183   24500.0      10.3      22.8      1.25      2.00      0.00  -9999.00
     1   2005    184   20600.0      13.1      15.7      1.51      2.00      6.60  -9999.00
     1   2005    185   26700.0       9.7      17.8      1.20      2.00      0.00  -9999.00
     1   2005    186   19900.0       7.8      17.5      1.06      2.00      0.00  -9999.00
     1   2005    187   27700.0      16.2      26.0      1.84      2.00      0.00  -9999.00
     1   2005    188   25900.0       9.7      16.8      1.20      2.00      0.00  -9999.00
     1   2005    189   16900.0      16.7      21.3      1.90      2.00      0.00  -9999.00
     1   2005    190   14000.0      11.2      17.8      1.33      2.00      4.10  -9999.00
     1   2005    191    9400.0      16.3      18.7      1.85      2.00     15.80  -9999.00
     1   2005    192   14800.0      13.6      16.5      1.56      2.00      5.20  -9999.00
     1   2005    193   14300.0       9.9      19.1      1.22      2.00      0.90  -9999.00
     1   2005    194   22500.0      10.5      20.9      1.27      2.00      0.00  -9999.00
     1   2005    195   18000.0      14.3      17.9      1.63      2.00      2.10  -9999.00
     1   2005    196   26300.0      12.3      26.3      1.43      2.00      0.00  -9999.00
     1   2005    197   26300.0      12.6      24.8      1.46      2.00      0.00  -9999.00
     1   2005    198    6600.0      12.6      16.9      1.46      2.00     17.20  -9999.00
     1   2005    199   12100.0      11.8      17.1      1.38      2.00      0.90  -9999.00
     1   2005    200   15900.0      13.4      24.6      1.54      2.00      0.00  -9999.00
     1   2005    201   20100.0      11.4      26.0      1.35      2.00      0.00  -9999.00
     1   2005    202   10200.0      13.4      25.2      1.54      2.00      8.70  -9999.00
     1   2005    203   18300.0      15.5      18.8      1.76      2.00      0.20  -9999.00
     1   2005    204   27500.0      13.1      17.6      1.51      2.00      0.20  -9999.00
     1   2005    205   17200.0      13.2      20.0      1.52      2.00      1.10  -9999.00
     1   2005    206   11700.0      12.5      18.2      1.45      2.00      4.90  -9999.00
     1   2005    207   19000.0      11.1      20.1      1.32      2.00      0.20  -9999.00
     1   2005    208   18000.0      11.6      16.4      1.37      2.00     11.50  -9999.00
     1   2005    209   21900.0      13.4      20.0      1.54      2.00      0.00  -9999.00
     1   2005    210   24700.0      14.2      19.3      1.62      2.00      0.00  -9999.00
     1   2005    211   21400.0      11.7      22.9      1.37      2.00      0.00  -9999.00
     1   2005    212   12200.0      14.5      19.0      1.65      2.00      0.00  -9999.00
     1   2005    213   15700.0      11.4      23.1      1.35      2.00      0.00  -9999.00
     1   2005    214   20700.0      14.5      21.0      1.65      2.00      0.00  -9999.00
     1   2005    215   16400.0       9.8      28.9      1.21      2.00      0.00  -9999.00
     1   2005    216   10700.0      12.8      20.5      1.48      2.00      0.00  -9999.00
     1   2005    217   11700.0      12.3      21.0      1.43      2.00      0.00  -9999.00
     1   2005    218   19400.0      12.7      22.9      1.47      2.00      0.00  -9999.00
     1   2005    219   14500.0      12.7      21.5      1.47      2.00      0.00  -9999.00
     1   2005    220   11200.0      12.1      27.1      1.41      2.00      0.00  -9999.00
     1   2005    221    9600.0      10.2      19.5      1.24      2.00      0.10  -9999.00
     1   2005    222   17100.0      12.8      20.3      1.48      2.00      0.60  -9999.00
     1   2005    223    8900.0      10.6      21.0      1.28      2.00     11.40  -9999.00
     1   2005    224    8800.0      13.1      18.9      1.51      2.00      0.10  -9999.00
     1   2005    225   17300.0      15.1      17.3      1.72      2.00      0.10  -9999.00
     1   2005    226   11800.0      14.8      17.5      1.68      2.00      0.90  -9999.00
     1   2005    227   13600.0      15.8      17.9      1.79      2.00      0.20  -9999.00
     1   2005    228    9000.0      12.4      20.1      1.44      2.00      7.70  -9999.00
     1   2005    229   13700.0      13.1      18.1      1.51      2.00      1.80  -9999.00
     1   2005    230   14400.0      13.3      20.7      1.53      2.00      0.50  -9999.00
     1   2005    231   13200.0      11.7      16.0      1.37      2.00      0.10  -9999.00
     1   2005    232   21300.0       9.4      15.5      1.18      2.00      0.00  -9999.00
     1   2005    233   17500.0      12.0      16.4      1.40      2.00      3.30  -9999.00
     1   2005    234   20100.0      12.9      20.9      1.49      2.00      0.00  -9999.00
     1   2005    235    7800.0       9.8      15.9      1.21      2.00      3.90  -9999.00
     1   2005    236   16800.0      14.0      17.2      1.60      2.00      0.00  -9999.00
     1   2005    237   14200.0      11.5      19.9      1.36      2.00      0.00  -9999.00
     1   2005    238   15900.0      14.1      17.7      1.61      2.00      0.00  -9999.00
     1   2005    239   14700.0      15.2      22.2      1.73      2.00      0.70  -9999.00
     1   2005    240    9700.0      11.0      17.8      1.31      2.00      0.20  -9999.00
     1   2005    241   10700.0      12.6      17.6      1.46      2.00      0.10  -9999.00
     1   2005    242    8200.0      12.4      19.4      1.44      2.00     31.00  -9999.00
     1   2005    243    8900.0      10.2      17.7      1.24      2.00      1.90  -9999.00
     1   2005    244   20400.0       9.1      25.9      1.16      2.00      0.00  -9999.00
     1   2005    245   15300.0      11.7      21.3      1.37      2.00      0.00  -9999.00
     1   2005    246   17300.0      12.7      19.8      1.47      2.00      0.00  -9999.00
     1   2005    247   18900.0      12.8      17.0      1.48      2.00      0.00  -9999.00
     1   2005    248   13100.0      12.6      16.4      1.46      2.00      0.00  -9999.00
     1   2005    249   12500.0      14.3      16.9      1.63      2.00     10.20  -9999.00
     1   2005    250    2900.0      10.8      18.9      1.29      2.00     25.20  -9999.00
     1   2005    251    5900.0      11.4      16.8      1.35      2.00      0.40  -9999.00
     1   2005    252   14300.0      13.4      17.6      1.54      2.00      0.10  -9999.00
     1   2005    253    9900.0      11.0      19.7      1.31      2.00      2.40  -9999.00
     1   2005    254   16500.0      12.8      19.9      1.48      2.00      5.20  -9999.00
     1   2005    255   14700.0      12.4      18.3      1.44      2.00      1.20  -9999.00
     1   2005    256   11100.0      14.9      15.4      1.69      2.00      0.00  -9999.00
     1   2005    257    8600.0       7.5      18.1      1.04      2.00      0.00  -9999.00
     1   2005    258   14100.0      12.8      19.1      1.48      2.00      2.80  -9999.00
     1   2005    259    9700.0      12.8      14.8      1.48      2.00      0.20  -9999.00
     1   2005    260    6600.0      12.1      13.3      1.41      2.00      3.50  -9999.00
     1   2005    261    7400.0      13.5      15.8      1.55      2.00      6.50  -9999.00
     1   2005    262    8200.0      12.9      16.7      1.49      2.00      0.10  -9999.00
     1   2005    263   14700.0      11.5      20.4      1.36      2.00      0.00  -9999.00
     1   2005    264    8100.0      10.2      19.1      1.24      2.00     18.40  -9999.00
     1   2005    265    5800.0      12.5      16.9      1.45      2.00      0.10  -9999.00
     1   2005    266    6600.0       7.9      12.5      1.07      2.00      0.20  -9999.00
     1   2005    267    8400.0      14.8      15.8      1.68      2.00      1.50  -9999.00
     1   2005    268   11800.0       9.8      14.5      1.21      2.00      0.00  -9999.00
     1   2005    269    7500.0       4.8      17.7      0.86      2.00      0.00  -9999.00
     1   2005    270    6000.0       9.6      13.9      1.20      2.00      2.50  -9999.00
     1   2005    271   11000.0      14.6      17.7      1.66      2.00      0.10  -9999.00
     1   2005    272   14000.0      10.0      17.0      1.23      2.00      9.90  -9999.00
     1   2005    273    7200.0      14.1      16.4      1.61      2.00      0.40  -9999.00
     1   2005    274   11300.0      11.5      18.4      1.36      2.00      0.20  -9999.00
     1   2005    275    5000.0      12.9      17.1      1.49      2.00      2.50  -9999.00
     1   2005    276    5900.0       8.8      14.8      1.13      2.00      0.10  -9999.00
     1   2005    277   10100.0      11.7      16.0      1.37      2.00     18.00  -9999.00
     1   2005    278    6600.0      11.7      17.9      1.37      2.00      1.20  -9999.00
     1   2005    279    9300.0       6.6      16.4      0.97      2.00      0.00  -9999.00
     1   2005    280    3900.0       5.8      15.7      0.92      2.00      0.00  -9999.00
     1   2005    281    5900.0      10.1      13.1      1.24      2.00      0.00  -9999.00
     1   2005    282    7800.0      11.5      15.4      1.36      2.00      2.60  -9999.00
     1   2005    283    9800.0       9.7      12.9      1.20      2.00      0.00  -9999.00
     1   2005    284    8900.0      11.1      12.5      1.32      2.00      0.00  -9999.00
     1   2005    285    6500.0       3.0      16.1      0.76      2.00      0.00  -9999.00
     1   2005    286    5500.0       5.3      20.2      0.89      2.00      1.30  -9999.00
     1   2005    287    8000.0      -0.1      12.8      0.61      2.00      0.00  -9999.00
     1   2005    288    9100.0       7.5      13.8      1.04      2.00      0.00  -9999.00
     1   2005    289    9700.0      10.8      15.5      1.29      2.00      0.00  -9999.00
     1   2005    290   10100.0       1.0      13.7      0.66      2.00      0.00  -9999.00
     1   2005    291    6500.0       9.0      14.6      1.15      2.00      0.00  -9999.00
     1   2005    292    2900.0      11.8      13.8      1.38      2.00      0.00  -9999.00
     1   2005    293    8900.0       7.4      12.1      1.03      2.00      0.00  -9999.00
     1   2005    294   10000.0       2.5      14.8      0.73      2.00      0.00  -9999.00
     1   2005    295    1400.0       6.7       7.9      0.98      2.00      0.60  -9999.00
     1   2005    296    9100.0       3.9      16.0      0.81      2.00      0.00  -9999.00
     1   2005    297    6000.0       9.6      14.8      1.20      2.00      0.40  -9999.00
     1   2005    298    6200.0       8.1      12.2      1.08      2.00      9.40  -9999.00
     1   2005    299    2000.0      10.0      12.0      1.23      2.00      0.10  -9999.00
     1   2005    300    3900.0       3.3       9.4      0.77      2.00      4.80  -9999.00
     1   2005    301    5900.0       5.9      10.9      0.93      2.00      1.60  -9999.00
     1   2005    302    7100.0       9.5      10.2      1.19      2.00      0.00  -9999.00
     1   2005    303    4000.0      11.8      13.8      1.38      2.00      0.10  -9999.00
     1   2005    304    6300.0       0.3      12.8      0.62      2.00      0.00  -9999.00
     1   2005    305    3500.0       8.3      16.2      1.09      2.00      0.00  -9999.00
     1   2005    306    5600.0       6.9      16.5      0.99      2.00      0.00  -9999.00
     1   2005    307    7900.0       3.0       9.0      0.76      2.00      1.70  -9999.00
     1   2005    308    6900.0       6.3       6.9      0.95      2.00      0.00  -9999.00
     1   2005    309    5200.0       7.1       8.4      1.01      2.00      0.00  -9999.00
     1   2005    310    1100.0       0.4       9.4      0.63      2.00      4.70  -9999.00
     1   2005    311    2600.0       5.8       9.6      0.92      2.00      0.80  -9999.00
     1   2005    312    3800.0       8.7      12.2      1.12      2.00      0.50  -9999.00
     1   2005    313    4800.0      11.1      13.1      1.32      2.00      0.50  -9999.00
     1   2005    314    4700.0       5.7       9.6      0.92      2.00      3.60  -9999.00
     1   2005    315    4800.0       6.6       8.6      0.97      2.00      0.00  -9999.00
     1   2005    316    3300.0       2.6      11.3      0.74      2.00      0.40  -9999.00
     1   2005    317    2300.0       6.3      12.4      0.95      2.00      0.40  -9999.00
     1   2005    318    2200.0       8.6      13.9      1.12      2.00      8.50  -9999.00
     1   2005    319    3600.0       3.7       8.7      0.80      2.00      0.30  -9999.00
     1   2005    320    5000.0       0.0      14.2      0.61      2.00      1.80  -9999.00
     1   2005    321    2100.0       1.0      10.3      0.66      2.00     11.50  -9999.00
     1   2005    322    1500.0       7.0      12.4      1.00      2.00     21.90  -9999.00
     1   2005    323    4200.0       6.7      11.4      0.98      2.00      0.30  -9999.00
     1   2005    324    2000.0       6.1       8.5      0.94      2.00      9.30  -9999.00
     1   2005    325    5800.0       2.1      10.8      0.71      2.00      8.40  -9999.00
     1   2005    326    1800.0       3.2      11.5      0.77      2.00      2.80  -9999.00
     1   2005    327    2200.0       4.7       9.4      0.85      2.00      0.00  -9999.00
     1   2005    328    3400.0       3.0      12.9      0.76      2.00      0.00  -9999.00
     1   2005    329    5500.0       4.8       6.8      0.86      2.00      1.00  -9999.00
     1   2005    330    3100.0       6.0      11.6      0.93      2.00     19.40  -9999.00
     1   2005    331    5300.0       5.3       7.3      0.89      2.00      0.00  -9999.00
     1   2005    332    2200.0       7.2       8.8      1.02      2.00      0.00  -9999.00
     1   2005    333    2000.0       6.0       7.9      0.93      2.00      3.10  -9999.00
     1   2005    334    1500.0       1.2       8.6      0.67      2.00      0.00  -9999.00
     1   2005    335    2100.0       3.7      11.4      0.80      2.00      0.00  -9999.00
     1   2005    336    2100.0       2.2       5.6      0.72      2.00      4.20  -9999.00
     1   2005    337     700.0       7.9       9.9      1.07      2.00      5.20  -9999.00
     1   2005    338    2700.0       4.7       8.6      0.85      2.00      2.10  -9999.00
     1   2005    339    1900.0       5.8       7.8      0.92      2.00      1.70  -9999.00
     1   2005    340    1300.0       3.8       8.5      0.80      2.00      5.70  -9999.00
     1   2005    341    1800.0       5.7      11.7      0.92      2.00      1.60  -9999.00
     1   2005    342    3000.0      -1.3      11.0      0.56      2.00      0.00  -9999.00
     1   2005    343    1500.0       8.3      11.0      1.09      2.00      0.10  -9999.00
     1   2005    344    1400.0       7.4       8.3      1.03      2.00      1.20  -9999.00
     1   2005    345    2200.0      -0.9       6.1      0.57      2.00      0.00  -9999.00
     1   2005    346    1200.0       1.8       8.4      0.70      2.00      5.10  -9999.00
     1   2005    347    1600.0       4.0       6.0      0.81      2.00      0.00  -9999.00
     1   2005    348    3800.0       0.5       9.1      0.63      2.00      0.00  -9999.00
     1   2005    349    2500.0       2.2       6.6      0.72      2.00      0.00  -9999.00
     1   2005    350    1400.0       9.4      10.0      1.18      2.00     11.70  -9999.00
     1   2005    351    2500.0      -0.4       6.2      0.59      2.00      0.00  -9999.00
     1   2005    352    1800.0       7.7       8.0      1.05      2.00      9.90  -9999.00
     1   2005    353    1400.0      -2.5       1.4      0.51      2.00      0.00  -9999.00
     1   2005    354     700.0       6.6      11.3      0.97      2.00      0.00  -9999.00
     1   2005    355    2600.0       9.4      12.5      1.18      2.00     11.20  -9999.00
     1   2005    356    1500.0       3.2       5.0      0.77      2.00      0.00  -9999.00
     1   2005    357    1400.0       5.8       7.8      0.92      2.00      0.40  -9999.00
     1   2005    358    1900.0      -0.5       6.4      0.59      2.00      0.60  -9999.00
     1   2005    359    1400.0       2.2       9.0      0.72      2.00      0.10  -9999.00
     1   2005    360    1400.0       6.8       8.8      0.99      2.00      0.90  -9999.00
     1   2005    361    1500.0      -0.8       7.3      0.58      2.00      5.30  -9999.00
     1   2005    362    2600.0       1.1       9.0      0.66      2.00      0.80  -9999.00
     1   2005    363    1400.0       1.3      12.2      0.67      2.00      2.40  -9999.00
     1   2005    364    4500.0       5.9       7.9      0.93      2.00      4.50  -9999.00
     1   2005    365    2200.0       6.5       9.2      0.97      2.00      2.40  -9999.00
