*-----------------------------------------------------------------------------* 
           CNWG_133.met           51.48   -3.55   69.72
* Date created:  08-Aug-2019     Author: K Coleman 
* 
* NIL VALUE       -9999 
* Source:   data provided by M. Semenov 
*  
* Latitude:    51.48 Longitude:    -3.55 Altitude:    69.72
* 
* Column  Daily value 
* 1       station number 
* 2       year 
* 3       day 
* 4       irradiation                   (kJ m-2 d-1) 
* 5       minimum temperature           (degrees Celsius) 
* 6       maximum temperature           (degrees Celsius) 
* 7       early morning vapour pressure (kPa)             
* 8       mean wind speed (height: 2 m?) (m s-1)          
* 9       precipitation                 (mm d-1)          
* 10      sunshine                      (hrs)             
 		Jday	RAD	    TMIN	TMAX	 VAP	wind	RAIN	SUN  
               kj/m2	°C	    °C	     kPa	m/s	    mm	    hrs 
   51.48  69.72
     1   2005      1    3200.0       8.8       9.9      1.13      2.00      0.00  -9999.00
     1   2005      2    4700.0       1.6       3.6      0.69      2.00      0.00  -9999.00
     1   2005      3    2500.0       3.6       7.8      0.79      2.00      0.00  -9999.00
     1   2005      4    2700.0       5.1       9.3      0.88      2.00      0.00  -9999.00
     1   2005      5    4100.0      -1.3       0.7      0.56      2.00      0.00  -9999.00
     1   2005      6    2300.0      -0.3       8.8      0.60      2.00      0.00  -9999.00
     1   2005      7    4900.0       5.5       7.5      0.90      2.00      0.60  -9999.00
     1   2005      8    1200.0       7.7       8.2      1.05      2.00      9.20  -9999.00
     1   2005      9     700.0       4.7      10.4      0.85      2.00      0.80  -9999.00
     1   2005     10    5100.0       6.6      10.1      0.97      2.00      0.00  -9999.00
     1   2005     11    1700.0       5.2       7.2      0.88      2.00      0.00  -9999.00
     1   2005     12    4600.0      -5.2       8.1      0.41      2.00      0.00  -9999.00
     1   2005     13    3000.0      -3.4      11.7      0.48      2.00      2.00  -9999.00
     1   2005     14    3400.0       7.9       9.9      1.07      2.00      4.90  -9999.00
     1   2005     15    1200.0       4.3       5.6      0.83      2.00      0.80  -9999.00
     1   2005     16     800.0       0.3       4.3      0.62      2.00      3.60  -9999.00
     1   2005     17    2800.0       4.9      10.6      0.87      2.00      4.20  -9999.00
     1   2005     18    3000.0       0.9       2.9      0.65      2.00      5.80  -9999.00
     1   2005     19    5800.0       8.9      10.6      1.14      2.00      6.50  -9999.00
     1   2005     20    1400.0       4.1       6.1      0.82      2.00      4.60  -9999.00
     1   2005     21    4600.0      -5.3      10.3      0.41      2.00      1.80  -9999.00
     1   2005     22    2100.0       3.1       9.4      0.76      2.00      2.00  -9999.00
     1   2005     23    3500.0       4.8       6.8      0.86      2.00      0.50  -9999.00
     1   2005     24    1000.0       5.8       6.5      0.92      2.00      0.60  -9999.00
     1   2005     25    4300.0       1.9       6.1      0.70      2.00      2.70  -9999.00
     1   2005     26    1700.0       7.9       9.9      1.07      2.00      4.00  -9999.00
     1   2005     27    2700.0       4.5      11.0      0.84      2.00      3.50  -9999.00
     1   2005     28    3800.0       3.2       9.9      0.77      2.00      9.00  -9999.00
     1   2005     29    6800.0       4.6       8.0      0.85      2.00      2.10  -9999.00
     1   2005     30    3100.0       6.6       8.6      0.97      2.00      0.20  -9999.00
     1   2005     31    4400.0       4.1       5.6      0.82      2.00     12.90  -9999.00
     1   2005     32    4000.0       3.7       5.6      0.80      2.00      3.70  -9999.00
     1   2005     33    3700.0       2.9       9.8      0.75      2.00      0.20  -9999.00
     1   2005     34    1300.0      -1.7       9.7      0.54      2.00      1.30  -9999.00
     1   2005     35    2900.0       6.8       8.6      0.99      2.00     11.80  -9999.00
     1   2005     36    5800.0       5.2       7.0      0.88      2.00      0.10  -9999.00
     1   2005     37    5100.0       3.7      11.0      0.80      2.00      1.70  -9999.00
     1   2005     38    4000.0       7.2       9.0      1.02      2.00      1.90  -9999.00
     1   2005     39    4000.0       3.8       5.8      0.80      2.00      1.30  -9999.00
     1   2005     40    5600.0       1.3       3.3      0.67      2.00      8.20  -9999.00
     1   2005     41    5700.0       0.2      10.8      0.62      2.00      0.00  -9999.00
     1   2005     42    4400.0       7.9       9.9      1.07      2.00      8.00  -9999.00
     1   2005     43    7500.0       1.5      12.2      0.68      2.00      2.60  -9999.00
     1   2005     44    2600.0       2.2       4.2      0.72      2.00      0.10  -9999.00
     1   2005     45    4300.0       5.5       8.2      0.90      2.00      2.20  -9999.00
     1   2005     46    3100.0       4.6       8.6      0.85      2.00      3.70  -9999.00
     1   2005     47    4700.0       5.8       6.9      0.92      2.00      0.40  -9999.00
     1   2005     48    7500.0       3.2       7.0      0.77      2.00      8.90  -9999.00
     1   2005     49    5900.0       6.7       8.7      0.98      2.00      0.40  -9999.00
     1   2005     50    1900.0      -2.0      -1.6      0.53      2.00      0.00  -9999.00
     1   2005     51    8500.0      -0.7      10.4      0.58      2.00      0.00  -9999.00
     1   2005     52    3200.0       7.8       8.6      1.06      2.00      0.10  -9999.00
     1   2005     53    7600.0      -0.2       5.5      0.60      2.00      0.00  -9999.00
     1   2005     54    5900.0      -2.1       6.0      0.52      2.00      0.00  -9999.00
     1   2005     55    7800.0      -3.3       5.1      0.48      2.00      0.00  -9999.00
     1   2005     56   10300.0       0.1       4.7      0.62      2.00      0.00  -9999.00
     1   2005     57    9800.0      -4.2       4.3      0.45      2.00      0.00  -9999.00
     1   2005     58    9300.0       2.6       4.6      0.74      2.00      0.00  -9999.00
     1   2005     59    7900.0       0.8       2.8      0.65      2.00      0.00  -9999.00
     1   2005     60    7300.0       1.6      12.4      0.69      2.00      0.00  -9999.00
     1   2005     61    9200.0       0.5       3.5      0.63      2.00      0.00  -9999.00
     1   2005     62   11100.0       2.8      11.8      0.75      2.00      0.00  -9999.00
     1   2005     63    6600.0      -1.2       9.3      0.56      2.00      0.00  -9999.00
     1   2005     64    9800.0       8.9       9.5      1.14      2.00      2.70  -9999.00
     1   2005     65    6900.0       3.1       9.7      0.76      2.00      1.10  -9999.00
     1   2005     66   13200.0       0.9       9.5      0.65      2.00      5.90  -9999.00
     1   2005     67    3800.0       6.1       8.9      0.94      2.00      0.90  -9999.00
     1   2005     68   10000.0       6.7       8.7      0.98      2.00      0.00  -9999.00
     1   2005     69    3900.0       1.5      10.9      0.68      2.00      0.00  -9999.00
     1   2005     70   10500.0       4.6       9.5      0.85      2.00      0.00  -9999.00
     1   2005     71    8700.0       6.5      10.9      0.97      2.00      2.10  -9999.00
     1   2005     72    7300.0       5.0       9.4      0.87      2.00      0.30  -9999.00
     1   2005     73    4800.0       0.8       3.9      0.65      2.00      0.00  -9999.00
     1   2005     74    6900.0      -1.7      10.5      0.54      2.00     10.50  -9999.00
     1   2005     75    6000.0      -4.7      13.4      0.43      2.00      0.00  -9999.00
     1   2005     76   10900.0       0.7      12.5      0.64      2.00      0.00  -9999.00
     1   2005     77    6700.0       0.6       7.7      0.64      2.00      0.00  -9999.00
     1   2005     78    9600.0       7.5       8.4      1.04      2.00      0.00  -9999.00
     1   2005     79    6600.0       3.0       8.5      0.76      2.00      0.90  -9999.00
     1   2005     80    6800.0       3.5      10.9      0.78      2.00      0.40  -9999.00
     1   2005     81    8400.0       7.4       9.6      1.03      2.00      0.80  -9999.00
     1   2005     82    6100.0       1.7      15.3      0.69      2.00      0.00  -9999.00
     1   2005     83    8500.0       5.0      10.5      0.87      2.00      0.10  -9999.00
     1   2005     84   10600.0       2.8       9.2      0.75      2.00      1.20  -9999.00
     1   2005     85    7200.0       7.9      15.1      1.07      2.00      1.90  -9999.00
     1   2005     86    4900.0       1.6      13.7      0.69      2.00      0.30  -9999.00
     1   2005     87    8600.0       3.9       5.9      0.81      2.00      0.70  -9999.00
     1   2005     88   12600.0       6.1      12.1      0.94      2.00      0.20  -9999.00
     1   2005     89   12200.0       4.4      12.4      0.84      2.00      0.00  -9999.00
     1   2005     90    3800.0       6.5      11.0      0.97      2.00     13.80  -9999.00
     1   2005     91    6500.0       6.9      10.9      0.99      2.00      1.00  -9999.00
     1   2005     92    5600.0       6.0      11.5      0.93      2.00      0.50  -9999.00
     1   2005     93   11600.0       5.8      11.5      0.92      2.00      0.30  -9999.00
     1   2005     94   19600.0       0.5      12.8      0.63      2.00      2.50  -9999.00
     1   2005     95    8400.0       4.8      11.3      0.86      2.00      1.00  -9999.00
     1   2005     96   17200.0       3.0      11.0      0.76      2.00      0.00  -9999.00
     1   2005     97   17600.0       4.4      12.9      0.84      2.00      2.30  -9999.00
     1   2005     98   19700.0       2.8      10.3      0.75      2.00      0.00  -9999.00
     1   2005     99   15600.0       0.8       8.6      0.65      2.00      0.00  -9999.00
     1   2005    100   15000.0       5.7      11.3      0.92      2.00      0.30  -9999.00
     1   2005    101   11400.0       5.8      13.5      0.92      2.00      0.00  -9999.00
     1   2005    102   11800.0       5.6       9.6      0.91      2.00      0.60  -9999.00
     1   2005    103   10200.0       0.6      11.1      0.64      2.00      4.50  -9999.00
     1   2005    104    7100.0       4.3       9.4      0.83      2.00      0.40  -9999.00
     1   2005    105    6600.0       8.5      11.8      1.11      2.00      1.30  -9999.00
     1   2005    106   15200.0       8.4      13.1      1.10      2.00      0.00  -9999.00
     1   2005    107    4300.0       1.6      11.5      0.69      2.00      0.00  -9999.00
     1   2005    108   18300.0       6.8      20.3      0.99      2.00      0.00  -9999.00
     1   2005    109   18400.0       8.2      11.9      1.09      2.00      0.00  -9999.00
     1   2005    110   19800.0       5.4       9.6      0.90      2.00      8.90  -9999.00
     1   2005    111   22200.0       0.5      12.6      0.63      2.00      0.00  -9999.00
     1   2005    112   20500.0       4.1      13.8      0.82      2.00      0.00  -9999.00
     1   2005    113   15800.0       1.4      10.8      0.68      2.00      4.20  -9999.00
     1   2005    114   12300.0       7.3       8.0      1.02      2.00      1.50  -9999.00
     1   2005    115   20200.0       5.2      14.4      0.88      2.00     10.50  -9999.00
     1   2005    116   16600.0       8.9      14.3      1.14      2.00      2.30  -9999.00
     1   2005    117    9300.0       5.6       9.4      0.91      2.00     12.90  -9999.00
     1   2005    118   18700.0       2.5       8.6      0.73      2.00      0.00  -9999.00
     1   2005    119    6700.0       5.9      13.8      0.93      2.00     14.00  -9999.00
     1   2005    120   16200.0       6.4      12.4      0.96      2.00      0.90  -9999.00
     1   2005    121   18200.0       8.0      14.9      1.07      2.00      4.80  -9999.00
     1   2005    122   13700.0      10.5      10.9      1.27      2.00      2.00  -9999.00
     1   2005    123   19500.0       6.1      18.2      0.94      2.00      0.00  -9999.00
     1   2005    124   11700.0       6.7      11.8      0.98      2.00      3.20  -9999.00
     1   2005    125   15700.0      12.5      13.3      1.45      2.00      0.00  -9999.00
     1   2005    126   14400.0       8.1      14.1      1.08      2.00      1.90  -9999.00
     1   2005    127   23200.0       7.3      16.3      1.02      2.00      0.00  -9999.00
     1   2005    128   18000.0       2.2      12.4      0.72      2.00      0.00  -9999.00
     1   2005    129   15000.0      10.1      17.4      1.24      2.00      0.00  -9999.00
     1   2005    130   15000.0       3.6      12.4      0.79      2.00      0.20  -9999.00
     1   2005    131   17100.0       7.4      14.0      1.03      2.00      0.10  -9999.00
     1   2005    132   19000.0       7.9      11.8      1.07      2.00      8.30  -9999.00
     1   2005    133    8300.0       7.9      13.8      1.07      2.00      4.70  -9999.00
     1   2005    134    9700.0       8.3      11.3      1.09      2.00      2.00  -9999.00
     1   2005    135   17800.0       7.7      11.9      1.05      2.00      8.80  -9999.00
     1   2005    136   16800.0       5.8      10.8      0.92      2.00      0.00  -9999.00
     1   2005    137   10900.0       6.3      12.2      0.95      2.00      0.00  -9999.00
     1   2005    138   20100.0      13.9      15.0      1.59      2.00      0.00  -9999.00
     1   2005    139    9900.0      11.3      15.8      1.34      2.00      0.00  -9999.00
     1   2005    140    9900.0       6.3      17.3      0.95      2.00      0.30  -9999.00
     1   2005    141   16900.0       9.2      12.5      1.16      2.00      0.00  -9999.00
     1   2005    142   14700.0       8.0      17.9      1.07      2.00      0.20  -9999.00
     1   2005    143   24800.0      12.4      15.3      1.44      2.00      0.00  -9999.00
     1   2005    144    8000.0       8.3      13.5      1.09      2.00      0.10  -9999.00
     1   2005    145   25400.0       6.4      16.9      0.96      2.00      0.10  -9999.00
     1   2005    146   22900.0      11.8      13.5      1.38      2.00      0.00  -9999.00
     1   2005    147   26900.0       3.9      20.2      0.81      2.00      0.00  -9999.00
     1   2005    148   20300.0       7.0      19.5      1.00      2.00      0.00  -9999.00
     1   2005    149   22600.0      10.4      20.1      1.26      2.00      0.00  -9999.00
     1   2005    150    4300.0      10.2      11.7      1.24      2.00      3.00  -9999.00
     1   2005    151   16900.0      12.5      12.5      1.45      2.00      0.00  -9999.00
     1   2005    152   23100.0      11.6      15.6      1.37      2.00      0.00  -9999.00
     1   2005    153   26100.0      14.2      21.7      1.62      2.00      0.00  -9999.00
     1   2005    154   18400.0       9.3      14.8      1.17      2.00      0.00  -9999.00
     1   2005    155   16500.0      13.7      17.5      1.57      2.00      0.00  -9999.00
     1   2005    156   13500.0       9.9      24.9      1.22      2.00      0.00  -9999.00
     1   2005    157   21000.0      11.4      18.1      1.35      2.00      0.00  -9999.00
     1   2005    158   17500.0      12.7      15.0      1.47      2.00      0.70  -9999.00
     1   2005    159    9600.0      11.1      18.8      1.32      2.00      7.10  -9999.00
     1   2005    160   24800.0      10.9      20.7      1.30      2.00      0.00  -9999.00
     1   2005    161   16000.0       8.9      17.6      1.14      2.00      2.60  -9999.00
     1   2005    162   23200.0      10.8      20.5      1.29      2.00      0.00  -9999.00
     1   2005    163   27700.0      12.9      17.4      1.49      2.00      0.00  -9999.00
     1   2005    164   19100.0       5.4      24.6      0.90      2.00      0.00  -9999.00
     1   2005    165   24700.0      10.1      17.1      1.24      2.00     12.30  -9999.00
     1   2005    166   18400.0      12.8      19.5      1.48      2.00      4.80  -9999.00
     1   2005    167    8800.0       8.9      17.1      1.14      2.00      0.10  -9999.00
     1   2005    168   13700.0       9.6      15.2      1.20      2.00      0.90  -9999.00
     1   2005    169   13100.0      13.7      15.4      1.57      2.00     13.60  -9999.00
     1   2005    170   22300.0      10.8      18.2      1.29      2.00      3.50  -9999.00
     1   2005    171   17300.0      11.2      15.5      1.33      2.00     23.80  -9999.00
     1   2005    172   15100.0      13.7      19.4      1.57      2.00      0.80  -9999.00
     1   2005    173   21600.0       8.0      16.1      1.07      2.00      4.30  -9999.00
     1   2005    174   15500.0      14.6      18.5      1.66      2.00      1.30  -9999.00
     1   2005    175   12300.0      13.3      15.9      1.53      2.00      8.90  -9999.00
     1   2005    176   26600.0      10.3      22.7      1.25      2.00      0.00  -9999.00
     1   2005    177   18600.0      11.2      21.8      1.33      2.00      0.00  -9999.00
     1   2005    178   18400.0      10.3      18.7      1.25      2.00      0.00  -9999.00
     1   2005    179   26700.0       5.8      17.8      0.92      2.00      0.00  -9999.00
     1   2005    180   25900.0      10.9      17.0      1.30      2.00      0.00  -9999.00
     1   2005    181   15000.0      12.8      21.7      1.48      2.00      0.70  -9999.00
     1   2005    182   19300.0      11.9      27.8      1.39      2.00      3.50  -9999.00
     1   2005    183   19000.0      14.4      23.3      1.64      2.00      7.30  -9999.00
     1   2005    184   18900.0      15.9      18.1      1.81      2.00      0.20  -9999.00
     1   2005    185   10900.0      10.0      16.0      1.23      2.00      0.10  -9999.00
     1   2005    186   10700.0      11.2      22.8      1.33      2.00      0.10  -9999.00
     1   2005    187   19400.0      12.2      18.4      1.42      2.00      0.20  -9999.00
     1   2005    188   26600.0      14.1      24.1      1.61      2.00      0.00  -9999.00
     1   2005    189   16500.0       7.9      17.8      1.07      2.00      0.00  -9999.00
     1   2005    190   17900.0       9.3      25.2      1.17      2.00      4.90  -9999.00
     1   2005    191   11500.0      13.8      16.8      1.58      2.00      2.00  -9999.00
     1   2005    192   18100.0      12.5      17.7      1.45      2.00      9.60  -9999.00
     1   2005    193   12000.0      11.0      17.0      1.31      2.00     16.00  -9999.00
     1   2005    194   24800.0      15.1      22.1      1.72      2.00      0.00  -9999.00
     1   2005    195   19000.0      14.2      25.3      1.62      2.00      0.00  -9999.00
     1   2005    196   25300.0      11.1      19.7      1.32      2.00      4.10  -9999.00
     1   2005    197   11100.0      13.6      17.5      1.56      2.00      1.60  -9999.00
     1   2005    198   26200.0      16.5      26.0      1.88      2.00      0.00  -9999.00
     1   2005    199   19600.0      14.9      18.9      1.69      2.00      0.10  -9999.00
     1   2005    200   10700.0      11.8      16.6      1.38      2.00     29.20  -9999.00
     1   2005    201   10400.0      15.4      17.0      1.75      2.00     19.30  -9999.00
     1   2005    202    4500.0       9.7      17.3      1.20      2.00     32.60  -9999.00
     1   2005    203   16600.0      10.1      18.9      1.24      2.00      4.80  -9999.00
     1   2005    204   19500.0      12.2      17.8      1.42      2.00      5.50  -9999.00
     1   2005    205   20800.0      18.1      26.0      2.08      2.00      0.00  -9999.00
     1   2005    206   18400.0      16.7      17.1      1.90      2.00      0.00  -9999.00
     1   2005    207   18900.0      12.6      27.9      1.46      2.00      0.00  -9999.00
     1   2005    208   12100.0      10.0      18.2      1.23      2.00      0.00  -9999.00
     1   2005    209   11700.0      15.6      18.4      1.77      2.00     14.70  -9999.00
     1   2005    210   21900.0      11.9      26.2      1.39      2.00      0.00  -9999.00
     1   2005    211   11300.0      14.3      23.7      1.63      2.00      0.10  -9999.00
     1   2005    212   17100.0      10.6      16.6      1.28      2.00      0.00  -9999.00
     1   2005    213   18300.0      12.2      25.8      1.42      2.00      0.00  -9999.00
     1   2005    214   24500.0      12.4      23.8      1.44      2.00      0.00  -9999.00
     1   2005    215   23200.0      12.3      19.6      1.43      2.00      0.00  -9999.00
     1   2005    216   22100.0      11.2      25.1      1.33      2.00      0.00  -9999.00
     1   2005    217    8900.0      14.0      18.4      1.60      2.00     17.00  -9999.00
     1   2005    218    7300.0       9.7      18.9      1.20      2.00      0.10  -9999.00
     1   2005    219   15900.0      13.3      19.6      1.53      2.00      1.50  -9999.00
     1   2005    220   15000.0      11.0      18.9      1.31      2.00      0.60  -9999.00
     1   2005    221   12900.0      12.7      15.9      1.47      2.00      3.00  -9999.00
     1   2005    222   18000.0      12.2      17.0      1.42      2.00      3.10  -9999.00
     1   2005    223   22200.0      14.1      24.7      1.61      2.00      0.00  -9999.00
     1   2005    224   23000.0      13.3      20.6      1.53      2.00      5.30  -9999.00
     1   2005    225   15700.0      17.1      19.1      1.95      2.00      0.00  -9999.00
     1   2005    226    7900.0      13.7      17.5      1.57      2.00      0.00  -9999.00
     1   2005    227    9000.0      16.2      22.5      1.84      2.00      0.00  -9999.00
     1   2005    228   15000.0      14.6      19.1      1.66      2.00      0.00  -9999.00
     1   2005    229    6800.0      17.2      18.7      1.96      2.00     11.80  -9999.00
     1   2005    230    3500.0      10.2      17.0      1.24      2.00      4.80  -9999.00
     1   2005    231   11400.0      13.3      21.1      1.53      2.00     16.80  -9999.00
     1   2005    232   15000.0      15.5      16.6      1.76      2.00      0.00  -9999.00
     1   2005    233   16400.0       9.8      18.5      1.21      2.00      5.60  -9999.00
     1   2005    234   10800.0      13.5      17.9      1.55      2.00      1.40  -9999.00
     1   2005    235   15200.0      15.5      25.7      1.76      2.00      5.60  -9999.00
     1   2005    236   17700.0      11.6      20.4      1.37      2.00      1.60  -9999.00
     1   2005    237    8900.0      16.5      18.8      1.88      2.00      6.90  -9999.00
     1   2005    238   14200.0      15.0      22.4      1.70      2.00      0.00  -9999.00
     1   2005    239   14600.0      11.6      21.5      1.37      2.00      0.00  -9999.00
     1   2005    240   17700.0      12.8      22.8      1.48      2.00      0.00  -9999.00
     1   2005    241   11300.0      16.3      26.2      1.85      2.00      0.00  -9999.00
     1   2005    242   11000.0      14.9      19.5      1.69      2.00      2.10  -9999.00
     1   2005    243   13600.0      11.3      17.8      1.34      2.00      2.80  -9999.00
     1   2005    244   20000.0      16.8      17.6      1.91      2.00      9.30  -9999.00
     1   2005    245   14700.0      13.2      16.9      1.52      2.00      6.10  -9999.00
     1   2005    246   12800.0       4.4      20.0      0.84      2.00      0.00  -9999.00
     1   2005    247    8000.0      15.4      17.9      1.75      2.00      4.30  -9999.00
     1   2005    248   14300.0      12.2      23.1      1.42      2.00      0.00  -9999.00
     1   2005    249    7000.0      12.5      20.5      1.45      2.00      0.10  -9999.00
     1   2005    250   11500.0      12.0      18.8      1.40      2.00      0.10  -9999.00
     1   2005    251    9400.0      14.5      17.7      1.65      2.00      8.70  -9999.00
     1   2005    252    5400.0      13.1      21.5      1.51      2.00      0.10  -9999.00
     1   2005    253   15200.0       8.7      15.5      1.12      2.00      0.00  -9999.00
     1   2005    254   10300.0      11.4      18.4      1.35      2.00     10.60  -9999.00
     1   2005    255    7800.0       7.3      17.5      1.02      2.00      0.10  -9999.00
     1   2005    256   12700.0       8.6      19.3      1.12      2.00     31.80  -9999.00
     1   2005    257    9600.0      10.2      18.4      1.24      2.00      3.50  -9999.00
     1   2005    258   13700.0      15.3      17.5      1.74      2.00      0.10  -9999.00
     1   2005    259   13100.0      11.8      21.1      1.38      2.00      0.00  -9999.00
     1   2005    260   12300.0       7.9      19.8      1.07      2.00      0.00  -9999.00
     1   2005    261   12400.0       7.9      18.3      1.07      2.00      0.00  -9999.00
     1   2005    262   11500.0      10.0      18.2      1.23      2.00      0.00  -9999.00
     1   2005    263   10200.0      10.1      17.2      1.24      2.00      0.00  -9999.00
     1   2005    264    7600.0      12.2      16.2      1.42      2.00      0.00  -9999.00
     1   2005    265   10200.0      10.0      20.3      1.23      2.00      0.00  -9999.00
     1   2005    266    7100.0      13.6      15.2      1.56      2.00      0.00  -9999.00
     1   2005    267   14700.0      10.5      17.7      1.27      2.00      0.00  -9999.00
     1   2005    268    7500.0      13.4      17.6      1.54      2.00      0.00  -9999.00
     1   2005    269   13700.0       9.4      18.0      1.18      2.00      0.00  -9999.00
     1   2005    270    8300.0       6.3      16.4      0.95      2.00      0.70  -9999.00
     1   2005    271    7600.0      12.2      19.3      1.42      2.00      0.00  -9999.00
     1   2005    272   10200.0       7.1      21.5      1.01      2.00      0.00  -9999.00
     1   2005    273   12300.0      10.6      16.1      1.28      2.00      1.70  -9999.00
     1   2005    274    7100.0       9.6      16.7      1.20      2.00      0.00  -9999.00
     1   2005    275    4900.0      12.6      20.5      1.46      2.00      0.20  -9999.00
     1   2005    276    9600.0      12.6      15.0      1.46      2.00      3.00  -9999.00
     1   2005    277    8500.0       8.2      16.6      1.09      2.00      1.30  -9999.00
     1   2005    278    7500.0      11.9      12.9      1.39      2.00      0.00  -9999.00
     1   2005    279    9800.0       6.8      10.7      0.99      2.00      0.00  -9999.00
     1   2005    280    5900.0      11.3      16.5      1.34      2.00      0.00  -9999.00
     1   2005    281    9500.0      10.7      12.8      1.29      2.00      0.00  -9999.00
     1   2005    282   12400.0      10.2      18.4      1.24      2.00      0.00  -9999.00
     1   2005    283    6300.0       9.5      14.5      1.19      2.00     18.80  -9999.00
     1   2005    284    4600.0      12.7      15.4      1.47      2.00      5.20  -9999.00
     1   2005    285    6100.0      13.7      14.0      1.57      2.00      6.40  -9999.00
     1   2005    286    8700.0      12.9      15.5      1.49      2.00      4.70  -9999.00
     1   2005    287    4900.0      13.1      14.6      1.51      2.00      3.50  -9999.00
     1   2005    288    8500.0      10.9      11.4      1.30      2.00      0.00  -9999.00
     1   2005    289    5000.0      -0.1      16.7      0.61      2.00      0.00  -9999.00
     1   2005    290    9000.0      10.4      11.3      1.26      2.00      0.00  -9999.00
     1   2005    291    3600.0       9.6      15.8      1.20      2.00      0.10  -9999.00
     1   2005    292    8000.0       8.0      12.0      1.07      2.00      0.00  -9999.00
     1   2005    293    6600.0       6.1      17.3      0.94      2.00      0.00  -9999.00
     1   2005    294    7400.0       9.2      17.4      1.16      2.00      0.00  -9999.00
     1   2005    295    3400.0      10.8      16.6      1.29      2.00      0.90  -9999.00
     1   2005    296    3500.0      11.5      15.8      1.36      2.00      0.10  -9999.00
     1   2005    297    2700.0       6.3       9.8      0.95      2.00      8.90  -9999.00
     1   2005    298    4400.0       3.7      13.7      0.80      2.00      0.00  -9999.00
     1   2005    299    3500.0       5.1      14.1      0.88      2.00      0.00  -9999.00
     1   2005    300    4300.0       8.3      13.6      1.09      2.00      0.80  -9999.00
     1   2005    301    7500.0       0.6      11.3      0.64      2.00      0.00  -9999.00
     1   2005    302    7700.0       5.2       8.1      0.88      2.00      0.00  -9999.00
     1   2005    303    1300.0       6.1      16.2      0.94      2.00      1.00  -9999.00
     1   2005    304    2700.0       9.3      11.9      1.17      2.00      5.80  -9999.00
     1   2005    305    3800.0      11.3      13.3      1.34      2.00      3.00  -9999.00
     1   2005    306    3000.0       5.6      12.9      0.91      2.00      3.10  -9999.00
     1   2005    307    6200.0       6.9       9.7      0.99      2.00      0.90  -9999.00
     1   2005    308    7800.0       9.6       9.9      1.20      2.00      0.00  -9999.00
     1   2005    309    5500.0       5.2      13.1      0.88      2.00      0.00  -9999.00
     1   2005    310    5100.0       6.3      10.7      0.95      2.00     16.50  -9999.00
     1   2005    311    2800.0       4.9       9.4      0.87      2.00      0.60  -9999.00
     1   2005    312    3200.0       4.9      10.5      0.87      2.00      0.40  -9999.00
     1   2005    313    4900.0      10.0      12.0      1.23      2.00      0.00  -9999.00
     1   2005    314    4700.0       2.9      15.4      0.75      2.00      8.10  -9999.00
     1   2005    315    1600.0      10.0      12.3      1.23      2.00      0.50  -9999.00
     1   2005    316    2500.0       7.3      11.9      1.02      2.00      0.30  -9999.00
     1   2005    317    6100.0       8.8      14.9      1.13      2.00      0.00  -9999.00
     1   2005    318    5600.0       5.1       7.1      0.88      2.00      0.00  -9999.00
     1   2005    319    1300.0       0.0       7.1      0.61      2.00     10.40  -9999.00
     1   2005    320    5900.0       7.1      14.2      1.01      2.00      1.00  -9999.00
     1   2005    321    2000.0       6.6      13.1      0.97      2.00      1.10  -9999.00
     1   2005    322    3600.0       8.1      10.1      1.08      2.00      0.50  -9999.00
     1   2005    323    3000.0      -4.4       8.3      0.44      2.00      0.50  -9999.00
     1   2005    324    3800.0      11.2      13.8      1.33      2.00      4.50  -9999.00
     1   2005    325    4300.0       5.3      12.5      0.89      2.00      2.40  -9999.00
     1   2005    326    5700.0       7.8      12.7      1.06      2.00      2.90  -9999.00
     1   2005    327    3500.0       7.7      11.4      1.05      2.00      2.10  -9999.00
     1   2005    328    2200.0       7.5      10.1      1.04      2.00     20.00  -9999.00
     1   2005    329    4800.0       5.9       7.9      0.93      2.00      0.00  -9999.00
     1   2005    330    4500.0      -0.2       7.7      0.60      2.00      0.00  -9999.00
     1   2005    331    3400.0       4.8       6.8      0.86      2.00      9.50  -9999.00
     1   2005    332    1200.0       9.0      12.1      1.15      2.00      3.70  -9999.00
     1   2005    333     800.0       2.9       7.6      0.75      2.00      0.20  -9999.00
     1   2005    334    2000.0       3.0       5.3      0.76      2.00     20.50  -9999.00
     1   2005    335    2500.0       8.0       9.1      1.07      2.00      8.70  -9999.00
     1   2005    336    2600.0       8.4      10.6      1.10      2.00      0.10  -9999.00
     1   2005    337    1800.0       6.9      10.9      0.99      2.00      1.00  -9999.00
     1   2005    338    1200.0       9.1      11.6      1.16      2.00      0.00  -9999.00
     1   2005    339    2100.0       1.3       8.1      0.67      2.00     11.40  -9999.00
     1   2005    340    2500.0       8.4       9.2      1.10      2.00      0.00  -9999.00
     1   2005    341    1400.0       5.7       8.7      0.92      2.00      4.10  -9999.00
     1   2005    342    1500.0       1.8      12.9      0.70      2.00      0.10  -9999.00
     1   2005    343    1400.0       0.0       4.1      0.61      2.00      0.40  -9999.00
     1   2005    344    1500.0       4.5      10.7      0.84      2.00      3.20  -9999.00
     1   2005    345    1500.0       6.2      11.2      0.95      2.00      0.00  -9999.00
     1   2005    346    3100.0       4.2       8.8      0.82      2.00      1.70  -9999.00
     1   2005    347    2900.0       6.1       8.4      0.94      2.00      0.00  -9999.00
     1   2005    348     900.0       5.3       6.2      0.89      2.00      0.30  -9999.00
     1   2005    349    3300.0       4.4       6.5      0.84      2.00      0.10  -9999.00
     1   2005    350    2300.0       4.4       6.4      0.84      2.00      4.00  -9999.00
     1   2005    351    2000.0       4.2       8.1      0.82      2.00      1.10  -9999.00
     1   2005    352     700.0       2.8       6.7      0.75      2.00      0.00  -9999.00
     1   2005    353    1500.0       2.0       6.3      0.71      2.00      3.70  -9999.00
     1   2005    354    2000.0       9.1       9.5      1.16      2.00     26.10  -9999.00
     1   2005    355    1900.0       0.8       2.8      0.65      2.00      0.00  -9999.00
     1   2005    356    2200.0       4.9      10.1      0.87      2.00      0.10  -9999.00
     1   2005    357    2800.0       3.2       4.2      0.77      2.00      0.00  -9999.00
     1   2005    358    4000.0      -2.4       8.3      0.51      2.00      0.00  -9999.00
     1   2005    359    3500.0       1.9       3.5      0.70      2.00      0.00  -9999.00
     1   2005    360    2500.0      -1.2       3.3      0.56      2.00      0.00  -9999.00
     1   2005    361    1000.0       7.0       7.1      1.00      2.00      3.10  -9999.00
     1   2005    362    2100.0      -2.1       6.7      0.52      2.00      0.00  -9999.00
     1   2005    363    1400.0       6.7      12.6      0.98      2.00      0.60  -9999.00
     1   2005    364    3100.0       2.6       5.1      0.74      2.00      0.00  -9999.00
     1   2005    365    1500.0       3.1      12.1      0.76      2.00      0.40  -9999.00
