*-----------------------------------------------------------------------------* 
           CNWG_188.met           51.48   -3.55   69.72
* Date created:  08-Aug-2019     Author: K Coleman 
* 
* NIL VALUE       -9999 
* Source:   data provided by M. Semenov 
*  
* Latitude:    51.48 Longitude:    -3.55 Altitude:    69.72
* 
* Column  Daily value 
* 1       station number 
* 2       year 
* 3       day 
* 4       irradiation                   (kJ m-2 d-1) 
* 5       minimum temperature           (degrees Celsius) 
* 6       maximum temperature           (degrees Celsius) 
* 7       early morning vapour pressure (kPa)             
* 8       mean wind speed (height: 2 m?) (m s-1)          
* 9       precipitation                 (mm d-1)          
* 10      sunshine                      (hrs)             
 		Jday	RAD	    TMIN	TMAX	 VAP	wind	RAIN	SUN  
               kj/m2	°C	    °C	     kPa	m/s	    mm	    hrs 
   51.48  69.72
     1   2005      1    2100.0       0.0       8.3      0.61      2.00     21.00  -9999.00
     1   2005      2    1600.0       3.9      10.6      0.81      2.00      3.20  -9999.00
     1   2005      3    2300.0       2.6      11.7      0.74      2.00      0.30  -9999.00
     1   2005      4    1700.0       0.4      11.4      0.63      2.00      2.50  -9999.00
     1   2005      5    2700.0       1.9       7.8      0.70      2.00     12.40  -9999.00
     1   2005      6    2500.0       6.3       8.3      0.95      2.00      0.40  -9999.00
     1   2005      7    3400.0       1.7       6.3      0.69      2.00      0.00  -9999.00
     1   2005      8    3100.0       1.9      11.2      0.70      2.00      0.10  -9999.00
     1   2005      9    3400.0       6.3       8.3      0.95      2.00     11.50  -9999.00
     1   2005     10    2000.0       5.7       9.0      0.92      2.00      0.60  -9999.00
     1   2005     11    1000.0       3.8       5.8      0.80      2.00      0.00  -9999.00
     1   2005     12    2700.0      -0.3       8.0      0.60      2.00      5.10  -9999.00
     1   2005     13    3200.0       3.8       5.8      0.80      2.00      2.50  -9999.00
     1   2005     14    2200.0       1.4       8.7      0.68      2.00      2.10  -9999.00
     1   2005     15    2400.0       8.9      10.9      1.14      2.00      0.40  -9999.00
     1   2005     16    1800.0       6.9       9.9      0.99      2.00      0.20  -9999.00
     1   2005     17    1700.0       6.1       9.7      0.94      2.00      3.20  -9999.00
     1   2005     18    2400.0       4.8      11.6      0.86      2.00      6.90  -9999.00
     1   2005     19    2400.0       5.7       8.3      0.92      2.00     11.60  -9999.00
     1   2005     20    3500.0       2.5       4.2      0.73      2.00      0.20  -9999.00
     1   2005     21    3500.0       4.2      10.9      0.82      2.00      2.30  -9999.00
     1   2005     22    2100.0       7.5       9.5      1.04      2.00      2.10  -9999.00
     1   2005     23    2300.0       0.8       8.8      0.65      2.00      3.00  -9999.00
     1   2005     24    2900.0      -6.2      12.3      0.38      2.00     14.80  -9999.00
     1   2005     25    2000.0       5.7       7.7      0.92      2.00      0.50  -9999.00
     1   2005     26    5000.0       6.3      10.1      0.95      2.00      4.80  -9999.00
     1   2005     27    1600.0       4.9      11.1      0.87      2.00      1.60  -9999.00
     1   2005     28    3600.0       9.2       9.4      1.16      2.00      2.70  -9999.00
     1   2005     29    4200.0       6.2       8.2      0.95      2.00      9.40  -9999.00
     1   2005     30    2500.0       9.1      12.5      1.16      2.00      0.30  -9999.00
     1   2005     31    3000.0      10.1      10.6      1.24      2.00      0.10  -9999.00
     1   2005     32    5300.0       4.0       7.5      0.81      2.00      2.20  -9999.00
     1   2005     33    2100.0       3.8      11.0      0.80      2.00      5.60  -9999.00
     1   2005     34    3000.0       5.9      10.6      0.93      2.00      3.10  -9999.00
     1   2005     35    3700.0      -3.7       9.4      0.46      2.00      0.00  -9999.00
     1   2005     36    5100.0      -1.8       1.0      0.54      2.00      0.00  -9999.00
     1   2005     37    4900.0       6.1       8.1      0.94      2.00      0.00  -9999.00
     1   2005     38    5200.0       4.4       8.4      0.84      2.00      0.40  -9999.00
     1   2005     39    4800.0       6.8      11.4      0.99      2.00     17.70  -9999.00
     1   2005     40    2700.0       6.0       8.0      0.93      2.00      0.50  -9999.00
     1   2005     41    3200.0      -2.2       3.1      0.52      2.00      0.00  -9999.00
     1   2005     42    7300.0       3.0       5.0      0.76      2.00      0.00  -9999.00
     1   2005     43    3800.0       8.1       9.7      1.08      2.00      0.00  -9999.00
     1   2005     44    7100.0      -1.5       9.4      0.55      2.00      0.00  -9999.00
     1   2005     45    6700.0       4.4       9.4      0.84      2.00      0.00  -9999.00
     1   2005     46    3400.0       0.8       7.2      0.65      2.00      0.20  -9999.00
     1   2005     47    7100.0       4.3       6.3      0.83      2.00      0.80  -9999.00
     1   2005     48    4500.0       3.2      11.2      0.77      2.00      0.00  -9999.00
     1   2005     49    2900.0       5.5       8.8      0.90      2.00      7.10  -9999.00
     1   2005     50    2700.0      -1.8       9.2      0.54      2.00      0.00  -9999.00
     1   2005     51    8100.0      -2.6       8.3      0.50      2.00      0.00  -9999.00
     1   2005     52    7500.0       1.4      10.4      0.68      2.00      0.00  -9999.00
     1   2005     53    6200.0      -2.7       6.4      0.50      2.00      3.90  -9999.00
     1   2005     54    5800.0       1.8       9.7      0.70      2.00      3.50  -9999.00
     1   2005     55    3500.0      -1.9      11.9      0.53      2.00      5.20  -9999.00
     1   2005     56    8400.0       5.0       7.4      0.87      2.00      5.20  -9999.00
     1   2005     57    4100.0      -0.9       8.8      0.57      2.00     20.90  -9999.00
     1   2005     58    8700.0       6.3      11.4      0.95      2.00      6.20  -9999.00
     1   2005     59    6500.0       2.7       7.3      0.74      2.00      5.00  -9999.00
     1   2005     60    3900.0       5.3       6.2      0.89      2.00      0.70  -9999.00
     1   2005     61    4000.0      -4.3       9.6      0.44      2.00      9.10  -9999.00
     1   2005     62    4300.0       8.7      10.7      1.12      2.00      0.30  -9999.00
     1   2005     63    8100.0       0.7      11.1      0.64      2.00      0.00  -9999.00
     1   2005     64    3400.0       3.5       9.8      0.78      2.00      3.00  -9999.00
     1   2005     65    9400.0       0.9      13.7      0.65      2.00      0.00  -9999.00
     1   2005     66    6900.0       5.7       8.6      0.92      2.00      8.70  -9999.00
     1   2005     67   12700.0       3.4      10.7      0.78      2.00      0.00  -9999.00
     1   2005     68   10300.0       4.1      10.7      0.82      2.00      0.00  -9999.00
     1   2005     69   11500.0       1.8       5.8      0.70      2.00      0.00  -9999.00
     1   2005     70   13400.0      -2.9       7.9      0.49      2.00      0.00  -9999.00
     1   2005     71   13700.0       6.1      12.4      0.94      2.00      0.00  -9999.00
     1   2005     72   10200.0       7.2      10.1      1.02      2.00      8.70  -9999.00
     1   2005     73    4500.0       6.8      11.5      0.99      2.00      7.50  -9999.00
     1   2005     74   13500.0       0.5       8.1      0.63      2.00      0.00  -9999.00
     1   2005     75    6000.0       2.6       6.9      0.74      2.00      1.00  -9999.00
     1   2005     76   13400.0       0.4       8.7      0.63      2.00      0.00  -9999.00
     1   2005     77   13300.0       0.9      12.2      0.65      2.00      0.00  -9999.00
     1   2005     78    7800.0       5.1       7.1      0.88      2.00      0.00  -9999.00
     1   2005     79   13000.0      -0.2       7.4      0.60      2.00      0.00  -9999.00
     1   2005     80    9100.0       1.5      18.9      0.68      2.00      0.00  -9999.00
     1   2005     81    8000.0      -0.1       4.6      0.61      2.00      0.00  -9999.00
     1   2005     82    5800.0       8.9      11.9      1.14      2.00      1.90  -9999.00
     1   2005     83    5000.0      -2.1      10.2      0.52      2.00      0.00  -9999.00
     1   2005     84   10800.0       5.7      10.6      0.92      2.00      0.00  -9999.00
     1   2005     85   13500.0       3.6      12.0      0.79      2.00      0.00  -9999.00
     1   2005     86    8500.0       2.3      10.1      0.72      2.00      0.80  -9999.00
     1   2005     87   12700.0       2.7      10.2      0.74      2.00      0.20  -9999.00
     1   2005     88   15900.0       4.9      11.0      0.87      2.00      0.00  -9999.00
     1   2005     89   18200.0       8.7      12.1      1.12      2.00      0.00  -9999.00
     1   2005     90   14700.0       8.7      12.7      1.12      2.00      0.00  -9999.00
     1   2005     91    9200.0       7.3      12.8      1.02      2.00      5.70  -9999.00
     1   2005     92   16900.0       5.2       9.6      0.88      2.00      0.40  -9999.00
     1   2005     93    6100.0       3.8      10.6      0.80      2.00      2.20  -9999.00
     1   2005     94   18700.0       5.7      10.4      0.92      2.00      0.00  -9999.00
     1   2005     95   11000.0       4.2       9.6      0.82      2.00      1.70  -9999.00
     1   2005     96    5100.0       7.2      11.2      1.02      2.00      0.50  -9999.00
     1   2005     97    8300.0       7.7      10.4      1.05      2.00      0.40  -9999.00
     1   2005     98   12300.0       1.3      12.1      0.67      2.00      1.20  -9999.00
     1   2005     99   12900.0       0.5       8.2      0.63      2.00      0.30  -9999.00
     1   2005    100   15100.0       7.6       8.3      1.04      2.00      2.10  -9999.00
     1   2005    101    9000.0       4.2       7.9      0.82      2.00      0.60  -9999.00
     1   2005    102   10800.0       6.7      12.5      0.98      2.00      3.10  -9999.00
     1   2005    103   11700.0       4.0       8.4      0.81      2.00      0.30  -9999.00
     1   2005    104    6900.0       9.0      13.5      1.15      2.00      1.10  -9999.00
     1   2005    105    6400.0       4.1      11.2      0.82      2.00      0.50  -9999.00
     1   2005    106    6700.0       0.0      11.0      0.61      2.00      0.50  -9999.00
     1   2005    107   20800.0       3.6      13.1      0.79      2.00      0.00  -9999.00
     1   2005    108    6000.0       6.9      14.5      0.99      2.00     12.00  -9999.00
     1   2005    109    7000.0       2.8       9.9      0.75      2.00      1.10  -9999.00
     1   2005    110    9100.0       6.6      11.3      0.97      2.00      4.10  -9999.00
     1   2005    111   11900.0       5.7      19.0      0.92      2.00      0.00  -9999.00
     1   2005    112   12000.0       2.8      13.5      0.75      2.00      0.00  -9999.00
     1   2005    113   19100.0       5.8      18.5      0.92      2.00      0.00  -9999.00
     1   2005    114   17200.0       2.5       8.9      0.73      2.00      0.00  -9999.00
     1   2005    115   17900.0       1.0      12.7      0.66      2.00      0.00  -9999.00
     1   2005    116   12000.0       2.1      11.5      0.71      2.00      0.00  -9999.00
     1   2005    117   13000.0      -1.0      17.4      0.57      2.00      0.00  -9999.00
     1   2005    118   16000.0       8.6       9.5      1.12      2.00      0.00  -9999.00
     1   2005    119   21400.0       5.5      14.5      0.90      2.00      0.00  -9999.00
     1   2005    120   22600.0       3.5      19.3      0.78      2.00      0.00  -9999.00
     1   2005    121   18400.0       2.4      12.3      0.73      2.00      0.20  -9999.00
     1   2005    122   13600.0       9.6      11.6      1.20      2.00      0.50  -9999.00
     1   2005    123   16800.0       3.4       9.2      0.78      2.00      0.90  -9999.00
     1   2005    124    7900.0      11.7      12.7      1.37      2.00      0.30  -9999.00
     1   2005    125   21300.0       7.0      18.8      1.00      2.00      0.00  -9999.00
     1   2005    126   13200.0       9.7      12.5      1.20      2.00      0.70  -9999.00
     1   2005    127   12700.0       6.3      11.8      0.95      2.00      1.60  -9999.00
     1   2005    128   20300.0      10.7      13.6      1.29      2.00      0.00  -9999.00
     1   2005    129   18000.0       9.2      22.4      1.16      2.00      0.00  -9999.00
     1   2005    130   19800.0       6.9      13.8      0.99      2.00      0.00  -9999.00
     1   2005    131   18700.0       9.9      11.3      1.22      2.00      0.00  -9999.00
     1   2005    132   21200.0       5.1      22.1      0.88      2.00      0.00  -9999.00
     1   2005    133    8800.0       4.6      18.4      0.85      2.00      0.00  -9999.00
     1   2005    134   12500.0      10.5      14.9      1.27      2.00      6.00  -9999.00
     1   2005    135   12300.0       5.5      22.0      0.90      2.00      0.00  -9999.00
     1   2005    136   22500.0       9.8      10.2      1.21      2.00      0.00  -9999.00
     1   2005    137   12900.0       5.4      18.4      0.90      2.00      0.00  -9999.00
     1   2005    138   17200.0      12.1      13.3      1.41      2.00      3.80  -9999.00
     1   2005    139   20200.0       8.0      17.6      1.07      2.00      0.00  -9999.00
     1   2005    140   25500.0       3.9      21.0      0.81      2.00      0.00  -9999.00
     1   2005    141   11000.0       5.1      15.8      0.88      2.00      0.00  -9999.00
     1   2005    142   17700.0       6.3      21.4      0.95      2.00      0.00  -9999.00
     1   2005    143   13400.0      10.8      13.3      1.29      2.00      5.70  -9999.00
     1   2005    144    9200.0       5.5      12.8      0.90      2.00      0.70  -9999.00
     1   2005    145   23500.0      10.1      21.2      1.24      2.00      0.00  -9999.00
     1   2005    146   17700.0       7.4      12.1      1.03      2.00      0.00  -9999.00
     1   2005    147    9900.0       9.2      12.5      1.16      2.00      4.00  -9999.00
     1   2005    148   10900.0      11.1      15.4      1.32      2.00      0.10  -9999.00
     1   2005    149    9700.0      10.5      14.2      1.27      2.00      0.10  -9999.00
     1   2005    150    8300.0       7.4      15.7      1.03      2.00      4.90  -9999.00
     1   2005    151   20600.0       9.8      18.5      1.21      2.00      0.00  -9999.00
     1   2005    152   17900.0      10.7      14.3      1.29      2.00      0.10  -9999.00
     1   2005    153   22900.0       5.6      19.8      0.91      2.00      0.00  -9999.00
     1   2005    154    9100.0      10.0      12.9      1.23      2.00     10.80  -9999.00
     1   2005    155   11700.0      10.5      13.9      1.27      2.00      3.30  -9999.00
     1   2005    156   20700.0       9.8      11.5      1.21      2.00      2.80  -9999.00
     1   2005    157   14200.0       6.5      15.3      0.97      2.00     11.00  -9999.00
     1   2005    158    9500.0      11.4      12.7      1.35      2.00      4.30  -9999.00
     1   2005    159   18400.0      10.0      15.6      1.23      2.00      0.00  -9999.00
     1   2005    160   26600.0      10.7      23.4      1.29      2.00      6.60  -9999.00
     1   2005    161   13800.0      10.6      14.4      1.28      2.00      4.10  -9999.00
     1   2005    162    9100.0      13.4      19.6      1.54      2.00      0.80  -9999.00
     1   2005    163   10100.0       7.8      18.1      1.06      2.00      3.10  -9999.00
     1   2005    164   14900.0      10.2      24.2      1.24      2.00      0.80  -9999.00
     1   2005    165   21200.0      11.3      22.5      1.34      2.00     14.10  -9999.00
     1   2005    166   17900.0      11.4      17.5      1.35      2.00      2.90  -9999.00
     1   2005    167   20800.0       6.7      16.6      0.98      2.00      2.70  -9999.00
     1   2005    168   14900.0       6.3      14.8      0.95      2.00     19.70  -9999.00
     1   2005    169   12600.0       9.6      25.8      1.20      2.00     11.70  -9999.00
     1   2005    170   21600.0       8.7      17.2      1.12      2.00      0.00  -9999.00
     1   2005    171   20500.0      12.3      16.5      1.43      2.00      0.00  -9999.00
     1   2005    172   20700.0      11.5      18.8      1.36      2.00      3.90  -9999.00
     1   2005    173   10500.0      10.4      18.2      1.26      2.00      0.00  -9999.00
     1   2005    174   18600.0      11.8      26.2      1.38      2.00      0.00  -9999.00
     1   2005    175    8100.0      11.9      21.7      1.39      2.00      1.10  -9999.00
     1   2005    176   28700.0      11.6      19.1      1.37      2.00      0.00  -9999.00
     1   2005    177    9900.0      13.4      15.0      1.54      2.00      0.10  -9999.00
     1   2005    178   23800.0      11.5      22.9      1.36      2.00      0.00  -9999.00
     1   2005    179   16700.0      11.5      15.2      1.36      2.00      6.30  -9999.00
     1   2005    180   22400.0      12.6      18.1      1.46      2.00      0.00  -9999.00
     1   2005    181   26200.0      12.2      19.6      1.42      2.00      0.00  -9999.00
     1   2005    182   16700.0      12.0      19.3      1.40      2.00      0.20  -9999.00
     1   2005    183    4400.0      12.2      19.8      1.42      2.00      3.90  -9999.00
     1   2005    184   21000.0      11.2      21.9      1.33      2.00      0.00  -9999.00
     1   2005    185   12500.0       5.4      17.1      0.90      2.00     26.10  -9999.00
     1   2005    186   14100.0      12.1      18.2      1.41      2.00      1.60  -9999.00
     1   2005    187   20400.0      13.0      18.1      1.50      2.00      0.00  -9999.00
     1   2005    188   27900.0      15.3      18.1      1.74      2.00      0.80  -9999.00
     1   2005    189   29200.0       8.2      20.4      1.09      2.00      0.00  -9999.00
     1   2005    190   20300.0      10.8      24.7      1.29      2.00      0.00  -9999.00
     1   2005    191   10800.0      16.4      23.0      1.86      2.00      0.90  -9999.00
     1   2005    192   12400.0      12.4      16.7      1.44      2.00      2.80  -9999.00
     1   2005    193   16600.0       9.3      20.9      1.17      2.00      0.00  -9999.00
     1   2005    194   19500.0      11.0      18.3      1.31      2.00      0.60  -9999.00
     1   2005    195   22000.0      15.7      22.9      1.78      2.00      0.10  -9999.00
     1   2005    196   18400.0      16.1      20.8      1.83      2.00      0.00  -9999.00
     1   2005    197   23900.0      16.7      16.9      1.90      2.00      0.00  -9999.00
     1   2005    198   13900.0      15.3      29.5      1.74      2.00      0.00  -9999.00
     1   2005    199   24200.0      12.1      27.6      1.41      2.00      0.00  -9999.00
     1   2005    200   23200.0      14.8      25.5      1.68      2.00      0.00  -9999.00
     1   2005    201   28100.0      17.2      23.8      1.96      2.00      0.00  -9999.00
     1   2005    202   22500.0      12.4      23.2      1.44      2.00      0.00  -9999.00
     1   2005    203   22500.0      10.9      17.0      1.30      2.00      0.00  -9999.00
     1   2005    204   23700.0      13.9      24.9      1.59      2.00      0.00  -9999.00
     1   2005    205   23900.0      12.2      18.1      1.42      2.00      0.00  -9999.00
     1   2005    206   18500.0      14.6      19.2      1.66      2.00      0.00  -9999.00
     1   2005    207   15600.0       9.2      20.5      1.16      2.00      0.00  -9999.00
     1   2005    208   15700.0      10.7      22.2      1.29      2.00      0.00  -9999.00
     1   2005    209   23600.0      15.2      21.7      1.73      2.00      0.00  -9999.00
     1   2005    210   10300.0      14.3      17.3      1.63      2.00      1.40  -9999.00
     1   2005    211   13700.0      13.8      17.8      1.58      2.00      0.10  -9999.00
     1   2005    212   11300.0       8.9      20.6      1.14      2.00      0.00  -9999.00
     1   2005    213    4000.0      12.0      18.1      1.40      2.00      0.80  -9999.00
     1   2005    214   14000.0      15.0      23.0      1.70      2.00      0.10  -9999.00
     1   2005    215   12600.0       7.8      22.7      1.06      2.00      4.20  -9999.00
     1   2005    216   22500.0      12.2      21.3      1.42      2.00      0.00  -9999.00
     1   2005    217   20000.0      14.5      21.6      1.65      2.00      0.00  -9999.00
     1   2005    218   14900.0      10.7      19.4      1.29      2.00      0.20  -9999.00
     1   2005    219   12500.0      12.6      25.7      1.46      2.00      2.70  -9999.00
     1   2005    220   24500.0      16.0      21.9      1.82      2.00      0.00  -9999.00
     1   2005    221   13400.0      13.9      19.4      1.59      2.00      0.80  -9999.00
     1   2005    222   20100.0      13.1      20.3      1.51      2.00      0.00  -9999.00
     1   2005    223   13300.0      10.4      20.6      1.26      2.00      0.80  -9999.00
     1   2005    224    6800.0      14.1      16.1      1.61      2.00      0.50  -9999.00
     1   2005    225   18700.0      13.2      18.6      1.52      2.00      2.50  -9999.00
     1   2005    226    4900.0      11.3      18.2      1.34      2.00      7.50  -9999.00
     1   2005    227   13200.0      10.6      16.9      1.28      2.00      9.10  -9999.00
     1   2005    228    9000.0      13.2      16.0      1.52      2.00      1.20  -9999.00
     1   2005    229   20800.0      10.5      20.4      1.27      2.00      0.00  -9999.00
     1   2005    230   18400.0      12.3      15.5      1.43      2.00      0.00  -9999.00
     1   2005    231   22300.0      14.0      28.7      1.60      2.00      0.00  -9999.00
     1   2005    232   20200.0      12.9      18.9      1.49      2.00      0.00  -9999.00
     1   2005    233   20900.0       7.2      20.0      1.02      2.00      0.00  -9999.00
     1   2005    234    9100.0      15.8      17.6      1.79      2.00      1.90  -9999.00
     1   2005    235   10400.0      14.5      21.5      1.65      2.00      1.70  -9999.00
     1   2005    236   19700.0      13.0      18.9      1.50      2.00      0.00  -9999.00
     1   2005    237   12400.0      11.5      21.6      1.36      2.00      0.00  -9999.00
     1   2005    238   22300.0      10.8      21.0      1.29      2.00      0.00  -9999.00
     1   2005    239   16000.0       7.1      18.4      1.01      2.00      0.00  -9999.00
     1   2005    240   17200.0      10.8      26.6      1.29      2.00      0.00  -9999.00
     1   2005    241   13000.0      12.4      17.9      1.44      2.00      2.10  -9999.00
     1   2005    242    7400.0      12.4      20.3      1.44      2.00      5.30  -9999.00
     1   2005    243   13800.0      12.1      17.5      1.41      2.00      3.90  -9999.00
     1   2005    244   16200.0      11.7      21.2      1.37      2.00      0.00  -9999.00
     1   2005    245    6700.0      13.5      17.0      1.55      2.00     16.60  -9999.00
     1   2005    246    6500.0      10.9      20.0      1.30      2.00      9.70  -9999.00
     1   2005    247   13700.0      11.3      20.2      1.34      2.00      5.80  -9999.00
     1   2005    248    5600.0      12.6      15.3      1.46      2.00      3.20  -9999.00
     1   2005    249   11200.0      11.1      19.6      1.32      2.00      0.00  -9999.00
     1   2005    250    7400.0      11.8      22.6      1.38      2.00      0.00  -9999.00
     1   2005    251   13900.0      14.2      17.1      1.62      2.00      0.00  -9999.00
     1   2005    252   15300.0      12.3      21.1      1.43      2.00      0.00  -9999.00
     1   2005    253   12600.0      12.2      20.7      1.42      2.00      0.00  -9999.00
     1   2005    254   17500.0       8.8      16.8      1.13      2.00      0.00  -9999.00
     1   2005    255   18000.0       8.4      18.1      1.10      2.00      0.00  -9999.00
     1   2005    256    9600.0      13.4      18.4      1.54      2.00      0.00  -9999.00
     1   2005    257   11500.0      10.4      16.2      1.26      2.00      0.00  -9999.00
     1   2005    258    9400.0      11.9      21.0      1.39      2.00      0.00  -9999.00
     1   2005    259   16700.0       9.6      17.7      1.20      2.00      0.00  -9999.00
     1   2005    260   11900.0       9.9      21.2      1.22      2.00      0.00  -9999.00
     1   2005    261   13600.0       3.5      17.8      0.78      2.00      0.00  -9999.00
     1   2005    262   16800.0       7.3      13.3      1.02      2.00      0.00  -9999.00
     1   2005    263    9400.0      11.1      16.3      1.32      2.00      0.00  -9999.00
     1   2005    264   10700.0       7.7      21.7      1.05      2.00      0.00  -9999.00
     1   2005    265    8100.0       7.5      17.9      1.04      2.00      0.00  -9999.00
     1   2005    266    8100.0      12.4      16.3      1.44      2.00      1.80  -9999.00
     1   2005    267    9700.0       3.6      15.8      0.79      2.00     11.40  -9999.00
     1   2005    268    9800.0      10.3      20.4      1.25      2.00     18.60  -9999.00
     1   2005    269   10200.0      10.2      18.9      1.24      2.00      0.00  -9999.00
     1   2005    270   10600.0      10.6      16.2      1.28      2.00      0.00  -9999.00
     1   2005    271    9300.0       9.8      17.2      1.21      2.00      0.00  -9999.00
     1   2005    272   11200.0      13.3      17.0      1.53      2.00      0.10  -9999.00
     1   2005    273    8500.0       7.5      18.4      1.04      2.00      0.10  -9999.00
     1   2005    274   13400.0       8.6      16.4      1.12      2.00      0.00  -9999.00
     1   2005    275    6400.0       2.6      17.8      0.74      2.00      0.20  -9999.00
     1   2005    276    4600.0       5.7      15.8      0.92      2.00      0.10  -9999.00
     1   2005    277    7600.0      10.7      16.4      1.29      2.00      1.50  -9999.00
     1   2005    278    5300.0      10.1      15.7      1.24      2.00     37.80  -9999.00
     1   2005    279   12500.0       6.4      12.7      0.96      2.00      3.90  -9999.00
     1   2005    280    1900.0       9.4      15.8      1.18      2.00      5.20  -9999.00
     1   2005    281    4100.0       4.2      16.3      0.82      2.00      0.10  -9999.00
     1   2005    282    6600.0       4.9      18.8      0.87      2.00      0.80  -9999.00
     1   2005    283    9800.0       5.8      15.3      0.92      2.00     16.50  -9999.00
     1   2005    284    4400.0       8.4      14.1      1.10      2.00      2.10  -9999.00
     1   2005    285    4100.0      10.9      14.1      1.30      2.00      0.40  -9999.00
     1   2005    286    7000.0      11.3      15.1      1.34      2.00     27.90  -9999.00
     1   2005    287    5700.0      14.0      16.0      1.60      2.00      0.60  -9999.00
     1   2005    288    3500.0      10.3      15.3      1.25      2.00      0.00  -9999.00
     1   2005    289   10400.0      11.9      12.7      1.39      2.00      0.00  -9999.00
     1   2005    290    4000.0       6.4      11.5      0.96      2.00      4.70  -9999.00
     1   2005    291    2400.0      12.6      14.6      1.46      2.00     47.80  -9999.00
     1   2005    292    4900.0       7.3      17.0      1.02      2.00      0.00  -9999.00
     1   2005    293    8800.0       7.1      14.1      1.01      2.00      0.00  -9999.00
     1   2005    294    6600.0       5.0      17.0      0.87      2.00      0.00  -9999.00
     1   2005    295    4100.0       6.2      15.7      0.95      2.00      0.50  -9999.00
     1   2005    296    3200.0      11.9      13.9      1.39      2.00      5.10  -9999.00
     1   2005    297    7500.0       4.8      13.7      0.86      2.00      0.00  -9999.00
     1   2005    298    3000.0      12.3      13.8      1.43      2.00      0.70  -9999.00
     1   2005    299    6500.0      10.4      11.4      1.26      2.00      0.10  -9999.00
     1   2005    300    2700.0       7.4      10.1      1.03      2.00      0.00  -9999.00
     1   2005    301    5800.0       4.6      11.5      0.85      2.00      0.00  -9999.00
     1   2005    302    4300.0       3.5      12.8      0.78      2.00      0.00  -9999.00
     1   2005    303    3600.0       8.6      10.8      1.12      2.00     11.50  -9999.00
     1   2005    304    6000.0      -1.8      13.9      0.54      2.00      0.00  -9999.00
     1   2005    305    5100.0       3.9      13.4      0.81      2.00     11.40  -9999.00
     1   2005    306    3500.0       6.8       8.0      0.99      2.00      0.00  -9999.00
     1   2005    307    4700.0       2.8      13.9      0.75      2.00      0.00  -9999.00
     1   2005    308    4200.0      12.2      13.2      1.42      2.00      1.60  -9999.00
     1   2005    309    5200.0       7.9      15.1      1.07      2.00     10.90  -9999.00
     1   2005    310    6500.0       8.8      11.0      1.13      2.00      0.00  -9999.00
     1   2005    311    2300.0      -1.9      10.7      0.53      2.00      0.00  -9999.00
     1   2005    312    4700.0       6.9       7.7      0.99      2.00      0.30  -9999.00
     1   2005    313    4800.0       7.7       9.9      1.05      2.00      0.50  -9999.00
     1   2005    314    4300.0      10.0      12.0      1.23      2.00      1.00  -9999.00
     1   2005    315    6000.0       6.7       8.7      0.98      2.00      0.20  -9999.00
     1   2005    316    2800.0      10.2      12.2      1.24      2.00      0.60  -9999.00
     1   2005    317    4200.0       6.6       8.3      0.97      2.00      0.00  -9999.00
     1   2005    318    6400.0       6.4      13.2      0.96      2.00     10.60  -9999.00
     1   2005    319    2000.0       4.7       6.7      0.85      2.00      4.00  -9999.00
     1   2005    320    3200.0      -4.2       8.2      0.45      2.00      0.00  -9999.00
     1   2005    321    2400.0       8.9      13.3      1.14      2.00      2.00  -9999.00
     1   2005    322    2200.0       2.4       8.5      0.73      2.00      0.00  -9999.00
     1   2005    323    4500.0       7.3      13.0      1.02      2.00      0.30  -9999.00
     1   2005    324    3100.0       3.8      11.5      0.80      2.00      0.30  -9999.00
     1   2005    325    2200.0       2.0      11.8      0.71      2.00      0.20  -9999.00
     1   2005    326    4000.0       7.7      10.9      1.05      2.00      7.40  -9999.00
     1   2005    327    5000.0      10.5      12.6      1.27      2.00      2.90  -9999.00
     1   2005    328    2300.0       4.3       6.9      0.83      2.00      0.00  -9999.00
     1   2005    329    3700.0      -0.6      11.6      0.58      2.00      2.70  -9999.00
     1   2005    330    4500.0       3.8      10.0      0.80      2.00      0.00  -9999.00
     1   2005    331    2600.0       5.1      12.3      0.88      2.00      6.20  -9999.00
     1   2005    332    4100.0       3.0       4.8      0.76      2.00      0.00  -9999.00
     1   2005    333    3800.0       1.2       3.2      0.67      2.00      0.00  -9999.00
     1   2005    334    1000.0      -2.9      11.1      0.49      2.00      0.00  -9999.00
     1   2005    335    2600.0       7.0      11.0      1.00      2.00      0.10  -9999.00
     1   2005    336     700.0      -2.0       4.3      0.53      2.00      5.60  -9999.00
     1   2005    337    1200.0       6.1       8.1      0.94      2.00      0.10  -9999.00
     1   2005    338    1400.0       5.9       9.7      0.93      2.00      4.10  -9999.00
     1   2005    339    2600.0       9.0      12.8      1.15      2.00      0.10  -9999.00
     1   2005    340    2800.0       9.9      12.9      1.22      2.00      1.30  -9999.00
     1   2005    341    1500.0       6.4       8.4      0.96      2.00      9.40  -9999.00
     1   2005    342    1500.0       2.8       9.1      0.75      2.00      2.00  -9999.00
     1   2005    343    1900.0       7.4      11.1      1.03      2.00      0.20  -9999.00
     1   2005    344    1400.0       9.9      11.9      1.22      2.00      3.30  -9999.00
     1   2005    345    1100.0       5.1      11.4      0.88      2.00     10.70  -9999.00
     1   2005    346    1600.0       4.1       9.3      0.82      2.00      1.40  -9999.00
     1   2005    347     900.0       3.1       3.3      0.76      2.00      0.00  -9999.00
     1   2005    348    1700.0       3.4      10.5      0.78      2.00      0.00  -9999.00
     1   2005    349    1400.0       1.9       3.9      0.70      2.00      0.00  -9999.00
     1   2005    350    1500.0       5.0       7.0      0.87      2.00      0.00  -9999.00
     1   2005    351    1900.0       8.2      10.6      1.09      2.00      0.00  -9999.00
     1   2005    352    4000.0       3.1       9.1      0.76      2.00      0.00  -9999.00
     1   2005    353    3600.0       5.1       7.1      0.88      2.00     11.20  -9999.00
     1   2005    354     700.0       2.3       4.3      0.72      2.00      0.00  -9999.00
     1   2005    355    1800.0       4.8       6.0      0.86      2.00      4.00  -9999.00
     1   2005    356    3300.0       4.7       6.7      0.85      2.00     14.10  -9999.00
     1   2005    357    1500.0       4.9      10.9      0.87      2.00      3.80  -9999.00
     1   2005    358    1900.0       7.4       9.4      1.03      2.00      0.80  -9999.00
     1   2005    359    1500.0       6.1       8.2      0.94      2.00      0.30  -9999.00
     1   2005    360     700.0       2.0       4.0      0.71      2.00      6.90  -9999.00
     1   2005    361    2200.0       2.6      10.0      0.74      2.00      7.60  -9999.00
     1   2005    362    1100.0      -1.0       7.4      0.57      2.00      0.00  -9999.00
     1   2005    363    2100.0       7.7      11.6      1.05      2.00      0.80  -9999.00
     1   2005    364    1500.0       2.8       4.8      0.75      2.00      0.00  -9999.00
     1   2005    365    4200.0       4.2       9.5      0.82      2.00      0.00  -9999.00
