*-----------------------------------------------------------------------------* 
           CNWG_286.met           51.48   -3.55   69.72
* Date created:  08-Aug-2019     Author: K Coleman 
* 
* NIL VALUE       -9999 
* Source:   data provided by M. Semenov 
*  
* Latitude:    51.48 Longitude:    -3.55 Altitude:    69.72
* 
* Column  Daily value 
* 1       station number 
* 2       year 
* 3       day 
* 4       irradiation                   (kJ m-2 d-1) 
* 5       minimum temperature           (degrees Celsius) 
* 6       maximum temperature           (degrees Celsius) 
* 7       early morning vapour pressure (kPa)             
* 8       mean wind speed (height: 2 m?) (m s-1)          
* 9       precipitation                 (mm d-1)          
* 10      sunshine                      (hrs)             
 		Jday	RAD	    TMIN	TMAX	 VAP	wind	RAIN	SUN  
               kj/m2	°C	    °C	     kPa	m/s	    mm	    hrs 
   51.48  69.72
     1   2005      1    1700.0       5.3      12.1      0.89      2.00      2.60  -9999.00
     1   2005      2     700.0      -1.7      10.0      0.54      2.00     16.80  -9999.00
     1   2005      3    1900.0      -6.5      10.6      0.38      2.00      1.80  -9999.00
     1   2005      4    3400.0       4.2       7.0      0.82      2.00      6.40  -9999.00
     1   2005      5    1700.0       3.3       9.1      0.77      2.00      0.30  -9999.00
     1   2005      6    2400.0       5.7      12.2      0.92      2.00      1.00  -9999.00
     1   2005      7     700.0      -5.1      11.8      0.42      2.00      0.20  -9999.00
     1   2005      8    1100.0       4.5       7.3      0.84      2.00      6.00  -9999.00
     1   2005      9    3400.0       0.1      10.4      0.62      2.00      0.30  -9999.00
     1   2005     10    3100.0       1.7       9.5      0.69      2.00      0.00  -9999.00
     1   2005     11    1800.0      -3.4       1.0      0.48      2.00      0.00  -9999.00
     1   2005     12    4600.0       6.9      12.3      0.99      2.00      2.00  -9999.00
     1   2005     13     800.0      -6.0       6.2      0.39      2.00      1.60  -9999.00
     1   2005     14    4200.0       2.4       7.3      0.73      2.00      0.00  -9999.00
     1   2005     15    2400.0       1.3       3.3      0.67      2.00      0.00  -9999.00
     1   2005     16    4500.0       1.8       3.8      0.70      2.00      0.20  -9999.00
     1   2005     17    5400.0       2.6       4.6      0.74      2.00      0.00  -9999.00
     1   2005     18    4500.0       3.7       9.4      0.80      2.00      1.20  -9999.00
     1   2005     19    5100.0       7.8       8.4      1.06      2.00      0.00  -9999.00
     1   2005     20    3900.0       3.2       8.6      0.77      2.00      0.00  -9999.00
     1   2005     21    2000.0       1.4       2.9      0.68      2.00      0.00  -9999.00
     1   2005     22    2600.0       5.7       9.4      0.92      2.00      0.00  -9999.00
     1   2005     23    2200.0      -5.7       4.2      0.40      2.00      3.80  -9999.00
     1   2005     24    4600.0      -0.4       6.7      0.59      2.00      0.60  -9999.00
     1   2005     25    2200.0       7.9       9.9      1.07      2.00      3.10  -9999.00
     1   2005     26    3300.0       6.3       6.9      0.95      2.00     19.70  -9999.00
     1   2005     27    2400.0       8.7      10.5      1.12      2.00      0.50  -9999.00
     1   2005     28    2200.0       4.1      11.6      0.82      2.00      8.60  -9999.00
     1   2005     29    4100.0       5.5      10.4      0.90      2.00      0.20  -9999.00
     1   2005     30    2800.0       4.0       8.6      0.81      2.00      3.60  -9999.00
     1   2005     31    3100.0       1.4       6.2      0.68      2.00      6.80  -9999.00
     1   2005     32    7200.0       3.9       5.8      0.81      2.00      0.00  -9999.00
     1   2005     33    2200.0       7.7      10.8      1.05      2.00      0.20  -9999.00
     1   2005     34    3100.0       6.5       8.5      0.97      2.00      0.00  -9999.00
     1   2005     35    3400.0       8.3       8.6      1.09      2.00      3.70  -9999.00
     1   2005     36    3700.0       3.9       5.9      0.81      2.00      0.90  -9999.00
     1   2005     37    3500.0       3.1       5.1      0.76      2.00      0.00  -9999.00
     1   2005     38    6400.0      -3.1       8.8      0.49      2.00      6.00  -9999.00
     1   2005     39    7400.0       2.5       6.5      0.73      2.00      0.00  -9999.00
     1   2005     40    4400.0       3.2       5.8      0.77      2.00      0.10  -9999.00
     1   2005     41    6600.0       6.9       9.7      0.99      2.00      0.40  -9999.00
     1   2005     42    5500.0       6.0       9.7      0.93      2.00      1.40  -9999.00
     1   2005     43    5300.0       7.3       9.3      1.02      2.00      6.90  -9999.00
     1   2005     44    4400.0       6.1      10.5      0.94      2.00      8.10  -9999.00
     1   2005     45    4700.0       4.1      11.6      0.82      2.00      1.80  -9999.00
     1   2005     46    3300.0       4.6       7.9      0.85      2.00      1.90  -9999.00
     1   2005     47    4700.0       4.2       6.2      0.82      2.00      0.50  -9999.00
     1   2005     48    7800.0      -2.6       2.4      0.50      2.00      0.00  -9999.00
     1   2005     49    7100.0       5.2      10.2      0.88      2.00      0.00  -9999.00
     1   2005     50    3300.0       6.8       9.0      0.99      2.00      0.30  -9999.00
     1   2005     51    9100.0      -3.3       7.1      0.48      2.00      0.00  -9999.00
     1   2005     52    8000.0      -0.1       1.9      0.61      2.00     10.50  -9999.00
     1   2005     53    8400.0       5.5       7.9      0.90      2.00      0.00  -9999.00
     1   2005     54    1600.0       3.7      11.6      0.80      2.00      0.20  -9999.00
     1   2005     55    7700.0       1.3       6.8      0.67      2.00      0.00  -9999.00
     1   2005     56    8800.0       7.1       9.1      1.01      2.00      0.00  -9999.00
     1   2005     57    6500.0       3.2       9.7      0.77      2.00      4.10  -9999.00
     1   2005     58    5500.0      -0.2       9.7      0.60      2.00      0.20  -9999.00
     1   2005     59    3800.0       3.6       9.8      0.79      2.00      2.80  -9999.00
     1   2005     60    3900.0       6.0      12.1      0.93      2.00      0.90  -9999.00
     1   2005     61    2500.0       4.9       9.0      0.87      2.00      5.40  -9999.00
     1   2005     62   12400.0      -1.4       9.0      0.55      2.00      0.00  -9999.00
     1   2005     63    4200.0       0.0      12.0      0.61      2.00      0.00  -9999.00
     1   2005     64   10800.0       3.0      11.5      0.76      2.00      0.00  -9999.00
     1   2005     65    4400.0       5.0       9.7      0.87      2.00      0.00  -9999.00
     1   2005     66   11000.0       5.6      10.0      0.91      2.00     10.70  -9999.00
     1   2005     67    4700.0       0.2      10.5      0.62      2.00      0.00  -9999.00
     1   2005     68    4300.0       6.1       9.0      0.94      2.00      2.20  -9999.00
     1   2005     69    4200.0       4.0      10.7      0.81      2.00      0.60  -9999.00
     1   2005     70    2100.0       5.8      10.7      0.92      2.00      1.80  -9999.00
     1   2005     71    4900.0       6.5       9.6      0.97      2.00      0.60  -9999.00
     1   2005     72    5600.0       3.4       9.5      0.78      2.00      0.60  -9999.00
     1   2005     73    5000.0       8.9      10.9      1.14      2.00      1.60  -9999.00
     1   2005     74    4600.0       8.6       8.9      1.12      2.00      0.30  -9999.00
     1   2005     75    4100.0       7.8      11.5      1.06      2.00      1.10  -9999.00
     1   2005     76    4500.0       5.0      10.4      0.87      2.00      0.10  -9999.00
     1   2005     77    8700.0       3.7      11.4      0.80      2.00      0.20  -9999.00
     1   2005     78   11600.0       7.4      13.0      1.03      2.00      0.00  -9999.00
     1   2005     79   13400.0       5.3      10.1      0.89      2.00      0.20  -9999.00
     1   2005     80    6900.0       3.5       8.6      0.78      2.00      0.00  -9999.00
     1   2005     81   12400.0       0.0      11.2      0.61      2.00      0.00  -9999.00
     1   2005     82    6600.0       1.1      16.0      0.66      2.00      0.00  -9999.00
     1   2005     83    3600.0       1.6      14.9      0.69      2.00      0.00  -9999.00
     1   2005     84    3500.0       7.1      10.9      1.01      2.00      0.00  -9999.00
     1   2005     85   13800.0       2.0      17.1      0.71      2.00      0.00  -9999.00
     1   2005     86    8000.0       0.3      10.1      0.62      2.00      0.00  -9999.00
     1   2005     87   13900.0       2.0      11.7      0.71      2.00      0.00  -9999.00
     1   2005     88    5500.0       5.5       7.5      0.90      2.00      0.50  -9999.00
     1   2005     89    7000.0       5.8      11.9      0.92      2.00      0.00  -9999.00
     1   2005     90   18000.0       4.5       6.5      0.84      2.00      0.00  -9999.00
     1   2005     91    9800.0      -0.5      12.6      0.59      2.00      0.00  -9999.00
     1   2005     92    9100.0       0.9      11.0      0.65      2.00      0.40  -9999.00
     1   2005     93   11300.0       6.2       9.5      0.95      2.00      0.20  -9999.00
     1   2005     94    6800.0       7.5       8.2      1.04      2.00      0.40  -9999.00
     1   2005     95    6300.0       4.8      12.9      0.86      2.00      2.10  -9999.00
     1   2005     96   19100.0       6.3      11.5      0.95      2.00      0.00  -9999.00
     1   2005     97   17400.0      -1.2      13.0      0.56      2.00      0.00  -9999.00
     1   2005     98    8300.0       5.3      10.9      0.89      2.00      2.70  -9999.00
     1   2005     99   17000.0       4.0      13.4      0.81      2.00      0.00  -9999.00
     1   2005    100   19300.0       2.5      13.4      0.73      2.00      0.00  -9999.00
     1   2005    101   14100.0       7.3      11.3      1.02      2.00      1.10  -9999.00
     1   2005    102   16800.0       1.8       9.3      0.70      2.00      7.40  -9999.00
     1   2005    103   18400.0       6.2      14.6      0.95      2.00      1.00  -9999.00
     1   2005    104   12400.0       5.0       8.5      0.87      2.00      3.10  -9999.00
     1   2005    105   16400.0       4.5      12.1      0.84      2.00      7.30  -9999.00
     1   2005    106    7600.0       2.8      11.2      0.75      2.00      1.10  -9999.00
     1   2005    107   17400.0       8.8      15.3      1.13      2.00      0.40  -9999.00
     1   2005    108   21100.0      -1.0      15.6      0.57      2.00      0.40  -9999.00
     1   2005    109    7100.0       0.9      14.5      0.65      2.00      0.40  -9999.00
     1   2005    110   13200.0       5.4       9.1      0.90      2.00      0.60  -9999.00
     1   2005    111   15000.0       0.0      10.7      0.61      2.00      0.60  -9999.00
     1   2005    112   11500.0       1.3      14.3      0.67      2.00      0.20  -9999.00
     1   2005    113   23000.0       8.3      10.3      1.09      2.00      0.90  -9999.00
     1   2005    114   15900.0       1.8       9.2      0.70      2.00      5.20  -9999.00
     1   2005    115    3600.0       1.4       9.7      0.68      2.00      6.10  -9999.00
     1   2005    116   13600.0       7.1      11.7      1.01      2.00     19.10  -9999.00
     1   2005    117    8800.0       5.3      12.5      0.89      2.00      0.00  -9999.00
     1   2005    118   10700.0       3.8      11.1      0.80      2.00      0.30  -9999.00
     1   2005    119   19300.0       3.6      11.6      0.79      2.00      1.10  -9999.00
     1   2005    120   13800.0       1.7      13.5      0.69      2.00      0.00  -9999.00
     1   2005    121   24400.0       9.3      16.2      1.17      2.00      4.10  -9999.00
     1   2005    122   16900.0       8.6      13.7      1.12      2.00      1.10  -9999.00
     1   2005    123   20500.0       9.2      17.9      1.16      2.00      0.00  -9999.00
     1   2005    124   20000.0       3.7      12.7      0.80      2.00      0.10  -9999.00
     1   2005    125   13500.0       6.0      21.1      0.93      2.00      0.00  -9999.00
     1   2005    126   13800.0       7.9      13.6      1.07      2.00      3.90  -9999.00
     1   2005    127   15700.0       7.2      11.7      1.02      2.00      8.50  -9999.00
     1   2005    128   19100.0       7.8       9.5      1.06      2.00      0.00  -9999.00
     1   2005    129   16500.0      10.8      13.5      1.29      2.00      0.00  -9999.00
     1   2005    130   11900.0       6.1      20.5      0.94      2.00      0.00  -9999.00
     1   2005    131   19900.0       7.3      17.9      1.02      2.00      0.00  -9999.00
     1   2005    132   11200.0       7.5      19.3      1.04      2.00      0.00  -9999.00
     1   2005    133   24900.0       7.6      16.4      1.04      2.00      0.00  -9999.00
     1   2005    134   21700.0      11.8      15.0      1.38      2.00      0.00  -9999.00
     1   2005    135   15000.0       8.6      23.6      1.12      2.00      0.00  -9999.00
     1   2005    136   27300.0       7.1      18.0      1.01      2.00      0.00  -9999.00
     1   2005    137   19500.0       9.0      16.7      1.15      2.00      0.10  -9999.00
     1   2005    138    9500.0       8.2      13.2      1.09      2.00      2.00  -9999.00
     1   2005    139   13000.0       8.5      13.4      1.11      2.00      0.10  -9999.00
     1   2005    140   22700.0       6.7      16.0      0.98      2.00      0.00  -9999.00
     1   2005    141   19900.0       8.2      16.7      1.09      2.00      0.10  -9999.00
     1   2005    142   16500.0      12.7      13.6      1.47      2.00      0.10  -9999.00
     1   2005    143   23500.0      11.9      17.0      1.39      2.00      0.00  -9999.00
     1   2005    144   21200.0       7.2      10.6      1.02      2.00      0.00  -9999.00
     1   2005    145   26100.0      11.5      18.2      1.36      2.00      0.00  -9999.00
     1   2005    146   16700.0      11.7      21.5      1.37      2.00      0.00  -9999.00
     1   2005    147   23700.0       9.4      14.8      1.18      2.00      0.00  -9999.00
     1   2005    148   21300.0      14.8      24.1      1.68      2.00      0.00  -9999.00
     1   2005    149   18700.0      12.3      15.9      1.43      2.00      0.00  -9999.00
     1   2005    150   16100.0      10.9      15.4      1.30      2.00      4.30  -9999.00
     1   2005    151   15100.0      12.7      18.1      1.47      2.00      0.40  -9999.00
     1   2005    152   13500.0      10.0      20.6      1.23      2.00      0.00  -9999.00
     1   2005    153   11600.0       6.9      17.9      0.99      2.00      0.20  -9999.00
     1   2005    154   23200.0      10.7      15.1      1.29      2.00      0.00  -9999.00
     1   2005    155   28000.0       7.9      15.4      1.07      2.00      0.00  -9999.00
     1   2005    156   12500.0      11.3      18.1      1.34      2.00      0.00  -9999.00
     1   2005    157   27500.0       9.8      18.4      1.21      2.00      0.00  -9999.00
     1   2005    158   29800.0       7.2      23.0      1.02      2.00      0.00  -9999.00
     1   2005    159   27700.0       8.9      16.4      1.14      2.00      0.00  -9999.00
     1   2005    160   27400.0      12.1      16.8      1.41      2.00      0.00  -9999.00
     1   2005    161   18800.0       9.6      21.1      1.20      2.00      0.00  -9999.00
     1   2005    162   18800.0       7.8      24.4      1.06      2.00      0.00  -9999.00
     1   2005    163   22700.0       7.8      23.8      1.06      2.00      0.00  -9999.00
     1   2005    164   18700.0       7.4      15.5      1.03      2.00      0.40  -9999.00
     1   2005    165   21600.0      11.9      17.9      1.39      2.00      0.00  -9999.00
     1   2005    166   10500.0      12.2      23.8      1.42      2.00      0.00  -9999.00
     1   2005    167    9100.0      13.5      25.1      1.55      2.00      0.00  -9999.00
     1   2005    168   24200.0      14.1      16.7      1.61      2.00      0.00  -9999.00
     1   2005    169   29000.0      10.7      25.4      1.29      2.00      0.00  -9999.00
     1   2005    170   19100.0       5.9      19.2      0.93      2.00      0.00  -9999.00
     1   2005    171   21400.0      13.6      15.4      1.56      2.00      0.00  -9999.00
     1   2005    172   15100.0       7.4      16.4      1.03      2.00      0.30  -9999.00
     1   2005    173   23600.0       8.6      18.0      1.12      2.00      0.00  -9999.00
     1   2005    174   28300.0      11.9      18.7      1.39      2.00      0.00  -9999.00
     1   2005    175   22700.0       9.2      17.7      1.16      2.00      1.80  -9999.00
     1   2005    176    4500.0      10.2      17.2      1.24      2.00      0.80  -9999.00
     1   2005    177   14400.0      12.8      22.0      1.48      2.00      3.10  -9999.00
     1   2005    178    4600.0      10.2      15.2      1.24      2.00     16.10  -9999.00
     1   2005    179   15600.0      11.9      17.9      1.39      2.00      0.00  -9999.00
     1   2005    180   21900.0      10.4      21.3      1.26      2.00      0.00  -9999.00
     1   2005    181   15500.0      18.5      19.3      2.13      2.00      0.00  -9999.00
     1   2005    182   20800.0       8.2      24.2      1.09      2.00      0.00  -9999.00
     1   2005    183   27900.0      14.3      20.2      1.63      2.00      0.00  -9999.00
     1   2005    184   18500.0      12.0      20.7      1.40      2.00      0.00  -9999.00
     1   2005    185    9600.0      15.1      16.9      1.72      2.00      0.40  -9999.00
     1   2005    186   26500.0      13.6      20.8      1.56      2.00      0.00  -9999.00
     1   2005    187   18300.0      17.5      26.5      2.00      2.00      0.00  -9999.00
     1   2005    188   21900.0      12.4      19.8      1.44      2.00      0.00  -9999.00
     1   2005    189   14600.0      11.5      18.4      1.36      2.00      0.50  -9999.00
     1   2005    190   18600.0      11.1      19.5      1.32      2.00      0.30  -9999.00
     1   2005    191   25600.0      13.0      24.7      1.50      2.00      0.00  -9999.00
     1   2005    192   17700.0      12.8      23.3      1.48      2.00      0.00  -9999.00
     1   2005    193   16100.0      14.3      23.6      1.63      2.00     10.40  -9999.00
     1   2005    194   21000.0      15.3      18.0      1.74      2.00      4.40  -9999.00
     1   2005    195   21200.0      13.9      16.9      1.59      2.00      2.60  -9999.00
     1   2005    196   14600.0      14.1      17.0      1.61      2.00      3.00  -9999.00
     1   2005    197   20600.0      14.1      16.3      1.61      2.00      7.20  -9999.00
     1   2005    198    9600.0      14.1      18.8      1.61      2.00      7.00  -9999.00
     1   2005    199   19100.0       7.5      20.4      1.04      2.00     12.80  -9999.00
     1   2005    200   26100.0       8.9      20.3      1.14      2.00      0.00  -9999.00
     1   2005    201   24300.0      10.1      22.4      1.24      2.00      0.00  -9999.00
     1   2005    202   17200.0      13.6      19.7      1.56      2.00      0.50  -9999.00
     1   2005    203   25000.0       9.3      16.4      1.17      2.00      1.80  -9999.00
     1   2005    204   16900.0      16.2      27.4      1.84      2.00      0.00  -9999.00
     1   2005    205   19500.0      10.7      30.0      1.29      2.00      0.00  -9999.00
     1   2005    206   11000.0      13.1      17.8      1.51      2.00      1.00  -9999.00
     1   2005    207   25200.0       7.4      21.9      1.03      2.00      0.00  -9999.00
     1   2005    208    9300.0      14.4      18.6      1.64      2.00     15.10  -9999.00
     1   2005    209   10000.0      12.5      17.2      1.45      2.00     12.70  -9999.00
     1   2005    210    6900.0      10.6      19.6      1.28      2.00      2.40  -9999.00
     1   2005    211    9200.0      15.5      18.9      1.76      2.00      2.00  -9999.00
     1   2005    212   18100.0      11.4      17.0      1.35      2.00      2.10  -9999.00
     1   2005    213   22000.0      13.8      19.0      1.58      2.00     14.30  -9999.00
     1   2005    214   16200.0      11.0      18.8      1.31      2.00     35.60  -9999.00
     1   2005    215   17200.0       9.4      23.2      1.18      2.00      0.00  -9999.00
     1   2005    216   21900.0      11.9      21.5      1.39      2.00      0.00  -9999.00
     1   2005    217   13400.0      12.6      18.0      1.46      2.00      0.00  -9999.00
     1   2005    218   23300.0      15.9      24.0      1.81      2.00      0.00  -9999.00
     1   2005    219   15500.0      14.1      21.7      1.61      2.00      0.00  -9999.00
     1   2005    220   12600.0      17.4      18.3      1.99      2.00      8.40  -9999.00
     1   2005    221   18700.0       9.8      21.5      1.21      2.00      0.00  -9999.00
     1   2005    222   21500.0      16.8      17.2      1.91      2.00      1.20  -9999.00
     1   2005    223   22700.0      16.9      27.3      1.92      2.00      0.00  -9999.00
     1   2005    224   15300.0       7.1      20.4      1.01      2.00      0.00  -9999.00
     1   2005    225   17200.0      12.3      21.0      1.43      2.00      0.00  -9999.00
     1   2005    226   13800.0      16.6      17.3      1.89      2.00     10.60  -9999.00
     1   2005    227   10200.0      10.4      19.6      1.26      2.00      0.00  -9999.00
     1   2005    228   15500.0      13.1      18.1      1.51      2.00      7.60  -9999.00
     1   2005    229   18000.0      11.9      18.5      1.39      2.00      9.40  -9999.00
     1   2005    230   10700.0      14.6      21.2      1.66      2.00      2.90  -9999.00
     1   2005    231    9400.0      15.0      22.4      1.70      2.00      1.40  -9999.00
     1   2005    232   18200.0      15.4      20.3      1.75      2.00      0.70  -9999.00
     1   2005    233   19000.0       9.6      22.1      1.20      2.00      0.00  -9999.00
     1   2005    234    9600.0      13.8      16.2      1.58      2.00      2.60  -9999.00
     1   2005    235   16700.0      10.9      19.7      1.30      2.00      0.00  -9999.00
     1   2005    236   12600.0      11.3      19.1      1.34      2.00      0.10  -9999.00
     1   2005    237   17500.0      15.1      19.1      1.72      2.00     19.20  -9999.00
     1   2005    238   18100.0       9.7      23.2      1.20      2.00      0.00  -9999.00
     1   2005    239    8300.0      10.6      17.7      1.28      2.00      0.10  -9999.00
     1   2005    240   10200.0       8.3      19.5      1.09      2.00      0.00  -9999.00
     1   2005    241   11000.0      11.4      17.7      1.35      2.00      0.00  -9999.00
     1   2005    242   13400.0      10.3      18.4      1.25      2.00      0.00  -9999.00
     1   2005    243   17100.0      14.5      25.9      1.65      2.00      0.00  -9999.00
     1   2005    244   17800.0      15.7      16.4      1.78      2.00      0.00  -9999.00
     1   2005    245   15300.0      11.6      14.9      1.37      2.00      9.60  -9999.00
     1   2005    246   12800.0      10.5      21.4      1.27      2.00      0.00  -9999.00
     1   2005    247   16800.0      11.7      17.0      1.37      2.00      0.00  -9999.00
     1   2005    248   11200.0      13.2      15.4      1.52      2.00      0.10  -9999.00
     1   2005    249    6400.0      14.6      17.0      1.66      2.00     17.30  -9999.00
     1   2005    250    5700.0       7.9      17.7      1.07      2.00      0.70  -9999.00
     1   2005    251   15800.0      10.2      17.7      1.24      2.00      0.00  -9999.00
     1   2005    252   10900.0      11.8      17.2      1.38      2.00      4.10  -9999.00
     1   2005    253   18900.0      11.0      21.8      1.31      2.00      0.00  -9999.00
     1   2005    254   16800.0      12.1      16.4      1.41      2.00      0.00  -9999.00
     1   2005    255   13900.0      14.3      15.6      1.63      2.00      0.00  -9999.00
     1   2005    256   16100.0      12.4      14.6      1.44      2.00      0.00  -9999.00
     1   2005    257    9200.0       9.5      16.3      1.19      2.00      0.00  -9999.00
     1   2005    258    5800.0      13.9      17.7      1.59      2.00      0.00  -9999.00
     1   2005    259   12900.0       9.7      18.5      1.20      2.00      0.00  -9999.00
     1   2005    260   14100.0       9.2      16.4      1.16      2.00      0.00  -9999.00
     1   2005    261   17000.0       9.4      17.7      1.18      2.00      0.00  -9999.00
     1   2005    262    7000.0       8.9      14.8      1.14      2.00      0.00  -9999.00
     1   2005    263    9500.0       9.9      17.3      1.22      2.00      3.90  -9999.00
     1   2005    264    7400.0      11.9      13.9      1.39      2.00      7.80  -9999.00
     1   2005    265   10200.0       5.6      14.2      0.91      2.00      0.60  -9999.00
     1   2005    266   13600.0       9.9      15.6      1.22      2.00      1.80  -9999.00
     1   2005    267    8600.0      10.8      22.9      1.29      2.00      0.00  -9999.00
     1   2005    268    9200.0       6.3      14.5      0.95      2.00      0.10  -9999.00
     1   2005    269   15200.0      14.2      18.2      1.62      2.00      0.00  -9999.00
     1   2005    270    7700.0      15.6      15.9      1.77      2.00      2.50  -9999.00
     1   2005    271    4400.0      11.3      16.7      1.34      2.00     11.90  -9999.00
     1   2005    272    7400.0      10.0      16.7      1.23      2.00      0.70  -9999.00
     1   2005    273    8000.0       9.6      10.4      1.20      2.00      0.10  -9999.00
     1   2005    274    8800.0      13.8      18.2      1.58      2.00      0.10  -9999.00
     1   2005    275   11600.0      14.6      19.1      1.66      2.00      0.00  -9999.00
     1   2005    276   10800.0       4.3      14.8      0.83      2.00      0.00  -9999.00
     1   2005    277   10400.0       8.8      14.8      1.13      2.00      0.00  -9999.00
     1   2005    278    9700.0       9.2      12.7      1.16      2.00      0.00  -9999.00
     1   2005    279   10100.0      12.4      15.9      1.44      2.00      4.70  -9999.00
     1   2005    280    8700.0       9.5      14.6      1.19      2.00      2.60  -9999.00
     1   2005    281    4200.0      10.3      16.9      1.25      2.00      9.10  -9999.00
     1   2005    282    9800.0       8.9      15.9      1.14      2.00      2.70  -9999.00
     1   2005    283    7400.0      10.5      15.6      1.27      2.00      0.90  -9999.00
     1   2005    284    3800.0       8.2      15.7      1.09      2.00      1.00  -9999.00
     1   2005    285    8000.0       8.6      17.5      1.12      2.00      0.10  -9999.00
     1   2005    286    8800.0       7.0       9.0      1.00      2.00      3.40  -9999.00
     1   2005    287    3500.0      10.4      11.0      1.26      2.00      9.10  -9999.00
     1   2005    288    5300.0       7.0      13.5      1.00      2.00      4.50  -9999.00
     1   2005    289    8800.0      11.0      16.1      1.31      2.00      6.10  -9999.00
     1   2005    290    5200.0      11.3      13.0      1.34      2.00      0.80  -9999.00
     1   2005    291    6100.0       5.0      14.2      0.87      2.00     15.80  -9999.00
     1   2005    292    3000.0      11.9      12.0      1.39      2.00      8.00  -9999.00
     1   2005    293    3600.0       8.8       8.9      1.13      2.00      0.10  -9999.00
     1   2005    294    4400.0       7.8      14.4      1.06      2.00      0.20  -9999.00
     1   2005    295    7800.0       8.1       9.1      1.08      2.00      5.00  -9999.00
     1   2005    296    2700.0       7.3      14.8      1.02      2.00      5.70  -9999.00
     1   2005    297    3900.0       1.9      13.2      0.70      2.00     22.10  -9999.00
     1   2005    298    8800.0      10.4      10.9      1.26      2.00      1.00  -9999.00
     1   2005    299    8400.0      11.1      13.5      1.32      2.00      4.80  -9999.00
     1   2005    300    8700.0       3.4      17.8      0.78      2.00      0.00  -9999.00
     1   2005    301    8500.0       5.7      13.0      0.92      2.00      0.10  -9999.00
     1   2005    302    3600.0       7.3      14.6      1.02      2.00     15.60  -9999.00
     1   2005    303    3100.0       5.2      15.6      0.88      2.00      0.00  -9999.00
     1   2005    304    5500.0       3.5      16.3      0.78      2.00      0.00  -9999.00
     1   2005    305    7300.0       6.7      11.4      0.98      2.00      0.00  -9999.00
     1   2005    306    6400.0       3.0       9.0      0.76      2.00      0.00  -9999.00
     1   2005    307    2800.0       5.8      12.5      0.92      2.00      0.00  -9999.00
     1   2005    308    2200.0       8.6      14.9      1.12      2.00     18.20  -9999.00
     1   2005    309    4800.0       8.0      11.5      1.07      2.00      5.80  -9999.00
     1   2005    310    3800.0      12.5      13.0      1.45      2.00      0.30  -9999.00
     1   2005    311    5000.0       5.8      11.4      0.92      2.00     11.00  -9999.00
     1   2005    312    3000.0       0.1       8.9      0.62      2.00      0.50  -9999.00
     1   2005    313    3000.0      10.8      13.1      1.29      2.00     16.10  -9999.00
     1   2005    314    5500.0       0.6       8.9      0.64      2.00      0.00  -9999.00
     1   2005    315    5000.0      -1.4      10.8      0.55      2.00      0.70  -9999.00
     1   2005    316    5000.0       9.1      13.3      1.16      2.00      1.10  -9999.00
     1   2005    317    2200.0       9.4      12.1      1.18      2.00      6.80  -9999.00
     1   2005    318    4300.0       4.9       8.7      0.87      2.00     10.70  -9999.00
     1   2005    319    3300.0       6.1       8.8      0.94      2.00      2.30  -9999.00
     1   2005    320    6300.0       8.8       9.8      1.13      2.00      0.00  -9999.00
     1   2005    321    5500.0       6.2       8.6      0.95      2.00      5.40  -9999.00
     1   2005    322    2200.0       6.0       9.4      0.93      2.00      0.20  -9999.00
     1   2005    323    1800.0       4.6      13.8      0.85      2.00      0.40  -9999.00
     1   2005    324    2800.0       4.1       4.6      0.82      2.00      0.00  -9999.00
     1   2005    325    2600.0       5.8      12.1      0.92      2.00      0.00  -9999.00
     1   2005    326    2300.0       0.4      12.6      0.63      2.00     13.70  -9999.00
     1   2005    327    5000.0       7.8       8.7      1.06      2.00      0.00  -9999.00
     1   2005    328    2400.0       4.4       7.6      0.84      2.00      2.30  -9999.00
     1   2005    329    2000.0       0.0       8.6      0.61      2.00      0.00  -9999.00
     1   2005    330    3000.0       3.6       8.8      0.79      2.00     11.50  -9999.00
     1   2005    331    3700.0       2.8      13.1      0.75      2.00      6.00  -9999.00
     1   2005    332    3400.0       1.2       7.8      0.67      2.00      0.00  -9999.00
     1   2005    333    5000.0       1.8       8.0      0.70      2.00      0.00  -9999.00
     1   2005    334    4200.0       1.1       6.6      0.66      2.00      0.00  -9999.00
     1   2005    335    2600.0       4.5       6.5      0.84      2.00      0.30  -9999.00
     1   2005    336    2400.0       5.3       7.3      0.89      2.00      4.70  -9999.00
     1   2005    337    2900.0       5.5       7.5      0.90      2.00      2.00  -9999.00
     1   2005    338    1100.0       0.9       6.8      0.65      2.00      0.00  -9999.00
     1   2005    339    3800.0       1.3      10.5      0.67      2.00     15.00  -9999.00
     1   2005    340    1400.0       6.8      11.5      0.99      2.00     13.90  -9999.00
     1   2005    341    3200.0       4.8       7.4      0.86      2.00      0.10  -9999.00
     1   2005    342    2700.0      -1.2       9.1      0.56      2.00      3.20  -9999.00
     1   2005    343    1300.0       6.0      11.7      0.93      2.00      0.80  -9999.00
     1   2005    344    2600.0       6.3       7.7      0.95      2.00      0.00  -9999.00
     1   2005    345    1300.0       4.5      11.4      0.84      2.00      0.10  -9999.00
     1   2005    346    2400.0       1.5       9.8      0.68      2.00      0.00  -9999.00
     1   2005    347    2000.0       1.4       8.1      0.68      2.00      0.00  -9999.00
     1   2005    348     900.0       5.2       6.5      0.88      2.00      0.30  -9999.00
     1   2005    349    1500.0       6.1       8.1      0.94      2.00      0.00  -9999.00
     1   2005    350    1500.0       5.3       9.0      0.89      2.00      0.00  -9999.00
     1   2005    351     700.0       3.5      10.5      0.78      2.00      0.00  -9999.00
     1   2005    352    3900.0       3.8       7.2      0.80      2.00      0.00  -9999.00
     1   2005    353     700.0       0.3       7.6      0.62      2.00      0.00  -9999.00
     1   2005    354    1400.0       5.7      10.2      0.92      2.00      0.00  -9999.00
     1   2005    355    3700.0       1.8       6.2      0.70      2.00      0.00  -9999.00
     1   2005    356    2900.0       5.3       8.9      0.89      2.00      0.00  -9999.00
     1   2005    357    1900.0       6.2      10.4      0.95      2.00      1.90  -9999.00
     1   2005    358    1400.0       4.5      12.1      0.84      2.00      0.40  -9999.00
     1   2005    359    1200.0       8.6      10.6      1.12      2.00      1.50  -9999.00
     1   2005    360    1100.0       8.5      10.5      1.11      2.00      6.80  -9999.00
     1   2005    361    2700.0       0.4       4.9      0.63      2.00      0.00  -9999.00
     1   2005    362    4500.0       2.0       7.8      0.71      2.00      0.00  -9999.00
     1   2005    363     700.0       0.7      11.6      0.64      2.00      6.80  -9999.00
     1   2005    364    1800.0       1.9       8.2      0.70      2.00      0.00  -9999.00
     1   2005    365    2500.0      -2.7      -0.7      0.50      2.00      0.00  -9999.00
