*-----------------------------------------------------------------------------* 
           CNWG_243.met           51.48   -3.55   69.72
* Date created:  08-Aug-2019     Author: K Coleman 
* 
* NIL VALUE       -9999 
* Source:   data provided by M. Semenov 
*  
* Latitude:    51.48 Longitude:    -3.55 Altitude:    69.72
* 
* Column  Daily value 
* 1       station number 
* 2       year 
* 3       day 
* 4       irradiation                   (kJ m-2 d-1) 
* 5       minimum temperature           (degrees Celsius) 
* 6       maximum temperature           (degrees Celsius) 
* 7       early morning vapour pressure (kPa)             
* 8       mean wind speed (height: 2 m?) (m s-1)          
* 9       precipitation                 (mm d-1)          
* 10      sunshine                      (hrs)             
 		Jday	RAD	    TMIN	TMAX	 VAP	wind	RAIN	SUN  
               kj/m2	°C	    °C	     kPa	m/s	    mm	    hrs 
   51.48  69.72
     1   2005      1    1600.0      -3.5      11.5      0.47      2.00      2.70  -9999.00
     1   2005      2    1700.0      -1.0       8.0      0.57      2.00      7.90  -9999.00
     1   2005      3    1700.0       4.0       4.9      0.81      2.00      0.50  -9999.00
     1   2005      4     900.0       0.1       9.9      0.62      2.00      8.70  -9999.00
     1   2005      5    2700.0       6.1       8.1      0.94      2.00      8.40  -9999.00
     1   2005      6    2600.0       4.0       7.5      0.81      2.00      0.00  -9999.00
     1   2005      7    4700.0       1.7       3.7      0.69      2.00      0.00  -9999.00
     1   2005      8    2900.0       1.5       5.9      0.68      2.00      0.00  -9999.00
     1   2005      9    3600.0      -2.1       8.9      0.52      2.00      0.00  -9999.00
     1   2005     10    1800.0       6.7       8.8      0.98      2.00      0.00  -9999.00
     1   2005     11    4800.0      -2.9       8.1      0.49      2.00      0.00  -9999.00
     1   2005     12    1900.0       6.2       8.2      0.95      2.00      0.00  -9999.00
     1   2005     13    2400.0       3.2       9.5      0.77      2.00      0.00  -9999.00
     1   2005     14    2200.0       4.8      10.4      0.86      2.00      0.40  -9999.00
     1   2005     15    1800.0       9.1      10.4      1.16      2.00      2.90  -9999.00
     1   2005     16    4700.0       5.7       7.7      0.92      2.00      0.00  -9999.00
     1   2005     17    2000.0       8.2       9.3      1.09      2.00      1.10  -9999.00
     1   2005     18    2000.0       8.4       9.0      1.10      2.00      7.20  -9999.00
     1   2005     19    4500.0       1.3       3.3      0.67      2.00     12.60  -9999.00
     1   2005     20    1800.0       6.6       8.6      0.97      2.00      5.80  -9999.00
     1   2005     21    3500.0       2.3      12.0      0.72      2.00     25.70  -9999.00
     1   2005     22    2300.0      -1.6       9.2      0.54      2.00      1.10  -9999.00
     1   2005     23    5700.0       5.2       7.2      0.88      2.00      0.00  -9999.00
     1   2005     24    1500.0       1.4       3.4      0.68      2.00      0.00  -9999.00
     1   2005     25    1700.0       5.5       7.5      0.90      2.00      0.90  -9999.00
     1   2005     26    3800.0       7.2       9.2      1.02      2.00      4.80  -9999.00
     1   2005     27    5200.0       6.2       9.5      0.95      2.00      1.60  -9999.00
     1   2005     28    5400.0       8.4      11.0      1.10      2.00     10.20  -9999.00
     1   2005     29    4200.0       0.4      10.3      0.63      2.00     11.00  -9999.00
     1   2005     30    2400.0       0.2       3.6      0.62      2.00      0.80  -9999.00
     1   2005     31    3500.0       5.7      10.3      0.92      2.00      0.00  -9999.00
     1   2005     32    2600.0       5.0       6.5      0.87      2.00      3.90  -9999.00
     1   2005     33    4000.0       7.6       9.1      1.04      2.00      1.00  -9999.00
     1   2005     34    5700.0       7.1      10.5      1.01      2.00      0.20  -9999.00
     1   2005     35    2600.0       2.3       6.1      0.72      2.00      7.00  -9999.00
     1   2005     36    6700.0       5.6      10.7      0.91      2.00      3.40  -9999.00
     1   2005     37    6100.0       5.9       8.2      0.93      2.00      0.40  -9999.00
     1   2005     38    2400.0       3.6       5.6      0.79      2.00      0.30  -9999.00
     1   2005     39    2900.0       5.0       7.6      0.87      2.00      5.30  -9999.00
     1   2005     40    7500.0       2.9       4.9      0.75      2.00      0.00  -9999.00
     1   2005     41    3000.0       6.1      15.2      0.94      2.00      0.00  -9999.00
     1   2005     42    5300.0       6.9       7.0      0.99      2.00      0.00  -9999.00
     1   2005     43    6900.0       2.9       3.3      0.75      2.00      0.00  -9999.00
     1   2005     44    3100.0      -0.1       8.3      0.61      2.00      0.00  -9999.00
     1   2005     45    7600.0       0.2       1.5      0.62      2.00      0.00  -9999.00
     1   2005     46    4700.0       4.2      12.5      0.82      2.00      2.80  -9999.00
     1   2005     47    3600.0       2.2       7.1      0.72      2.00      0.30  -9999.00
     1   2005     48    3200.0      -8.5       8.2      0.32      2.00      0.00  -9999.00
     1   2005     49    5600.0       3.3       7.5      0.77      2.00      3.60  -9999.00
     1   2005     50    4400.0       5.2       9.0      0.88      2.00      0.00  -9999.00
     1   2005     51    6700.0       0.2       3.1      0.62      2.00      0.00  -9999.00
     1   2005     52    1500.0       3.5       9.0      0.78      2.00      0.10  -9999.00
     1   2005     53    3900.0       2.3      12.1      0.72      2.00      0.10  -9999.00
     1   2005     54    7500.0      -1.6       7.9      0.54      2.00     11.10  -9999.00
     1   2005     55   10100.0       2.7       9.2      0.74      2.00      0.00  -9999.00
     1   2005     56    3500.0       5.5       7.9      0.90      2.00      2.20  -9999.00
     1   2005     57   10900.0       3.4       5.4      0.78      2.00      0.00  -9999.00
     1   2005     58    4600.0       6.0       8.4      0.93      2.00      8.00  -9999.00
     1   2005     59    3100.0       6.9      11.6      0.99      2.00      3.30  -9999.00
     1   2005     60    7700.0       0.4      10.7      0.63      2.00      0.00  -9999.00
     1   2005     61    8200.0       1.8      10.3      0.70      2.00      0.70  -9999.00
     1   2005     62    4300.0      -1.0      11.5      0.57      2.00      7.50  -9999.00
     1   2005     63    6600.0       4.3       9.3      0.83      2.00      0.20  -9999.00
     1   2005     64   12700.0       8.0      10.9      1.07      2.00      9.40  -9999.00
     1   2005     65    5400.0       2.7      11.9      0.74      2.00      0.00  -9999.00
     1   2005     66   10300.0      -0.8       9.5      0.58      2.00      0.00  -9999.00
     1   2005     67   10400.0      -0.2       3.9      0.60      2.00      0.00  -9999.00
     1   2005     68   12600.0      -0.2       5.0      0.60      2.00      0.00  -9999.00
     1   2005     69    6100.0       3.2      10.7      0.77      2.00     15.70  -9999.00
     1   2005     70   11600.0       0.5       7.7      0.63      2.00     15.20  -9999.00
     1   2005     71    6400.0      -0.5       7.7      0.59      2.00      0.00  -9999.00
     1   2005     72    3800.0       7.7       9.7      1.05      2.00      0.20  -9999.00
     1   2005     73    9800.0       6.1      11.2      0.94      2.00      1.90  -9999.00
     1   2005     74   14700.0       5.4       9.1      0.90      2.00      0.00  -9999.00
     1   2005     75    4100.0       6.6      10.1      0.97      2.00      0.40  -9999.00
     1   2005     76    3300.0       3.1       8.6      0.76      2.00      0.10  -9999.00
     1   2005     77    3000.0       4.9       7.4      0.87      2.00      7.20  -9999.00
     1   2005     78    6600.0       7.6       9.8      1.04      2.00      3.10  -9999.00
     1   2005     79   11500.0       0.0      16.6      0.61      2.00      0.00  -9999.00
     1   2005     80    4700.0       0.8      16.8      0.65      2.00      0.00  -9999.00
     1   2005     81   14500.0       3.0       5.8      0.76      2.00      0.00  -9999.00
     1   2005     82    6800.0       2.8       8.9      0.75      2.00      0.00  -9999.00
     1   2005     83    7900.0       1.6       8.3      0.69      2.00      0.00  -9999.00
     1   2005     84   12500.0       1.8      11.1      0.70      2.00      0.00  -9999.00
     1   2005     85   13100.0       1.8       9.2      0.70      2.00      0.00  -9999.00
     1   2005     86    6100.0       7.7      11.8      1.05      2.00      0.00  -9999.00
     1   2005     87   11200.0       5.5      10.2      0.90      2.00      0.00  -9999.00
     1   2005     88   15700.0       7.8      10.7      1.06      2.00      0.00  -9999.00
     1   2005     89    5400.0       0.1      16.4      0.62      2.00      0.00  -9999.00
     1   2005     90    9500.0       0.2       9.9      0.62      2.00      4.40  -9999.00
     1   2005     91    5800.0       4.0       9.2      0.81      2.00      2.00  -9999.00
     1   2005     92    9600.0       3.3      12.7      0.77      2.00      7.80  -9999.00
     1   2005     93    5800.0       6.5       6.9      0.97      2.00      9.10  -9999.00
     1   2005     94   15100.0       7.7      12.6      1.05      2.00      1.50  -9999.00
     1   2005     95    8800.0       1.9      10.4      0.70      2.00      2.10  -9999.00
     1   2005     96   11700.0       7.2       9.2      1.02      2.00      3.90  -9999.00
     1   2005     97    8200.0       4.5      10.2      0.84      2.00      2.10  -9999.00
     1   2005     98   18400.0       0.2      15.5      0.62      2.00      0.00  -9999.00
     1   2005     99    9500.0       4.3      11.7      0.83      2.00      1.20  -9999.00
     1   2005    100    8700.0       3.1       9.1      0.76      2.00      5.80  -9999.00
     1   2005    101    5600.0       4.1      10.3      0.82      2.00     11.70  -9999.00
     1   2005    102    4300.0       4.4      11.0      0.84      2.00      3.60  -9999.00
     1   2005    103   11900.0       3.8      10.3      0.80      2.00      3.10  -9999.00
     1   2005    104   18600.0       1.2      12.0      0.67      2.00      2.20  -9999.00
     1   2005    105   20100.0       8.7      10.0      1.12      2.00      4.30  -9999.00
     1   2005    106   12300.0       8.5      12.0      1.11      2.00      0.30  -9999.00
     1   2005    107   19800.0       7.0      17.5      1.00      2.00      0.00  -9999.00
     1   2005    108   17200.0       2.4      12.4      0.73      2.00      0.00  -9999.00
     1   2005    109    5900.0       6.5      12.4      0.97      2.00      5.40  -9999.00
     1   2005    110    8400.0       4.6      13.0      0.85      2.00      0.80  -9999.00
     1   2005    111   12200.0       6.7       8.6      0.98      2.00      4.70  -9999.00
     1   2005    112   14800.0       6.1      10.8      0.94      2.00      0.00  -9999.00
     1   2005    113    6100.0       3.3      12.7      0.77      2.00      4.50  -9999.00
     1   2005    114   14200.0       8.9      11.9      1.14      2.00      5.90  -9999.00
     1   2005    115    9400.0       6.4      10.7      0.96      2.00      0.00  -9999.00
     1   2005    116   19700.0       1.0      14.8      0.66      2.00      0.00  -9999.00
     1   2005    117   13800.0       8.3      16.3      1.09      2.00      0.00  -9999.00
     1   2005    118   15600.0       4.7      16.6      0.85      2.00      0.00  -9999.00
     1   2005    119   18300.0       5.9      13.6      0.93      2.00      0.00  -9999.00
     1   2005    120   20200.0       6.3      16.0      0.95      2.00      0.00  -9999.00
     1   2005    121   21000.0      12.8      13.1      1.48      2.00      0.00  -9999.00
     1   2005    122   20800.0      -0.4      17.8      0.59      2.00      0.00  -9999.00
     1   2005    123   24200.0       2.0      14.3      0.71      2.00      0.00  -9999.00
     1   2005    124    8000.0       6.9       9.8      0.99      2.00      0.30  -9999.00
     1   2005    125    8200.0       8.4      10.4      1.10      2.00      4.90  -9999.00
     1   2005    126    4300.0       7.5      14.1      1.04      2.00      2.00  -9999.00
     1   2005    127   10600.0       4.3      13.0      0.83      2.00      2.10  -9999.00
     1   2005    128   11800.0       3.5      12.1      0.78      2.00     15.60  -9999.00
     1   2005    129   14800.0       8.8      23.2      1.13      2.00      0.00  -9999.00
     1   2005    130   15800.0       9.3      17.5      1.17      2.00      0.00  -9999.00
     1   2005    131   19300.0       7.7      19.1      1.05      2.00      0.00  -9999.00
     1   2005    132   22700.0       5.6      18.3      0.91      2.00      0.00  -9999.00
     1   2005    133   27300.0       9.1      14.3      1.16      2.00      0.00  -9999.00
     1   2005    134   26800.0      10.6      23.3      1.28      2.00      0.00  -9999.00
     1   2005    135   19400.0       5.0      15.0      0.87      2.00      0.00  -9999.00
     1   2005    136   21100.0      10.2      14.0      1.24      2.00      0.00  -9999.00
     1   2005    137   16200.0       9.6      15.8      1.20      2.00      0.00  -9999.00
     1   2005    138    9600.0       8.0      10.0      1.07      2.00      8.50  -9999.00
     1   2005    139   22100.0       6.5      17.2      0.97      2.00      1.70  -9999.00
     1   2005    140   21400.0       8.7      15.6      1.12      2.00      0.00  -9999.00
     1   2005    141   20900.0      12.7      14.0      1.47      2.00      0.00  -9999.00
     1   2005    142   16200.0       5.4      17.8      0.90      2.00      0.00  -9999.00
     1   2005    143   19600.0       5.0      21.4      0.87      2.00      0.00  -9999.00
     1   2005    144   21700.0       7.0      13.4      1.00      2.00      9.70  -9999.00
     1   2005    145   20800.0       6.7      18.1      0.98      2.00      0.00  -9999.00
     1   2005    146   21800.0       9.5      16.0      1.19      2.00      0.00  -9999.00
     1   2005    147    7200.0      11.7      18.8      1.37      2.00      0.10  -9999.00
     1   2005    148   23200.0      11.1      15.2      1.32      2.00      0.00  -9999.00
     1   2005    149   23000.0       8.6      12.6      1.12      2.00      0.00  -9999.00
     1   2005    150   22600.0      12.0      21.8      1.40      2.00      0.00  -9999.00
     1   2005    151   22200.0       5.9      15.9      0.93      2.00      0.00  -9999.00
     1   2005    152   13600.0      12.1      18.8      1.41      2.00      0.10  -9999.00
     1   2005    153   23400.0       6.7      15.7      0.98      2.00      6.30  -9999.00
     1   2005    154   18300.0      12.0      17.0      1.40      2.00      1.80  -9999.00
     1   2005    155   17300.0       9.9      14.1      1.22      2.00      0.10  -9999.00
     1   2005    156   27600.0       9.5      17.1      1.19      2.00      0.00  -9999.00
     1   2005    157   11200.0      12.8      26.1      1.48      2.00      0.00  -9999.00
     1   2005    158   17800.0      10.4      22.8      1.26      2.00      0.00  -9999.00
     1   2005    159   27300.0      10.3      15.4      1.25      2.00      0.00  -9999.00
     1   2005    160   19000.0       8.5      22.6      1.11      2.00      0.00  -9999.00
     1   2005    161   28700.0       8.8      17.8      1.13      2.00      0.90  -9999.00
     1   2005    162   29000.0      11.3      21.8      1.34      2.00      0.00  -9999.00
     1   2005    163   10400.0      10.2      17.2      1.24      2.00      0.10  -9999.00
     1   2005    164   12400.0      11.2      13.1      1.33      2.00      3.30  -9999.00
     1   2005    165   26000.0       9.6      21.2      1.20      2.00      0.00  -9999.00
     1   2005    166   12700.0      10.2      16.1      1.24      2.00      0.00  -9999.00
     1   2005    167   18200.0       5.6      16.9      0.91      2.00      0.00  -9999.00
     1   2005    168   14600.0      11.1      16.6      1.32      2.00      0.00  -9999.00
     1   2005    169   22300.0      11.8      20.3      1.38      2.00      0.00  -9999.00
     1   2005    170   16300.0      11.5      18.0      1.36      2.00      8.80  -9999.00
     1   2005    171   29700.0      11.0      15.2      1.31      2.00      0.00  -9999.00
     1   2005    172   21400.0       8.2      17.3      1.09      2.00      0.00  -9999.00
     1   2005    173    4500.0      12.2      21.4      1.42      2.00      1.90  -9999.00
     1   2005    174   14800.0      13.9      18.0      1.59      2.00      3.00  -9999.00
     1   2005    175   21300.0      14.0      15.0      1.60      2.00      0.00  -9999.00
     1   2005    176   17700.0      13.7      24.2      1.57      2.00      0.00  -9999.00
     1   2005    177   27300.0       9.8      20.4      1.21      2.00      0.00  -9999.00
     1   2005    178   22200.0      16.7      18.1      1.90      2.00      0.00  -9999.00
     1   2005    179   11200.0       9.0      24.0      1.15      2.00      0.00  -9999.00
     1   2005    180   28100.0      10.2      27.4      1.24      2.00      0.00  -9999.00
     1   2005    181   15900.0      13.8      16.4      1.58      2.00     13.60  -9999.00
     1   2005    182   28300.0      11.7      19.4      1.37      2.00      0.00  -9999.00
     1   2005    183   11200.0      13.2      19.2      1.52      2.00      0.00  -9999.00
     1   2005    184   13000.0       8.7      20.4      1.12      2.00      0.00  -9999.00
     1   2005    185   24800.0      14.7      16.2      1.67      2.00      0.00  -9999.00
     1   2005    186   21400.0      11.3      21.4      1.34      2.00      0.00  -9999.00
     1   2005    187   15800.0      13.0      19.1      1.50      2.00      0.30  -9999.00
     1   2005    188   12100.0      13.4      17.8      1.54      2.00      7.70  -9999.00
     1   2005    189   19100.0      13.5      17.8      1.55      2.00      2.80  -9999.00
     1   2005    190   11600.0      12.8      18.6      1.48      2.00     22.10  -9999.00
     1   2005    191   10900.0      11.2      18.0      1.33      2.00      0.10  -9999.00
     1   2005    192   13300.0      12.1      18.7      1.41      2.00      2.00  -9999.00
     1   2005    193   19000.0       9.6      23.2      1.20      2.00      0.00  -9999.00
     1   2005    194   11800.0       8.6      18.6      1.12      2.00      7.80  -9999.00
     1   2005    195   12600.0       8.8      15.4      1.13      2.00      1.20  -9999.00
     1   2005    196   25000.0       9.3      16.1      1.17      2.00      2.90  -9999.00
     1   2005    197   27400.0      10.3      28.6      1.25      2.00      5.30  -9999.00
     1   2005    198   16600.0      16.7      18.9      1.90      2.00      5.50  -9999.00
     1   2005    199   13100.0      10.8      17.3      1.29      2.00      2.70  -9999.00
     1   2005    200   21400.0       9.9      19.7      1.22      2.00      0.00  -9999.00
     1   2005    201   21900.0      14.0      19.2      1.60      2.00      2.50  -9999.00
     1   2005    202   27900.0      17.9      26.2      2.05      2.00      0.00  -9999.00
     1   2005    203   14900.0      14.1      21.4      1.61      2.00      0.00  -9999.00
     1   2005    204   24300.0      15.6      27.7      1.77      2.00      0.00  -9999.00
     1   2005    205   18000.0      14.7      30.5      1.67      2.00      0.00  -9999.00
     1   2005    206   23800.0      11.8      24.1      1.38      2.00      0.00  -9999.00
     1   2005    207   21500.0       9.8      19.6      1.21      2.00      0.00  -9999.00
     1   2005    208   19100.0      16.9      17.1      1.92      2.00      0.00  -9999.00
     1   2005    209   22200.0      13.5      29.7      1.55      2.00      0.00  -9999.00
     1   2005    210    9200.0      13.9      21.6      1.59      2.00      0.00  -9999.00
     1   2005    211   14600.0      12.7      18.0      1.47      2.00      0.80  -9999.00
     1   2005    212    9700.0      12.1      29.1      1.41      2.00      0.00  -9999.00
     1   2005    213   12400.0      11.7      19.3      1.37      2.00      0.30  -9999.00
     1   2005    214   16200.0      10.4      18.3      1.26      2.00      0.00  -9999.00
     1   2005    215   19700.0      12.4      24.3      1.44      2.00      0.00  -9999.00
     1   2005    216   25300.0      11.3      20.9      1.34      2.00      0.00  -9999.00
     1   2005    217    9100.0      14.2      19.2      1.62      2.00      2.20  -9999.00
     1   2005    218   15300.0      14.2      26.2      1.62      2.00      6.60  -9999.00
     1   2005    219   13400.0      12.2      22.8      1.42      2.00      0.00  -9999.00
     1   2005    220   16700.0      14.7      26.6      1.67      2.00      0.00  -9999.00
     1   2005    221   16800.0       9.1      21.0      1.16      2.00      0.00  -9999.00
     1   2005    222   14800.0      16.3      19.6      1.85      2.00      0.50  -9999.00
     1   2005    223   12600.0      15.3      20.5      1.74      2.00      0.00  -9999.00
     1   2005    224   13300.0      12.9      22.1      1.49      2.00      0.00  -9999.00
     1   2005    225   18100.0      10.3      22.5      1.25      2.00      0.00  -9999.00
     1   2005    226   21700.0      10.9      18.5      1.30      2.00      0.30  -9999.00
     1   2005    227   16300.0      10.3      20.1      1.25      2.00      2.80  -9999.00
     1   2005    228   15500.0      14.7      21.1      1.67      2.00     13.40  -9999.00
     1   2005    229    8000.0      17.0      18.9      1.94      2.00      5.80  -9999.00
     1   2005    230   19400.0      10.5      18.1      1.27      2.00      0.00  -9999.00
     1   2005    231   17400.0       7.1      19.4      1.01      2.00      0.00  -9999.00
     1   2005    232   18700.0      10.1      15.9      1.24      2.00      0.00  -9999.00
     1   2005    233   16700.0      14.2      19.5      1.62      2.00      0.10  -9999.00
     1   2005    234   15700.0      13.0      17.1      1.50      2.00     13.10  -9999.00
     1   2005    235   15000.0      11.7      18.3      1.37      2.00     16.30  -9999.00
     1   2005    236   12900.0      10.9      19.1      1.30      2.00      4.20  -9999.00
     1   2005    237    6500.0      12.7      18.3      1.47      2.00     20.50  -9999.00
     1   2005    238    8900.0      14.7      21.7      1.67      2.00      0.00  -9999.00
     1   2005    239    7100.0      11.6      20.1      1.37      2.00      9.20  -9999.00
     1   2005    240    9400.0      15.2      21.6      1.73      2.00      0.10  -9999.00
     1   2005    241   19500.0      11.3      16.4      1.34      2.00      4.30  -9999.00
     1   2005    242   19100.0      11.6      21.7      1.37      2.00      0.00  -9999.00
     1   2005    243   13400.0      13.0      20.1      1.50      2.00      0.00  -9999.00
     1   2005    244    8800.0      12.5      19.5      1.45      2.00      0.10  -9999.00
     1   2005    245   12000.0       9.9      22.1      1.22      2.00      0.00  -9999.00
     1   2005    246   11700.0       8.6      16.7      1.12      2.00      0.00  -9999.00
     1   2005    247    8100.0      13.5      19.4      1.55      2.00      0.60  -9999.00
     1   2005    248    5300.0      12.0      19.8      1.40      2.00      0.00  -9999.00
     1   2005    249   15700.0      10.3      18.5      1.25      2.00      1.10  -9999.00
     1   2005    250   11200.0       8.3      18.7      1.09      2.00      0.60  -9999.00
     1   2005    251    8900.0       9.1      17.3      1.16      2.00      0.70  -9999.00
     1   2005    252    9800.0      10.3      15.4      1.25      2.00     29.00  -9999.00
     1   2005    253   12500.0      12.5      17.9      1.45      2.00      3.80  -9999.00
     1   2005    254   18700.0      11.9      15.7      1.39      2.00      0.00  -9999.00
     1   2005    255    6800.0      13.3      16.7      1.53      2.00      0.20  -9999.00
     1   2005    256    8400.0      10.1      18.5      1.24      2.00      0.10  -9999.00
     1   2005    257    6900.0      11.3      19.7      1.34      2.00      2.40  -9999.00
     1   2005    258    8800.0       7.1      22.6      1.01      2.00      0.60  -9999.00
     1   2005    259    7600.0      10.7      16.0      1.29      2.00      7.10  -9999.00
     1   2005    260    7300.0      12.0      19.5      1.40      2.00      0.60  -9999.00
     1   2005    261    6600.0      10.8      21.6      1.29      2.00      2.10  -9999.00
     1   2005    262   12300.0       5.7      14.7      0.92      2.00      0.10  -9999.00
     1   2005    263    6400.0      14.1      15.4      1.61      2.00      1.10  -9999.00
     1   2005    264   10100.0      11.0      16.7      1.31      2.00      4.90  -9999.00
     1   2005    265    6800.0      14.4      16.0      1.64      2.00      8.70  -9999.00
     1   2005    266   14700.0       5.6      17.9      0.91      2.00      0.00  -9999.00
     1   2005    267    8300.0       7.2      15.4      1.02      2.00      0.00  -9999.00
     1   2005    268   12900.0      11.5      18.0      1.36      2.00      0.00  -9999.00
     1   2005    269   10900.0       7.3      15.7      1.02      2.00      0.00  -9999.00
     1   2005    270    4000.0      11.7      16.1      1.37      2.00      0.20  -9999.00
     1   2005    271   10300.0       9.5      13.7      1.19      2.00      0.00  -9999.00
     1   2005    272   10500.0      13.6      14.2      1.56      2.00      0.00  -9999.00
     1   2005    273    8600.0      10.3      15.6      1.25      2.00      0.00  -9999.00
     1   2005    274    9700.0       6.1      16.6      0.94      2.00      0.80  -9999.00
     1   2005    275    5000.0      13.8      16.7      1.58      2.00      9.30  -9999.00
     1   2005    276    5800.0       7.1      15.4      1.01      2.00      0.30  -9999.00
     1   2005    277   11600.0       6.0      14.6      0.93      2.00      1.10  -9999.00
     1   2005    278    6100.0      10.1      12.1      1.24      2.00     15.80  -9999.00
     1   2005    279   12900.0       9.0      11.4      1.15      2.00      1.30  -9999.00
     1   2005    280   10500.0       8.4      17.9      1.10      2.00     12.90  -9999.00
     1   2005    281    4800.0       6.1      17.4      0.94      2.00      0.80  -9999.00
     1   2005    282   10500.0       9.0      12.9      1.15      2.00     10.70  -9999.00
     1   2005    283    9800.0      13.4      14.5      1.54      2.00     10.30  -9999.00
     1   2005    284    9900.0      10.4      15.7      1.26      2.00      2.20  -9999.00
     1   2005    285    5900.0       9.5      11.5      1.19      2.00      0.30  -9999.00
     1   2005    286    5200.0       4.3      14.7      0.83      2.00      0.30  -9999.00
     1   2005    287    4400.0       9.4      15.7      1.18      2.00      8.30  -9999.00
     1   2005    288    4200.0      10.1      15.2      1.24      2.00     12.50  -9999.00
     1   2005    289    3800.0       9.0      15.6      1.15      2.00      0.10  -9999.00
     1   2005    290    5800.0       8.1      11.3      1.08      2.00      0.30  -9999.00
     1   2005    291    6500.0       9.4      17.1      1.18      2.00      8.80  -9999.00
     1   2005    292    8300.0      11.2      13.9      1.33      2.00     10.60  -9999.00
     1   2005    293    7100.0      11.4      13.4      1.35      2.00      1.70  -9999.00
     1   2005    294    3900.0       6.3      13.5      0.95      2.00      0.80  -9999.00
     1   2005    295    5100.0      12.4      15.8      1.44      2.00     22.00  -9999.00
     1   2005    296    3700.0      12.8      13.1      1.48      2.00     13.30  -9999.00
     1   2005    297    2000.0       9.3      11.0      1.17      2.00      8.70  -9999.00
     1   2005    298    9300.0      12.0      13.1      1.40      2.00      0.70  -9999.00
     1   2005    299    5800.0      13.0      14.7      1.50      2.00      7.50  -9999.00
     1   2005    300    3600.0       6.3      15.0      0.95      2.00      0.30  -9999.00
     1   2005    301    4800.0       8.7      13.6      1.12      2.00      0.80  -9999.00
     1   2005    302    2800.0      10.1      16.0      1.24      2.00      0.00  -9999.00
     1   2005    303    6500.0       8.6       9.4      1.12      2.00      0.00  -9999.00
     1   2005    304    5600.0       3.8      10.0      0.80      2.00      0.00  -9999.00
     1   2005    305    4100.0       2.0       9.4      0.71      2.00      3.50  -9999.00
     1   2005    306    6200.0       6.3      13.3      0.95      2.00      1.20  -9999.00
     1   2005    307    2400.0       3.3      13.1      0.77      2.00      0.00  -9999.00
     1   2005    308    3400.0       9.3      13.9      1.17      2.00      2.60  -9999.00
     1   2005    309    2700.0       5.3      16.5      0.89      2.00      6.10  -9999.00
     1   2005    310    3600.0       5.2       7.6      0.88      2.00      2.90  -9999.00
     1   2005    311    2500.0       8.3      14.3      1.09      2.00      0.50  -9999.00
     1   2005    312    4500.0       5.5       8.3      0.90      2.00      1.30  -9999.00
     1   2005    313    2300.0       5.5       7.5      0.90      2.00     15.80  -9999.00
     1   2005    314    3400.0      -0.9      15.3      0.57      2.00      4.20  -9999.00
     1   2005    315    3600.0      11.9      13.7      1.39      2.00      5.60  -9999.00
     1   2005    316    2300.0       8.5      11.3      1.11      2.00     22.40  -9999.00
     1   2005    317    2300.0      10.4      10.4      1.26      2.00      1.50  -9999.00
     1   2005    318    4200.0       8.5      10.3      1.11      2.00      0.00  -9999.00
     1   2005    319    5100.0      10.5      12.5      1.27      2.00     15.20  -9999.00
     1   2005    320    2500.0       6.2       7.5      0.95      2.00      0.00  -9999.00
     1   2005    321    4300.0       8.1      10.1      1.08      2.00      0.00  -9999.00
     1   2005    322    2600.0       6.8       8.1      0.99      2.00      0.00  -9999.00
     1   2005    323    3400.0       8.6       9.6      1.12      2.00      4.20  -9999.00
     1   2005    324    2300.0       0.4      14.9      0.63      2.00      0.80  -9999.00
     1   2005    325    1900.0       9.8      12.2      1.21      2.00      1.90  -9999.00
     1   2005    326    1600.0       4.1      11.7      0.82      2.00      1.00  -9999.00
     1   2005    327    2800.0       2.6      13.4      0.74      2.00      8.70  -9999.00
     1   2005    328    2000.0       5.8       8.2      0.92      2.00      4.20  -9999.00
     1   2005    329    1400.0       6.0      12.6      0.93      2.00      0.60  -9999.00
     1   2005    330    2200.0       7.4      11.8      1.03      2.00      5.60  -9999.00
     1   2005    331    4400.0       0.9      13.3      0.65      2.00      0.00  -9999.00
     1   2005    332    2200.0       1.0       3.6      0.66      2.00      0.00  -9999.00
     1   2005    333    3100.0       4.3      10.3      0.83      2.00      0.00  -9999.00
     1   2005    334    3000.0      -0.7       6.3      0.58      2.00      0.00  -9999.00
     1   2005    335    4200.0       7.4      12.2      1.03      2.00      0.00  -9999.00
     1   2005    336    5000.0       2.9      12.8      0.75      2.00      0.00  -9999.00
     1   2005    337    2600.0       0.4       9.3      0.63      2.00      0.10  -9999.00
     1   2005    338    2600.0       3.1      10.7      0.76      2.00     10.80  -9999.00
     1   2005    339    2000.0       3.1       7.8      0.76      2.00      0.10  -9999.00
     1   2005    340    2600.0      -1.3      11.8      0.56      2.00     10.60  -9999.00
     1   2005    341    3200.0       9.7      10.8      1.20      2.00      0.30  -9999.00
     1   2005    342    1500.0       2.3      10.8      0.72      2.00      0.80  -9999.00
     1   2005    343     700.0      -0.4       1.6      0.59      2.00      0.30  -9999.00
     1   2005    344     700.0      -1.2       9.8      0.56      2.00      0.00  -9999.00
     1   2005    345    1800.0      -0.5       1.6      0.59      2.00      0.00  -9999.00
     1   2005    346    1400.0       7.6      11.6      1.04      2.00     10.70  -9999.00
     1   2005    347    2900.0       3.3       5.1      0.77      2.00      1.00  -9999.00
     1   2005    348    3600.0       5.5       9.6      0.90      2.00      6.00  -9999.00
     1   2005    349    2700.0       4.5       5.3      0.84      2.00     17.80  -9999.00
     1   2005    350    3100.0       7.0       9.0      1.00      2.00      3.30  -9999.00
     1   2005    351    1200.0       2.5      10.2      0.73      2.00      0.10  -9999.00
     1   2005    352    1600.0       1.3       8.7      0.67      2.00     13.30  -9999.00
     1   2005    353    1900.0       7.0       7.9      1.00      2.00      1.00  -9999.00
     1   2005    354     700.0      10.2      10.4      1.24      2.00     11.30  -9999.00
     1   2005    355    1300.0       2.4      13.0      0.73      2.00      9.40  -9999.00
     1   2005    356    1900.0       1.5       7.3      0.68      2.00      0.00  -9999.00
     1   2005    357    1600.0       0.5      11.6      0.63      2.00      0.10  -9999.00
     1   2005    358    1500.0      -5.2      10.8      0.41      2.00      1.70  -9999.00
     1   2005    359     700.0       5.3       5.4      0.89      2.00      0.00  -9999.00
     1   2005    360    2400.0       2.8      11.5      0.75      2.00      0.10  -9999.00
     1   2005    361    1600.0       1.9       3.9      0.70      2.00      1.60  -9999.00
     1   2005    362    1400.0       3.4       5.4      0.78      2.00      0.00  -9999.00
     1   2005    363    3800.0       0.2       8.5      0.62      2.00      0.30  -9999.00
     1   2005    364    1500.0       1.6       7.6      0.69      2.00      3.60  -9999.00
     1   2005    365    3200.0       4.0       6.0      0.81      2.00      0.00  -9999.00
