*-----------------------------------------------------------------------------* 
           CNWG_163.met           51.48   -3.55   69.72
* Date created:  08-Aug-2019     Author: K Coleman 
* 
* NIL VALUE       -9999 
* Source:   data provided by M. Semenov 
*  
* Latitude:    51.48 Longitude:    -3.55 Altitude:    69.72
* 
* Column  Daily value 
* 1       station number 
* 2       year 
* 3       day 
* 4       irradiation                   (kJ m-2 d-1) 
* 5       minimum temperature           (degrees Celsius) 
* 6       maximum temperature           (degrees Celsius) 
* 7       early morning vapour pressure (kPa)             
* 8       mean wind speed (height: 2 m?) (m s-1)          
* 9       precipitation                 (mm d-1)          
* 10      sunshine                      (hrs)             
 		Jday	RAD	    TMIN	TMAX	 VAP	wind	RAIN	SUN  
               kj/m2	°C	    °C	     kPa	m/s	    mm	    hrs 
   51.48  69.72
     1   2005      1    1500.0      -2.5       7.1      0.51      2.00      0.00  -9999.00
     1   2005      2    3300.0       1.8       5.7      0.70      2.00      0.00  -9999.00
     1   2005      3    2000.0       0.5       9.8      0.63      2.00      0.00  -9999.00
     1   2005      4    1700.0       0.6       5.5      0.64      2.00      0.00  -9999.00
     1   2005      5    4800.0       4.5       9.2      0.84      2.00      0.00  -9999.00
     1   2005      6    2500.0       4.5       7.4      0.84      2.00      0.00  -9999.00
     1   2005      7    1100.0       1.0      10.6      0.66      2.00      0.00  -9999.00
     1   2005      8    3400.0       3.5       5.5      0.78      2.00      0.00  -9999.00
     1   2005      9    2500.0       1.4       7.5      0.68      2.00      2.40  -9999.00
     1   2005     10    4100.0       1.8       3.4      0.70      2.00      0.00  -9999.00
     1   2005     11    3100.0       4.4       6.9      0.84      2.00      0.00  -9999.00
     1   2005     12    1500.0       4.0       8.7      0.81      2.00      0.00  -9999.00
     1   2005     13    5300.0       1.2       9.1      0.67      2.00      0.00  -9999.00
     1   2005     14    5100.0       2.9       9.4      0.75      2.00      5.80  -9999.00
     1   2005     15    1500.0       3.9       8.8      0.81      2.00      3.70  -9999.00
     1   2005     16    1900.0       5.0       5.7      0.87      2.00      0.00  -9999.00
     1   2005     17    5600.0       4.8       6.8      0.86      2.00      0.40  -9999.00
     1   2005     18    3400.0       2.7       4.6      0.74      2.00      2.10  -9999.00
     1   2005     19    4800.0      -0.9       6.0      0.57      2.00      0.00  -9999.00
     1   2005     20    4200.0       1.2       4.3      0.67      2.00      0.00  -9999.00
     1   2005     21    2400.0       4.2       9.6      0.82      2.00      4.80  -9999.00
     1   2005     22    2600.0       0.9       9.2      0.65      2.00      0.00  -9999.00
     1   2005     23    3200.0       2.3       8.1      0.72      2.00      0.50  -9999.00
     1   2005     24    2400.0       3.5       7.3      0.78      2.00      0.00  -9999.00
     1   2005     25    2600.0       9.1      11.1      1.16      2.00      2.70  -9999.00
     1   2005     26    2200.0       3.2       9.4      0.77      2.00      9.50  -9999.00
     1   2005     27    2600.0       3.7       6.3      0.80      2.00      0.00  -9999.00
     1   2005     28    2100.0       5.7       8.7      0.92      2.00      0.20  -9999.00
     1   2005     29    2800.0       0.6       8.5      0.64      2.00      1.80  -9999.00
     1   2005     30    4200.0       0.2       9.6      0.62      2.00     18.20  -9999.00
     1   2005     31    7100.0       4.5       6.5      0.84      2.00      0.00  -9999.00
     1   2005     32    2500.0      -1.8       8.5      0.54      2.00      0.20  -9999.00
     1   2005     33    2800.0       2.2       4.2      0.72      2.00      0.00  -9999.00
     1   2005     34    2200.0       1.7      11.9      0.69      2.00     18.50  -9999.00
     1   2005     35    6700.0      -1.5       3.4      0.55      2.00      0.00  -9999.00
     1   2005     36    2100.0       2.8       3.9      0.75      2.00      5.60  -9999.00
     1   2005     37    3200.0       3.2      10.9      0.77      2.00     13.60  -9999.00
     1   2005     38    4600.0       1.7       7.7      0.69      2.00      7.00  -9999.00
     1   2005     39    4600.0       4.1       6.1      0.82      2.00      6.70  -9999.00
     1   2005     40    2300.0       8.3       8.6      1.09      2.00     21.30  -9999.00
     1   2005     41    5600.0       3.3       7.3      0.77      2.00      0.00  -9999.00
     1   2005     42    8700.0      -2.5       8.5      0.51      2.00      0.00  -9999.00
     1   2005     43    3000.0      -2.0       2.8      0.53      2.00      0.00  -9999.00
     1   2005     44    2600.0       3.4      10.1      0.78      2.00      0.00  -9999.00
     1   2005     45    8900.0       3.6       7.5      0.79      2.00      0.00  -9999.00
     1   2005     46    8100.0      -0.7       1.3      0.58      2.00      0.00  -9999.00
     1   2005     47    1400.0      -1.2       6.7      0.56      2.00      0.00  -9999.00
     1   2005     48    3800.0       0.8       1.7      0.65      2.00      0.00  -9999.00
     1   2005     49    3600.0       3.4       9.0      0.78      2.00      0.00  -9999.00
     1   2005     50    6700.0      -1.6       3.7      0.54      2.00      0.00  -9999.00
     1   2005     51    3600.0       6.7       8.7      0.98      2.00      0.00  -9999.00
     1   2005     52    6000.0      -0.7       3.5      0.58      2.00      0.00  -9999.00
     1   2005     53    7000.0       6.1       8.1      0.94      2.00      2.30  -9999.00
     1   2005     54    9200.0       8.5       9.1      1.11      2.00      1.20  -9999.00
     1   2005     55    4300.0       0.0      10.1      0.61      2.00      5.20  -9999.00
     1   2005     56    4600.0      -1.2      11.3      0.56      2.00      0.90  -9999.00
     1   2005     57   10400.0      -3.1      11.7      0.49      2.00      0.00  -9999.00
     1   2005     58    9300.0       2.8      10.0      0.75      2.00      0.00  -9999.00
     1   2005     59    7900.0       7.8       8.6      1.06      2.00      0.00  -9999.00
     1   2005     60    9600.0       0.8       5.9      0.65      2.00      3.10  -9999.00
     1   2005     61    5400.0       7.0       7.3      1.00      2.00      0.10  -9999.00
     1   2005     62    6100.0       6.8       8.5      0.99      2.00      0.60  -9999.00
     1   2005     63    4800.0       3.1       4.7      0.76      2.00      0.00  -9999.00
     1   2005     64    6900.0       7.0       8.2      1.00      2.00      0.00  -9999.00
     1   2005     65    4600.0      -0.5      11.0      0.59      2.00      0.00  -9999.00
     1   2005     66   13200.0       3.4       9.9      0.78      2.00      0.00  -9999.00
     1   2005     67    7300.0       1.7      12.2      0.69      2.00      5.80  -9999.00
     1   2005     68    4500.0       4.7      13.4      0.85      2.00      0.10  -9999.00
     1   2005     69    3300.0       3.6      10.7      0.79      2.00      1.90  -9999.00
     1   2005     70    4500.0       7.0       9.0      1.00      2.00      8.60  -9999.00
     1   2005     71    4700.0       2.4       4.4      0.73      2.00      4.60  -9999.00
     1   2005     72   10900.0       4.9       6.9      0.87      2.00      0.00  -9999.00
     1   2005     73   10400.0      -1.1       7.8      0.56      2.00      0.00  -9999.00
     1   2005     74    6300.0       1.3      10.9      0.67      2.00      0.00  -9999.00
     1   2005     75   10200.0       1.4      10.1      0.68      2.00      1.60  -9999.00
     1   2005     76    7200.0       6.9       8.9      0.99      2.00      3.20  -9999.00
     1   2005     77   12300.0       5.7      10.7      0.92      2.00      0.00  -9999.00
     1   2005     78   15900.0       5.2       7.2      0.88      2.00      2.10  -9999.00
     1   2005     79    6200.0       7.0      11.3      1.00      2.00      0.90  -9999.00
     1   2005     80    5300.0       6.6      13.3      0.97      2.00      0.00  -9999.00
     1   2005     81   16200.0       3.6       9.9      0.79      2.00      0.00  -9999.00
     1   2005     82    8800.0       6.9       9.9      0.99      2.00      0.00  -9999.00
     1   2005     83    3700.0       3.6      10.4      0.79      2.00      0.00  -9999.00
     1   2005     84   15800.0       7.9      11.6      1.07      2.00      0.00  -9999.00
     1   2005     85    8500.0       1.7       8.2      0.69      2.00      0.00  -9999.00
     1   2005     86   11200.0       7.0       9.0      1.00      2.00      0.00  -9999.00
     1   2005     87    5400.0       4.2       7.9      0.82      2.00     17.20  -9999.00
     1   2005     88   11500.0       3.2      12.2      0.77      2.00      0.00  -9999.00
     1   2005     89    9300.0       4.4      11.8      0.84      2.00      0.00  -9999.00
     1   2005     90   17000.0      -0.9       7.3      0.57      2.00      0.00  -9999.00
     1   2005     91    9600.0       6.6      10.2      0.97      2.00      0.00  -9999.00
     1   2005     92    6900.0       3.0      14.2      0.76      2.00      1.40  -9999.00
     1   2005     93    5100.0       3.0       9.5      0.76      2.00      0.00  -9999.00
     1   2005     94   11000.0       9.4      12.2      1.18      2.00     18.50  -9999.00
     1   2005     95   12000.0       2.3      14.0      0.72      2.00      5.40  -9999.00
     1   2005     96   12500.0       6.2      10.4      0.95      2.00      0.50  -9999.00
     1   2005     97   13800.0       1.5      10.4      0.68      2.00      0.00  -9999.00
     1   2005     98   18400.0       3.6      13.6      0.79      2.00      0.00  -9999.00
     1   2005     99    7400.0      -0.1      12.0      0.61      2.00     14.30  -9999.00
     1   2005    100    5100.0       6.9      11.2      0.99      2.00      4.20  -9999.00
     1   2005    101   13700.0       1.1       8.7      0.66      2.00      1.20  -9999.00
     1   2005    102   12100.0       8.5      10.5      1.11      2.00      1.10  -9999.00
     1   2005    103   14800.0       5.8       8.6      0.92      2.00     13.70  -9999.00
     1   2005    104   15400.0       4.2      12.6      0.82      2.00      1.70  -9999.00
     1   2005    105    7700.0       1.5      11.0      0.68      2.00      0.00  -9999.00
     1   2005    106   19300.0       0.1       9.8      0.62      2.00      0.00  -9999.00
     1   2005    107   16200.0       2.0      11.9      0.71      2.00      0.00  -9999.00
     1   2005    108   15200.0       5.4      12.8      0.90      2.00      0.00  -9999.00
     1   2005    109   17500.0       8.6      17.0      1.12      2.00      0.00  -9999.00
     1   2005    110   14600.0       9.7      12.9      1.20      2.00      0.00  -9999.00
     1   2005    111   18500.0       2.1      17.6      0.71      2.00      0.00  -9999.00
     1   2005    112   16800.0       1.2      11.1      0.67      2.00      0.00  -9999.00
     1   2005    113   13800.0       6.5      12.2      0.97      2.00      2.10  -9999.00
     1   2005    114    7900.0       5.7      11.2      0.92      2.00      0.50  -9999.00
     1   2005    115   22000.0       6.8      14.9      0.99      2.00      1.50  -9999.00
     1   2005    116   12600.0      10.2      13.9      1.24      2.00      0.40  -9999.00
     1   2005    117   11600.0       6.0      18.8      0.93      2.00      2.10  -9999.00
     1   2005    118   20600.0       0.3      19.5      0.62      2.00      0.00  -9999.00
     1   2005    119    7700.0       7.5      20.5      1.04      2.00      0.00  -9999.00
     1   2005    120   13900.0       3.0      18.7      0.76      2.00      5.40  -9999.00
     1   2005    121   15900.0       8.3      11.6      1.09      2.00      9.20  -9999.00
     1   2005    122   16300.0       5.4      19.8      0.90      2.00      0.00  -9999.00
     1   2005    123   10900.0       0.5      14.7      0.63      2.00      0.10  -9999.00
     1   2005    124   14000.0       3.4      13.1      0.78      2.00      5.00  -9999.00
     1   2005    125    8000.0       7.1      12.4      1.01      2.00      1.90  -9999.00
     1   2005    126    3900.0       6.7      10.3      0.98      2.00      1.30  -9999.00
     1   2005    127   22700.0       1.6      14.9      0.69      2.00      0.00  -9999.00
     1   2005    128   23100.0      10.9      12.2      1.30      2.00      0.00  -9999.00
     1   2005    129   24900.0       7.1      11.6      1.01      2.00      1.50  -9999.00
     1   2005    130   13700.0      11.4      15.1      1.35      2.00      1.30  -9999.00
     1   2005    131   15400.0       8.4      13.4      1.10      2.00      0.80  -9999.00
     1   2005    132   21600.0      10.3      20.4      1.25      2.00      0.00  -9999.00
     1   2005    133   24500.0       8.2      14.7      1.09      2.00      0.00  -9999.00
     1   2005    134   10000.0      10.9      11.5      1.30      2.00      0.00  -9999.00
     1   2005    135   11500.0       8.0      14.6      1.07      2.00      0.00  -9999.00
     1   2005    136   19900.0       8.2      14.9      1.09      2.00      0.10  -9999.00
     1   2005    137   12100.0      11.2      18.4      1.33      2.00      0.00  -9999.00
     1   2005    138   21300.0       8.6      19.1      1.12      2.00      0.00  -9999.00
     1   2005    139   10400.0       7.3      14.3      1.02      2.00      2.70  -9999.00
     1   2005    140    9900.0       9.6      16.3      1.20      2.00     13.70  -9999.00
     1   2005    141   19000.0       7.0      19.2      1.00      2.00      0.00  -9999.00
     1   2005    142   11500.0       8.4      14.6      1.10      2.00      0.10  -9999.00
     1   2005    143   11300.0      10.7      11.5      1.29      2.00     11.10  -9999.00
     1   2005    144   22200.0       9.5      11.5      1.19      2.00     31.40  -9999.00
     1   2005    145   11900.0      10.2      13.6      1.24      2.00      6.90  -9999.00
     1   2005    146   15200.0      11.2      16.4      1.33      2.00     12.10  -9999.00
     1   2005    147   21900.0      10.4      15.8      1.26      2.00      9.50  -9999.00
     1   2005    148   15600.0       9.9      17.7      1.22      2.00      0.90  -9999.00
     1   2005    149   11900.0       6.7      16.6      0.98      2.00      6.20  -9999.00
     1   2005    150   22700.0      12.0      18.5      1.40      2.00      0.00  -9999.00
     1   2005    151   26900.0       8.8      16.7      1.13      2.00      0.00  -9999.00
     1   2005    152   16500.0       9.6      14.4      1.20      2.00      0.10  -9999.00
     1   2005    153   22700.0      10.6      20.9      1.28      2.00      2.60  -9999.00
     1   2005    154   20000.0      11.3      17.6      1.34      2.00      1.10  -9999.00
     1   2005    155    8100.0      12.4      14.1      1.44      2.00      2.00  -9999.00
     1   2005    156   25800.0      10.6      14.2      1.28      2.00      0.00  -9999.00
     1   2005    157   15300.0      13.2      15.1      1.52      2.00      0.00  -9999.00
     1   2005    158   23000.0       7.7      17.5      1.05      2.00      0.00  -9999.00
     1   2005    159   22900.0       5.0      24.9      0.87      2.00      0.00  -9999.00
     1   2005    160   25000.0       2.9      21.3      0.75      2.00      0.00  -9999.00
     1   2005    161   23200.0      11.1      22.6      1.32      2.00      0.00  -9999.00
     1   2005    162   15600.0       9.7      13.6      1.20      2.00      0.00  -9999.00
     1   2005    163   13000.0       9.8      19.2      1.21      2.00      0.00  -9999.00
     1   2005    164   20700.0       9.3      16.4      1.17      2.00      0.00  -9999.00
     1   2005    165   25000.0       7.8      15.1      1.06      2.00      0.00  -9999.00
     1   2005    166   28000.0       8.3      15.6      1.09      2.00      0.00  -9999.00
     1   2005    167   20200.0      12.2      16.3      1.42      2.00      0.00  -9999.00
     1   2005    168   26400.0      11.4      19.4      1.35      2.00      0.00  -9999.00
     1   2005    169   18600.0       7.1      16.1      1.01      2.00      0.00  -9999.00
     1   2005    170   23600.0      13.1      14.9      1.51      2.00      0.00  -9999.00
     1   2005    171   16300.0      13.8      16.2      1.58      2.00      0.90  -9999.00
     1   2005    172   15500.0      12.2      16.9      1.42      2.00      2.60  -9999.00
     1   2005    173   12700.0       7.0      21.7      1.00      2.00      0.70  -9999.00
     1   2005    174   21600.0      10.1      20.3      1.24      2.00      0.00  -9999.00
     1   2005    175   17600.0      12.3      18.1      1.43      2.00      0.20  -9999.00
     1   2005    176   17500.0      10.8      14.8      1.29      2.00      0.90  -9999.00
     1   2005    177   18400.0       7.3      17.2      1.02      2.00      3.40  -9999.00
     1   2005    178    4500.0       8.3      16.9      1.09      2.00      7.40  -9999.00
     1   2005    179   29100.0       8.6      18.1      1.12      2.00      0.00  -9999.00
     1   2005    180   21500.0      10.9      15.9      1.30      2.00      0.00  -9999.00
     1   2005    181   16500.0      14.4      22.1      1.64      2.00      0.80  -9999.00
     1   2005    182    8600.0      13.6      17.2      1.56      2.00      0.70  -9999.00
     1   2005    183   18800.0       9.1      28.7      1.16      2.00      0.00  -9999.00
     1   2005    184   16300.0      11.4      25.1      1.35      2.00      0.00  -9999.00
     1   2005    185   14600.0      14.7      19.8      1.67      2.00      0.20  -9999.00
     1   2005    186   15400.0      13.1      17.4      1.51      2.00      1.00  -9999.00
     1   2005    187   19200.0      11.0      18.5      1.31      2.00      0.10  -9999.00
     1   2005    188   19800.0      11.5      18.4      1.36      2.00      5.90  -9999.00
     1   2005    189   19300.0      15.0      23.8      1.70      2.00      0.00  -9999.00
     1   2005    190   16300.0      14.4      26.0      1.64      2.00      0.00  -9999.00
     1   2005    191   13900.0      12.8      20.2      1.48      2.00      1.60  -9999.00
     1   2005    192   13300.0      10.0      19.9      1.23      2.00     15.90  -9999.00
     1   2005    193   14400.0      11.3      17.0      1.34      2.00      7.80  -9999.00
     1   2005    194   13700.0      13.8      17.2      1.58      2.00      2.00  -9999.00
     1   2005    195   17300.0      11.2      18.0      1.33      2.00      5.60  -9999.00
     1   2005    196   13100.0      14.3      18.1      1.63      2.00      5.80  -9999.00
     1   2005    197   25800.0      12.7      26.6      1.47      2.00      0.00  -9999.00
     1   2005    198    8500.0      14.6      19.0      1.66      2.00      0.70  -9999.00
     1   2005    199   18100.0      11.8      20.4      1.38      2.00      0.00  -9999.00
     1   2005    200   11800.0      11.9      19.4      1.39      2.00      0.30  -9999.00
     1   2005    201   23200.0      13.1      18.2      1.51      2.00      0.10  -9999.00
     1   2005    202   16700.0      16.0      17.4      1.82      2.00     15.80  -9999.00
     1   2005    203   26600.0      13.4      20.5      1.54      2.00      0.00  -9999.00
     1   2005    204   20800.0      13.2      21.6      1.52      2.00      0.00  -9999.00
     1   2005    205   14900.0      12.9      18.1      1.49      2.00      7.20  -9999.00
     1   2005    206   14900.0      16.0      25.8      1.82      2.00      0.00  -9999.00
     1   2005    207   22300.0      18.9      19.6      2.18      2.00      0.00  -9999.00
     1   2005    208   21500.0      15.4      21.8      1.75      2.00      0.00  -9999.00
     1   2005    209   16900.0      10.8      25.7      1.29      2.00      0.00  -9999.00
     1   2005    210   13000.0      13.1      18.1      1.51      2.00      0.00  -9999.00
     1   2005    211   27300.0      15.1      22.6      1.72      2.00      0.00  -9999.00
     1   2005    212   15900.0       7.9      20.0      1.07      2.00      0.00  -9999.00
     1   2005    213   13300.0      14.9      18.1      1.69      2.00      0.00  -9999.00
     1   2005    214   17600.0       9.8      23.3      1.21      2.00      0.00  -9999.00
     1   2005    215   14700.0      10.7      18.7      1.29      2.00      0.00  -9999.00
     1   2005    216   11700.0      13.3      22.4      1.53      2.00      0.10  -9999.00
     1   2005    217   15100.0      14.3      23.0      1.63      2.00      4.00  -9999.00
     1   2005    218   11400.0      12.8      19.7      1.48      2.00      2.20  -9999.00
     1   2005    219   17300.0      12.9      19.9      1.49      2.00      0.00  -9999.00
     1   2005    220   20000.0      10.9      25.2      1.30      2.00      0.00  -9999.00
     1   2005    221   14000.0      12.9      17.2      1.49      2.00      0.20  -9999.00
     1   2005    222    3700.0      16.9      18.9      1.92      2.00      3.10  -9999.00
     1   2005    223   18700.0      11.4      18.5      1.35      2.00      5.40  -9999.00
     1   2005    224   13800.0      12.8      19.0      1.48      2.00      0.30  -9999.00
     1   2005    225    5400.0      11.2      18.0      1.33      2.00      3.00  -9999.00
     1   2005    226   13800.0      11.2      18.6      1.33      2.00      0.50  -9999.00
     1   2005    227   10100.0      13.3      22.1      1.53      2.00      3.20  -9999.00
     1   2005    228   15700.0      13.6      22.4      1.56      2.00      1.60  -9999.00
     1   2005    229   20000.0      13.9      21.6      1.59      2.00      5.20  -9999.00
     1   2005    230   12900.0      10.7      18.6      1.29      2.00     17.60  -9999.00
     1   2005    231   11100.0       9.1      17.2      1.16      2.00      6.10  -9999.00
     1   2005    232   14500.0      15.3      20.9      1.74      2.00      1.10  -9999.00
     1   2005    233   11400.0      11.5      18.9      1.36      2.00      0.10  -9999.00
     1   2005    234   11400.0      17.1      20.9      1.95      2.00      0.40  -9999.00
     1   2005    235   15900.0      13.4      19.2      1.54      2.00      0.00  -9999.00
     1   2005    236   14400.0      13.2      21.2      1.52      2.00      0.00  -9999.00
     1   2005    237   17700.0      12.5      20.5      1.45      2.00      0.00  -9999.00
     1   2005    238   12400.0       9.9      20.4      1.22      2.00      0.00  -9999.00
     1   2005    239   15000.0      17.2      20.6      1.96      2.00      0.00  -9999.00
     1   2005    240   19700.0       9.7      20.0      1.20      2.00      0.00  -9999.00
     1   2005    241   13600.0      12.0      22.2      1.40      2.00      0.00  -9999.00
     1   2005    242   11700.0      15.6      22.4      1.77      2.00      0.00  -9999.00
     1   2005    243   10600.0      12.5      20.8      1.45      2.00      0.00  -9999.00
     1   2005    244   12100.0       9.0      17.5      1.15      2.00      6.30  -9999.00
     1   2005    245   11200.0       9.2      18.9      1.16      2.00     11.00  -9999.00
     1   2005    246   17100.0      11.3      18.0      1.34      2.00      6.70  -9999.00
     1   2005    247    8000.0       8.7      18.3      1.12      2.00     32.60  -9999.00
     1   2005    248   18300.0       8.7      22.4      1.12      2.00      0.00  -9999.00
     1   2005    249   16000.0      11.6      19.9      1.37      2.00      0.00  -9999.00
     1   2005    250   10200.0      13.6      16.6      1.56      2.00     10.30  -9999.00
     1   2005    251   11700.0      14.1      18.8      1.61      2.00      2.60  -9999.00
     1   2005    252    5400.0      15.7      17.0      1.78      2.00      3.70  -9999.00
     1   2005    253   13500.0       8.8      16.6      1.13      2.00      0.00  -9999.00
     1   2005    254   13300.0      16.0      16.6      1.82      2.00      0.10  -9999.00
     1   2005    255   13800.0       9.9      18.5      1.22      2.00      0.00  -9999.00
     1   2005    256   15600.0      11.1      15.2      1.32      2.00      0.00  -9999.00
     1   2005    257   17500.0       7.9      18.7      1.07      2.00      0.00  -9999.00
     1   2005    258    6300.0      11.5      15.9      1.36      2.00      0.00  -9999.00
     1   2005    259   12400.0       2.9      18.3      0.75      2.00      0.00  -9999.00
     1   2005    260   10400.0      15.4      21.5      1.75      2.00      0.00  -9999.00
     1   2005    261   15600.0       4.6      16.2      0.85      2.00      0.00  -9999.00
     1   2005    262   14900.0      13.3      17.2      1.53      2.00      0.00  -9999.00
     1   2005    263    9400.0      12.1      17.4      1.41      2.00     13.40  -9999.00
     1   2005    264   16300.0      15.5      16.5      1.76      2.00      0.30  -9999.00
     1   2005    265    8900.0      11.1      13.1      1.32      2.00      9.50  -9999.00
     1   2005    266    5700.0      11.9      13.7      1.39      2.00      7.00  -9999.00
     1   2005    267   10100.0      11.2      16.5      1.33      2.00      0.50  -9999.00
     1   2005    268    6200.0      10.9      15.4      1.30      2.00      8.60  -9999.00
     1   2005    269    6400.0      12.1      14.8      1.41      2.00      5.40  -9999.00
     1   2005    270    5700.0      13.4      13.7      1.54      2.00      0.10  -9999.00
     1   2005    271    6000.0      13.4      15.4      1.54      2.00      9.40  -9999.00
     1   2005    272    4500.0      10.6      19.6      1.28      2.00      0.10  -9999.00
     1   2005    273    4200.0      10.9      11.9      1.30      2.00      2.60  -9999.00
     1   2005    274    9300.0       7.9      12.3      1.07      2.00      6.50  -9999.00
     1   2005    275    7900.0       9.0      10.5      1.15      2.00     39.60  -9999.00
     1   2005    276   10500.0       7.0      12.6      1.00      2.00      0.00  -9999.00
     1   2005    277    9200.0       4.3      14.6      0.83      2.00      4.90  -9999.00
     1   2005    278    5000.0      11.0      17.9      1.31      2.00      0.60  -9999.00
     1   2005    279   10700.0      10.7      16.8      1.29      2.00      3.50  -9999.00
     1   2005    280    8800.0       9.1      16.8      1.16      2.00      5.20  -9999.00
     1   2005    281    7400.0       4.7      12.1      0.85      2.00      5.90  -9999.00
     1   2005    282   10500.0       9.4      16.4      1.18      2.00      0.00  -9999.00
     1   2005    283    3900.0       9.1      15.3      1.16      2.00      2.30  -9999.00
     1   2005    284   12000.0       0.5      19.7      0.63      2.00      0.00  -9999.00
     1   2005    285    5700.0       9.3      15.8      1.17      2.00      0.10  -9999.00
     1   2005    286    6300.0       9.3      14.3      1.17      2.00      7.20  -9999.00
     1   2005    287    6200.0      10.8      14.8      1.29      2.00      1.40  -9999.00
     1   2005    288    7200.0       7.8      13.9      1.06      2.00      3.70  -9999.00
     1   2005    289    7300.0       9.5      14.0      1.19      2.00      0.00  -9999.00
     1   2005    290    8600.0       7.2      11.6      1.02      2.00      0.00  -9999.00
     1   2005    291    3900.0      10.0      16.5      1.23      2.00      1.70  -9999.00
     1   2005    292    4200.0      10.8      11.6      1.29      2.00      0.80  -9999.00
     1   2005    293    8400.0       3.9      13.6      0.81      2.00      8.10  -9999.00
     1   2005    294    4500.0       5.3      14.1      0.89      2.00      0.10  -9999.00
     1   2005    295    4700.0       4.5      15.0      0.84      2.00      9.80  -9999.00
     1   2005    296    7700.0       9.0      11.0      1.15      2.00      0.00  -9999.00
     1   2005    297    3900.0       5.9       9.2      0.93      2.00      5.60  -9999.00
     1   2005    298    3100.0       8.8      14.0      1.13      2.00      0.10  -9999.00
     1   2005    299    9200.0       7.6      13.5      1.04      2.00      0.80  -9999.00
     1   2005    300    5400.0      10.8      10.8      1.29      2.00      0.10  -9999.00
     1   2005    301    3400.0       8.6      14.2      1.12      2.00      1.60  -9999.00
     1   2005    302    5900.0      10.6      12.6      1.28      2.00      0.10  -9999.00
     1   2005    303    3800.0       8.3      13.5      1.09      2.00      1.70  -9999.00
     1   2005    304    8400.0       0.8      10.1      0.65      2.00      7.90  -9999.00
     1   2005    305    3600.0      10.0      12.0      1.23      2.00      0.40  -9999.00
     1   2005    306    2700.0       7.7      10.9      1.05      2.00     18.40  -9999.00
     1   2005    307    7900.0       0.5      11.8      0.63      2.00      0.00  -9999.00
     1   2005    308    2900.0       9.1      12.0      1.16      2.00      4.70  -9999.00
     1   2005    309    2600.0       5.7       6.8      0.92      2.00     12.50  -9999.00
     1   2005    310    4100.0       9.6       9.8      1.20      2.00     12.10  -9999.00
     1   2005    311    6400.0       4.7      13.9      0.85      2.00      0.20  -9999.00
     1   2005    312    2400.0       9.4      14.3      1.18      2.00      2.10  -9999.00
     1   2005    313    2000.0       1.2      11.7      0.67      2.00      0.00  -9999.00
     1   2005    314    7000.0       7.7      14.5      1.05      2.00      0.00  -9999.00
     1   2005    315    2500.0       2.1      12.5      0.71      2.00      2.20  -9999.00
     1   2005    316    2200.0       4.9      10.9      0.87      2.00      0.50  -9999.00
     1   2005    317    5300.0       4.2      10.8      0.82      2.00     11.50  -9999.00
     1   2005    318    2600.0       3.6       8.7      0.79      2.00      9.20  -9999.00
     1   2005    319    4100.0       1.4      13.6      0.68      2.00      3.10  -9999.00
     1   2005    320    2900.0       4.8      12.2      0.86      2.00      4.30  -9999.00
     1   2005    321    3300.0       7.3       9.3      1.02      2.00      6.70  -9999.00
     1   2005    322    2700.0       2.0      11.2      0.71      2.00      2.10  -9999.00
     1   2005    323    1300.0      10.8      12.8      1.29      2.00     10.90  -9999.00
     1   2005    324    5200.0       6.7       9.2      0.98      2.00      2.10  -9999.00
     1   2005    325    3200.0       3.1      11.3      0.76      2.00      0.50  -9999.00
     1   2005    326    1600.0       4.4       9.6      0.84      2.00      9.60  -9999.00
     1   2005    327    2600.0      11.1      11.9      1.32      2.00      3.80  -9999.00
     1   2005    328    1100.0       6.1       8.2      0.94      2.00      2.90  -9999.00
     1   2005    329    2800.0       5.2      14.6      0.88      2.00      4.80  -9999.00
     1   2005    330    2000.0       1.7      11.8      0.69      2.00     10.90  -9999.00
     1   2005    331    3000.0       4.4       6.4      0.84      2.00      3.00  -9999.00
     1   2005    332    1700.0      -1.0      10.5      0.57      2.00      1.00  -9999.00
     1   2005    333    2800.0       2.2      11.7      0.72      2.00      1.90  -9999.00
     1   2005    334    2900.0       7.1      12.9      1.01      2.00      2.10  -9999.00
     1   2005    335    3300.0       8.8      10.5      1.13      2.00      0.10  -9999.00
     1   2005    336    1600.0       6.5      13.2      0.97      2.00      0.50  -9999.00
     1   2005    337    1900.0       3.0      12.2      0.76      2.00      0.50  -9999.00
     1   2005    338     800.0       3.8      11.6      0.80      2.00      0.10  -9999.00
     1   2005    339    2200.0       1.7       8.8      0.69      2.00      1.80  -9999.00
     1   2005    340    3700.0       6.2       8.2      0.95      2.00      0.20  -9999.00
     1   2005    341    3900.0       2.8       4.2      0.75      2.00     17.40  -9999.00
     1   2005    342    2700.0       7.8      11.9      1.06      2.00     14.20  -9999.00
     1   2005    343    1500.0       3.6       8.8      0.79      2.00      0.00  -9999.00
     1   2005    344    3600.0       1.8       7.7      0.70      2.00      0.00  -9999.00
     1   2005    345    1400.0       5.4       6.7      0.90      2.00      5.80  -9999.00
     1   2005    346    2600.0       4.2       8.4      0.82      2.00      0.00  -9999.00
     1   2005    347    1400.0       9.2      11.6      1.16      2.00      1.10  -9999.00
     1   2005    348    1600.0       6.9       8.9      0.99      2.00      0.80  -9999.00
     1   2005    349    2100.0      10.9      11.7      1.30      2.00      2.30  -9999.00
     1   2005    350    1700.0       2.3      12.1      0.72      2.00      0.10  -9999.00
     1   2005    351    1400.0       6.5      12.2      0.97      2.00      0.10  -9999.00
     1   2005    352    2700.0       5.1       7.1      0.88      2.00      0.10  -9999.00
     1   2005    353    1600.0       2.5       4.9      0.73      2.00      2.80  -9999.00
     1   2005    354    2300.0       5.0      12.7      0.87      2.00     14.10  -9999.00
     1   2005    355    1600.0       0.9      12.0      0.65      2.00      0.10  -9999.00
     1   2005    356    3300.0       1.0       8.1      0.66      2.00     22.60  -9999.00
     1   2005    357    2000.0       7.9      11.5      1.07      2.00      7.20  -9999.00
     1   2005    358    1400.0       3.1      11.2      0.76      2.00      0.10  -9999.00
     1   2005    359    3300.0       3.4       4.2      0.78      2.00      0.00  -9999.00
     1   2005    360    3100.0       3.4       5.4      0.78      2.00      5.40  -9999.00
     1   2005    361    3800.0       7.8      12.1      1.06      2.00      0.80  -9999.00
     1   2005    362    2700.0       8.8      10.8      1.13      2.00      2.90  -9999.00
     1   2005    363    1600.0       7.1       8.1      1.01      2.00      3.70  -9999.00
     1   2005    364    1600.0       7.5       9.5      1.04      2.00      4.30  -9999.00
     1   2005    365    3900.0       3.5       3.8      0.78      2.00      0.10  -9999.00
