*-----------------------------------------------------------------------------* 
           CNWG_63.met            51.48   -3.55   69.72
* Date created:  08-Aug-2019     Author: K Coleman 
* 
* NIL VALUE       -9999 
* Source:   data provided by M. Semenov 
*  
* Latitude:    51.48 Longitude:    -3.55 Altitude:    69.72
* 
* Column  Daily value 
* 1       station number 
* 2       year 
* 3       day 
* 4       irradiation                   (kJ m-2 d-1) 
* 5       minimum temperature           (degrees Celsius) 
* 6       maximum temperature           (degrees Celsius) 
* 7       early morning vapour pressure (kPa)             
* 8       mean wind speed (height: 2 m?) (m s-1)          
* 9       precipitation                 (mm d-1)          
* 10      sunshine                      (hrs)             
 		Jday	RAD	    TMIN	TMAX	 VAP	wind	RAIN	SUN  
               kj/m2	°C	    °C	     kPa	m/s	    mm	    hrs 
   51.48  69.72
     1   2005      1    1400.0      -0.9      11.2      0.57      2.00     13.20  -9999.00
     1   2005      2    1700.0       0.4      12.4      0.63      2.00      2.50  -9999.00
     1   2005      3    2100.0       1.3       9.9      0.67      2.00      0.00  -9999.00
     1   2005      4    2400.0       1.5       3.5      0.68      2.00      0.00  -9999.00
     1   2005      5    4800.0      -1.3       7.3      0.56      2.00      0.00  -9999.00
     1   2005      6    2900.0       5.8       7.8      0.92      2.00      3.70  -9999.00
     1   2005      7    2900.0       2.3       8.1      0.72      2.00      0.30  -9999.00
     1   2005      8    5000.0      11.1      11.1      1.32      2.00      0.30  -9999.00
     1   2005      9    1200.0       5.7       5.8      0.92      2.00      5.30  -9999.00
     1   2005     10     900.0      -0.8       8.1      0.58      2.00      2.30  -9999.00
     1   2005     11    2500.0       7.4       7.9      1.03      2.00      3.70  -9999.00
     1   2005     12    2300.0       7.1      11.0      1.01      2.00      2.90  -9999.00
     1   2005     13    3600.0       6.0       9.1      0.93      2.00      3.30  -9999.00
     1   2005     14    1500.0       7.4       9.4      1.03      2.00      6.50  -9999.00
     1   2005     15    2700.0       6.3       9.0      0.95      2.00      0.00  -9999.00
     1   2005     16    1400.0       5.8       6.6      0.92      2.00      8.90  -9999.00
     1   2005     17    2400.0      -0.9       9.4      0.57      2.00      0.00  -9999.00
     1   2005     18    2600.0       2.4       8.9      0.73      2.00      4.30  -9999.00
     1   2005     19    5800.0       6.2       8.2      0.95      2.00      0.00  -9999.00
     1   2005     20    1400.0       6.6      10.2      0.97      2.00      3.00  -9999.00
     1   2005     21    2400.0       4.4       9.8      0.84      2.00      1.20  -9999.00
     1   2005     22    4800.0       1.9       6.8      0.70      2.00      0.00  -9999.00
     1   2005     23    6200.0       2.4      10.8      0.73      2.00      0.00  -9999.00
     1   2005     24    5400.0       4.9       7.6      0.87      2.00      0.00  -9999.00
     1   2005     25    4600.0       6.0      10.9      0.93      2.00      4.20  -9999.00
     1   2005     26    3300.0       3.5       5.2      0.78      2.00      9.40  -9999.00
     1   2005     27    3600.0       2.0       9.4      0.71      2.00      0.00  -9999.00
     1   2005     28    2200.0      -2.7       4.3      0.50      2.00      0.00  -9999.00
     1   2005     29    2700.0       0.0       3.7      0.61      2.00      0.00  -9999.00
     1   2005     30    1700.0      -1.1       6.6      0.56      2.00      0.00  -9999.00
     1   2005     31    1300.0      -1.5       6.6      0.55      2.00      0.00  -9999.00
     1   2005     32    7200.0       1.0       8.4      0.66      2.00      0.00  -9999.00
     1   2005     33    6400.0       1.4       3.4      0.68      2.00      0.00  -9999.00
     1   2005     34    5000.0       2.9       2.9      0.75      2.00      0.00  -9999.00
     1   2005     35    6400.0       0.0      11.2      0.61      2.00      0.00  -9999.00
     1   2005     36    5200.0      -2.5       7.0      0.51      2.00      0.00  -9999.00
     1   2005     37    7800.0       0.7       9.7      0.64      2.00      2.20  -9999.00
     1   2005     38    6100.0      -3.0       7.8      0.49      2.00      0.00  -9999.00
     1   2005     39    3200.0      -1.4       4.8      0.55      2.00      0.00  -9999.00
     1   2005     40    2900.0       8.1      10.1      1.08      2.00      0.10  -9999.00
     1   2005     41    4700.0       0.7       2.7      0.64      2.00      0.60  -9999.00
     1   2005     42    3800.0       2.8       8.8      0.75      2.00      6.10  -9999.00
     1   2005     43    6700.0       1.1       3.6      0.66      2.00      0.00  -9999.00
     1   2005     44    3100.0       8.0      10.0      1.07      2.00      4.50  -9999.00
     1   2005     45    2100.0       3.3      10.4      0.77      2.00      9.40  -9999.00
     1   2005     46    4600.0      -1.3       6.3      0.56      2.00      0.00  -9999.00
     1   2005     47    8500.0       2.0       9.4      0.71      2.00      6.50  -9999.00
     1   2005     48    3500.0       5.6       8.6      0.91      2.00     29.60  -9999.00
     1   2005     49    3100.0       5.7       6.6      0.92      2.00      0.60  -9999.00
     1   2005     50    2700.0      -2.3       8.5      0.52      2.00      0.00  -9999.00
     1   2005     51   10100.0      -1.7       8.6      0.54      2.00      0.00  -9999.00
     1   2005     52    2400.0       6.3       7.9      0.95      2.00      0.00  -9999.00
     1   2005     53    3600.0      -5.4      -0.4      0.41      2.00      0.00  -9999.00
     1   2005     54    4500.0       2.6       8.3      0.74      2.00      0.00  -9999.00
     1   2005     55    9300.0       1.8       7.9      0.70      2.00      0.00  -9999.00
     1   2005     56    4900.0      -6.3       7.7      0.38      2.00      0.00  -9999.00
     1   2005     57    6000.0       1.3       2.3      0.67      2.00      0.00  -9999.00
     1   2005     58    8900.0       1.7       3.7      0.69      2.00      0.20  -9999.00
     1   2005     59    3700.0       5.0      11.4      0.87      2.00      0.00  -9999.00
     1   2005     60   10900.0       4.3       9.8      0.83      2.00      0.00  -9999.00
     1   2005     61   12200.0      -1.1      10.3      0.56      2.00      0.00  -9999.00
     1   2005     62    7300.0       5.4       7.4      0.90      2.00      0.00  -9999.00
     1   2005     63    6000.0       4.3       7.7      0.83      2.00      0.00  -9999.00
     1   2005     64    8300.0       0.4       8.4      0.63      2.00      0.00  -9999.00
     1   2005     65    8600.0       0.8       9.1      0.65      2.00      4.50  -9999.00
     1   2005     66    7800.0       2.7      11.5      0.74      2.00      0.00  -9999.00
     1   2005     67    6400.0       0.0      11.6      0.61      2.00     15.20  -9999.00
     1   2005     68    6800.0       8.3      11.9      1.09      2.00      0.20  -9999.00
     1   2005     69    7400.0       4.8      11.7      0.86      2.00      0.10  -9999.00
     1   2005     70    8600.0       4.5       8.8      0.84      2.00      0.10  -9999.00
     1   2005     71    4000.0      -0.6       5.2      0.58      2.00      6.40  -9999.00
     1   2005     72    5700.0       7.6      10.5      1.04      2.00      1.10  -9999.00
     1   2005     73    5900.0       7.9      11.3      1.07      2.00      2.20  -9999.00
     1   2005     74    5000.0       4.8       9.5      0.86      2.00      0.10  -9999.00
     1   2005     75    4500.0       1.0      14.7      0.66      2.00      0.60  -9999.00
     1   2005     76    5300.0       7.8      10.8      1.06      2.00      1.00  -9999.00
     1   2005     77    5700.0       5.4       5.6      0.90      2.00      0.70  -9999.00
     1   2005     78    2800.0       5.1       9.9      0.88      2.00     10.20  -9999.00
     1   2005     79    7200.0       2.2      17.3      0.72      2.00     17.70  -9999.00
     1   2005     80    5900.0       7.1       9.1      1.01      2.00      1.90  -9999.00
     1   2005     81   11100.0       8.1      11.0      1.08      2.00      0.00  -9999.00
     1   2005     82   14600.0      -0.7      11.5      0.58      2.00      0.00  -9999.00
     1   2005     83    9900.0       2.1      10.3      0.71      2.00      0.00  -9999.00
     1   2005     84   10600.0       7.0      11.4      1.00      2.00      0.40  -9999.00
     1   2005     85    2800.0       1.9       9.3      0.70      2.00      1.80  -9999.00
     1   2005     86    7900.0       0.2      12.8      0.62      2.00      0.00  -9999.00
     1   2005     87   12500.0       0.2       9.4      0.62      2.00      0.50  -9999.00
     1   2005     88    6700.0       3.6       5.6      0.79      2.00      0.00  -9999.00
     1   2005     89    9800.0       3.0       8.8      0.76      2.00      0.00  -9999.00
     1   2005     90   14200.0       6.1      10.4      0.94      2.00      0.00  -9999.00
     1   2005     91   18000.0      -0.6      16.0      0.58      2.00      0.00  -9999.00
     1   2005     92    8500.0      -1.4      17.5      0.55      2.00      0.00  -9999.00
     1   2005     93   17400.0       2.7       7.8      0.74      2.00      0.30  -9999.00
     1   2005     94    8000.0       2.7      10.9      0.74      2.00     29.70  -9999.00
     1   2005     95   13400.0       4.2       8.4      0.82      2.00      0.00  -9999.00
     1   2005     96   18400.0       6.8      13.4      0.99      2.00      0.70  -9999.00
     1   2005     97   10100.0       5.1      15.1      0.88      2.00      0.70  -9999.00
     1   2005     98   20000.0      -0.1      14.4      0.61      2.00      0.00  -9999.00
     1   2005     99   14600.0       0.3      11.1      0.62      2.00      0.00  -9999.00
     1   2005    100   15300.0       1.9      14.8      0.70      2.00      0.00  -9999.00
     1   2005    101   14900.0       6.9       9.7      0.99      2.00      5.50  -9999.00
     1   2005    102    9000.0       5.9      13.2      0.93      2.00      1.20  -9999.00
     1   2005    103   16400.0       3.4      14.6      0.78      2.00      0.00  -9999.00
     1   2005    104   21700.0       3.7      19.4      0.80      2.00      0.00  -9999.00
     1   2005    105   22000.0       7.9      17.7      1.07      2.00      0.00  -9999.00
     1   2005    106   12200.0       6.6      14.6      0.97      2.00      0.00  -9999.00
     1   2005    107   10400.0       8.5      19.4      1.11      2.00      0.00  -9999.00
     1   2005    108   22700.0       6.4       9.1      0.96      2.00      0.00  -9999.00
     1   2005    109   20100.0       9.1      10.4      1.16      2.00      0.00  -9999.00
     1   2005    110   16400.0       9.1      12.8      1.16      2.00      0.00  -9999.00
     1   2005    111   17300.0       6.0      11.9      0.93      2.00      1.80  -9999.00
     1   2005    112   21700.0       4.6      11.3      0.85      2.00      0.00  -9999.00
     1   2005    113    7500.0       9.1      11.9      1.16      2.00      0.50  -9999.00
     1   2005    114   17600.0       4.1      11.0      0.82      2.00      3.40  -9999.00
     1   2005    115   16300.0       7.3      11.7      1.02      2.00      4.70  -9999.00
     1   2005    116    8500.0       6.5      12.5      0.97      2.00     14.80  -9999.00
     1   2005    117   15200.0       3.5      15.6      0.78      2.00      0.00  -9999.00
     1   2005    118   16900.0       8.7      15.4      1.12      2.00      0.00  -9999.00
     1   2005    119   18100.0       3.3      18.6      0.77      2.00      0.00  -9999.00
     1   2005    120   19800.0       6.6      11.6      0.97      2.00      0.00  -9999.00
     1   2005    121   25100.0       2.1       9.8      0.71      2.00      0.00  -9999.00
     1   2005    122   19300.0       1.8      19.3      0.70      2.00      0.00  -9999.00
     1   2005    123   17500.0       7.1      12.3      1.01      2.00      0.00  -9999.00
     1   2005    124   15900.0       2.2      16.3      0.72      2.00      0.00  -9999.00
     1   2005    125    3800.0      11.9      18.8      1.39      2.00      0.90  -9999.00
     1   2005    126   21800.0       1.7      15.3      0.69      2.00      0.00  -9999.00
     1   2005    127   15000.0       6.9      13.6      0.99      2.00      1.50  -9999.00
     1   2005    128   13700.0      11.1      14.4      1.32      2.00      0.20  -9999.00
     1   2005    129   11500.0       7.3      14.0      1.02      2.00      4.10  -9999.00
     1   2005    130   11700.0       7.4      14.2      1.03      2.00      7.00  -9999.00
     1   2005    131   16400.0       5.4      13.7      0.90      2.00      1.60  -9999.00
     1   2005    132   11500.0       6.7      14.7      0.98      2.00      0.10  -9999.00
     1   2005    133   14900.0       9.5      17.6      1.19      2.00      0.10  -9999.00
     1   2005    134    9000.0       9.9      16.0      1.22      2.00     15.10  -9999.00
     1   2005    135   17500.0       9.0      14.0      1.15      2.00      0.10  -9999.00
     1   2005    136   14100.0       7.2      11.7      1.02      2.00      0.10  -9999.00
     1   2005    137   11900.0       7.7      11.9      1.05      2.00      0.30  -9999.00
     1   2005    138    9800.0       8.3      14.0      1.09      2.00      0.10  -9999.00
     1   2005    139   10500.0       8.2      13.1      1.09      2.00     23.10  -9999.00
     1   2005    140    8300.0       8.5      14.3      1.11      2.00      1.80  -9999.00
     1   2005    141   17500.0       7.5      14.3      1.04      2.00      9.40  -9999.00
     1   2005    142   15400.0       8.3      11.5      1.09      2.00      0.10  -9999.00
     1   2005    143   16400.0      11.3      13.5      1.34      2.00      1.50  -9999.00
     1   2005    144   28700.0       8.2      13.9      1.09      2.00      0.00  -9999.00
     1   2005    145   17500.0      10.4      21.9      1.26      2.00      0.00  -9999.00
     1   2005    146   18300.0       6.9      19.2      0.99      2.00      0.00  -9999.00
     1   2005    147   29100.0       4.9      18.5      0.87      2.00      0.00  -9999.00
     1   2005    148   14300.0      12.2      14.5      1.42      2.00      3.80  -9999.00
     1   2005    149    8500.0      10.8      15.0      1.29      2.00      0.80  -9999.00
     1   2005    150   22600.0      10.7      13.4      1.29      2.00      7.70  -9999.00
     1   2005    151   27700.0       7.8      20.9      1.06      2.00      0.00  -9999.00
     1   2005    152   20600.0      11.0      14.3      1.31      2.00      0.00  -9999.00
     1   2005    153   20300.0       6.4      17.0      0.96      2.00      8.80  -9999.00
     1   2005    154   29800.0      13.4      13.5      1.54      2.00      0.00  -9999.00
     1   2005    155   21600.0       6.8      23.1      0.99      2.00      0.00  -9999.00
     1   2005    156   23000.0       4.9      15.3      0.87      2.00      0.00  -9999.00
     1   2005    157   18700.0       7.5      15.7      1.04      2.00      0.00  -9999.00
     1   2005    158   25500.0       7.5      15.4      1.04      2.00      0.00  -9999.00
     1   2005    159   16800.0       7.1      17.2      1.01      2.00      0.00  -9999.00
     1   2005    160   25700.0      13.3      20.4      1.53      2.00      0.00  -9999.00
     1   2005    161   12500.0      12.5      23.2      1.45      2.00      0.00  -9999.00
     1   2005    162   13600.0      11.1      16.0      1.32      2.00      0.80  -9999.00
     1   2005    163   12600.0      11.9      15.2      1.39      2.00     16.20  -9999.00
     1   2005    164   17400.0       7.4      16.1      1.03      2.00     15.20  -9999.00
     1   2005    165   13200.0       8.6      13.8      1.12      2.00      0.20  -9999.00
     1   2005    166    8500.0      10.2      17.1      1.24      2.00      3.90  -9999.00
     1   2005    167   18900.0       8.2      19.3      1.09      2.00      0.00  -9999.00
     1   2005    168   30200.0       9.1      17.0      1.16      2.00      0.00  -9999.00
     1   2005    169   18000.0       7.7      26.3      1.05      2.00      0.00  -9999.00
     1   2005    170   20200.0      16.2      16.8      1.84      2.00      0.00  -9999.00
     1   2005    171   19000.0      10.8      27.1      1.29      2.00      0.00  -9999.00
     1   2005    172   24100.0      10.8      16.1      1.29      2.00      0.00  -9999.00
     1   2005    173   25900.0       9.2      19.2      1.16      2.00      0.00  -9999.00
     1   2005    174   11000.0      13.2      16.1      1.52      2.00      3.40  -9999.00
     1   2005    175   19600.0      11.3      17.5      1.34      2.00      4.10  -9999.00
     1   2005    176   26000.0      18.2      21.1      2.09      2.00      0.00  -9999.00
     1   2005    177   17700.0      13.1      18.7      1.51      2.00      0.20  -9999.00
     1   2005    178    6300.0      15.5      17.4      1.76      2.00      0.40  -9999.00
     1   2005    179   15100.0      10.7      14.9      1.29      2.00      0.10  -9999.00
     1   2005    180    9200.0      10.1      18.6      1.24      2.00      0.30  -9999.00
     1   2005    181   13600.0      11.7      19.6      1.37      2.00      1.30  -9999.00
     1   2005    182   18300.0       6.7      23.6      0.98      2.00      0.00  -9999.00
     1   2005    183   20200.0      10.2      25.5      1.24      2.00      0.00  -9999.00
     1   2005    184   14800.0       7.4      17.7      1.03      2.00      3.80  -9999.00
     1   2005    185   16000.0      13.4      17.6      1.54      2.00      0.10  -9999.00
     1   2005    186   12900.0      12.6      19.0      1.46      2.00      8.20  -9999.00
     1   2005    187   14000.0      14.0      17.7      1.60      2.00     12.20  -9999.00
     1   2005    188   12400.0      13.4      17.3      1.54      2.00     14.00  -9999.00
     1   2005    189    9800.0      17.5      22.4      2.00      2.00      0.50  -9999.00
     1   2005    190   18700.0      14.1      20.1      1.61      2.00      0.00  -9999.00
     1   2005    191   15300.0      12.3      18.7      1.43      2.00      0.00  -9999.00
     1   2005    192   19000.0      14.0      19.4      1.60      2.00      0.00  -9999.00
     1   2005    193   14000.0      12.7      25.2      1.47      2.00      0.00  -9999.00
     1   2005    194   13800.0      13.2      20.4      1.52      2.00     15.20  -9999.00
     1   2005    195   22300.0      12.8      19.6      1.48      2.00      0.00  -9999.00
     1   2005    196   11400.0      15.5      19.6      1.76      2.00      0.00  -9999.00
     1   2005    197   17300.0      16.1      29.8      1.83      2.00      0.00  -9999.00
     1   2005    198   20300.0      12.8      19.5      1.48      2.00      0.00  -9999.00
     1   2005    199   15400.0       8.0      16.9      1.07      2.00      0.00  -9999.00
     1   2005    200   25800.0      14.5      27.8      1.65      2.00      0.00  -9999.00
     1   2005    201   28700.0      12.2      16.9      1.42      2.00      0.00  -9999.00
     1   2005    202   24300.0      15.9      26.5      1.81      2.00      0.00  -9999.00
     1   2005    203   24300.0      13.6      20.0      1.56      2.00      0.00  -9999.00
     1   2005    204   21000.0      14.2      20.8      1.62      2.00      0.00  -9999.00
     1   2005    205   15700.0      13.8      25.0      1.58      2.00      0.00  -9999.00
     1   2005    206   26900.0       8.3      25.6      1.09      2.00      0.00  -9999.00
     1   2005    207   26900.0      14.2      24.3      1.62      2.00      0.00  -9999.00
     1   2005    208   27800.0      15.1      17.1      1.72      2.00      0.00  -9999.00
     1   2005    209   24800.0       9.7      22.0      1.20      2.00      0.00  -9999.00
     1   2005    210   24300.0      13.8      19.7      1.58      2.00      0.00  -9999.00
     1   2005    211   15400.0      13.5      28.5      1.55      2.00      0.00  -9999.00
     1   2005    212   12100.0      16.7      18.7      1.90      2.00      0.00  -9999.00
     1   2005    213   18000.0      15.6      19.2      1.77      2.00      0.70  -9999.00
     1   2005    214   20800.0      12.3      18.8      1.43      2.00      4.30  -9999.00
     1   2005    215   12200.0      11.5      23.7      1.36      2.00      0.00  -9999.00
     1   2005    216   10100.0      17.1      19.1      1.95      2.00     11.10  -9999.00
     1   2005    217   19700.0      14.0      21.1      1.60      2.00      0.00  -9999.00
     1   2005    218   21400.0      11.5      22.7      1.36      2.00      0.00  -9999.00
     1   2005    219   11400.0      15.3      23.1      1.74      2.00     10.80  -9999.00
     1   2005    220    9600.0      13.0      20.4      1.50      2.00      7.10  -9999.00
     1   2005    221   21100.0      15.6      16.8      1.77      2.00      0.00  -9999.00
     1   2005    222   16700.0      13.2      18.1      1.52      2.00      0.10  -9999.00
     1   2005    223   11500.0      15.5      17.5      1.76      2.00      0.40  -9999.00
     1   2005    224   14000.0      11.9      21.0      1.39      2.00      0.60  -9999.00
     1   2005    225   15100.0      12.1      16.4      1.41      2.00      0.20  -9999.00
     1   2005    226    9500.0      12.3      18.8      1.43      2.00      0.00  -9999.00
     1   2005    227    8200.0      13.4      22.1      1.54      2.00      5.60  -9999.00
     1   2005    228   22300.0      11.7      25.3      1.37      2.00      0.00  -9999.00
     1   2005    229    4700.0      12.4      15.0      1.44      2.00      2.30  -9999.00
     1   2005    230   18600.0      13.9      19.3      1.59      2.00      0.00  -9999.00
     1   2005    231   19400.0       9.2      20.8      1.16      2.00     10.00  -9999.00
     1   2005    232   10700.0      11.0      20.9      1.31      2.00     29.40  -9999.00
     1   2005    233   17000.0      13.2      20.3      1.52      2.00      2.70  -9999.00
     1   2005    234    8600.0      12.8      20.4      1.48      2.00      0.70  -9999.00
     1   2005    235   17500.0      17.0      20.0      1.94      2.00     15.70  -9999.00
     1   2005    236   13600.0      17.0      20.7      1.94      2.00      0.70  -9999.00
     1   2005    237   17200.0      13.8      17.0      1.58      2.00      6.00  -9999.00
     1   2005    238   11600.0      13.7      20.1      1.57      2.00      0.10  -9999.00
     1   2005    239    8900.0      14.1      27.2      1.61      2.00      0.10  -9999.00
     1   2005    240   15100.0      12.3      20.6      1.43      2.00      0.00  -9999.00
     1   2005    241   13400.0      13.4      20.7      1.54      2.00      0.00  -9999.00
     1   2005    242   12000.0      12.5      18.5      1.45      2.00      6.40  -9999.00
     1   2005    243   10200.0       9.9      23.6      1.22      2.00      1.50  -9999.00
     1   2005    244   11800.0      12.5      18.4      1.45      2.00      0.10  -9999.00
     1   2005    245   15900.0       8.9      19.1      1.14      2.00      0.10  -9999.00
     1   2005    246    8400.0      13.5      19.2      1.55      2.00      2.30  -9999.00
     1   2005    247   14300.0      15.1      15.9      1.72      2.00      0.10  -9999.00
     1   2005    248   12900.0      12.1      18.1      1.41      2.00      0.00  -9999.00
     1   2005    249   12200.0       8.7      16.3      1.12      2.00      0.00  -9999.00
     1   2005    250   11600.0      14.4      18.4      1.64      2.00      0.00  -9999.00
     1   2005    251   15100.0      13.9      16.0      1.59      2.00      0.00  -9999.00
     1   2005    252   12100.0      10.0      17.5      1.23      2.00      0.00  -9999.00
     1   2005    253   11300.0      11.1      17.8      1.32      2.00      8.30  -9999.00
     1   2005    254   15300.0      11.4      16.8      1.35      2.00      2.90  -9999.00
     1   2005    255   10600.0      13.4      15.6      1.54      2.00      0.20  -9999.00
     1   2005    256   12800.0       9.6      19.3      1.20      2.00      0.00  -9999.00
     1   2005    257   15300.0       5.7      18.2      0.92      2.00      0.00  -9999.00
     1   2005    258    9700.0       7.2      15.2      1.02      2.00      0.00  -9999.00
     1   2005    259    8900.0      15.4      17.6      1.75      2.00      0.00  -9999.00
     1   2005    260   14600.0       9.6      17.8      1.20      2.00      0.00  -9999.00
     1   2005    261   13500.0      14.3      15.5      1.63      2.00      0.00  -9999.00
     1   2005    262    9300.0       6.8      20.5      0.99      2.00      0.00  -9999.00
     1   2005    263   14900.0       7.8      19.5      1.06      2.00      0.00  -9999.00
     1   2005    264   11600.0       7.8      23.2      1.06      2.00      0.00  -9999.00
     1   2005    265   15100.0      13.4      15.0      1.54      2.00      0.00  -9999.00
     1   2005    266   14900.0       7.4      17.5      1.03      2.00      0.00  -9999.00
     1   2005    267   11900.0       9.6      23.0      1.20      2.00      0.00  -9999.00
     1   2005    268    7800.0       5.2      14.9      0.88      2.00      0.00  -9999.00
     1   2005    269   11200.0       7.6      17.3      1.04      2.00     20.00  -9999.00
     1   2005    270    5800.0      14.7      17.6      1.67      2.00      3.90  -9999.00
     1   2005    271    8900.0       8.1      16.4      1.08      2.00      2.30  -9999.00
     1   2005    272    4600.0      10.9      19.4      1.30      2.00      0.20  -9999.00
     1   2005    273   13800.0       4.0      20.9      0.81      2.00      0.00  -9999.00
     1   2005    274    5500.0      10.8      15.3      1.29      2.00      0.80  -9999.00
     1   2005    275    5600.0      10.6      16.5      1.28      2.00      2.80  -9999.00
     1   2005    276    5700.0      12.4      18.2      1.44      2.00     25.60  -9999.00
     1   2005    277    7000.0       7.8      15.5      1.06      2.00      4.40  -9999.00
     1   2005    278    9500.0       5.3      15.1      0.89      2.00      0.00  -9999.00
     1   2005    279    6700.0       6.9      17.0      0.99      2.00      1.50  -9999.00
     1   2005    280   10800.0       5.8      14.1      0.92      2.00      0.00  -9999.00
     1   2005    281   10100.0       9.4      19.2      1.18      2.00      0.00  -9999.00
     1   2005    282    7600.0       9.8      11.5      1.21      2.00      0.00  -9999.00
     1   2005    283    8600.0       9.9      15.4      1.22      2.00      0.00  -9999.00
     1   2005    284    4100.0       9.1      16.2      1.16      2.00      4.40  -9999.00
     1   2005    285   11000.0      12.2      14.6      1.42      2.00      0.10  -9999.00
     1   2005    286    6700.0      10.8      14.2      1.29      2.00      4.30  -9999.00
     1   2005    287    2600.0      11.3      16.9      1.34      2.00      6.30  -9999.00
     1   2005    288    4500.0      10.8      14.6      1.29      2.00      6.90  -9999.00
     1   2005    289    6800.0       8.5      16.0      1.11      2.00      0.10  -9999.00
     1   2005    290    3500.0      11.8      12.4      1.38      2.00      0.80  -9999.00
     1   2005    291    3600.0      12.2      17.4      1.42      2.00      0.10  -9999.00
     1   2005    292    5400.0       1.0      14.8      0.66      2.00      0.00  -9999.00
     1   2005    293    9700.0      10.1      11.8      1.24      2.00      0.80  -9999.00
     1   2005    294    7800.0       6.3      13.6      0.95      2.00      0.00  -9999.00
     1   2005    295    6100.0      11.6      15.4      1.37      2.00     14.50  -9999.00
     1   2005    296    2900.0       8.6      15.5      1.12      2.00      0.40  -9999.00
     1   2005    297    6500.0       7.7       9.7      1.05      2.00      0.00  -9999.00
     1   2005    298    6500.0       6.3      14.4      0.95      2.00      8.80  -9999.00
     1   2005    299    7200.0       5.6       7.6      0.91      2.00      6.10  -9999.00
     1   2005    300    2300.0      13.5      15.6      1.55      2.00      4.90  -9999.00
     1   2005    301    7700.0       8.7      10.3      1.12      2.00      4.50  -9999.00
     1   2005    302    2600.0       6.6      15.2      0.97      2.00      0.50  -9999.00
     1   2005    303    3100.0       6.3       9.7      0.95      2.00      4.80  -9999.00
     1   2005    304    5700.0       9.8      12.3      1.21      2.00     18.70  -9999.00
     1   2005    305    3600.0       5.9      13.1      0.93      2.00     13.60  -9999.00
     1   2005    306    2600.0       5.2      13.2      0.88      2.00     13.90  -9999.00
     1   2005    307    3000.0       7.4       9.6      1.03      2.00      0.00  -9999.00
     1   2005    308    7800.0      -1.1      12.9      0.56      2.00      0.00  -9999.00
     1   2005    309    3300.0       8.6      10.0      1.12      2.00      6.80  -9999.00
     1   2005    310    4100.0       8.1      10.1      1.08      2.00      0.00  -9999.00
     1   2005    311    2300.0       3.6       8.9      0.79      2.00      0.70  -9999.00
     1   2005    312    2500.0       6.8       8.2      0.99      2.00      4.60  -9999.00
     1   2005    313    2000.0       4.5      15.3      0.84      2.00      0.50  -9999.00
     1   2005    314    2200.0      -3.0      15.2      0.49      2.00      0.00  -9999.00
     1   2005    315    4700.0       8.0      10.3      1.07      2.00      0.00  -9999.00
     1   2005    316    6700.0       7.6      10.2      1.04      2.00      0.00  -9999.00
     1   2005    317    4200.0       7.0      11.8      1.00      2.00     11.70  -9999.00
     1   2005    318    2500.0       2.5       7.6      0.73      2.00      2.00  -9999.00
     1   2005    319    3500.0       6.7      13.6      0.98      2.00      4.70  -9999.00
     1   2005    320    3500.0      -4.5       8.8      0.44      2.00      0.00  -9999.00
     1   2005    321    5000.0      11.3      13.3      1.34      2.00      1.10  -9999.00
     1   2005    322    5500.0       5.3      10.7      0.89      2.00      4.70  -9999.00
     1   2005    323    4700.0       0.4       2.4      0.63      2.00     16.50  -9999.00
     1   2005    324    2100.0       8.2      12.4      1.09      2.00      0.30  -9999.00
     1   2005    325    3700.0      10.7      12.7      1.29      2.00      1.10  -9999.00
     1   2005    326    1700.0       1.4      10.9      0.68      2.00      2.50  -9999.00
     1   2005    327    3000.0       9.0      14.1      1.15      2.00     24.80  -9999.00
     1   2005    328    3100.0       6.1       8.1      0.94      2.00      9.60  -9999.00
     1   2005    329    2900.0       7.6      11.4      1.04      2.00      0.30  -9999.00
     1   2005    330    4100.0       2.3       5.4      0.72      2.00      2.80  -9999.00
     1   2005    331    3000.0       6.9       9.0      0.99      2.00      0.00  -9999.00
     1   2005    332    3700.0       6.3       8.3      0.95      2.00      0.00  -9999.00
     1   2005    333    4800.0       1.2       7.4      0.67      2.00      0.00  -9999.00
     1   2005    334    1400.0      10.5      10.7      1.27      2.00     11.60  -9999.00
     1   2005    335    1700.0       4.2      12.1      0.82      2.00      0.10  -9999.00
     1   2005    336    1700.0       2.9       4.9      0.75      2.00     12.60  -9999.00
     1   2005    337    1600.0       5.3       9.6      0.89      2.00      0.00  -9999.00
     1   2005    338    1600.0       9.5      12.6      1.19      2.00      4.10  -9999.00
     1   2005    339    1400.0       2.3      10.7      0.72      2.00      5.80  -9999.00
     1   2005    340    2200.0       1.4       9.0      0.68      2.00      3.90  -9999.00
     1   2005    341    1000.0       0.3      10.3      0.62      2.00      2.00  -9999.00
     1   2005    342    1400.0       8.2       8.2      1.09      2.00      0.00  -9999.00
     1   2005    343    2200.0       4.9       7.7      0.87      2.00      1.60  -9999.00
     1   2005    344     700.0       0.3      10.4      0.62      2.00      0.60  -9999.00
     1   2005    345    1500.0       3.5       9.9      0.78      2.00      0.00  -9999.00
     1   2005    346    3700.0       0.2      11.1      0.62      2.00      9.80  -9999.00
     1   2005    347    1500.0      -1.3       6.8      0.56      2.00      0.10  -9999.00
     1   2005    348    1400.0       7.0       9.0      1.00      2.00      0.40  -9999.00
     1   2005    349    2300.0       2.0       5.0      0.71      2.00      0.10  -9999.00
     1   2005    350    1400.0       8.9       9.2      1.14      2.00      0.30  -9999.00
     1   2005    351    1000.0       2.7       4.3      0.74      2.00      0.10  -9999.00
     1   2005    352    1100.0       9.6      11.6      1.20      2.00      6.10  -9999.00
     1   2005    353    1700.0       3.9       8.2      0.81      2.00      1.80  -9999.00
     1   2005    354    1200.0      10.8      10.9      1.29      2.00      0.10  -9999.00
     1   2005    355    1400.0      -1.6       9.6      0.54      2.00      1.60  -9999.00
     1   2005    356    2500.0       5.7       7.7      0.92      2.00      0.00  -9999.00
     1   2005    357    1900.0       6.3      12.3      0.95      2.00      0.10  -9999.00
     1   2005    358    2200.0       0.7       2.7      0.64      2.00     26.70  -9999.00
     1   2005    359    1500.0       3.9       7.7      0.81      2.00      2.70  -9999.00
     1   2005    360     900.0       1.3       9.2      0.67      2.00      5.60  -9999.00
     1   2005    361    1300.0       3.0      10.5      0.76      2.00     13.70  -9999.00
     1   2005    362    1500.0       5.5       7.3      0.90      2.00      4.30  -9999.00
     1   2005    363    2800.0       3.7       7.3      0.80      2.00      4.10  -9999.00
     1   2005    364    1500.0       4.5       8.2      0.84      2.00     16.90  -9999.00
     1   2005    365    3500.0       0.5       3.6      0.63      2.00      0.00  -9999.00
