*-----------------------------------------------------------------------------* 
           CNWG_187.met           51.48   -3.55   69.72
* Date created:  08-Aug-2019     Author: K Coleman 
* 
* NIL VALUE       -9999 
* Source:   data provided by M. Semenov 
*  
* Latitude:    51.48 Longitude:    -3.55 Altitude:    69.72
* 
* Column  Daily value 
* 1       station number 
* 2       year 
* 3       day 
* 4       irradiation                   (kJ m-2 d-1) 
* 5       minimum temperature           (degrees Celsius) 
* 6       maximum temperature           (degrees Celsius) 
* 7       early morning vapour pressure (kPa)             
* 8       mean wind speed (height: 2 m?) (m s-1)          
* 9       precipitation                 (mm d-1)          
* 10      sunshine                      (hrs)             
 		Jday	RAD	    TMIN	TMAX	 VAP	wind	RAIN	SUN  
               kj/m2	°C	    °C	     kPa	m/s	    mm	    hrs 
   51.48  69.72
     1   2005      1    1700.0       3.9      10.2      0.81      2.00      1.90  -9999.00
     1   2005      2    3100.0      10.2      10.4      1.24      2.00      5.10  -9999.00
     1   2005      3    2200.0       1.8       9.3      0.70      2.00     12.50  -9999.00
     1   2005      4    1600.0       3.7       6.3      0.80      2.00     15.50  -9999.00
     1   2005      5    2800.0      -3.4       6.8      0.48      2.00      6.40  -9999.00
     1   2005      6    1600.0       4.1       6.1      0.82      2.00      2.00  -9999.00
     1   2005      7    1500.0       8.0       9.0      1.07      2.00      8.70  -9999.00
     1   2005      8    1600.0       9.1      11.4      1.16      2.00     18.70  -9999.00
     1   2005      9    1600.0       6.2      11.8      0.95      2.00      6.80  -9999.00
     1   2005     10    1700.0       8.0      10.7      1.07      2.00      0.30  -9999.00
     1   2005     11    3400.0       1.6       8.9      0.69      2.00      0.00  -9999.00
     1   2005     12    1900.0      -3.8       3.8      0.46      2.00      0.00  -9999.00
     1   2005     13    3000.0       5.2       7.2      0.88      2.00      0.00  -9999.00
     1   2005     14    1700.0      -5.1       8.0      0.42      2.00      0.20  -9999.00
     1   2005     15    1900.0       4.5       9.0      0.84      2.00      3.20  -9999.00
     1   2005     16    1900.0      -0.8       1.2      0.58      2.00      0.00  -9999.00
     1   2005     17    3300.0       3.7       6.7      0.80      2.00      6.00  -9999.00
     1   2005     18    2200.0      -3.3      11.8      0.48      2.00      0.00  -9999.00
     1   2005     19    4600.0      -4.4       9.3      0.44      2.00      0.00  -9999.00
     1   2005     20    5900.0      -0.2       3.7      0.60      2.00      0.00  -9999.00
     1   2005     21    3400.0      -0.9       7.1      0.57      2.00      0.00  -9999.00
     1   2005     22    4300.0      -3.7       8.4      0.46      2.00      0.00  -9999.00
     1   2005     23    1800.0       4.2       7.5      0.82      2.00      7.10  -9999.00
     1   2005     24    3300.0       6.9       8.1      0.99      2.00      7.80  -9999.00
     1   2005     25    3600.0       6.5       7.1      0.97      2.00      1.80  -9999.00
     1   2005     26    2200.0       4.6       6.6      0.85      2.00      0.00  -9999.00
     1   2005     27    2500.0       1.9       3.9      0.70      2.00      0.50  -9999.00
     1   2005     28    5100.0      -3.8       8.7      0.46      2.00      4.00  -9999.00
     1   2005     29    4700.0       7.4      10.6      1.03      2.00      7.20  -9999.00
     1   2005     30    6100.0       5.5      11.8      0.90      2.00      0.20  -9999.00
     1   2005     31    4500.0       4.4       7.7      0.84      2.00      0.30  -9999.00
     1   2005     32    3600.0       4.5      11.6      0.84      2.00      6.00  -9999.00
     1   2005     33    2700.0       2.5       9.0      0.73      2.00      0.20  -9999.00
     1   2005     34    2800.0       6.6       7.9      0.97      2.00      6.00  -9999.00
     1   2005     35    2900.0      -0.4       7.4      0.59      2.00      0.00  -9999.00
     1   2005     36    4800.0       2.2       4.2      0.72      2.00      0.00  -9999.00
     1   2005     37    5500.0       1.8       1.9      0.70      2.00      0.00  -9999.00
     1   2005     38    7200.0       3.4       7.7      0.78      2.00      0.00  -9999.00
     1   2005     39    6100.0       5.7       8.8      0.92      2.00      0.00  -9999.00
     1   2005     40    2400.0      -0.1       7.6      0.61      2.00      7.50  -9999.00
     1   2005     41    1500.0      -8.3       4.3      0.33      2.00      0.00  -9999.00
     1   2005     42    2800.0       9.5      10.0      1.19      2.00      8.70  -9999.00
     1   2005     43    5000.0       3.6       9.0      0.79      2.00      1.00  -9999.00
     1   2005     44    5000.0       7.6      10.1      1.04      2.00      0.20  -9999.00
     1   2005     45    1300.0       5.3       6.9      0.89      2.00      1.00  -9999.00
     1   2005     46    2900.0       5.3      12.3      0.89      2.00      2.90  -9999.00
     1   2005     47    5400.0       4.0       6.0      0.81      2.00      0.00  -9999.00
     1   2005     48    8800.0       2.3       8.2      0.72      2.00      0.00  -9999.00
     1   2005     49    6200.0       5.0      10.1      0.87      2.00      0.00  -9999.00
     1   2005     50    8600.0      -2.2       8.3      0.52      2.00      0.00  -9999.00
     1   2005     51    3900.0      -0.4       7.9      0.59      2.00      0.00  -9999.00
     1   2005     52    2000.0      -3.2      11.9      0.48      2.00      0.00  -9999.00
     1   2005     53    3200.0       5.5      11.4      0.90      2.00      0.60  -9999.00
     1   2005     54    4100.0       1.8       6.8      0.70      2.00      4.30  -9999.00
     1   2005     55    7600.0      -0.3       8.5      0.60      2.00      0.70  -9999.00
     1   2005     56    9600.0       7.3      10.2      1.02      2.00      0.00  -9999.00
     1   2005     57    7900.0      -1.6       2.5      0.54      2.00      0.00  -9999.00
     1   2005     58    3800.0       1.8       8.5      0.70      2.00     11.40  -9999.00
     1   2005     59    9000.0       8.9      11.0      1.14      2.00      0.00  -9999.00
     1   2005     60    4500.0       4.2      11.9      0.82      2.00     14.30  -9999.00
     1   2005     61    4200.0       6.0       9.7      0.93      2.00      8.90  -9999.00
     1   2005     62    4700.0       1.5      11.9      0.68      2.00      0.10  -9999.00
     1   2005     63    6300.0       7.3      10.2      1.02      2.00      4.20  -9999.00
     1   2005     64   10100.0       1.0      13.0      0.66      2.00      0.90  -9999.00
     1   2005     65    7500.0       0.1       9.8      0.62      2.00      3.00  -9999.00
     1   2005     66   10500.0       2.8       9.1      0.75      2.00      0.00  -9999.00
     1   2005     67    4400.0      -3.4       8.3      0.48      2.00      0.00  -9999.00
     1   2005     68    4500.0       7.3       8.3      1.02      2.00      0.10  -9999.00
     1   2005     69    4600.0       6.9       9.1      0.99      2.00      4.40  -9999.00
     1   2005     70   14100.0       3.2       7.0      0.77      2.00      0.00  -9999.00
     1   2005     71    4900.0       7.6       8.1      1.04      2.00      3.90  -9999.00
     1   2005     72    2100.0      -1.5       3.1      0.55      2.00      0.40  -9999.00
     1   2005     73    5600.0       4.8       8.8      0.86      2.00      2.90  -9999.00
     1   2005     74   13900.0       2.1       8.1      0.71      2.00      0.00  -9999.00
     1   2005     75    9000.0       7.0       8.1      1.00      2.00      0.20  -9999.00
     1   2005     76    7000.0       3.7      11.1      0.80      2.00      0.30  -9999.00
     1   2005     77    5800.0       7.3       9.4      1.02      2.00      3.10  -9999.00
     1   2005     78   10600.0       3.6      12.1      0.79      2.00      9.10  -9999.00
     1   2005     79    7600.0       9.0      11.1      1.15      2.00      8.70  -9999.00
     1   2005     80    9900.0       0.3       3.6      0.62      2.00     14.30  -9999.00
     1   2005     81    6900.0       1.4      12.3      0.68      2.00      2.10  -9999.00
     1   2005     82    3900.0       5.1      10.3      0.88      2.00      0.10  -9999.00
     1   2005     83    2500.0       4.9       7.2      0.87      2.00      9.70  -9999.00
     1   2005     84    8400.0       5.6       8.7      0.91      2.00      1.50  -9999.00
     1   2005     85   13000.0       1.1       7.2      0.66      2.00      0.00  -9999.00
     1   2005     86   15900.0       3.5      17.4      0.78      2.00      0.00  -9999.00
     1   2005     87   10600.0       4.1       9.4      0.82      2.00      0.90  -9999.00
     1   2005     88   11500.0       2.8      12.7      0.75      2.00      8.70  -9999.00
     1   2005     89    9000.0      -0.8       8.7      0.58      2.00      9.10  -9999.00
     1   2005     90   11200.0       4.2       5.4      0.82      2.00      2.90  -9999.00
     1   2005     91    6100.0       8.2      12.8      1.09      2.00      0.30  -9999.00
     1   2005     92    7100.0       3.7      10.7      0.80      2.00      6.20  -9999.00
     1   2005     93   16300.0       0.8      13.9      0.65      2.00      0.00  -9999.00
     1   2005     94   19600.0       5.2      12.2      0.88      2.00      0.00  -9999.00
     1   2005     95   12300.0       5.8      14.7      0.92      2.00      0.00  -9999.00
     1   2005     96   15500.0      -0.9      14.0      0.57      2.00      0.00  -9999.00
     1   2005     97   14400.0       6.2      12.3      0.95      2.00      0.80  -9999.00
     1   2005     98    6300.0       3.5      14.2      0.78      2.00      2.80  -9999.00
     1   2005     99   17700.0       0.3       7.0      0.62      2.00      0.00  -9999.00
     1   2005    100    4100.0       7.0      10.2      1.00      2.00      1.20  -9999.00
     1   2005    101    9700.0       6.9       9.3      0.99      2.00      5.80  -9999.00
     1   2005    102    5900.0       1.4      11.1      0.68      2.00     13.60  -9999.00
     1   2005    103   10300.0       2.1      13.2      0.71      2.00     19.50  -9999.00
     1   2005    104   18500.0       8.5      11.4      1.11      2.00      8.30  -9999.00
     1   2005    105   11400.0       5.2      13.2      0.88      2.00     23.00  -9999.00
     1   2005    106    8600.0       4.5       7.8      0.84      2.00      5.30  -9999.00
     1   2005    107   15500.0       2.9      12.5      0.75      2.00      0.00  -9999.00
     1   2005    108   11600.0       2.0      15.1      0.71      2.00      0.00  -9999.00
     1   2005    109   12200.0       4.7      12.5      0.85      2.00     10.10  -9999.00
     1   2005    110   12600.0       8.9      10.4      1.14      2.00      2.70  -9999.00
     1   2005    111   11200.0       9.2      12.4      1.16      2.00      0.20  -9999.00
     1   2005    112   17300.0       1.3       9.8      0.67      2.00      3.10  -9999.00
     1   2005    113    8500.0       4.7      11.0      0.85      2.00      1.10  -9999.00
     1   2005    114   16900.0       3.3       9.3      0.77      2.00     15.40  -9999.00
     1   2005    115   12600.0       1.0      10.3      0.66      2.00      0.30  -9999.00
     1   2005    116   14300.0       3.5      12.1      0.78      2.00      3.80  -9999.00
     1   2005    117    8200.0       8.5      10.8      1.11      2.00      1.00  -9999.00
     1   2005    118   12100.0       0.0      14.4      0.61      2.00      6.60  -9999.00
     1   2005    119   12100.0       8.3      15.8      1.09      2.00      0.10  -9999.00
     1   2005    120   24300.0       8.9      14.6      1.14      2.00      0.00  -9999.00
     1   2005    121   19800.0       3.7      12.7      0.80      2.00      0.00  -9999.00
     1   2005    122   12400.0       5.6      13.2      0.91      2.00      0.00  -9999.00
     1   2005    123   16300.0       2.8      16.9      0.75      2.00      0.00  -9999.00
     1   2005    124   13100.0       6.4      11.0      0.96      2.00      0.20  -9999.00
     1   2005    125   23800.0       2.7      15.7      0.74      2.00      0.00  -9999.00
     1   2005    126   17600.0       2.5      12.6      0.73      2.00      0.00  -9999.00
     1   2005    127   18300.0       5.2      20.6      0.88      2.00      0.00  -9999.00
     1   2005    128   13700.0       2.4      19.1      0.73      2.00      0.00  -9999.00
     1   2005    129   14800.0      14.0      14.5      1.60      2.00      0.00  -9999.00
     1   2005    130   22200.0       5.8      14.7      0.92      2.00      0.00  -9999.00
     1   2005    131   20600.0       8.5      14.2      1.11      2.00      0.00  -9999.00
     1   2005    132   17200.0       4.3      14.7      0.83      2.00      0.00  -9999.00
     1   2005    133   23800.0      10.5      14.2      1.27      2.00      0.00  -9999.00
     1   2005    134    8400.0       5.6      14.6      0.91      2.00      0.00  -9999.00
     1   2005    135   20000.0       4.5      17.3      0.84      2.00      0.00  -9999.00
     1   2005    136   20200.0       2.3      18.1      0.72      2.00      0.00  -9999.00
     1   2005    137   14400.0      10.0      15.8      1.23      2.00      0.00  -9999.00
     1   2005    138   26400.0       7.2      14.6      1.02      2.00      0.00  -9999.00
     1   2005    139   19800.0       4.3      15.8      0.83      2.00      0.00  -9999.00
     1   2005    140   19800.0       8.1      13.1      1.08      2.00      0.00  -9999.00
     1   2005    141   21800.0       3.6      12.5      0.79      2.00      0.10  -9999.00
     1   2005    142    9000.0      11.7      13.7      1.37      2.00      1.20  -9999.00
     1   2005    143   11300.0      10.4      14.3      1.26      2.00      3.20  -9999.00
     1   2005    144   16400.0       8.7      12.2      1.12      2.00      2.60  -9999.00
     1   2005    145    9900.0      10.0      15.0      1.23      2.00      1.20  -9999.00
     1   2005    146   21500.0       7.5      16.5      1.04      2.00      0.00  -9999.00
     1   2005    147   27600.0      11.6      15.3      1.37      2.00      0.00  -9999.00
     1   2005    148   18600.0      11.9      14.6      1.39      2.00      0.00  -9999.00
     1   2005    149   17000.0      11.6      18.1      1.37      2.00      0.00  -9999.00
     1   2005    150   24100.0      11.8      19.4      1.38      2.00      0.00  -9999.00
     1   2005    151   20700.0      10.8      13.7      1.29      2.00      0.00  -9999.00
     1   2005    152   22100.0       9.5      14.8      1.19      2.00      8.20  -9999.00
     1   2005    153   15300.0       9.5      22.6      1.19      2.00      0.00  -9999.00
     1   2005    154   20700.0       8.5      14.3      1.11      2.00      0.00  -9999.00
     1   2005    155   12700.0      14.0      21.8      1.60      2.00      0.00  -9999.00
     1   2005    156   27200.0      13.6      17.0      1.56      2.00      0.00  -9999.00
     1   2005    157   24600.0       9.6      18.9      1.20      2.00      0.00  -9999.00
     1   2005    158   11700.0       9.3      21.9      1.17      2.00      0.00  -9999.00
     1   2005    159   20100.0       8.0      14.9      1.07      2.00      0.10  -9999.00
     1   2005    160   13000.0      12.3      15.2      1.43      2.00      0.10  -9999.00
     1   2005    161   12200.0      14.0      22.0      1.60      2.00      0.00  -9999.00
     1   2005    162   17100.0       6.9      15.2      0.99      2.00      7.30  -9999.00
     1   2005    163   23300.0      10.4      20.7      1.26      2.00      3.40  -9999.00
     1   2005    164   12500.0       9.3      15.4      1.17      2.00      0.20  -9999.00
     1   2005    165   16500.0      11.0      16.9      1.31      2.00     21.80  -9999.00
     1   2005    166   25600.0      10.2      22.9      1.24      2.00      0.00  -9999.00
     1   2005    167   18000.0      13.4      16.9      1.54      2.00      0.00  -9999.00
     1   2005    168   22300.0      11.5      18.0      1.36      2.00      0.80  -9999.00
     1   2005    169   19500.0      11.4      18.9      1.35      2.00      0.10  -9999.00
     1   2005    170   23600.0      12.7      17.3      1.47      2.00      2.80  -9999.00
     1   2005    171   26400.0       8.6      15.6      1.12      2.00      0.00  -9999.00
     1   2005    172   17000.0       9.5      23.2      1.19      2.00      7.10  -9999.00
     1   2005    173   30500.0      14.1      20.2      1.61      2.00      0.00  -9999.00
     1   2005    174   13000.0       8.3      16.9      1.09      2.00      5.00  -9999.00
     1   2005    175   14900.0       9.7      16.2      1.20      2.00      2.80  -9999.00
     1   2005    176   17000.0      10.3      15.3      1.25      2.00     21.80  -9999.00
     1   2005    177    7400.0      12.3      19.1      1.43      2.00      0.70  -9999.00
     1   2005    178   17200.0      12.4      17.0      1.44      2.00      7.20  -9999.00
     1   2005    179   23100.0      11.6      16.9      1.37      2.00      0.00  -9999.00
     1   2005    180   14300.0      15.0      20.3      1.70      2.00      0.00  -9999.00
     1   2005    181   26200.0      14.2      17.1      1.62      2.00      0.00  -9999.00
     1   2005    182   27600.0       9.0      20.6      1.15      2.00      0.00  -9999.00
     1   2005    183   13800.0      10.0      19.1      1.23      2.00      0.10  -9999.00
     1   2005    184   29500.0      15.1      18.0      1.72      2.00      0.00  -9999.00
     1   2005    185   14800.0       9.5      21.7      1.19      2.00      0.00  -9999.00
     1   2005    186   14400.0      12.6      17.1      1.46      2.00      0.00  -9999.00
     1   2005    187   27900.0      11.1      25.0      1.32      2.00      0.00  -9999.00
     1   2005    188   18500.0      10.1      24.9      1.24      2.00      0.00  -9999.00
     1   2005    189   20400.0       9.6      19.3      1.20      2.00      0.00  -9999.00
     1   2005    190    8300.0       9.9      16.2      1.22      2.00      7.00  -9999.00
     1   2005    191   20100.0       9.1      16.9      1.16      2.00      2.60  -9999.00
     1   2005    192   10400.0      15.7      18.2      1.78      2.00      0.20  -9999.00
     1   2005    193   11700.0       9.0      18.2      1.15      2.00     16.00  -9999.00
     1   2005    194   24300.0      12.6      19.1      1.46      2.00     12.30  -9999.00
     1   2005    195   20800.0      12.4      18.9      1.44      2.00      0.90  -9999.00
     1   2005    196   10500.0      11.6      17.9      1.37      2.00      0.50  -9999.00
     1   2005    197   13500.0      15.2      19.0      1.73      2.00      6.40  -9999.00
     1   2005    198   22400.0      12.5      21.6      1.45      2.00      0.00  -9999.00
     1   2005    199   27600.0      11.9      19.8      1.39      2.00      0.00  -9999.00
     1   2005    200   22000.0      11.7      18.2      1.37      2.00      0.00  -9999.00
     1   2005    201   28000.0      13.0      17.5      1.50      2.00      0.00  -9999.00
     1   2005    202   28300.0      15.2      24.1      1.73      2.00      0.00  -9999.00
     1   2005    203   28500.0      11.6      18.0      1.37      2.00      0.00  -9999.00
     1   2005    204   22000.0      13.1      28.7      1.51      2.00      0.00  -9999.00
     1   2005    205   17300.0      13.5      19.1      1.55      2.00      0.00  -9999.00
     1   2005    206   22400.0      15.6      20.6      1.77      2.00      0.00  -9999.00
     1   2005    207   25500.0      14.1      19.9      1.61      2.00      0.00  -9999.00
     1   2005    208   20000.0      11.8      20.8      1.38      2.00      0.00  -9999.00
     1   2005    209   14200.0      15.7      17.6      1.78      2.00      0.00  -9999.00
     1   2005    210   21500.0       9.4      23.7      1.18      2.00      0.00  -9999.00
     1   2005    211   20900.0      15.5      16.9      1.76      2.00      0.40  -9999.00
     1   2005    212   13100.0      14.7      17.1      1.67      2.00      4.00  -9999.00
     1   2005    213   15300.0      12.7      18.9      1.47      2.00      4.40  -9999.00
     1   2005    214   19100.0      17.1      17.8      1.95      2.00      0.30  -9999.00
     1   2005    215   10600.0      11.0      18.4      1.31      2.00      9.40  -9999.00
     1   2005    216   17600.0      11.7      20.7      1.37      2.00     13.50  -9999.00
     1   2005    217   20700.0       7.6      21.4      1.04      2.00      0.00  -9999.00
     1   2005    218   23200.0      11.3      19.3      1.34      2.00      0.10  -9999.00
     1   2005    219   19900.0      10.0      21.1      1.23      2.00      0.00  -9999.00
     1   2005    220   24100.0       9.8      23.4      1.21      2.00      0.00  -9999.00
     1   2005    221   22900.0      14.5      23.1      1.65      2.00      0.00  -9999.00
     1   2005    222    8800.0      14.2      18.2      1.62      2.00      0.00  -9999.00
     1   2005    223    6800.0      17.9      18.6      2.05      2.00     10.70  -9999.00
     1   2005    224   20900.0      13.2      21.7      1.52      2.00      0.00  -9999.00
     1   2005    225   15400.0      15.4      23.3      1.75      2.00      0.00  -9999.00
     1   2005    226   10600.0      11.9      17.4      1.39      2.00      0.40  -9999.00
     1   2005    227   15700.0      13.8      23.3      1.58      2.00      0.00  -9999.00
     1   2005    228   22300.0      15.3      28.1      1.74      2.00      0.00  -9999.00
     1   2005    229   13100.0      12.8      17.4      1.48      2.00      2.10  -9999.00
     1   2005    230   17700.0      17.7      23.3      2.02      2.00      0.00  -9999.00
     1   2005    231   11900.0      14.0      16.4      1.60      2.00      1.10  -9999.00
     1   2005    232   14000.0      18.7      20.8      2.16      2.00      0.00  -9999.00
     1   2005    233   18200.0       8.6      20.0      1.12      2.00      0.00  -9999.00
     1   2005    234   13600.0      13.1      20.9      1.51      2.00      3.90  -9999.00
     1   2005    235   11100.0      12.5      18.6      1.45      2.00      0.50  -9999.00
     1   2005    236    9100.0      13.3      17.9      1.53      2.00      0.50  -9999.00
     1   2005    237    4300.0      16.8      20.8      1.91      2.00     14.90  -9999.00
     1   2005    238   10500.0      14.9      23.2      1.69      2.00      0.00  -9999.00
     1   2005    239   16300.0      11.2      21.5      1.33      2.00      0.00  -9999.00
     1   2005    240   13000.0      11.0      19.8      1.31      2.00      0.00  -9999.00
     1   2005    241   11300.0      15.2      19.8      1.73      2.00      1.90  -9999.00
     1   2005    242    7000.0      13.3      16.4      1.53      2.00      0.10  -9999.00
     1   2005    243   17300.0      12.6      18.0      1.46      2.00      0.00  -9999.00
     1   2005    244   11400.0      12.2      18.1      1.42      2.00     12.60  -9999.00
     1   2005    245    5800.0      11.8      17.5      1.38      2.00      0.70  -9999.00
     1   2005    246   10200.0      15.8      17.3      1.79      2.00      2.00  -9999.00
     1   2005    247    9300.0      11.1      15.3      1.32      2.00      0.10  -9999.00
     1   2005    248   17300.0      10.8      21.8      1.29      2.00      0.00  -9999.00
     1   2005    249   12200.0      12.3      19.6      1.43      2.00      0.00  -9999.00
     1   2005    250   11700.0      13.0      19.7      1.50      2.00      1.60  -9999.00
     1   2005    251    7300.0       8.9      17.3      1.14      2.00      0.10  -9999.00
     1   2005    252   11600.0      10.6      18.2      1.28      2.00     19.90  -9999.00
     1   2005    253    5800.0       8.6      15.7      1.12      2.00      0.00  -9999.00
     1   2005    254   14100.0      13.5      17.2      1.55      2.00      0.10  -9999.00
     1   2005    255   11700.0      10.0      16.5      1.23      2.00      7.00  -9999.00
     1   2005    256    9200.0      15.9      18.3      1.81      2.00      4.10  -9999.00
     1   2005    257   15100.0      10.1      17.7      1.24      2.00     12.50  -9999.00
     1   2005    258    6400.0       9.9      23.3      1.22      2.00      0.00  -9999.00
     1   2005    259   17500.0      10.5      19.9      1.27      2.00      0.00  -9999.00
     1   2005    260    9300.0       6.6      16.5      0.97      2.00      0.00  -9999.00
     1   2005    261   16200.0      12.2      16.0      1.42      2.00      0.00  -9999.00
     1   2005    262    9100.0      11.5      17.0      1.36      2.00      0.00  -9999.00
     1   2005    263   12200.0      12.9      20.9      1.49      2.00      0.00  -9999.00
     1   2005    264   10800.0       7.6      17.2      1.04      2.00      0.00  -9999.00
     1   2005    265    7400.0      10.7      18.9      1.29      2.00      0.10  -9999.00
     1   2005    266    7700.0       9.6      16.3      1.20      2.00      7.80  -9999.00
     1   2005    267   12500.0      12.5      17.5      1.45      2.00      0.60  -9999.00
     1   2005    268    8100.0      14.2      16.2      1.62      2.00      0.20  -9999.00
     1   2005    269    9700.0      12.8      16.5      1.48      2.00      0.00  -9999.00
     1   2005    270   12700.0       6.6      18.8      0.97      2.00      0.00  -9999.00
     1   2005    271    5600.0      13.3      17.1      1.53      2.00     24.40  -9999.00
     1   2005    272    7800.0       5.8      14.3      0.92      2.00      0.00  -9999.00
     1   2005    273    9500.0      10.0      13.3      1.23      2.00      0.10  -9999.00
     1   2005    274    7700.0      12.2      22.2      1.42      2.00     10.00  -9999.00
     1   2005    275    9000.0      12.6      17.4      1.46      2.00      3.50  -9999.00
     1   2005    276   11000.0       8.8      10.3      1.13      2.00      0.20  -9999.00
     1   2005    277    9600.0      12.2      14.2      1.42      2.00      0.70  -9999.00
     1   2005    278    7900.0       9.7      13.8      1.20      2.00      0.10  -9999.00
     1   2005    279   10100.0       7.1      16.2      1.01      2.00      0.00  -9999.00
     1   2005    280   10800.0       1.0      14.1      0.66      2.00      0.00  -9999.00
     1   2005    281   10800.0       6.6      16.4      0.97      2.00      0.00  -9999.00
     1   2005    282    6700.0       3.1      20.8      0.76      2.00      0.00  -9999.00
     1   2005    283    4600.0      15.5      19.3      1.76      2.00      1.30  -9999.00
     1   2005    284    8700.0      10.8      12.8      1.29      2.00      1.30  -9999.00
     1   2005    285    5800.0       8.5      16.7      1.11      2.00      0.10  -9999.00
     1   2005    286    5700.0       9.6      15.2      1.20      2.00      3.10  -9999.00
     1   2005    287    8800.0       5.9      15.3      0.93      2.00      4.70  -9999.00
     1   2005    288    8700.0      10.1      11.7      1.24      2.00      0.00  -9999.00
     1   2005    289    4300.0       7.7      12.3      1.05      2.00      0.20  -9999.00
     1   2005    290    3800.0      11.3      14.9      1.34      2.00      5.10  -9999.00
     1   2005    291    3600.0       4.4      17.4      0.84      2.00      5.70  -9999.00
     1   2005    292    8400.0      11.3      15.2      1.34      2.00      0.50  -9999.00
     1   2005    293    6400.0       4.2      14.3      0.82      2.00      0.10  -9999.00
     1   2005    294    8500.0       8.3      14.9      1.09      2.00      0.00  -9999.00
     1   2005    295    6600.0       2.0       9.0      0.71      2.00      0.00  -9999.00
     1   2005    296    7800.0       0.2      16.4      0.62      2.00      0.00  -9999.00
     1   2005    297    9200.0       7.5      14.8      1.04      2.00      0.00  -9999.00
     1   2005    298    6100.0       6.9      12.5      0.99      2.00     15.50  -9999.00
     1   2005    299    5600.0      11.4      13.4      1.35      2.00     11.90  -9999.00
     1   2005    300    5000.0      10.9      11.0      1.30      2.00      6.60  -9999.00
     1   2005    301    4300.0       4.4      12.7      0.84      2.00      2.30  -9999.00
     1   2005    302    5200.0       6.8      13.8      0.99      2.00      0.20  -9999.00
     1   2005    303    4300.0       8.0      12.3      1.07      2.00      1.70  -9999.00
     1   2005    304    5400.0       7.1      10.2      1.01      2.00      0.10  -9999.00
     1   2005    305    8200.0      10.4      11.3      1.26      2.00      0.00  -9999.00
     1   2005    306    3600.0       8.6      11.8      1.12      2.00      0.00  -9999.00
     1   2005    307    4800.0      -2.6       5.8      0.50      2.00      2.20  -9999.00
     1   2005    308    3800.0       4.7      14.1      0.85      2.00      1.90  -9999.00
     1   2005    309    1100.0       7.5      10.6      1.04      2.00      7.70  -9999.00
     1   2005    310    5700.0       6.9       8.9      0.99      2.00      5.20  -9999.00
     1   2005    311    2800.0       2.3       7.1      0.72      2.00      0.00  -9999.00
     1   2005    312    7000.0       7.8      12.1      1.06      2.00      0.00  -9999.00
     1   2005    313    4100.0       6.5       8.5      0.97      2.00      0.00  -9999.00
     1   2005    314    2100.0       1.4       7.5      0.68      2.00      0.00  -9999.00
     1   2005    315    3800.0       1.2      12.1      0.67      2.00      0.00  -9999.00
     1   2005    316    3500.0       9.3      11.3      1.17      2.00     11.70  -9999.00
     1   2005    317    5300.0      -1.1      12.2      0.56      2.00      0.00  -9999.00
     1   2005    318    4300.0       1.5       6.1      0.68      2.00      0.30  -9999.00
     1   2005    319    2200.0       7.2       9.2      1.02      2.00      4.50  -9999.00
     1   2005    320    3300.0       6.4      10.5      0.96      2.00     14.60  -9999.00
     1   2005    321    1400.0       1.6      10.6      0.69      2.00      1.60  -9999.00
     1   2005    322    3600.0       8.6      13.2      1.12      2.00      5.00  -9999.00
     1   2005    323    3400.0       4.2       4.2      0.82      2.00      0.00  -9999.00
     1   2005    324    3000.0       5.2      10.8      0.88      2.00      0.00  -9999.00
     1   2005    325    1300.0       8.8      13.2      1.13      2.00     10.80  -9999.00
     1   2005    326    2900.0       7.0      13.6      1.00      2.00      0.00  -9999.00
     1   2005    327    4900.0       7.3       8.2      1.02      2.00      0.00  -9999.00
     1   2005    328    5100.0       8.6      10.6      1.12      2.00      2.90  -9999.00
     1   2005    329    3100.0       9.0      10.7      1.15      2.00      7.00  -9999.00
     1   2005    330    1600.0       1.7      10.0      0.69      2.00      1.00  -9999.00
     1   2005    331    3700.0       6.3       8.7      0.95      2.00     19.10  -9999.00
     1   2005    332    4600.0       4.1       7.2      0.82      2.00      4.90  -9999.00
     1   2005    333    1900.0       9.5      10.1      1.19      2.00      5.40  -9999.00
     1   2005    334    2300.0      10.1      14.4      1.24      2.00      8.80  -9999.00
     1   2005    335    1700.0      11.3      12.5      1.34      2.00      1.70  -9999.00
     1   2005    336    1300.0       6.4       8.4      0.96      2.00      0.00  -9999.00
     1   2005    337     800.0       1.5      11.8      0.68      2.00      0.00  -9999.00
     1   2005    338    1100.0       5.2       7.2      0.88      2.00      0.00  -9999.00
     1   2005    339    1600.0      -0.9       0.8      0.57      2.00      0.00  -9999.00
     1   2005    340    1500.0       6.9       8.9      0.99      2.00     12.70  -9999.00
     1   2005    341    1500.0       4.5      11.4      0.84      2.00      0.00  -9999.00
     1   2005    342    1400.0       2.6      10.6      0.74      2.00      0.00  -9999.00
     1   2005    343    2300.0      -1.0       8.7      0.57      2.00      0.00  -9999.00
     1   2005    344    2000.0       8.0      10.8      1.07      2.00      0.00  -9999.00
     1   2005    345     700.0       7.5       8.7      1.04      2.00      0.80  -9999.00
     1   2005    346    2900.0       7.2       9.7      1.02      2.00     13.90  -9999.00
     1   2005    347     700.0       5.8       7.8      0.92      2.00      2.70  -9999.00
     1   2005    348    2100.0       8.6       9.9      1.12      2.00      2.60  -9999.00
     1   2005    349    2000.0       1.3       6.8      0.67      2.00      0.30  -9999.00
     1   2005    350    2200.0       6.0       8.0      0.93      2.00      2.00  -9999.00
     1   2005    351    1700.0      -3.7       6.3      0.46      2.00     10.40  -9999.00
     1   2005    352    2200.0       5.3       8.5      0.89      2.00      1.30  -9999.00
     1   2005    353    2600.0       3.0      11.0      0.76      2.00     16.10  -9999.00
     1   2005    354    2600.0       2.1       8.3      0.71      2.00      0.10  -9999.00
     1   2005    355    2100.0      -0.1       7.6      0.61      2.00      0.00  -9999.00
     1   2005    356    3100.0       6.3       8.2      0.95      2.00      4.50  -9999.00
     1   2005    357    2000.0       2.3       5.1      0.72      2.00      0.00  -9999.00
     1   2005    358    3400.0       3.6      10.1      0.79      2.00      0.00  -9999.00
     1   2005    359    1400.0       4.3       6.3      0.83      2.00      0.00  -9999.00
     1   2005    360    1200.0       1.9       9.1      0.70      2.00      0.00  -9999.00
     1   2005    361    1900.0       7.2       7.9      1.02      2.00      0.00  -9999.00
     1   2005    362    2700.0       1.5       3.0      0.68      2.00      0.00  -9999.00
     1   2005    363     700.0       4.2      11.7      0.82      2.00      4.90  -9999.00
     1   2005    364    1800.0      -0.1      11.0      0.61      2.00      0.00  -9999.00
     1   2005    365    2400.0       4.5      10.9      0.84      2.00     22.20  -9999.00
