*-----------------------------------------------------------------------------* 
           CNWG_216.met           51.48   -3.55   69.72
* Date created:  08-Aug-2019     Author: K Coleman 
* 
* NIL VALUE       -9999 
* Source:   data provided by M. Semenov 
*  
* Latitude:    51.48 Longitude:    -3.55 Altitude:    69.72
* 
* Column  Daily value 
* 1       station number 
* 2       year 
* 3       day 
* 4       irradiation                   (kJ m-2 d-1) 
* 5       minimum temperature           (degrees Celsius) 
* 6       maximum temperature           (degrees Celsius) 
* 7       early morning vapour pressure (kPa)             
* 8       mean wind speed (height: 2 m?) (m s-1)          
* 9       precipitation                 (mm d-1)          
* 10      sunshine                      (hrs)             
 		Jday	RAD	    TMIN	TMAX	 VAP	wind	RAIN	SUN  
               kj/m2	°C	    °C	     kPa	m/s	    mm	    hrs 
   51.48  69.72
     1   2005      1    4700.0       2.8       9.3      0.75      2.00      0.00  -9999.00
     1   2005      2    4600.0       1.7       2.5      0.69      2.00      0.00  -9999.00
     1   2005      3    2400.0       6.3      11.9      0.95      2.00      9.30  -9999.00
     1   2005      4    2700.0       7.2      10.9      1.02      2.00      2.90  -9999.00
     1   2005      5    3100.0       6.5       7.3      0.97      2.00      9.10  -9999.00
     1   2005      6     700.0      -0.2       5.3      0.60      2.00      0.00  -9999.00
     1   2005      7    2700.0      -4.8       7.9      0.43      2.00      0.00  -9999.00
     1   2005      8    3500.0       3.9       9.1      0.81      2.00      1.10  -9999.00
     1   2005      9     700.0       1.7       5.7      0.69      2.00      0.00  -9999.00
     1   2005     10    1700.0       5.1       8.7      0.88      2.00      0.30  -9999.00
     1   2005     11    4200.0       3.1       7.0      0.76      2.00      0.00  -9999.00
     1   2005     12    4000.0      -0.7       7.9      0.58      2.00      0.00  -9999.00
     1   2005     13    5300.0      -1.0       5.7      0.57      2.00      0.00  -9999.00
     1   2005     14    5000.0      -0.8       3.8      0.58      2.00      0.00  -9999.00
     1   2005     15    2700.0       6.7       8.7      0.98      2.00      0.00  -9999.00
     1   2005     16    3600.0      -0.2       5.5      0.60      2.00      0.00  -9999.00
     1   2005     17    5600.0       4.1       9.9      0.82      2.00      0.00  -9999.00
     1   2005     18    1600.0       6.8       8.9      0.99      2.00      6.40  -9999.00
     1   2005     19    3800.0       8.7       9.3      1.12      2.00      5.70  -9999.00
     1   2005     20    2100.0       2.2       7.5      0.72      2.00      0.00  -9999.00
     1   2005     21    2800.0       8.6       9.3      1.12      2.00      2.10  -9999.00
     1   2005     22    1900.0       5.2       9.9      0.88      2.00      1.00  -9999.00
     1   2005     23    2000.0       7.0      12.1      1.00      2.00      0.80  -9999.00
     1   2005     24    2600.0      -7.0       9.6      0.36      2.00     11.10  -9999.00
     1   2005     25    6100.0       4.3       8.9      0.83      2.00      4.40  -9999.00
     1   2005     26    2900.0       4.1       6.1      0.82      2.00     11.60  -9999.00
     1   2005     27    1000.0       0.7       8.7      0.64      2.00      6.10  -9999.00
     1   2005     28    6700.0       4.0       9.4      0.81      2.00      0.00  -9999.00
     1   2005     29    6500.0       1.0       2.8      0.66      2.00      0.00  -9999.00
     1   2005     30    4500.0      -2.0       6.7      0.53      2.00      0.00  -9999.00
     1   2005     31    5900.0       6.0       8.5      0.93      2.00      0.00  -9999.00
     1   2005     32    3900.0       0.8       7.9      0.65      2.00      0.00  -9999.00
     1   2005     33    4800.0       6.9       7.7      0.99      2.00      0.30  -9999.00
     1   2005     34    7200.0      -0.9       5.4      0.57      2.00      0.00  -9999.00
     1   2005     35    7600.0       6.0       8.5      0.93      2.00     14.50  -9999.00
     1   2005     36    2100.0       0.1       9.6      0.62      2.00      0.00  -9999.00
     1   2005     37    7900.0       4.5       8.2      0.84      2.00      0.00  -9999.00
     1   2005     38    2700.0       1.6       9.2      0.69      2.00      0.00  -9999.00
     1   2005     39    6900.0       3.3      10.4      0.77      2.00      0.00  -9999.00
     1   2005     40    4000.0       0.6       7.9      0.64      2.00      0.90  -9999.00
     1   2005     41    3000.0       2.2       9.1      0.72      2.00      0.00  -9999.00
     1   2005     42    5900.0       1.2      10.7      0.67      2.00      0.50  -9999.00
     1   2005     43    4000.0       2.8      11.4      0.75      2.00      2.60  -9999.00
     1   2005     44    7000.0       0.3       2.6      0.62      2.00      0.00  -9999.00
     1   2005     45    2900.0       5.4       5.7      0.90      2.00      2.10  -9999.00
     1   2005     46    6200.0       2.9       8.8      0.75      2.00      0.40  -9999.00
     1   2005     47    8400.0       2.0       9.7      0.71      2.00      0.00  -9999.00
     1   2005     48    3000.0      -1.9       6.9      0.53      2.00      0.00  -9999.00
     1   2005     49    3300.0      -2.1       8.0      0.52      2.00      0.00  -9999.00
     1   2005     50    8300.0       1.7       3.7      0.69      2.00      0.00  -9999.00
     1   2005     51    5500.0      -3.3       4.4      0.48      2.00      0.00  -9999.00
     1   2005     52    4000.0       3.4       6.5      0.78      2.00      0.00  -9999.00
     1   2005     53    7200.0      -3.1       1.5      0.49      2.00      0.00  -9999.00
     1   2005     54    4900.0       1.3      10.0      0.67      2.00      0.00  -9999.00
     1   2005     55    7700.0       4.3       8.5      0.83      2.00      0.00  -9999.00
     1   2005     56    5900.0      -1.0       7.1      0.57      2.00      0.00  -9999.00
     1   2005     57    6800.0       0.6       6.9      0.64      2.00      0.00  -9999.00
     1   2005     58    4000.0       4.4      10.7      0.84      2.00     10.30  -9999.00
     1   2005     59    3700.0       6.3      10.2      0.95      2.00     34.30  -9999.00
     1   2005     60    2300.0       8.3      11.2      1.09      2.00      2.30  -9999.00
     1   2005     61    7400.0       2.8      10.6      0.75      2.00      3.60  -9999.00
     1   2005     62   12400.0       2.7       8.4      0.74      2.00      0.00  -9999.00
     1   2005     63    7700.0       2.3       8.8      0.72      2.00     12.30  -9999.00
     1   2005     64    8000.0       3.2      11.8      0.77      2.00      0.00  -9999.00
     1   2005     65    3900.0       4.2       5.8      0.82      2.00      0.20  -9999.00
     1   2005     66    4700.0       6.8       8.5      0.99      2.00      0.20  -9999.00
     1   2005     67   13400.0       2.3       9.4      0.72      2.00      0.00  -9999.00
     1   2005     68    8500.0       1.7      14.7      0.69      2.00      0.00  -9999.00
     1   2005     69   10200.0       6.4       9.7      0.96      2.00      0.00  -9999.00
     1   2005     70   14100.0       8.6      10.8      1.12      2.00      0.30  -9999.00
     1   2005     71    4500.0       8.1      11.7      1.08      2.00      0.40  -9999.00
     1   2005     72    4600.0       2.1       5.8      0.71      2.00      2.70  -9999.00
     1   2005     73    2200.0       3.9       5.9      0.81      2.00      0.70  -9999.00
     1   2005     74    4400.0       4.6      11.7      0.85      2.00      4.30  -9999.00
     1   2005     75   11100.0      -0.9       5.1      0.57      2.00      0.10  -9999.00
     1   2005     76    5300.0       2.4      10.1      0.73      2.00      1.30  -9999.00
     1   2005     77    5400.0       5.1       8.1      0.88      2.00      2.30  -9999.00
     1   2005     78   12500.0       2.6      11.0      0.74      2.00      0.00  -9999.00
     1   2005     79   11800.0       5.4       8.5      0.90      2.00      9.00  -9999.00
     1   2005     80    7500.0       7.1      11.0      1.01      2.00     10.50  -9999.00
     1   2005     81   13800.0       2.4       6.2      0.73      2.00      1.30  -9999.00
     1   2005     82    5400.0       8.6      10.6      1.12      2.00     10.20  -9999.00
     1   2005     83    6700.0       4.1      12.8      0.82      2.00      0.50  -9999.00
     1   2005     84    4800.0      -1.8      10.2      0.54      2.00      0.80  -9999.00
     1   2005     85   17500.0       5.7      12.5      0.92      2.00      0.00  -9999.00
     1   2005     86   14000.0       1.1      10.1      0.66      2.00     15.80  -9999.00
     1   2005     87   12200.0       6.5       8.5      0.97      2.00     20.70  -9999.00
     1   2005     88   11100.0       3.0      11.7      0.76      2.00      0.00  -9999.00
     1   2005     89    7500.0       3.7       9.9      0.80      2.00      5.50  -9999.00
     1   2005     90   10000.0       6.2      11.2      0.95      2.00     11.30  -9999.00
     1   2005     91   11500.0       1.0      13.1      0.66      2.00      0.00  -9999.00
     1   2005     92   14000.0       5.8      17.3      0.92      2.00      0.00  -9999.00
     1   2005     93   17300.0       0.3      10.8      0.62      2.00      0.00  -9999.00
     1   2005     94   13000.0      -1.3       8.2      0.56      2.00     25.90  -9999.00
     1   2005     95    6200.0       7.8       9.8      1.06      2.00      3.40  -9999.00
     1   2005     96    7000.0       5.4      12.7      0.90      2.00      5.30  -9999.00
     1   2005     97   16000.0       3.0       9.7      0.76      2.00      8.00  -9999.00
     1   2005     98   10000.0       9.4       9.6      1.18      2.00      0.40  -9999.00
     1   2005     99   12000.0       4.3       6.8      0.83      2.00      1.60  -9999.00
     1   2005    100   12800.0       2.9       9.8      0.75      2.00      0.60  -9999.00
     1   2005    101    7300.0       6.7      12.6      0.98      2.00      0.40  -9999.00
     1   2005    102   12300.0       2.6      10.7      0.74      2.00     19.80  -9999.00
     1   2005    103    8700.0       5.9      10.2      0.93      2.00     17.60  -9999.00
     1   2005    104    9900.0       3.4       8.5      0.78      2.00      4.40  -9999.00
     1   2005    105    9200.0       0.3       8.4      0.62      2.00      0.00  -9999.00
     1   2005    106   20900.0       6.9      11.3      0.99      2.00      0.00  -9999.00
     1   2005    107   12100.0      -0.1      11.4      0.61      2.00      5.60  -9999.00
     1   2005    108    8100.0       8.6      13.7      1.12      2.00      4.30  -9999.00
     1   2005    109    7200.0       3.1      15.3      0.76      2.00      9.00  -9999.00
     1   2005    110   17800.0      -0.7      13.2      0.58      2.00      3.10  -9999.00
     1   2005    111    9100.0       7.1       8.7      1.01      2.00      6.10  -9999.00
     1   2005    112   10100.0       2.3      13.0      0.72      2.00      4.70  -9999.00
     1   2005    113    7400.0       7.0      12.9      1.00      2.00      2.50  -9999.00
     1   2005    114    7800.0       1.1      10.7      0.66      2.00      0.50  -9999.00
     1   2005    115   20200.0       3.9      11.5      0.81      2.00      0.00  -9999.00
     1   2005    116   14200.0       6.2      13.4      0.95      2.00     26.50  -9999.00
     1   2005    117   18100.0       6.8       9.3      0.99      2.00      1.00  -9999.00
     1   2005    118   11600.0       2.1      10.7      0.71      2.00      2.00  -9999.00
     1   2005    119   10300.0       6.8       8.3      0.99      2.00      8.10  -9999.00
     1   2005    120   22400.0       8.2      12.5      1.09      2.00      0.00  -9999.00
     1   2005    121   16700.0       4.4      14.2      0.84      2.00      0.00  -9999.00
     1   2005    122    8800.0       4.4      18.9      0.84      2.00      0.00  -9999.00
     1   2005    123   22900.0       3.1      14.7      0.76      2.00      0.00  -9999.00
     1   2005    124    9800.0      10.2      15.1      1.24      2.00      0.40  -9999.00
     1   2005    125   22600.0       3.1      15.4      0.76      2.00      0.00  -9999.00
     1   2005    126   24000.0      10.9      21.0      1.30      2.00      0.00  -9999.00
     1   2005    127    6400.0      10.3      12.8      1.25      2.00      4.00  -9999.00
     1   2005    128    3900.0       4.2      12.8      0.82      2.00      0.10  -9999.00
     1   2005    129   11000.0       7.4      15.3      1.03      2.00      0.40  -9999.00
     1   2005    130   16200.0       7.0       9.0      1.00      2.00      1.60  -9999.00
     1   2005    131   22000.0       5.9      16.4      0.93      2.00      0.10  -9999.00
     1   2005    132    5400.0       7.4      11.9      1.03      2.00      0.10  -9999.00
     1   2005    133   10600.0       4.3      13.2      0.83      2.00      0.70  -9999.00
     1   2005    134   13200.0      11.1      11.7      1.32      2.00      1.90  -9999.00
     1   2005    135   12500.0       7.8      12.2      1.06      2.00      3.20  -9999.00
     1   2005    136   19600.0       5.3      15.8      0.89      2.00      0.10  -9999.00
     1   2005    137   21900.0       9.7      13.7      1.20      2.00      4.10  -9999.00
     1   2005    138   23700.0      11.1      17.3      1.32      2.00      0.00  -9999.00
     1   2005    139   23200.0      13.0      23.9      1.50      2.00      0.00  -9999.00
     1   2005    140   17000.0       3.9      22.5      0.81      2.00      0.00  -9999.00
     1   2005    141   16500.0       8.6      14.7      1.12      2.00      0.30  -9999.00
     1   2005    142   15100.0      10.7      14.1      1.29      2.00      0.60  -9999.00
     1   2005    143   13500.0      11.0      11.2      1.31      2.00      5.20  -9999.00
     1   2005    144   25000.0      11.4      16.4      1.35      2.00      0.00  -9999.00
     1   2005    145    8500.0      13.5      15.3      1.55      2.00     33.70  -9999.00
     1   2005    146   25700.0       8.7      21.9      1.12      2.00      0.00  -9999.00
     1   2005    147    9800.0      12.3      21.3      1.43      2.00      5.30  -9999.00
     1   2005    148   20000.0      13.6      15.1      1.56      2.00     15.80  -9999.00
     1   2005    149   11500.0       6.2      15.3      0.95      2.00      0.70  -9999.00
     1   2005    150   10600.0       4.9      16.3      0.87      2.00     21.00  -9999.00
     1   2005    151   17600.0      10.7      18.7      1.29      2.00      4.00  -9999.00
     1   2005    152   16300.0       8.1      15.5      1.08      2.00      7.60  -9999.00
     1   2005    153   11600.0      12.3      21.3      1.43      2.00      0.00  -9999.00
     1   2005    154   26900.0      12.0      21.5      1.40      2.00      0.00  -9999.00
     1   2005    155   10000.0      13.8      16.9      1.58      2.00      0.00  -9999.00
     1   2005    156   21100.0      10.5      16.6      1.27      2.00      0.00  -9999.00
     1   2005    157   11200.0      12.2      16.2      1.42      2.00      5.10  -9999.00
     1   2005    158    8400.0       9.9      16.2      1.22      2.00      0.40  -9999.00
     1   2005    159   25600.0      10.0      17.7      1.23      2.00      0.00  -9999.00
     1   2005    160    4400.0      11.8      16.5      1.38      2.00      0.10  -9999.00
     1   2005    161   12200.0       6.6      15.0      0.97      2.00     11.60  -9999.00
     1   2005    162   18500.0      12.7      17.5      1.47      2.00      4.50  -9999.00
     1   2005    163    8900.0      11.0      15.4      1.31      2.00      2.40  -9999.00
     1   2005    164   17200.0      12.2      18.7      1.42      2.00      0.80  -9999.00
     1   2005    165    8800.0       6.9      17.3      0.99      2.00      1.60  -9999.00
     1   2005    166   15200.0       8.2      17.5      1.09      2.00      0.10  -9999.00
     1   2005    167   26600.0      11.5      18.6      1.36      2.00     15.10  -9999.00
     1   2005    168    9300.0       7.9      22.5      1.07      2.00      3.70  -9999.00
     1   2005    169   26400.0       9.2      17.0      1.16      2.00      3.60  -9999.00
     1   2005    170   20400.0       9.1      15.1      1.16      2.00      0.00  -9999.00
     1   2005    171   13600.0      15.9      17.9      1.81      2.00      0.30  -9999.00
     1   2005    172    9400.0       9.3      13.6      1.17      2.00      1.90  -9999.00
     1   2005    173   10100.0       8.3      16.5      1.09      2.00      0.00  -9999.00
     1   2005    174   20500.0      12.0      16.4      1.40      2.00      3.30  -9999.00
     1   2005    175   25200.0      12.8      14.8      1.48      2.00      0.00  -9999.00
     1   2005    176   19300.0      11.1      18.2      1.32      2.00      0.00  -9999.00
     1   2005    177   24700.0      10.8      18.7      1.29      2.00      0.00  -9999.00
     1   2005    178   16500.0       9.3      23.3      1.17      2.00      0.00  -9999.00
     1   2005    179   20100.0       8.6      15.7      1.12      2.00      0.00  -9999.00
     1   2005    180   26700.0      13.1      17.1      1.51      2.00      0.00  -9999.00
     1   2005    181   18600.0      14.1      19.4      1.61      2.00      0.00  -9999.00
     1   2005    182   17100.0      15.4      17.0      1.75      2.00      0.00  -9999.00
     1   2005    183   22900.0       6.3      16.0      0.95      2.00      0.00  -9999.00
     1   2005    184   28300.0      13.6      19.5      1.56      2.00      0.00  -9999.00
     1   2005    185   23400.0      13.8      23.1      1.58      2.00      4.20  -9999.00
     1   2005    186    9800.0      12.1      18.3      1.41      2.00      3.30  -9999.00
     1   2005    187   24200.0      10.7      20.7      1.29      2.00      0.00  -9999.00
     1   2005    188    7500.0      14.0      24.0      1.60      2.00      2.80  -9999.00
     1   2005    189   26300.0      11.9      20.8      1.39      2.00      0.00  -9999.00
     1   2005    190   21100.0      12.9      18.6      1.49      2.00      2.90  -9999.00
     1   2005    191   19800.0      11.2      16.2      1.33      2.00      0.20  -9999.00
     1   2005    192   26400.0      13.3      19.9      1.53      2.00      0.00  -9999.00
     1   2005    193   17000.0      11.0      17.6      1.31      2.00      8.90  -9999.00
     1   2005    194   13200.0      11.8      20.4      1.38      2.00      1.00  -9999.00
     1   2005    195   10200.0      12.6      19.8      1.46      2.00      0.00  -9999.00
     1   2005    196   29200.0      10.8      26.4      1.29      2.00      0.00  -9999.00
     1   2005    197   21500.0      14.5      23.0      1.65      2.00      0.00  -9999.00
     1   2005    198   21200.0      10.4      21.2      1.26      2.00      0.00  -9999.00
     1   2005    199   25800.0      15.7      18.5      1.78      2.00      0.00  -9999.00
     1   2005    200   14900.0      15.7      24.4      1.78      2.00      0.30  -9999.00
     1   2005    201   17600.0      13.8      21.9      1.58      2.00      0.00  -9999.00
     1   2005    202   22300.0      12.2      21.4      1.42      2.00      0.00  -9999.00
     1   2005    203   25900.0      14.5      18.2      1.65      2.00      0.00  -9999.00
     1   2005    204   22700.0      11.7      21.8      1.37      2.00      0.00  -9999.00
     1   2005    205   27700.0      16.8      19.5      1.91      2.00      0.00  -9999.00
     1   2005    206   15700.0      15.7      25.5      1.78      2.00      0.00  -9999.00
     1   2005    207   11400.0      16.9      28.3      1.92      2.00      0.00  -9999.00
     1   2005    208   17500.0      10.8      16.4      1.29      2.00      0.00  -9999.00
     1   2005    209   15800.0      12.0      20.4      1.40      2.00      0.00  -9999.00
     1   2005    210   23700.0      14.7      26.9      1.67      2.00      0.00  -9999.00
     1   2005    211   24700.0       9.7      24.0      1.20      2.00      0.00  -9999.00
     1   2005    212   23800.0      14.3      20.7      1.63      2.00      0.00  -9999.00
     1   2005    213   26500.0      16.5      19.4      1.88      2.00      0.00  -9999.00
     1   2005    214   25300.0      10.7      18.6      1.29      2.00      0.00  -9999.00
     1   2005    215   25100.0      16.6      18.3      1.89      2.00      0.00  -9999.00
     1   2005    216    7300.0      13.5      18.1      1.55      2.00      8.90  -9999.00
     1   2005    217   18500.0      12.9      17.8      1.49      2.00      2.50  -9999.00
     1   2005    218   24800.0      11.6      20.0      1.37      2.00      0.00  -9999.00
     1   2005    219   16100.0      13.1      21.1      1.51      2.00      0.00  -9999.00
     1   2005    220   14000.0       8.7      18.7      1.12      2.00      5.40  -9999.00
     1   2005    221   11800.0      17.2      20.1      1.96      2.00      4.40  -9999.00
     1   2005    222   14500.0      13.0      16.8      1.50      2.00      0.10  -9999.00
     1   2005    223   10000.0      10.6      17.5      1.28      2.00      1.30  -9999.00
     1   2005    224   15500.0       8.9      18.0      1.14      2.00     38.10  -9999.00
     1   2005    225   11900.0      13.1      21.7      1.51      2.00      3.20  -9999.00
     1   2005    226   12300.0      10.8      23.3      1.29      2.00      0.00  -9999.00
     1   2005    227   18400.0      11.6      21.8      1.37      2.00      0.00  -9999.00
     1   2005    228   18800.0      15.8      18.6      1.79      2.00     11.00  -9999.00
     1   2005    229    9000.0      16.3      16.5      1.85      2.00      0.10  -9999.00
     1   2005    230   11700.0      14.4      17.9      1.64      2.00      0.70  -9999.00
     1   2005    231   13200.0      17.3      20.1      1.97      2.00      0.10  -9999.00
     1   2005    232   13800.0      12.8      17.8      1.48      2.00     10.40  -9999.00
     1   2005    233   15000.0      10.7      18.6      1.29      2.00      0.00  -9999.00
     1   2005    234    9100.0      13.4      17.7      1.54      2.00      0.40  -9999.00
     1   2005    235    8600.0      12.5      16.0      1.45      2.00     11.90  -9999.00
     1   2005    236   13100.0      11.8      21.6      1.38      2.00      0.00  -9999.00
     1   2005    237   22500.0       6.8      21.6      0.99      2.00      0.00  -9999.00
     1   2005    238   14100.0      10.7      20.5      1.29      2.00      0.00  -9999.00
     1   2005    239   17800.0      11.7      20.8      1.37      2.00      0.00  -9999.00
     1   2005    240   14000.0      13.0      22.4      1.50      2.00      0.00  -9999.00
     1   2005    241   11400.0      13.5      20.6      1.55      2.00      0.00  -9999.00
     1   2005    242   19100.0      11.4      17.7      1.35      2.00      0.00  -9999.00
     1   2005    243   16400.0      16.3      23.4      1.85      2.00      0.00  -9999.00
     1   2005    244   13200.0       7.0      21.8      1.00      2.00      0.00  -9999.00
     1   2005    245    8100.0      15.1      22.0      1.72      2.00      9.90  -9999.00
     1   2005    246    7900.0      12.1      22.7      1.41      2.00      4.30  -9999.00
     1   2005    247   15300.0       8.4      19.1      1.10      2.00      8.60  -9999.00
     1   2005    248    8600.0      14.0      16.0      1.60      2.00      3.10  -9999.00
     1   2005    249   13900.0      16.0      20.1      1.82      2.00      5.80  -9999.00
     1   2005    250   14100.0      12.9      17.5      1.49      2.00      6.10  -9999.00
     1   2005    251   19100.0      14.3      16.7      1.63      2.00     38.20  -9999.00
     1   2005    252    5300.0      14.4      23.1      1.64      2.00      7.10  -9999.00
     1   2005    253   18600.0      10.2      20.6      1.24      2.00      0.00  -9999.00
     1   2005    254   14500.0      15.0      16.4      1.70      2.00      0.00  -9999.00
     1   2005    255   11600.0      15.2      17.9      1.73      2.00      0.10  -9999.00
     1   2005    256   11300.0      10.9      18.2      1.30      2.00      0.40  -9999.00
     1   2005    257    8900.0       9.4      19.2      1.18      2.00     23.00  -9999.00
     1   2005    258    7900.0       8.3      17.1      1.09      2.00      0.00  -9999.00
     1   2005    259    9600.0      11.7      23.0      1.37      2.00      3.70  -9999.00
     1   2005    260    8000.0      10.4      18.1      1.26      2.00     18.70  -9999.00
     1   2005    261    9600.0      13.1      14.7      1.51      2.00      3.60  -9999.00
     1   2005    262    5800.0       5.5      16.1      0.90      2.00      7.60  -9999.00
     1   2005    263    8700.0       7.3      17.3      1.02      2.00     11.10  -9999.00
     1   2005    264    2400.0      10.6      16.0      1.28      2.00      5.60  -9999.00
     1   2005    265   12900.0       8.4      17.1      1.10      2.00      0.00  -9999.00
     1   2005    266    7100.0       8.5      14.2      1.11      2.00      0.00  -9999.00
     1   2005    267   11000.0      10.9      17.7      1.30      2.00      0.00  -9999.00
     1   2005    268   14700.0      13.5      17.4      1.55      2.00      0.60  -9999.00
     1   2005    269    8600.0       7.2      14.2      1.02      2.00      0.00  -9999.00
     1   2005    270    5400.0      11.2      16.0      1.33      2.00      4.40  -9999.00
     1   2005    271    9100.0       6.6      16.6      0.97      2.00      0.00  -9999.00
     1   2005    272    8500.0       8.7      13.9      1.12      2.00      0.00  -9999.00
     1   2005    273   12200.0      15.6      16.2      1.77      2.00      1.80  -9999.00
     1   2005    274    9800.0       9.7      14.4      1.20      2.00      5.50  -9999.00
     1   2005    275    9000.0       9.1      15.8      1.16      2.00      2.70  -9999.00
     1   2005    276   11400.0       6.1      21.5      0.94      2.00      0.00  -9999.00
     1   2005    277   11400.0       9.4      18.1      1.18      2.00      0.00  -9999.00
     1   2005    278   11600.0       7.0      12.2      1.00      2.00      0.00  -9999.00
     1   2005    279    8100.0      10.8      12.2      1.29      2.00      0.00  -9999.00
     1   2005    280   10000.0       3.8      12.4      0.80      2.00      0.10  -9999.00
     1   2005    281    5500.0       7.7      10.3      1.05      2.00      0.00  -9999.00
     1   2005    282   12300.0       6.7      14.8      0.98      2.00      0.00  -9999.00
     1   2005    283    9300.0      10.4      18.7      1.26      2.00      7.80  -9999.00
     1   2005    284    8300.0       8.7      15.7      1.12      2.00      4.70  -9999.00
     1   2005    285    5000.0       6.5      20.5      0.97      2.00      0.80  -9999.00
     1   2005    286    4000.0      10.2      13.9      1.24      2.00      8.90  -9999.00
     1   2005    287    6000.0      11.6      15.1      1.37      2.00      1.50  -9999.00
     1   2005    288    4900.0       9.3      14.4      1.17      2.00      1.10  -9999.00
     1   2005    289    5000.0       7.4      17.1      1.03      2.00     17.50  -9999.00
     1   2005    290    4900.0       8.5      13.4      1.11      2.00     13.90  -9999.00
     1   2005    291    7700.0       9.5      15.1      1.19      2.00      0.10  -9999.00
     1   2005    292    4500.0      10.2      16.1      1.24      2.00      0.10  -9999.00
     1   2005    293    4100.0       6.9      16.1      0.99      2.00     17.70  -9999.00
     1   2005    294    1900.0      10.3      15.3      1.25      2.00      9.50  -9999.00
     1   2005    295    4300.0       9.3      14.4      1.17      2.00      5.80  -9999.00
     1   2005    296    7600.0       8.5      12.7      1.11      2.00      0.00  -9999.00
     1   2005    297    4300.0      11.9      13.8      1.39      2.00      0.00  -9999.00
     1   2005    298    7700.0       9.4      14.4      1.18      2.00      0.00  -9999.00
     1   2005    299    7300.0       3.6      10.7      0.79      2.00      0.00  -9999.00
     1   2005    300    4000.0      11.0      14.6      1.31      2.00      8.00  -9999.00
     1   2005    301    5000.0       5.1      10.5      0.88      2.00      3.40  -9999.00
     1   2005    302    3000.0       6.4      16.5      0.96      2.00      0.90  -9999.00
     1   2005    303    3500.0      13.4      14.1      1.54      2.00      0.00  -9999.00
     1   2005    304    6600.0       7.5      10.2      1.04      2.00      0.10  -9999.00
     1   2005    305    3000.0       5.9      14.4      0.93      2.00      0.00  -9999.00
     1   2005    306    1700.0       7.2       9.1      1.02      2.00      1.10  -9999.00
     1   2005    307    3800.0       0.4      14.0      0.63      2.00      4.20  -9999.00
     1   2005    308    1700.0       9.1      15.3      1.16      2.00      1.80  -9999.00
     1   2005    309    2600.0       7.3      10.8      1.02      2.00     16.30  -9999.00
     1   2005    310    3600.0       7.5      10.8      1.04      2.00      7.50  -9999.00
     1   2005    311    3100.0      10.0      10.2      1.23      2.00      0.40  -9999.00
     1   2005    312    5100.0      11.6      13.3      1.37      2.00      0.20  -9999.00
     1   2005    313    2000.0       4.8      13.1      0.86      2.00     16.60  -9999.00
     1   2005    314    1100.0       6.3       7.9      0.95      2.00      0.20  -9999.00
     1   2005    315    4800.0      10.0      13.5      1.23      2.00      3.60  -9999.00
     1   2005    316    2800.0       6.0       8.0      0.93      2.00      0.00  -9999.00
     1   2005    317    2300.0       3.1       9.7      0.76      2.00      0.00  -9999.00
     1   2005    318    6500.0       7.0       9.0      1.00      2.00      0.00  -9999.00
     1   2005    319    5100.0       8.6      10.6      1.12      2.00      0.80  -9999.00
     1   2005    320    2600.0       1.7       9.7      0.69      2.00      0.50  -9999.00
     1   2005    321    1900.0      12.9      14.3      1.49      2.00      4.90  -9999.00
     1   2005    322    3000.0       9.2      12.1      1.16      2.00     20.00  -9999.00
     1   2005    323    1200.0       9.3      13.7      1.17      2.00      7.90  -9999.00
     1   2005    324    1100.0       7.3      12.0      1.02      2.00      1.60  -9999.00
     1   2005    325    2300.0       7.8      10.4      1.06      2.00      4.20  -9999.00
     1   2005    326    5700.0       3.2      10.1      0.77      2.00     13.70  -9999.00
     1   2005    327    2100.0       2.2      11.7      0.72      2.00      0.40  -9999.00
     1   2005    328    5500.0      -1.2       7.9      0.56      2.00      0.60  -9999.00
     1   2005    329    2800.0      -1.0      11.7      0.57      2.00     10.20  -9999.00
     1   2005    330    2300.0       4.2      11.1      0.82      2.00      2.00  -9999.00
     1   2005    331    4000.0       3.9       5.9      0.81      2.00      1.10  -9999.00
     1   2005    332    2300.0       2.5      14.2      0.73      2.00      2.10  -9999.00
     1   2005    333    2900.0       3.0       9.9      0.76      2.00     12.50  -9999.00
     1   2005    334    1500.0       6.1      12.7      0.94      2.00     10.40  -9999.00
     1   2005    335    2300.0       3.4      12.0      0.78      2.00      0.30  -9999.00
     1   2005    336    1600.0       8.2      10.2      1.09      2.00      0.60  -9999.00
     1   2005    337    2400.0       0.0       9.7      0.61      2.00      0.00  -9999.00
     1   2005    338    2900.0       6.6      10.2      0.97      2.00      9.40  -9999.00
     1   2005    339    2400.0      -3.0       9.0      0.49      2.00      0.00  -9999.00
     1   2005    340     700.0       0.3       7.4      0.62      2.00      0.30  -9999.00
     1   2005    341    2400.0      -1.1       2.9      0.56      2.00      0.00  -9999.00
     1   2005    342    1500.0       1.8      10.8      0.70      2.00      1.40  -9999.00
     1   2005    343    4000.0       8.7      11.8      1.12      2.00      0.40  -9999.00
     1   2005    344    2000.0      -1.4       5.4      0.55      2.00      0.00  -9999.00
     1   2005    345    1400.0       8.8       9.6      1.13      2.00      2.00  -9999.00
     1   2005    346    1300.0       2.7      12.6      0.74      2.00      3.70  -9999.00
     1   2005    347    2800.0      -0.6       7.2      0.58      2.00      0.50  -9999.00
     1   2005    348     700.0       2.7       9.3      0.74      2.00      1.40  -9999.00
     1   2005    349     700.0       5.3       7.3      0.89      2.00      1.90  -9999.00
     1   2005    350     900.0      -0.4       8.7      0.59      2.00      1.50  -9999.00
     1   2005    351    1400.0       1.7      10.0      0.69      2.00      6.50  -9999.00
     1   2005    352    1500.0       3.3       6.4      0.77      2.00      1.20  -9999.00
     1   2005    353    3400.0      -0.5       5.1      0.59      2.00      0.00  -9999.00
     1   2005    354    2200.0      -0.1      11.0      0.61      2.00     30.60  -9999.00
     1   2005    355    2500.0       1.6       8.9      0.69      2.00     11.70  -9999.00
     1   2005    356    3200.0       1.5       3.2      0.68      2.00      0.00  -9999.00
     1   2005    357    2300.0       7.1       9.8      1.01      2.00      0.30  -9999.00
     1   2005    358    2400.0       2.2       6.9      0.72      2.00      0.20  -9999.00
     1   2005    359    1000.0      10.2      10.7      1.24      2.00      0.40  -9999.00
     1   2005    360    2900.0       3.7       4.0      0.80      2.00      0.00  -9999.00
     1   2005    361    1500.0       6.1       8.1      0.94      2.00      0.00  -9999.00
     1   2005    362    1500.0       4.7       8.0      0.85      2.00      0.20  -9999.00
     1   2005    363    4600.0      -0.7      -0.2      0.58      2.00      0.00  -9999.00
     1   2005    364    1500.0       4.6       9.8      0.85      2.00      4.20  -9999.00
     1   2005    365    1100.0       6.5       9.1      0.97      2.00      0.90  -9999.00
