*-----------------------------------------------------------------------------* 
           CNWG_181.met           51.48   -3.55   69.72
* Date created:  08-Aug-2019     Author: K Coleman 
* 
* NIL VALUE       -9999 
* Source:   data provided by M. Semenov 
*  
* Latitude:    51.48 Longitude:    -3.55 Altitude:    69.72
* 
* Column  Daily value 
* 1       station number 
* 2       year 
* 3       day 
* 4       irradiation                   (kJ m-2 d-1) 
* 5       minimum temperature           (degrees Celsius) 
* 6       maximum temperature           (degrees Celsius) 
* 7       early morning vapour pressure (kPa)             
* 8       mean wind speed (height: 2 m?) (m s-1)          
* 9       precipitation                 (mm d-1)          
* 10      sunshine                      (hrs)             
 		Jday	RAD	    TMIN	TMAX	 VAP	wind	RAIN	SUN  
               kj/m2	°C	    °C	     kPa	m/s	    mm	    hrs 
   51.48  69.72
     1   2005      1    2800.0       6.7       7.6      0.98      2.00      0.00  -9999.00
     1   2005      2     900.0       7.7       8.3      1.05      2.00     26.40  -9999.00
     1   2005      3    2900.0       5.0      10.6      0.87      2.00     12.70  -9999.00
     1   2005      4    2300.0       8.8       9.3      1.13      2.00      2.90  -9999.00
     1   2005      5    2200.0       1.5       3.5      0.68      2.00      0.00  -9999.00
     1   2005      6    2900.0      11.0      11.6      1.31      2.00      0.20  -9999.00
     1   2005      7    2600.0       6.9       7.6      0.99      2.00      0.80  -9999.00
     1   2005      8    5000.0       1.8      10.9      0.70      2.00      0.00  -9999.00
     1   2005      9    1900.0       4.4       9.1      0.84      2.00      0.00  -9999.00
     1   2005     10    2700.0       4.7       8.6      0.85      2.00      1.10  -9999.00
     1   2005     11    2500.0       4.6      11.3      0.85      2.00      4.70  -9999.00
     1   2005     12     800.0      -0.6       0.1      0.58      2.00      1.50  -9999.00
     1   2005     13    1900.0       8.9      11.0      1.14      2.00      7.90  -9999.00
     1   2005     14    2700.0       3.0       8.8      0.76      2.00      3.20  -9999.00
     1   2005     15    2500.0       1.4       3.4      0.68      2.00      0.50  -9999.00
     1   2005     16    2000.0       7.2       9.3      1.02      2.00      1.30  -9999.00
     1   2005     17    3700.0       1.5       2.9      0.68      2.00      0.00  -9999.00
     1   2005     18    2900.0      -0.3       3.3      0.60      2.00      0.00  -9999.00
     1   2005     19    4100.0       4.1       6.1      0.82      2.00      0.00  -9999.00
     1   2005     20    5900.0      -4.3       6.2      0.44      2.00      0.00  -9999.00
     1   2005     21    4000.0       8.5      11.0      1.11      2.00      3.30  -9999.00
     1   2005     22    2200.0       4.7       7.7      0.85      2.00      0.00  -9999.00
     1   2005     23    6200.0       0.5      10.7      0.63      2.00      0.30  -9999.00
     1   2005     24    4200.0       5.2      10.4      0.88      2.00      1.10  -9999.00
     1   2005     25    4400.0       1.9       9.5      0.70      2.00      5.60  -9999.00
     1   2005     26    3700.0       3.9       7.0      0.81      2.00      0.00  -9999.00
     1   2005     27    2800.0       3.3       6.4      0.77      2.00      0.00  -9999.00
     1   2005     28    3700.0       0.4       6.8      0.63      2.00      0.00  -9999.00
     1   2005     29    6400.0       1.4       7.1      0.68      2.00      0.00  -9999.00
     1   2005     30    5700.0       0.4       8.7      0.63      2.00      0.00  -9999.00
     1   2005     31    4200.0      -2.1       2.6      0.52      2.00      0.00  -9999.00
     1   2005     32    5800.0       0.2       2.2      0.62      2.00      0.00  -9999.00
     1   2005     33    6800.0       0.4       4.0      0.63      2.00      0.00  -9999.00
     1   2005     34    4500.0       1.4      11.6      0.68      2.00      0.80  -9999.00
     1   2005     35    3600.0      -2.4      10.7      0.51      2.00      0.50  -9999.00
     1   2005     36    1700.0       2.2       5.7      0.72      2.00      0.30  -9999.00
     1   2005     37    1400.0       1.4       9.6      0.68      2.00      2.10  -9999.00
     1   2005     38    4300.0      -0.7       3.8      0.58      2.00      0.40  -9999.00
     1   2005     39    3100.0       2.2      11.9      0.72      2.00     21.80  -9999.00
     1   2005     40    6900.0       4.5      11.0      0.84      2.00      5.40  -9999.00
     1   2005     41    4000.0       6.4       9.6      0.96      2.00      2.00  -9999.00
     1   2005     42    6000.0       8.9      12.3      1.14      2.00      2.30  -9999.00
     1   2005     43    4100.0       4.6       4.9      0.85      2.00      6.10  -9999.00
     1   2005     44    3000.0       5.3       5.4      0.89      2.00      2.10  -9999.00
     1   2005     45    3800.0       7.3       9.6      1.02      2.00      4.00  -9999.00
     1   2005     46    7800.0       5.6      11.4      0.91      2.00      0.00  -9999.00
     1   2005     47    3300.0      -5.2       6.6      0.41      2.00      0.00  -9999.00
     1   2005     48    6900.0       2.3       2.4      0.72      2.00      0.00  -9999.00
     1   2005     49    3400.0       3.2       7.6      0.77      2.00      0.10  -9999.00
     1   2005     50    4300.0      -4.6      10.1      0.43      2.00      0.30  -9999.00
     1   2005     51    5300.0       6.4       8.4      0.96      2.00      0.50  -9999.00
     1   2005     52    6100.0       2.4       4.4      0.73      2.00      0.00  -9999.00
     1   2005     53    6000.0       1.1       6.0      0.66      2.00      2.50  -9999.00
     1   2005     54    4200.0       5.0       6.8      0.87      2.00      0.00  -9999.00
     1   2005     55    6100.0       5.6       7.7      0.91      2.00      5.00  -9999.00
     1   2005     56    5300.0       0.7       8.8      0.64      2.00      6.40  -9999.00
     1   2005     57    1900.0       2.5      10.0      0.73      2.00      0.30  -9999.00
     1   2005     58    4800.0      -5.2       6.3      0.41      2.00      0.00  -9999.00
     1   2005     59    6600.0       1.6       2.9      0.69      2.00      0.00  -9999.00
     1   2005     60    4000.0       8.7       9.1      1.12      2.00      0.80  -9999.00
     1   2005     61    1800.0      -1.4      11.1      0.55      2.00      0.30  -9999.00
     1   2005     62    9500.0       7.3      11.1      1.02      2.00     10.50  -9999.00
     1   2005     63   11200.0       1.7      15.1      0.69      2.00      8.60  -9999.00
     1   2005     64    8600.0       0.4       7.9      0.63      2.00      0.00  -9999.00
     1   2005     65    8200.0       8.5      13.7      1.11      2.00      6.80  -9999.00
     1   2005     66    1900.0       2.9       8.8      0.75      2.00      0.40  -9999.00
     1   2005     67    6000.0       2.9       9.9      0.75      2.00      5.70  -9999.00
     1   2005     68    5000.0      -0.4      10.0      0.59      2.00      0.00  -9999.00
     1   2005     69    3200.0       7.2      11.3      1.02      2.00      4.20  -9999.00
     1   2005     70    4000.0       4.3      11.9      0.83      2.00      0.40  -9999.00
     1   2005     71    8700.0       4.6      10.2      0.85      2.00      3.50  -9999.00
     1   2005     72   10600.0      -1.8       8.4      0.54      2.00      0.00  -9999.00
     1   2005     73   11500.0       4.7      14.8      0.85      2.00      5.90  -9999.00
     1   2005     74    8800.0       0.8       9.4      0.65      2.00      0.80  -9999.00
     1   2005     75    2200.0       5.4       9.1      0.90      2.00      5.00  -9999.00
     1   2005     76    7800.0       2.2       9.0      0.72      2.00      1.90  -9999.00
     1   2005     77    8300.0       5.2      10.6      0.88      2.00      0.00  -9999.00
     1   2005     78   12900.0       0.4       8.6      0.63      2.00      0.00  -9999.00
     1   2005     79    8500.0       8.4      11.9      1.10      2.00      1.90  -9999.00
     1   2005     80    4600.0       1.7       9.1      0.69      2.00      0.00  -9999.00
     1   2005     81   15500.0       6.4       8.4      0.96      2.00      0.00  -9999.00
     1   2005     82   12100.0       5.4      10.6      0.90      2.00      0.00  -9999.00
     1   2005     83   15700.0       7.6      14.4      1.04      2.00      0.00  -9999.00
     1   2005     84   15500.0       5.3       7.6      0.89      2.00      0.00  -9999.00
     1   2005     85    5400.0       5.9       8.9      0.93      2.00      0.00  -9999.00
     1   2005     86   12700.0       9.6      11.7      1.20      2.00      0.00  -9999.00
     1   2005     87   14500.0      -1.0      10.5      0.57      2.00      0.00  -9999.00
     1   2005     88   15400.0       1.4       7.1      0.68      2.00      0.00  -9999.00
     1   2005     89    5700.0       8.3       9.8      1.09      2.00      7.30  -9999.00
     1   2005     90   12700.0       2.2      10.9      0.72      2.00      1.00  -9999.00
     1   2005     91    6100.0       4.9      10.1      0.87      2.00      1.10  -9999.00
     1   2005     92   15500.0       0.0      10.2      0.61      2.00      0.00  -9999.00
     1   2005     93   14300.0       3.9       5.5      0.81      2.00      0.00  -9999.00
     1   2005     94   11800.0       2.1      10.3      0.71      2.00      5.50  -9999.00
     1   2005     95    6200.0       4.8      11.8      0.86      2.00      1.40  -9999.00
     1   2005     96   11700.0       8.5      11.6      1.11      2.00      3.30  -9999.00
     1   2005     97    6700.0       8.2      15.3      1.09      2.00      1.10  -9999.00
     1   2005     98   10600.0       7.9      10.6      1.07      2.00      0.50  -9999.00
     1   2005     99   10700.0       8.3      11.6      1.09      2.00      0.60  -9999.00
     1   2005    100    8000.0       8.3      10.3      1.09      2.00      8.60  -9999.00
     1   2005    101    5200.0      -0.6       6.0      0.58      2.00      0.40  -9999.00
     1   2005    102   16000.0       5.0      11.7      0.87      2.00      0.50  -9999.00
     1   2005    103    9100.0       6.4       8.6      0.96      2.00      4.20  -9999.00
     1   2005    104   19000.0       3.8      13.9      0.80      2.00      0.00  -9999.00
     1   2005    105   14400.0       2.1      19.7      0.71      2.00      0.00  -9999.00
     1   2005    106   20700.0       2.4       9.5      0.73      2.00      0.00  -9999.00
     1   2005    107    8200.0       8.5      12.3      1.11      2.00      0.00  -9999.00
     1   2005    108   20800.0       4.0      12.6      0.81      2.00      0.00  -9999.00
     1   2005    109   15300.0       4.9      10.5      0.87      2.00      0.00  -9999.00
     1   2005    110   11300.0       5.7      13.8      0.92      2.00      3.40  -9999.00
     1   2005    111    9600.0       5.1       9.9      0.88      2.00      0.50  -9999.00
     1   2005    112    3500.0       5.4      13.0      0.90      2.00      3.30  -9999.00
     1   2005    113    6900.0       7.1       9.1      1.01      2.00     16.20  -9999.00
     1   2005    114    7100.0       7.2      12.2      1.02      2.00      2.30  -9999.00
     1   2005    115   16700.0       9.9      16.0      1.22      2.00     13.20  -9999.00
     1   2005    116   21400.0       9.3      11.0      1.17      2.00      1.30  -9999.00
     1   2005    117   18000.0       6.1      14.5      0.94      2.00      0.00  -9999.00
     1   2005    118   11700.0       3.8      15.3      0.80      2.00      0.40  -9999.00
     1   2005    119   14900.0       8.8      15.5      1.13      2.00      0.00  -9999.00
     1   2005    120    8200.0       6.1      12.8      0.94      2.00     11.00  -9999.00
     1   2005    121   15200.0       6.8      13.5      0.99      2.00      0.00  -9999.00
     1   2005    122   19300.0       4.1      13.6      0.82      2.00      0.00  -9999.00
     1   2005    123   11700.0      10.0      17.8      1.23      2.00      0.00  -9999.00
     1   2005    124   10800.0       7.6      15.8      1.04      2.00      0.00  -9999.00
     1   2005    125    8900.0       8.5      18.0      1.11      2.00      0.00  -9999.00
     1   2005    126   16700.0      10.0      13.2      1.23      2.00      0.00  -9999.00
     1   2005    127   25000.0       6.7       9.9      0.98      2.00      0.00  -9999.00
     1   2005    128   25400.0       8.3      23.0      1.09      2.00      0.00  -9999.00
     1   2005    129   21400.0       7.4      21.8      1.03      2.00      0.00  -9999.00
     1   2005    130   24500.0      10.7      20.0      1.29      2.00      0.00  -9999.00
     1   2005    131   21000.0       7.3      21.2      1.02      2.00      0.00  -9999.00
     1   2005    132   22100.0      10.4      19.8      1.26      2.00      0.00  -9999.00
     1   2005    133   22900.0      10.9      22.3      1.30      2.00      0.00  -9999.00
     1   2005    134   12700.0      13.7      15.6      1.57      2.00      0.00  -9999.00
     1   2005    135    7700.0       5.1      17.4      0.88      2.00      0.00  -9999.00
     1   2005    136   24500.0      14.0      23.2      1.60      2.00      0.00  -9999.00
     1   2005    137   14800.0       5.1      10.7      0.88      2.00      0.10  -9999.00
     1   2005    138   22100.0      10.8      16.5      1.29      2.00      0.20  -9999.00
     1   2005    139   18800.0       8.9      14.3      1.14      2.00      0.00  -9999.00
     1   2005    140   15900.0       7.2      15.8      1.02      2.00      0.00  -9999.00
     1   2005    141   21200.0       5.9      16.1      0.93      2.00      0.00  -9999.00
     1   2005    142   24800.0      10.0      14.9      1.23      2.00      0.00  -9999.00
     1   2005    143   25600.0       3.4      21.3      0.78      2.00      0.00  -9999.00
     1   2005    144   20200.0      11.4      13.5      1.35      2.00      0.00  -9999.00
     1   2005    145   15000.0       9.0      17.8      1.15      2.00      0.00  -9999.00
     1   2005    146   21600.0       8.9      15.0      1.14      2.00      0.00  -9999.00
     1   2005    147   14200.0       7.6      13.4      1.04      2.00      0.10  -9999.00
     1   2005    148   14700.0      10.7      12.7      1.29      2.00      3.10  -9999.00
     1   2005    149   29300.0       6.6      23.2      0.97      2.00      0.00  -9999.00
     1   2005    150   24500.0      12.0      18.8      1.40      2.00      0.00  -9999.00
     1   2005    151   21400.0       4.5      21.3      0.84      2.00      0.00  -9999.00
     1   2005    152   15900.0      15.2      16.0      1.73      2.00      5.90  -9999.00
     1   2005    153    9300.0      10.7      18.6      1.29      2.00      0.00  -9999.00
     1   2005    154    7800.0       6.2      17.3      0.95      2.00      0.10  -9999.00
     1   2005    155   18500.0      12.4      13.4      1.44      2.00      0.10  -9999.00
     1   2005    156   23600.0      11.0      14.4      1.31      2.00      1.70  -9999.00
     1   2005    157   26400.0      10.9      16.3      1.30      2.00      0.00  -9999.00
     1   2005    158   17500.0       8.8      14.4      1.13      2.00      1.80  -9999.00
     1   2005    159   20100.0      13.2      13.6      1.52      2.00      0.40  -9999.00
     1   2005    160   19200.0      12.8      18.6      1.48      2.00      1.70  -9999.00
     1   2005    161   24000.0      10.3      16.9      1.25      2.00      3.80  -9999.00
     1   2005    162   13200.0      10.5      14.6      1.27      2.00      1.50  -9999.00
     1   2005    163   20100.0       9.9      19.5      1.22      2.00      0.00  -9999.00
     1   2005    164   27000.0      15.1      22.7      1.72      2.00      0.00  -9999.00
     1   2005    165   29400.0      10.3      17.5      1.25      2.00      0.00  -9999.00
     1   2005    166    6200.0       9.4      14.3      1.18      2.00      1.50  -9999.00
     1   2005    167   17800.0      13.1      18.6      1.51      2.00      0.10  -9999.00
     1   2005    168   27100.0      11.2      23.4      1.33      2.00      0.00  -9999.00
     1   2005    169   18500.0      12.9      19.4      1.49      2.00      0.00  -9999.00
     1   2005    170   24900.0       9.2      20.3      1.16      2.00      0.00  -9999.00
     1   2005    171   24300.0      12.7      23.9      1.47      2.00      0.00  -9999.00
     1   2005    172   24000.0      12.8      23.4      1.48      2.00      0.00  -9999.00
     1   2005    173   12900.0      11.0      16.0      1.31      2.00      5.60  -9999.00
     1   2005    174   17200.0      11.6      15.6      1.37      2.00      2.80  -9999.00
     1   2005    175   17900.0      14.2      20.4      1.62      2.00      0.90  -9999.00
     1   2005    176   18900.0      11.2      17.9      1.33      2.00      0.00  -9999.00
     1   2005    177   12700.0      11.8      26.1      1.38      2.00      6.70  -9999.00
     1   2005    178   17500.0      12.2      21.9      1.42      2.00      0.00  -9999.00
     1   2005    179   21700.0       9.2      23.9      1.16      2.00      0.00  -9999.00
     1   2005    180   20600.0       9.7      24.2      1.20      2.00      0.00  -9999.00
     1   2005    181   17800.0      10.3      28.6      1.25      2.00      0.00  -9999.00
     1   2005    182   23400.0      11.8      20.0      1.38      2.00      0.90  -9999.00
     1   2005    183   22900.0      11.3      20.0      1.34      2.00      0.00  -9999.00
     1   2005    184   15700.0      13.2      18.6      1.52      2.00      0.10  -9999.00
     1   2005    185   17300.0      13.9      18.5      1.59      2.00      0.10  -9999.00
     1   2005    186    9000.0       8.7      21.1      1.12      2.00      0.30  -9999.00
     1   2005    187    4700.0      13.6      18.3      1.56      2.00      0.10  -9999.00
     1   2005    188   12400.0      13.3      17.8      1.53      2.00     35.50  -9999.00
     1   2005    189    5000.0       9.4      14.4      1.18      2.00      5.20  -9999.00
     1   2005    190   12900.0      13.2      14.6      1.52      2.00      0.10  -9999.00
     1   2005    191    8800.0      14.0      18.8      1.60      2.00      0.00  -9999.00
     1   2005    192   27200.0      13.7      20.9      1.57      2.00      0.00  -9999.00
     1   2005    193   27500.0       8.3      24.0      1.09      2.00      0.00  -9999.00
     1   2005    194   17700.0      11.5      21.7      1.36      2.00      0.00  -9999.00
     1   2005    195   16900.0       7.2      18.0      1.02      2.00      1.60  -9999.00
     1   2005    196   29200.0      12.6      20.6      1.46      2.00      0.00  -9999.00
     1   2005    197    9600.0      14.6      17.1      1.66      2.00      4.00  -9999.00
     1   2005    198   17500.0      10.2      21.6      1.24      2.00      0.00  -9999.00
     1   2005    199   19500.0      12.5      19.5      1.45      2.00      0.00  -9999.00
     1   2005    200   17300.0      11.0      25.0      1.31      2.00      0.00  -9999.00
     1   2005    201   22200.0      11.2      19.6      1.33      2.00      0.00  -9999.00
     1   2005    202   21100.0      17.5      19.4      2.00      2.00      0.00  -9999.00
     1   2005    203   11800.0      11.6      20.4      1.37      2.00      0.00  -9999.00
     1   2005    204   21500.0      16.9      21.0      1.92      2.00      0.00  -9999.00
     1   2005    205   12400.0      15.4      16.4      1.75      2.00      0.90  -9999.00
     1   2005    206   15700.0      15.4      29.0      1.75      2.00      0.20  -9999.00
     1   2005    207   26000.0       9.4      19.9      1.18      2.00      5.10  -9999.00
     1   2005    208   23300.0      12.6      16.2      1.46      2.00      1.80  -9999.00
     1   2005    209   18000.0      13.3      18.8      1.53      2.00      0.70  -9999.00
     1   2005    210   14800.0      16.0      18.5      1.82      2.00      0.30  -9999.00
     1   2005    211   20400.0      10.9      17.6      1.30      2.00      0.00  -9999.00
     1   2005    212   17000.0      12.4      19.1      1.44      2.00      0.00  -9999.00
     1   2005    213    9200.0      12.7      18.2      1.47      2.00     14.10  -9999.00
     1   2005    214   17200.0      13.9      27.5      1.59      2.00      0.00  -9999.00
     1   2005    215   22400.0      11.5      23.4      1.36      2.00      0.00  -9999.00
     1   2005    216   22600.0      13.8      21.3      1.58      2.00      0.00  -9999.00
     1   2005    217   14700.0      12.9      17.9      1.49      2.00      0.20  -9999.00
     1   2005    218   22000.0      12.7      23.3      1.47      2.00      0.00  -9999.00
     1   2005    219   18000.0      13.5      18.1      1.55      2.00      0.30  -9999.00
     1   2005    220   16300.0       8.7      21.5      1.12      2.00      0.80  -9999.00
     1   2005    221    8200.0      13.1      18.2      1.51      2.00      5.90  -9999.00
     1   2005    222   25400.0       8.9      18.9      1.14      2.00      0.00  -9999.00
     1   2005    223   21400.0      18.2      20.4      2.09      2.00      0.00  -9999.00
     1   2005    224   13900.0      12.3      20.6      1.43      2.00      0.00  -9999.00
     1   2005    225   13400.0       8.9      22.5      1.14      2.00      0.00  -9999.00
     1   2005    226   22000.0      16.5      22.1      1.88      2.00      0.00  -9999.00
     1   2005    227   13800.0       9.1      23.5      1.16      2.00      0.00  -9999.00
     1   2005    228   10500.0      13.1      18.6      1.51      2.00      1.70  -9999.00
     1   2005    229   22900.0      14.2      17.6      1.62      2.00      1.10  -9999.00
     1   2005    230   16000.0      10.7      16.2      1.29      2.00      0.10  -9999.00
     1   2005    231    4000.0      13.0      18.7      1.50      2.00      7.60  -9999.00
     1   2005    232   18900.0      11.0      25.0      1.31      2.00      0.00  -9999.00
     1   2005    233   14900.0      12.7      15.3      1.47      2.00      0.50  -9999.00
     1   2005    234   15300.0      14.0      21.0      1.60      2.00     10.90  -9999.00
     1   2005    235   11600.0      13.7      19.3      1.57      2.00      0.70  -9999.00
     1   2005    236   16600.0      12.8      23.8      1.48      2.00      0.00  -9999.00
     1   2005    237   12000.0      12.9      20.2      1.49      2.00     20.50  -9999.00
     1   2005    238   16300.0      13.7      22.5      1.57      2.00     12.50  -9999.00
     1   2005    239    8500.0      15.6      16.9      1.77      2.00      0.10  -9999.00
     1   2005    240    7700.0      16.4      19.2      1.86      2.00      4.40  -9999.00
     1   2005    241   11700.0      11.0      17.1      1.31      2.00      6.70  -9999.00
     1   2005    242   13400.0       7.5      20.2      1.04      2.00      0.00  -9999.00
     1   2005    243   15000.0       9.5      17.1      1.19      2.00     54.20  -9999.00
     1   2005    244   16000.0       8.8      23.9      1.13      2.00      0.00  -9999.00
     1   2005    245   15900.0      11.0      19.8      1.31      2.00      0.00  -9999.00
     1   2005    246   20000.0      13.5      17.1      1.55      2.00      0.00  -9999.00
     1   2005    247   10500.0      15.0      19.2      1.70      2.00      2.80  -9999.00
     1   2005    248   11700.0      14.5      18.2      1.65      2.00      1.10  -9999.00
     1   2005    249   14100.0      12.7      17.3      1.47      2.00     12.70  -9999.00
     1   2005    250   10800.0      11.3      21.4      1.34      2.00      0.00  -9999.00
     1   2005    251    5200.0      15.0      17.7      1.70      2.00      0.00  -9999.00
     1   2005    252   10800.0       9.2      17.9      1.16      2.00      0.00  -9999.00
     1   2005    253    3500.0      11.2      20.3      1.33      2.00      5.30  -9999.00
     1   2005    254   14900.0       7.0      16.5      1.00      2.00      0.00  -9999.00
     1   2005    255   14900.0       6.7      15.3      0.98      2.00      0.00  -9999.00
     1   2005    256    8600.0       9.8      16.8      1.21      2.00      0.00  -9999.00
     1   2005    257   13400.0      11.3      21.8      1.34      2.00      0.50  -9999.00
     1   2005    258    9600.0      10.7      19.5      1.29      2.00      5.90  -9999.00
     1   2005    259   13400.0       6.7      16.5      0.98      2.00      3.70  -9999.00
     1   2005    260    5200.0       9.2      15.9      1.16      2.00     14.30  -9999.00
     1   2005    261    7800.0      16.2      18.8      1.84      2.00      0.30  -9999.00
     1   2005    262    5200.0      11.4      20.6      1.35      2.00      3.90  -9999.00
     1   2005    263   16300.0       9.2      20.2      1.16      2.00      0.00  -9999.00
     1   2005    264    5800.0      12.6      15.5      1.46      2.00      8.50  -9999.00
     1   2005    265   10400.0      14.0      17.6      1.60      2.00      4.10  -9999.00
     1   2005    266    8900.0       7.7      17.2      1.05      2.00      0.00  -9999.00
     1   2005    267   12600.0      10.1      16.7      1.24      2.00      0.00  -9999.00
     1   2005    268    7300.0      13.4      18.6      1.54      2.00      4.70  -9999.00
     1   2005    269    4800.0      13.3      16.3      1.53      2.00     20.80  -9999.00
     1   2005    270    4700.0       6.7      14.4      0.98      2.00     11.90  -9999.00
     1   2005    271    5900.0      11.0      12.0      1.31      2.00      0.10  -9999.00
     1   2005    272   13500.0       7.0      17.4      1.00      2.00      0.00  -9999.00
     1   2005    273    4300.0      14.9      15.7      1.69      2.00      0.60  -9999.00
     1   2005    274    7200.0       9.0      16.6      1.15      2.00     11.30  -9999.00
     1   2005    275   10000.0       3.6      12.9      0.79      2.00      0.00  -9999.00
     1   2005    276    4000.0       8.0      17.6      1.07      2.00      5.20  -9999.00
     1   2005    277    9100.0       7.1      12.0      1.01      2.00      0.00  -9999.00
     1   2005    278   10800.0       6.0      15.3      0.93      2.00      0.00  -9999.00
     1   2005    279    6000.0      12.4      17.2      1.44      2.00      0.00  -9999.00
     1   2005    280    9000.0       8.8      14.0      1.13      2.00      0.00  -9999.00
     1   2005    281   10700.0      13.5      17.5      1.55      2.00      0.60  -9999.00
     1   2005    282    8300.0      11.1      11.6      1.32      2.00      1.90  -9999.00
     1   2005    283    8000.0       4.4      14.8      0.84      2.00      0.10  -9999.00
     1   2005    284    4900.0      13.2      16.3      1.52      2.00      1.10  -9999.00
     1   2005    285    3700.0       9.4      17.2      1.18      2.00      0.20  -9999.00
     1   2005    286    6500.0       9.5      16.4      1.19      2.00      5.10  -9999.00
     1   2005    287    6000.0      11.3      17.2      1.34      2.00      0.00  -9999.00
     1   2005    288    8800.0      10.6      13.2      1.28      2.00      0.00  -9999.00
     1   2005    289    5900.0       2.7      17.5      0.74      2.00      0.00  -9999.00
     1   2005    290    7900.0      11.5      15.5      1.36      2.00      0.00  -9999.00
     1   2005    291    3800.0       5.1      16.3      0.88      2.00      0.00  -9999.00
     1   2005    292    8300.0       1.8      13.8      0.70      2.00      0.00  -9999.00
     1   2005    293   10200.0       6.0      10.4      0.93      2.00      0.00  -9999.00
     1   2005    294    2300.0       7.0      12.7      1.00      2.00      0.00  -9999.00
     1   2005    295    8200.0       8.8      10.4      1.13      2.00      0.00  -9999.00
     1   2005    296    9700.0       1.2      14.4      0.67      2.00      0.00  -9999.00
     1   2005    297    7600.0       3.8      14.2      0.80      2.00      0.00  -9999.00
     1   2005    298    5100.0      11.5      14.6      1.36      2.00      0.00  -9999.00
     1   2005    299    7100.0       9.0      13.1      1.15      2.00      0.00  -9999.00
     1   2005    300    3400.0       6.2      13.5      0.95      2.00      0.60  -9999.00
     1   2005    301    7700.0       6.7      11.6      0.98      2.00      1.60  -9999.00
     1   2005    302    1300.0      11.6      13.6      1.37      2.00      0.30  -9999.00
     1   2005    303    7000.0       7.1      13.8      1.01      2.00     11.10  -9999.00
     1   2005    304    4300.0       8.5      10.7      1.11      2.00      0.20  -9999.00
     1   2005    305    4300.0      10.9      14.0      1.30      2.00      8.90  -9999.00
     1   2005    306    3200.0       9.8      11.8      1.21      2.00      0.40  -9999.00
     1   2005    307    4400.0       5.5       8.5      0.90      2.00      8.70  -9999.00
     1   2005    308    4800.0      12.0      14.0      1.40      2.00      0.40  -9999.00
     1   2005    309    3200.0       9.8      11.8      1.21      2.00      0.80  -9999.00
     1   2005    310    2900.0       7.2      12.5      1.02      2.00      1.30  -9999.00
     1   2005    311    6800.0       1.5      12.9      0.68      2.00      1.20  -9999.00
     1   2005    312    2500.0      10.4      12.4      1.26      2.00     10.40  -9999.00
     1   2005    313    4500.0       6.6       8.6      0.97      2.00      0.20  -9999.00
     1   2005    314    2800.0       8.4      11.7      1.10      2.00      4.40  -9999.00
     1   2005    315    2400.0       0.2      12.0      0.62      2.00     16.30  -9999.00
     1   2005    316    6200.0       7.9      15.0      1.07      2.00      7.00  -9999.00
     1   2005    317    2000.0       6.9      14.8      0.99      2.00      4.30  -9999.00
     1   2005    318    4200.0       3.7      12.9      0.80      2.00      0.00  -9999.00
     1   2005    319    5400.0       5.9      10.2      0.93      2.00     15.70  -9999.00
     1   2005    320    3400.0       9.3      12.8      1.17      2.00      0.00  -9999.00
     1   2005    321    2200.0       1.0      12.7      0.66      2.00      0.00  -9999.00
     1   2005    322    2900.0       7.0      14.5      1.00      2.00      0.50  -9999.00
     1   2005    323    1700.0       9.7      11.9      1.20      2.00     11.40  -9999.00
     1   2005    324    1500.0       2.5      12.0      0.73      2.00      2.50  -9999.00
     1   2005    325    5300.0       8.8      12.6      1.13      2.00      0.30  -9999.00
     1   2005    326    4400.0       5.6      11.8      0.91      2.00      0.00  -9999.00
     1   2005    327    5600.0       8.6      10.6      1.12      2.00      0.00  -9999.00
     1   2005    328    1700.0       2.3       4.7      0.72      2.00      0.00  -9999.00
     1   2005    329    5200.0       3.7      11.1      0.80      2.00      0.00  -9999.00
     1   2005    330    1600.0       2.0       6.7      0.71      2.00      0.00  -9999.00
     1   2005    331    2200.0       1.0       7.2      0.66      2.00      9.50  -9999.00
     1   2005    332    1300.0       4.9       6.9      0.87      2.00      7.50  -9999.00
     1   2005    333    1900.0       5.5       8.1      0.90      2.00      0.20  -9999.00
     1   2005    334    3600.0       7.4      12.3      1.03      2.00      0.00  -9999.00
     1   2005    335    2400.0      -0.9      10.4      0.57      2.00      0.10  -9999.00
     1   2005    336    2100.0       0.0      10.9      0.61      2.00      0.10  -9999.00
     1   2005    337    1600.0       8.1      11.0      1.08      2.00      0.20  -9999.00
     1   2005    338    2800.0       7.7       9.7      1.05      2.00     10.80  -9999.00
     1   2005    339    2200.0       7.2      13.0      1.02      2.00      0.20  -9999.00
     1   2005    340    1500.0       7.5       9.5      1.04      2.00     22.30  -9999.00
     1   2005    341    2100.0       0.2       7.9      0.62      2.00      0.10  -9999.00
     1   2005    342    3000.0      10.5      12.4      1.27      2.00      8.80  -9999.00
     1   2005    343    2000.0       3.1       7.1      0.76      2.00      9.00  -9999.00
     1   2005    344    1300.0       1.9       2.2      0.70      2.00      0.00  -9999.00
     1   2005    345    3500.0      -4.4       8.9      0.44      2.00      0.00  -9999.00
     1   2005    346    3300.0       7.6       9.7      1.04      2.00      0.00  -9999.00
     1   2005    347    1400.0       1.4       3.4      0.68      2.00      0.00  -9999.00
     1   2005    348    1400.0       5.0       9.6      0.87      2.00      6.00  -9999.00
     1   2005    349    4100.0       3.4      13.1      0.78      2.00      5.20  -9999.00
     1   2005    350    1900.0       4.3      10.0      0.83      2.00      0.80  -9999.00
     1   2005    351    1000.0       5.1       7.2      0.88      2.00      8.70  -9999.00
     1   2005    352    1700.0       7.0       9.0      1.00      2.00      7.30  -9999.00
     1   2005    353    1100.0       6.5       8.5      0.97      2.00      3.70  -9999.00
     1   2005    354    1100.0       8.7      10.4      1.12      2.00      8.60  -9999.00
     1   2005    355    2700.0       5.2       7.1      0.88      2.00      1.70  -9999.00
     1   2005    356    1100.0      -2.4       9.9      0.51      2.00      0.20  -9999.00
     1   2005    357    3600.0       4.5       6.5      0.84      2.00      0.00  -9999.00
     1   2005    358    1500.0      -1.2      11.1      0.56      2.00      0.00  -9999.00
     1   2005    359    1100.0      -1.3       3.8      0.56      2.00      2.50  -9999.00
     1   2005    360    1500.0      -1.0       2.2      0.57      2.00      0.00  -9999.00
     1   2005    361    2700.0       0.7       8.8      0.64      2.00     20.60  -9999.00
     1   2005    362    1500.0       3.2       5.2      0.77      2.00      4.60  -9999.00
     1   2005    363    1400.0       7.9       9.9      1.07      2.00     13.30  -9999.00
     1   2005    364    3500.0       7.8       9.4      1.06      2.00      0.10  -9999.00
     1   2005    365    3300.0       3.8      10.7      0.80      2.00      5.00  -9999.00
