*-----------------------------------------------------------------------------* 
           CNWG_81.met            51.48   -3.55   69.72
* Date created:  08-Aug-2019     Author: K Coleman 
* 
* NIL VALUE       -9999 
* Source:   data provided by M. Semenov 
*  
* Latitude:    51.48 Longitude:    -3.55 Altitude:    69.72
* 
* Column  Daily value 
* 1       station number 
* 2       year 
* 3       day 
* 4       irradiation                   (kJ m-2 d-1) 
* 5       minimum temperature           (degrees Celsius) 
* 6       maximum temperature           (degrees Celsius) 
* 7       early morning vapour pressure (kPa)             
* 8       mean wind speed (height: 2 m?) (m s-1)          
* 9       precipitation                 (mm d-1)          
* 10      sunshine                      (hrs)             
 		Jday	RAD	    TMIN	TMAX	 VAP	wind	RAIN	SUN  
               kj/m2	°C	    °C	     kPa	m/s	    mm	    hrs 
   51.48  69.72
     1   2005      1    1800.0       3.3       5.9      0.77      2.00      0.20  -9999.00
     1   2005      2     700.0       2.5       9.9      0.73      2.00      0.20  -9999.00
     1   2005      3    1700.0       6.8      10.9      0.99      2.00      2.40  -9999.00
     1   2005      4     700.0      -4.3       7.9      0.44      2.00      5.00  -9999.00
     1   2005      5    3700.0       6.5      10.6      0.97      2.00      7.70  -9999.00
     1   2005      6    3800.0       7.3       9.4      1.02      2.00     12.30  -9999.00
     1   2005      7    2800.0       8.1       9.0      1.08      2.00      6.80  -9999.00
     1   2005      8    4000.0       3.4       5.4      0.78      2.00      0.00  -9999.00
     1   2005      9    1500.0       7.6       9.6      1.04      2.00      0.80  -9999.00
     1   2005     10    1100.0       1.2       8.1      0.67      2.00      2.10  -9999.00
     1   2005     11    5200.0       1.5       7.1      0.68      2.00      0.00  -9999.00
     1   2005     12    3800.0       3.7       5.7      0.80      2.00      0.00  -9999.00
     1   2005     13    1300.0       5.6      11.4      0.91      2.00      9.80  -9999.00
     1   2005     14    3900.0       1.6       8.8      0.69      2.00      4.60  -9999.00
     1   2005     15    2200.0       2.8       4.8      0.75      2.00      0.00  -9999.00
     1   2005     16    4200.0       5.1       7.1      0.88      2.00      0.00  -9999.00
     1   2005     17    1900.0      -3.0       0.9      0.49      2.00      0.00  -9999.00
     1   2005     18    2200.0      -0.8       3.8      0.58      2.00      0.00  -9999.00
     1   2005     19    3900.0       1.3       9.3      0.67      2.00      0.00  -9999.00
     1   2005     20    3800.0       5.1       7.1      0.88      2.00      0.00  -9999.00
     1   2005     21    3000.0       3.6       6.1      0.79      2.00      0.00  -9999.00
     1   2005     22    3500.0       3.8       4.1      0.80      2.00      0.00  -9999.00
     1   2005     23    2100.0       5.7       8.8      0.92      2.00     10.80  -9999.00
     1   2005     24    3500.0       3.8       6.4      0.80      2.00      0.00  -9999.00
     1   2005     25    4800.0      -1.2       7.0      0.56      2.00      0.00  -9999.00
     1   2005     26    2300.0       3.9       7.9      0.81      2.00      0.00  -9999.00
     1   2005     27    2300.0       6.4       8.9      0.96      2.00      2.50  -9999.00
     1   2005     28    5800.0       1.6       7.7      0.69      2.00      0.20  -9999.00
     1   2005     29    4100.0      -2.1      -1.7      0.52      2.00      0.00  -9999.00
     1   2005     30    7000.0       3.4       6.2      0.78      2.00      0.10  -9999.00
     1   2005     31    3700.0       0.5       1.9      0.63      2.00      0.00  -9999.00
     1   2005     32    6000.0       3.8       8.7      0.80      2.00      0.00  -9999.00
     1   2005     33    2900.0      -2.1      10.7      0.52      2.00      0.00  -9999.00
     1   2005     34    2200.0      -1.2       8.2      0.56      2.00      0.00  -9999.00
     1   2005     35    2700.0       4.4       8.1      0.84      2.00      0.00  -9999.00
     1   2005     36    5000.0       3.3       4.5      0.77      2.00      0.00  -9999.00
     1   2005     37    2400.0      -4.7       7.5      0.43      2.00      3.40  -9999.00
     1   2005     38    3300.0       6.0      12.3      0.93      2.00      1.40  -9999.00
     1   2005     39    7100.0      -1.8       3.7      0.54      2.00      0.00  -9999.00
     1   2005     40    7400.0      -6.6       7.6      0.37      2.00      0.00  -9999.00
     1   2005     41    8500.0       4.5       6.5      0.84      2.00      0.00  -9999.00
     1   2005     42    1300.0       7.1       9.1      1.01      2.00      2.50  -9999.00
     1   2005     43    6900.0       1.9       5.1      0.70      2.00      3.20  -9999.00
     1   2005     44    7800.0       0.9       6.8      0.65      2.00      7.60  -9999.00
     1   2005     45    2300.0       1.1       9.6      0.66      2.00      0.30  -9999.00
     1   2005     46    8700.0      -6.8      11.5      0.37      2.00     16.50  -9999.00
     1   2005     47    8800.0       3.3       7.0      0.77      2.00      0.00  -9999.00
     1   2005     48    8500.0      -1.5       8.5      0.55      2.00      0.00  -9999.00
     1   2005     49    2800.0      -1.6       2.0      0.54      2.00      0.00  -9999.00
     1   2005     50    9500.0      -4.2      10.1      0.45      2.00      0.00  -9999.00
     1   2005     51    8900.0      -2.2       3.5      0.52      2.00      0.00  -9999.00
     1   2005     52    5400.0       1.6       6.6      0.69      2.00      0.00  -9999.00
     1   2005     53    8400.0       0.6       4.4      0.64      2.00      0.00  -9999.00
     1   2005     54    9300.0       5.2      13.9      0.88      2.00      0.00  -9999.00
     1   2005     55    7700.0       2.9       8.5      0.75      2.00      0.00  -9999.00
     1   2005     56    8500.0      -3.0       4.0      0.49      2.00      0.00  -9999.00
     1   2005     57    7300.0       2.1      10.7      0.71      2.00      0.00  -9999.00
     1   2005     58    3600.0       2.3       4.3      0.72      2.00      2.20  -9999.00
     1   2005     59    5100.0       3.7       7.6      0.80      2.00     17.60  -9999.00
     1   2005     60    4400.0       4.4       4.7      0.84      2.00      0.00  -9999.00
     1   2005     61    3700.0       4.4       8.9      0.84      2.00      4.30  -9999.00
     1   2005     62    6900.0       4.5       8.7      0.84      2.00      0.30  -9999.00
     1   2005     63    9600.0      -1.0      11.7      0.57      2.00      0.00  -9999.00
     1   2005     64   12600.0       4.0       6.5      0.81      2.00      1.90  -9999.00
     1   2005     65    9200.0       2.6      10.7      0.74      2.00      0.00  -9999.00
     1   2005     66   10400.0       3.9      12.1      0.81      2.00     10.10  -9999.00
     1   2005     67   12600.0       1.0       6.8      0.66      2.00      0.00  -9999.00
     1   2005     68    8600.0       3.1      14.5      0.76      2.00      4.60  -9999.00
     1   2005     69    6500.0       8.2      10.2      1.09      2.00      6.70  -9999.00
     1   2005     70    9600.0       1.0       5.3      0.66      2.00      0.00  -9999.00
     1   2005     71    5500.0       2.1      12.2      0.71      2.00      9.50  -9999.00
     1   2005     72    4500.0       6.9      11.8      0.99      2.00      2.00  -9999.00
     1   2005     73    5300.0       6.8       8.8      0.99      2.00      0.70  -9999.00
     1   2005     74    4500.0       7.9       9.1      1.07      2.00      0.10  -9999.00
     1   2005     75    9200.0       5.7       7.7      0.92      2.00      0.10  -9999.00
     1   2005     76    4300.0       5.1      12.3      0.88      2.00      0.40  -9999.00
     1   2005     77   11800.0       0.2      13.7      0.62      2.00      0.00  -9999.00
     1   2005     78   13600.0       3.2      10.4      0.77      2.00      2.40  -9999.00
     1   2005     79    9500.0       2.7      11.1      0.74      2.00      0.40  -9999.00
     1   2005     80    9500.0       3.7      17.4      0.80      2.00      0.90  -9999.00
     1   2005     81    9400.0       0.0       9.0      0.61      2.00      0.60  -9999.00
     1   2005     82    8100.0       6.4       7.2      0.96      2.00      0.00  -9999.00
     1   2005     83    8200.0       5.7      14.9      0.92      2.00      0.00  -9999.00
     1   2005     84    8000.0       1.2      14.2      0.67      2.00      0.00  -9999.00
     1   2005     85   12900.0       7.4       7.4      1.03      2.00      0.00  -9999.00
     1   2005     86   12300.0       5.1       6.6      0.88      2.00      0.00  -9999.00
     1   2005     87    9800.0       5.0      11.9      0.87      2.00      0.00  -9999.00
     1   2005     88   11200.0       0.4      12.3      0.63      2.00      0.00  -9999.00
     1   2005     89   11800.0       7.9       8.9      1.07      2.00      0.00  -9999.00
     1   2005     90   18700.0       5.5       9.9      0.90      2.00      0.00  -9999.00
     1   2005     91   18900.0       6.7      14.0      0.98      2.00      0.00  -9999.00
     1   2005     92    6600.0       9.2      11.6      1.16      2.00      1.00  -9999.00
     1   2005     93   13000.0      -0.8       9.3      0.58      2.00      1.00  -9999.00
     1   2005     94   12800.0       8.3      14.9      1.09      2.00      8.00  -9999.00
     1   2005     95   11900.0       3.0       8.8      0.76      2.00      0.30  -9999.00
     1   2005     96   10500.0       5.9      13.7      0.93      2.00      0.00  -9999.00
     1   2005     97   13900.0       8.5      10.5      1.11      2.00      0.30  -9999.00
     1   2005     98   11900.0       5.1      10.3      0.88      2.00      1.10  -9999.00
     1   2005     99   10800.0       7.2       8.4      1.02      2.00      8.30  -9999.00
     1   2005    100   12700.0       8.4      10.9      1.10      2.00      9.00  -9999.00
     1   2005    101   12600.0       3.2      11.4      0.77      2.00      1.60  -9999.00
     1   2005    102   13000.0       6.0      11.8      0.93      2.00      4.40  -9999.00
     1   2005    103    7800.0       6.3       9.0      0.95      2.00      6.20  -9999.00
     1   2005    104   13200.0      -0.3      11.5      0.60      2.00      2.30  -9999.00
     1   2005    105    7000.0       3.2      12.3      0.77      2.00      0.30  -9999.00
     1   2005    106   15100.0       4.0       8.8      0.81      2.00      1.20  -9999.00
     1   2005    107   18700.0       9.9      14.1      1.22      2.00      0.00  -9999.00
     1   2005    108    8800.0       2.2      13.1      0.72      2.00      0.40  -9999.00
     1   2005    109   11500.0       8.7      13.0      1.12      2.00      0.40  -9999.00
     1   2005    110   17000.0       7.1       9.4      1.01      2.00      0.00  -9999.00
     1   2005    111   14800.0       3.2      21.8      0.77      2.00      0.00  -9999.00
     1   2005    112   18200.0       9.5      14.2      1.19      2.00      0.00  -9999.00
     1   2005    113   10500.0       9.5      14.4      1.19      2.00      0.50  -9999.00
     1   2005    114   14000.0       9.4      11.8      1.18      2.00      0.00  -9999.00
     1   2005    115   10300.0       1.0      16.3      0.66      2.00      2.10  -9999.00
     1   2005    116   16400.0       4.6      12.8      0.85      2.00      0.00  -9999.00
     1   2005    117   22700.0       7.9      16.8      1.07      2.00      0.00  -9999.00
     1   2005    118   14300.0       5.8      11.0      0.92      2.00      8.80  -9999.00
     1   2005    119   17300.0       8.2      16.7      1.09      2.00      8.20  -9999.00
     1   2005    120   20800.0       8.4      12.1      1.10      2.00      0.00  -9999.00
     1   2005    121   23700.0       5.9      15.9      0.93      2.00      0.00  -9999.00
     1   2005    122   23700.0       2.8      12.9      0.75      2.00      0.00  -9999.00
     1   2005    123   24100.0       4.5      15.0      0.84      2.00      0.00  -9999.00
     1   2005    124   18600.0       8.1      15.9      1.08      2.00      0.00  -9999.00
     1   2005    125   18400.0       6.9      16.9      0.99      2.00      0.00  -9999.00
     1   2005    126   23200.0       7.0      17.1      1.00      2.00      0.00  -9999.00
     1   2005    127   22800.0       4.9      18.4      0.87      2.00      0.00  -9999.00
     1   2005    128    9700.0       8.2      12.9      1.09      2.00      0.10  -9999.00
     1   2005    129   14400.0       4.2      12.4      0.82      2.00      0.10  -9999.00
     1   2005    130   13500.0       9.2      13.5      1.16      2.00      2.20  -9999.00
     1   2005    131   14000.0       6.1      13.3      0.94      2.00      2.60  -9999.00
     1   2005    132   12200.0       8.0      22.9      1.07      2.00      3.30  -9999.00
     1   2005    133   16500.0       7.0      14.4      1.00      2.00      1.90  -9999.00
     1   2005    134   27000.0       8.7      23.4      1.12      2.00      0.00  -9999.00
     1   2005    135   19500.0       6.6      14.9      0.97      2.00      0.00  -9999.00
     1   2005    136   16200.0       6.7      13.7      0.98      2.00      1.70  -9999.00
     1   2005    137   14100.0      11.2      14.2      1.33      2.00     14.90  -9999.00
     1   2005    138   17800.0       8.8      13.2      1.13      2.00      0.10  -9999.00
     1   2005    139   21900.0       6.7      17.7      0.98      2.00      0.00  -9999.00
     1   2005    140   16500.0       9.0      14.7      1.15      2.00      0.00  -9999.00
     1   2005    141   18000.0      11.4      22.7      1.35      2.00      0.00  -9999.00
     1   2005    142   24400.0      10.2      22.9      1.24      2.00      0.00  -9999.00
     1   2005    143   16400.0      11.7      13.0      1.37      2.00      0.00  -9999.00
     1   2005    144   23700.0      12.5      20.9      1.45      2.00      0.00  -9999.00
     1   2005    145   19200.0      10.8      16.4      1.29      2.00      0.00  -9999.00
     1   2005    146    7600.0      11.7      15.3      1.37      2.00      0.10  -9999.00
     1   2005    147   16000.0       7.8      19.4      1.06      2.00      0.00  -9999.00
     1   2005    148   21400.0       9.1      16.8      1.16      2.00      0.00  -9999.00
     1   2005    149   17700.0       9.5      16.9      1.19      2.00      0.00  -9999.00
     1   2005    150   28700.0       8.8      16.3      1.13      2.00      0.00  -9999.00
     1   2005    151   25700.0       6.3      18.7      0.95      2.00      0.00  -9999.00
     1   2005    152   29100.0       9.2      20.5      1.16      2.00      0.00  -9999.00
     1   2005    153   20800.0       8.0      23.5      1.07      2.00      0.00  -9999.00
     1   2005    154   24800.0       3.3      13.6      0.77      2.00      0.00  -9999.00
     1   2005    155   20600.0      14.2      16.4      1.62      2.00      0.00  -9999.00
     1   2005    156   19000.0       9.6      15.5      1.20      2.00      0.00  -9999.00
     1   2005    157   27300.0       4.4      18.8      0.84      2.00      0.00  -9999.00
     1   2005    158   14500.0       8.8      16.4      1.13      2.00      0.20  -9999.00
     1   2005    159   10800.0      15.0      16.8      1.70      2.00      6.30  -9999.00
     1   2005    160    8700.0      11.0      15.0      1.31      2.00      0.20  -9999.00
     1   2005    161    9200.0       6.4      16.1      0.96      2.00      0.30  -9999.00
     1   2005    162   27700.0      11.0      16.0      1.31      2.00      3.40  -9999.00
     1   2005    163   17200.0      12.1      16.6      1.41      2.00      1.40  -9999.00
     1   2005    164   28000.0      12.1      16.9      1.41      2.00     10.90  -9999.00
     1   2005    165   12100.0      15.6      23.5      1.77      2.00      0.00  -9999.00
     1   2005    166   15400.0       9.3      21.8      1.17      2.00      0.00  -9999.00
     1   2005    167   15700.0       4.4      13.3      0.84      2.00      0.10  -9999.00
     1   2005    168   10800.0       9.1      16.8      1.16      2.00      0.20  -9999.00
     1   2005    169   27700.0      12.1      18.9      1.41      2.00      0.00  -9999.00
     1   2005    170   22400.0      10.0      18.7      1.23      2.00      0.00  -9999.00
     1   2005    171   26500.0       9.5      17.4      1.19      2.00      0.00  -9999.00
     1   2005    172   21800.0      10.6      22.1      1.28      2.00      0.00  -9999.00
     1   2005    173   17700.0      10.3      13.6      1.25      2.00      0.00  -9999.00
     1   2005    174   26200.0      13.9      15.7      1.59      2.00      0.00  -9999.00
     1   2005    175   19800.0      13.9      19.0      1.59      2.00      4.10  -9999.00
     1   2005    176   17800.0      13.2      17.6      1.52      2.00      5.30  -9999.00
     1   2005    177    8900.0      16.1      19.8      1.83      2.00      0.90  -9999.00
     1   2005    178   13100.0      12.8      18.5      1.48      2.00      8.10  -9999.00
     1   2005    179   10900.0       9.0      19.5      1.15      2.00      0.50  -9999.00
     1   2005    180   22600.0      12.1      17.3      1.41      2.00     16.10  -9999.00
     1   2005    181    5100.0       6.6      14.1      0.97      2.00      2.10  -9999.00
     1   2005    182   22700.0      12.0      14.6      1.40      2.00      0.00  -9999.00
     1   2005    183   25800.0      14.2      24.2      1.62      2.00      0.00  -9999.00
     1   2005    184   16700.0      14.9      20.0      1.69      2.00      0.00  -9999.00
     1   2005    185   23500.0      12.3      20.3      1.43      2.00      0.00  -9999.00
     1   2005    186   22400.0      12.7      24.2      1.47      2.00      0.00  -9999.00
     1   2005    187   25900.0      12.5      24.2      1.45      2.00      0.00  -9999.00
     1   2005    188   18300.0      17.2      21.0      1.96      2.00      0.00  -9999.00
     1   2005    189   23800.0       9.4      22.4      1.18      2.00      0.00  -9999.00
     1   2005    190   15200.0      12.7      19.9      1.47      2.00      0.00  -9999.00
     1   2005    191   25400.0      10.6      27.3      1.28      2.00      0.00  -9999.00
     1   2005    192   19100.0      16.2      17.5      1.84      2.00      0.00  -9999.00
     1   2005    193   15900.0       6.4      22.8      0.96      2.00      0.00  -9999.00
     1   2005    194   21600.0      12.8      20.8      1.48      2.00      0.00  -9999.00
     1   2005    195   15100.0      12.2      19.2      1.42      2.00      2.60  -9999.00
     1   2005    196    5000.0      11.1      17.7      1.32      2.00      0.60  -9999.00
     1   2005    197   11400.0      12.0      23.0      1.40      2.00      0.00  -9999.00
     1   2005    198   14800.0      14.0      19.5      1.60      2.00      0.90  -9999.00
     1   2005    199   24100.0      12.6      27.4      1.46      2.00      0.00  -9999.00
     1   2005    200   27500.0      10.9      21.6      1.30      2.00      0.00  -9999.00
     1   2005    201   17600.0      12.8      18.3      1.48      2.00      3.00  -9999.00
     1   2005    202   12500.0      13.7      20.2      1.57      2.00      2.10  -9999.00
     1   2005    203    7400.0      16.8      19.6      1.91      2.00      1.90  -9999.00
     1   2005    204   15100.0      12.2      18.8      1.42      2.00      0.10  -9999.00
     1   2005    205   12400.0      11.3      18.1      1.34      2.00      2.30  -9999.00
     1   2005    206   19700.0      14.5      25.6      1.65      2.00      0.70  -9999.00
     1   2005    207   19100.0      14.6      18.8      1.66      2.00      0.50  -9999.00
     1   2005    208   11000.0      10.0      23.3      1.23      2.00      0.80  -9999.00
     1   2005    209   16500.0      16.4      27.7      1.86      2.00      0.00  -9999.00
     1   2005    210   11700.0      10.0      18.5      1.23      2.00      0.80  -9999.00
     1   2005    211   20000.0      13.6      18.0      1.56      2.00      0.00  -9999.00
     1   2005    212   22300.0      14.9      22.8      1.69      2.00      0.00  -9999.00
     1   2005    213   27000.0      14.0      17.8      1.60      2.00      0.00  -9999.00
     1   2005    214   18100.0      10.9      25.9      1.30      2.00      0.00  -9999.00
     1   2005    215   22500.0      13.3      23.4      1.53      2.00      0.00  -9999.00
     1   2005    216   10300.0      14.8      17.9      1.68      2.00      3.80  -9999.00
     1   2005    217   19000.0      13.8      20.0      1.58      2.00      0.00  -9999.00
     1   2005    218   22200.0      14.7      17.2      1.67      2.00      0.00  -9999.00
     1   2005    219    9100.0      10.8      20.7      1.29      2.00      5.50  -9999.00
     1   2005    220    8000.0      16.0      19.5      1.82      2.00      0.80  -9999.00
     1   2005    221   21900.0      11.8      18.8      1.38      2.00      0.80  -9999.00
     1   2005    222   24400.0      12.5      19.7      1.45      2.00      0.00  -9999.00
     1   2005    223   13400.0      13.1      15.6      1.51      2.00      0.00  -9999.00
     1   2005    224   13000.0      17.0      18.1      1.94      2.00      0.10  -9999.00
     1   2005    225   14200.0      14.8      24.3      1.68      2.00      7.60  -9999.00
     1   2005    226   13600.0      15.7      19.4      1.78      2.00      0.40  -9999.00
     1   2005    227   10200.0      13.7      18.6      1.57      2.00      2.20  -9999.00
     1   2005    228    9900.0      10.1      17.4      1.24      2.00      8.60  -9999.00
     1   2005    229    8300.0      15.8      19.8      1.79      2.00      1.60  -9999.00
     1   2005    230   18700.0      14.8      17.0      1.68      2.00      2.50  -9999.00
     1   2005    231   14600.0      14.6      20.4      1.66      2.00      0.10  -9999.00
     1   2005    232   10500.0      15.2      16.6      1.73      2.00      3.60  -9999.00
     1   2005    233   10900.0      13.5      23.1      1.55      2.00      7.50  -9999.00
     1   2005    234    7900.0      12.2      21.9      1.42      2.00      0.10  -9999.00
     1   2005    235    9600.0       9.6      19.4      1.20      2.00      0.00  -9999.00
     1   2005    236   15100.0      13.2      18.0      1.52      2.00      0.50  -9999.00
     1   2005    237   18900.0      10.1      19.6      1.24      2.00      0.00  -9999.00
     1   2005    238   13500.0      13.9      19.1      1.59      2.00      0.70  -9999.00
     1   2005    239    9700.0      14.7      21.0      1.67      2.00     29.70  -9999.00
     1   2005    240    9200.0      10.8      24.5      1.29      2.00      0.00  -9999.00
     1   2005    241    9900.0      14.9      19.3      1.69      2.00     15.40  -9999.00
     1   2005    242   15300.0      11.8      14.7      1.38      2.00      0.00  -9999.00
     1   2005    243    9600.0      13.0      15.0      1.50      2.00      3.80  -9999.00
     1   2005    244    7800.0      13.5      23.0      1.55      2.00      3.90  -9999.00
     1   2005    245    6700.0      15.8      21.8      1.79      2.00      0.20  -9999.00
     1   2005    246   15000.0       5.2      16.9      0.88      2.00      0.00  -9999.00
     1   2005    247   11700.0      12.7      15.7      1.47      2.00      1.00  -9999.00
     1   2005    248   15700.0       9.9      18.8      1.22      2.00      4.50  -9999.00
     1   2005    249    6600.0      12.6      20.4      1.46      2.00      9.30  -9999.00
     1   2005    250    6400.0      11.2      20.4      1.33      2.00     12.00  -9999.00
     1   2005    251    8000.0       8.6      18.6      1.12      2.00      6.70  -9999.00
     1   2005    252   10700.0      13.8      15.8      1.58      2.00      0.90  -9999.00
     1   2005    253   12400.0       8.8      14.9      1.13      2.00      3.20  -9999.00
     1   2005    254    8400.0       8.7      16.4      1.12      2.00     24.20  -9999.00
     1   2005    255    9400.0      13.5      15.5      1.55      2.00      3.60  -9999.00
     1   2005    256   16400.0       7.9      15.9      1.07      2.00      5.70  -9999.00
     1   2005    257    5600.0      16.0      18.8      1.82      2.00      6.40  -9999.00
     1   2005    258    8900.0      10.2      19.0      1.24      2.00      0.10  -9999.00
     1   2005    259    9500.0       8.1      16.8      1.08      2.00      0.00  -9999.00
     1   2005    260   11900.0      15.0      20.3      1.70      2.00      0.00  -9999.00
     1   2005    261    7800.0      13.2      17.0      1.52      2.00     21.50  -9999.00
     1   2005    262   10600.0      11.8      18.1      1.38      2.00      0.00  -9999.00
     1   2005    263   12000.0      14.1      15.4      1.61      2.00      0.00  -9999.00
     1   2005    264    6000.0       9.1      17.4      1.16      2.00      0.00  -9999.00
     1   2005    265    8700.0      13.5      19.7      1.55      2.00      3.70  -9999.00
     1   2005    266    8100.0       6.8      17.3      0.99      2.00      5.20  -9999.00
     1   2005    267    4500.0       7.9      15.2      1.07      2.00      4.00  -9999.00
     1   2005    268   13100.0      13.7      14.9      1.57      2.00      2.70  -9999.00
     1   2005    269   12100.0      15.5      17.6      1.76      2.00     35.40  -9999.00
     1   2005    270    6500.0      13.1      17.2      1.51      2.00      2.70  -9999.00
     1   2005    271    6900.0      12.1      14.9      1.41      2.00      7.70  -9999.00
     1   2005    272    9600.0       8.9      13.8      1.14      2.00      0.20  -9999.00
     1   2005    273   11900.0      11.0      16.5      1.31      2.00      0.00  -9999.00
     1   2005    274    5100.0       7.6      12.8      1.04      2.00      6.80  -9999.00
     1   2005    275    2900.0      11.4      13.4      1.35      2.00      2.70  -9999.00
     1   2005    276    7200.0       8.6      14.4      1.12      2.00      0.00  -9999.00
     1   2005    277   10900.0       6.2      14.3      0.95      2.00      0.00  -9999.00
     1   2005    278    8700.0      10.4      17.1      1.26      2.00      5.60  -9999.00
     1   2005    279    8300.0      10.2      12.8      1.24      2.00     19.10  -9999.00
     1   2005    280    4900.0      12.4      17.1      1.44      2.00     22.40  -9999.00
     1   2005    281    7600.0      10.2      15.8      1.24      2.00      0.00  -9999.00
     1   2005    282   10300.0       9.8      17.4      1.21      2.00      4.60  -9999.00
     1   2005    283    5700.0       8.7      13.1      1.12      2.00      3.00  -9999.00
     1   2005    284    6500.0       4.1      14.0      0.82      2.00     13.90  -9999.00
     1   2005    285    5000.0      12.1      14.7      1.41      2.00      5.70  -9999.00
     1   2005    286    6800.0      12.3      15.6      1.43      2.00      5.90  -9999.00
     1   2005    287    2300.0       5.7      16.2      0.92      2.00      7.90  -9999.00
     1   2005    288    9000.0      10.4      12.3      1.26      2.00      1.00  -9999.00
     1   2005    289    6600.0       8.9      10.9      1.14      2.00     11.80  -9999.00
     1   2005    290    4600.0      11.1      13.1      1.32      2.00      0.40  -9999.00
     1   2005    291    5200.0      11.9      15.4      1.39      2.00      1.40  -9999.00
     1   2005    292    5300.0      13.4      16.6      1.54      2.00      5.30  -9999.00
     1   2005    293    7000.0      12.5      17.2      1.45      2.00      0.10  -9999.00
     1   2005    294    4200.0       9.4      12.8      1.18      2.00     25.50  -9999.00
     1   2005    295    2700.0       4.7      17.4      0.85      2.00      1.50  -9999.00
     1   2005    296    9700.0       3.4      13.1      0.78      2.00      1.40  -9999.00
     1   2005    297    8500.0       8.7      14.2      1.12      2.00      6.20  -9999.00
     1   2005    298    4100.0      11.6      12.8      1.37      2.00      0.10  -9999.00
     1   2005    299    7300.0       3.9      13.3      0.81      2.00      0.00  -9999.00
     1   2005    300    3400.0       3.5       8.1      0.78      2.00      0.00  -9999.00
     1   2005    301    6500.0       6.9      10.5      0.99      2.00      0.00  -9999.00
     1   2005    302    6600.0       6.2      11.2      0.95      2.00      0.00  -9999.00
     1   2005    303    7700.0      10.4      14.6      1.26      2.00      0.00  -9999.00
     1   2005    304    5500.0       0.3      12.4      0.62      2.00      0.00  -9999.00
     1   2005    305    6800.0       6.0      10.3      0.93      2.00      0.00  -9999.00
     1   2005    306    4000.0       6.2      10.6      0.95      2.00      0.00  -9999.00
     1   2005    307    4200.0       9.8      12.7      1.21      2.00      0.00  -9999.00
     1   2005    308    7800.0       3.0       8.5      0.76      2.00      0.00  -9999.00
     1   2005    309    5000.0       3.3      13.4      0.77      2.00      0.00  -9999.00
     1   2005    310    5600.0       1.1      12.2      0.66      2.00      0.00  -9999.00
     1   2005    311    6100.0       7.6       9.6      1.04      2.00      0.00  -9999.00
     1   2005    312    4300.0       5.3       7.7      0.89      2.00      0.00  -9999.00
     1   2005    313    6200.0       2.8      13.1      0.75      2.00      0.00  -9999.00
     1   2005    314    5100.0       8.0      11.8      1.07      2.00      0.00  -9999.00
     1   2005    315    6800.0       9.3      11.9      1.17      2.00      0.00  -9999.00
     1   2005    316    2800.0       5.3       7.3      0.89      2.00      0.00  -9999.00
     1   2005    317    3500.0       7.9       9.9      1.07      2.00      0.60  -9999.00
     1   2005    318    6500.0       4.9      11.6      0.87      2.00      0.00  -9999.00
     1   2005    319    2800.0       8.1      10.1      1.08      2.00      3.90  -9999.00
     1   2005    320    2500.0       7.9      12.0      1.07      2.00      0.80  -9999.00
     1   2005    321     900.0       6.4      10.6      0.96      2.00      1.00  -9999.00
     1   2005    322    3500.0       2.6      12.7      0.74      2.00      0.50  -9999.00
     1   2005    323    1000.0       0.1       7.3      0.62      2.00     13.70  -9999.00
     1   2005    324    4800.0       4.3      13.5      0.83      2.00      1.20  -9999.00
     1   2005    325    2100.0       4.9       7.3      0.87      2.00     19.20  -9999.00
     1   2005    326     800.0       4.9       9.8      0.87      2.00      2.00  -9999.00
     1   2005    327    5200.0       2.0       9.6      0.71      2.00      0.60  -9999.00
     1   2005    328    2000.0       0.3       7.8      0.62      2.00      0.40  -9999.00
     1   2005    329    2900.0       3.8       6.5      0.80      2.00      0.00  -9999.00
     1   2005    330    3700.0       5.3       7.3      0.89      2.00      0.00  -9999.00
     1   2005    331    4100.0       2.7      11.8      0.74      2.00      0.30  -9999.00
     1   2005    332    3100.0      10.2      13.3      1.24      2.00      2.90  -9999.00
     1   2005    333    4100.0       7.1      13.7      1.01      2.00      0.20  -9999.00
     1   2005    334    2900.0       6.1      11.0      0.94      2.00      8.90  -9999.00
     1   2005    335    1500.0       6.5      13.4      0.97      2.00     10.20  -9999.00
     1   2005    336    1700.0       1.1       8.3      0.66      2.00      0.00  -9999.00
     1   2005    337    1700.0       3.1      12.0      0.76      2.00      2.20  -9999.00
     1   2005    338    4200.0       9.1       9.4      1.16      2.00      0.00  -9999.00
     1   2005    339    1500.0       5.6       6.8      0.91      2.00      0.00  -9999.00
     1   2005    340    3400.0      -2.0       4.9      0.53      2.00      0.00  -9999.00
     1   2005    341    2400.0       6.5       8.5      0.97      2.00     25.20  -9999.00
     1   2005    342    1800.0       7.3      10.3      1.02      2.00     10.10  -9999.00
     1   2005    343    4000.0       0.4       9.0      0.63      2.00      0.00  -9999.00
     1   2005    344    4000.0       2.0       5.7      0.71      2.00      0.00  -9999.00
     1   2005    345    2900.0       8.0      10.0      1.07      2.00      1.20  -9999.00
     1   2005    346    1500.0       4.8      11.3      0.86      2.00      6.30  -9999.00
     1   2005    347     700.0       6.0       8.0      0.93      2.00      4.30  -9999.00
     1   2005    348    2000.0       0.9       4.8      0.65      2.00      0.20  -9999.00
     1   2005    349    2900.0       4.9       9.1      0.87      2.00      8.60  -9999.00
     1   2005    350    1900.0       2.0       8.0      0.71      2.00      0.80  -9999.00
     1   2005    351    2700.0       8.3       8.4      1.09      2.00      4.50  -9999.00
     1   2005    352    2000.0       3.5      10.0      0.78      2.00      9.30  -9999.00
     1   2005    353    1400.0       1.5       9.2      0.68      2.00      5.50  -9999.00
     1   2005    354    2800.0       5.5      11.8      0.90      2.00      2.70  -9999.00
     1   2005    355    2300.0      -1.5       3.3      0.55      2.00      7.40  -9999.00
     1   2005    356    1800.0       5.4      12.8      0.90      2.00      0.60  -9999.00
     1   2005    357    1300.0       2.1      10.7      0.71      2.00      0.10  -9999.00
     1   2005    358    2100.0       3.1      11.2      0.76      2.00      0.00  -9999.00
     1   2005    359    2600.0      -0.6       9.2      0.58      2.00      0.10  -9999.00
     1   2005    360    2100.0       7.3       8.3      1.02      2.00      0.50  -9999.00
     1   2005    361    4000.0      -5.3       8.6      0.41      2.00     20.00  -9999.00
     1   2005    362    1400.0      -3.6      13.0      0.47      2.00      4.00  -9999.00
     1   2005    363    1000.0       3.5      10.3      0.78      2.00     16.70  -9999.00
     1   2005    364    3900.0       3.2       5.2      0.77      2.00      5.90  -9999.00
     1   2005    365    4600.0       7.1       7.8      1.01      2.00      0.00  -9999.00
