*-----------------------------------------------------------------------------* 
           CNWG_13.met            51.48   -3.55   69.72
* Date created:  08-Aug-2019     Author: K Coleman 
* 
* NIL VALUE       -9999 
* Source:   data provided by M. Semenov 
*  
* Latitude:    51.48 Longitude:    -3.55 Altitude:    69.72
* 
* Column  Daily value 
* 1       station number 
* 2       year 
* 3       day 
* 4       irradiation                   (kJ m-2 d-1) 
* 5       minimum temperature           (degrees Celsius) 
* 6       maximum temperature           (degrees Celsius) 
* 7       early morning vapour pressure (kPa)             
* 8       mean wind speed (height: 2 m?) (m s-1)          
* 9       precipitation                 (mm d-1)          
* 10      sunshine                      (hrs)             
 		Jday	RAD	    TMIN	TMAX	 VAP	wind	RAIN	SUN  
               kj/m2	°C	    °C	     kPa	m/s	    mm	    hrs 
   51.48  69.72
     1   2005      1    3900.0       1.7       7.0      0.69      2.00      3.20  -9999.00
     1   2005      2     700.0       7.7       8.8      1.05      2.00      0.30  -9999.00
     1   2005      3    2300.0       5.9       7.9      0.93      2.00     11.10  -9999.00
     1   2005      4    4800.0       4.5      10.9      0.84      2.00      7.10  -9999.00
     1   2005      5    2800.0       6.4       8.6      0.96      2.00     13.70  -9999.00
     1   2005      6    2600.0       5.2       8.6      0.88      2.00      0.50  -9999.00
     1   2005      7    1700.0       5.6       8.8      0.91      2.00      0.00  -9999.00
     1   2005      8    5000.0       6.0       9.9      0.93      2.00      5.10  -9999.00
     1   2005      9    5000.0       6.5      11.2      0.97      2.00      0.30  -9999.00
     1   2005     10    3500.0       6.0      10.4      0.93      2.00      0.10  -9999.00
     1   2005     11    1400.0      -1.4       9.4      0.55      2.00      0.00  -9999.00
     1   2005     12    3800.0       0.0       8.8      0.61      2.00      0.20  -9999.00
     1   2005     13    2700.0       0.8       5.0      0.65      2.00      0.00  -9999.00
     1   2005     14    4400.0       2.0       6.8      0.71      2.00      0.00  -9999.00
     1   2005     15    1800.0       4.5       6.9      0.84      2.00      0.00  -9999.00
     1   2005     16     900.0      -1.1       6.6      0.56      2.00      0.00  -9999.00
     1   2005     17    3400.0       3.9       7.8      0.81      2.00      0.00  -9999.00
     1   2005     18    4300.0       5.4       7.2      0.90      2.00      5.60  -9999.00
     1   2005     19    2500.0       5.6      10.8      0.91      2.00      0.30  -9999.00
     1   2005     20    2100.0      -0.3       9.2      0.60      2.00      4.90  -9999.00
     1   2005     21    1200.0       8.3      10.9      1.09      2.00      2.30  -9999.00
     1   2005     22    3700.0       0.1       9.1      0.62      2.00      0.00  -9999.00
     1   2005     23    1200.0       4.8       8.5      0.86      2.00      9.10  -9999.00
     1   2005     24    1900.0      -3.3      11.1      0.48      2.00     10.80  -9999.00
     1   2005     25    6300.0       4.1       8.8      0.82      2.00      0.00  -9999.00
     1   2005     26    4200.0       1.2       8.6      0.67      2.00     12.70  -9999.00
     1   2005     27    4000.0       5.2      10.4      0.88      2.00      3.40  -9999.00
     1   2005     28    3500.0       2.2       6.9      0.72      2.00      0.00  -9999.00
     1   2005     29    2000.0       6.2       9.7      0.95      2.00      0.20  -9999.00
     1   2005     30    2500.0       6.5      11.4      0.97      2.00      2.20  -9999.00
     1   2005     31    4400.0       0.0       6.0      0.61      2.00      0.00  -9999.00
     1   2005     32    3200.0       2.1       7.5      0.71      2.00      0.00  -9999.00
     1   2005     33    2700.0       2.1       8.7      0.71      2.00      2.60  -9999.00
     1   2005     34    2500.0       5.6       8.2      0.91      2.00      0.90  -9999.00
     1   2005     35    1100.0       3.4       8.0      0.78      2.00      0.30  -9999.00
     1   2005     36    3300.0       3.6       8.1      0.79      2.00     21.30  -9999.00
     1   2005     37    4000.0       4.9       7.4      0.87      2.00      8.30  -9999.00
     1   2005     38    1200.0       2.7      10.7      0.74      2.00      5.60  -9999.00
     1   2005     39    3500.0       2.9       3.4      0.75      2.00      0.00  -9999.00
     1   2005     40    8100.0       5.8       8.0      0.92      2.00      0.00  -9999.00
     1   2005     41    4700.0       5.1       7.1      0.88      2.00      0.00  -9999.00
     1   2005     42    3300.0      -1.9       7.6      0.53      2.00      2.60  -9999.00
     1   2005     43    6000.0       3.9       9.6      0.81      2.00      0.90  -9999.00
     1   2005     44    6200.0      -0.6       7.2      0.58      2.00      0.00  -9999.00
     1   2005     45    6900.0       4.2       6.6      0.82      2.00      0.00  -9999.00
     1   2005     46    4200.0      -2.4       8.0      0.51      2.00      0.00  -9999.00
     1   2005     47    9500.0       6.2       9.5      0.95      2.00      0.00  -9999.00
     1   2005     48    6700.0       1.5      12.2      0.68      2.00      0.00  -9999.00
     1   2005     49    3600.0       4.5       9.9      0.84      2.00      7.10  -9999.00
     1   2005     50    3500.0       4.9      10.6      0.87      2.00      1.70  -9999.00
     1   2005     51    3500.0       6.2       8.9      0.95      2.00      1.80  -9999.00
     1   2005     52    9000.0       7.1       9.1      1.01      2.00      0.00  -9999.00
     1   2005     53    6700.0       3.1       7.5      0.76      2.00      0.00  -9999.00
     1   2005     54    5000.0       0.2       2.2      0.62      2.00      0.00  -9999.00
     1   2005     55    3600.0       5.5      10.1      0.90      2.00     10.80  -9999.00
     1   2005     56    9400.0       1.3       3.5      0.67      2.00      0.00  -9999.00
     1   2005     57    5100.0       5.1       9.7      0.88      2.00      2.30  -9999.00
     1   2005     58    7300.0       2.9      10.4      0.75      2.00      0.40  -9999.00
     1   2005     59    9200.0      -1.9       8.8      0.53      2.00      0.00  -9999.00
     1   2005     60    2300.0       7.9      12.1      1.07      2.00      0.90  -9999.00
     1   2005     61    9700.0       7.9       9.8      1.07      2.00      0.60  -9999.00
     1   2005     62    3900.0       6.4       7.5      0.96      2.00      1.70  -9999.00
     1   2005     63    6200.0       3.8       7.7      0.80      2.00      0.00  -9999.00
     1   2005     64    8500.0       2.9      11.3      0.75      2.00      0.00  -9999.00
     1   2005     65    7400.0      -3.9      10.6      0.46      2.00      0.00  -9999.00
     1   2005     66    6000.0       3.3      10.3      0.77      2.00      0.00  -9999.00
     1   2005     67    3400.0       4.4       7.5      0.84      2.00      0.60  -9999.00
     1   2005     68   10500.0       7.5       9.3      1.04      2.00      0.00  -9999.00
     1   2005     69   11200.0      -0.4      11.3      0.59      2.00      3.10  -9999.00
     1   2005     70    9100.0       3.0       8.3      0.76      2.00      0.30  -9999.00
     1   2005     71   10300.0       1.9       7.9      0.70      2.00      0.00  -9999.00
     1   2005     72    3100.0      -4.1       3.5      0.45      2.00      0.20  -9999.00
     1   2005     73   14800.0       3.7       9.8      0.80      2.00      0.00  -9999.00
     1   2005     74    4400.0       6.2      10.2      0.95      2.00      1.60  -9999.00
     1   2005     75    7300.0       2.0       9.0      0.71      2.00      4.90  -9999.00
     1   2005     76   10800.0       7.8      10.2      1.06      2.00      0.00  -9999.00
     1   2005     77   11200.0       1.3       8.4      0.67      2.00      0.00  -9999.00
     1   2005     78    5200.0       8.5      10.3      1.11      2.00      6.80  -9999.00
     1   2005     79    5400.0      -0.3       5.5      0.60      2.00      3.20  -9999.00
     1   2005     80    6300.0       0.4       9.2      0.63      2.00      0.00  -9999.00
     1   2005     81    5900.0       2.1       8.0      0.71      2.00      3.10  -9999.00
     1   2005     82    6600.0       6.7       8.7      0.98      2.00      0.60  -9999.00
     1   2005     83    3600.0       1.3      12.3      0.67      2.00      9.00  -9999.00
     1   2005     84    4400.0       3.4       9.0      0.78      2.00      0.50  -9999.00
     1   2005     85   11300.0       3.6       5.2      0.79      2.00      0.00  -9999.00
     1   2005     86    8200.0       4.7      11.0      0.85      2.00      3.40  -9999.00
     1   2005     87    8600.0       2.4      11.4      0.73      2.00      1.00  -9999.00
     1   2005     88    4700.0       6.3       9.9      0.95      2.00      8.80  -9999.00
     1   2005     89   12500.0       3.5      10.4      0.78      2.00      0.00  -9999.00
     1   2005     90    7400.0       6.0      12.3      0.93      2.00      0.20  -9999.00
     1   2005     91   10400.0       5.2      11.1      0.88      2.00      0.00  -9999.00
     1   2005     92   16100.0       5.0      10.3      0.87      2.00      9.60  -9999.00
     1   2005     93    6900.0       8.2      13.3      1.09      2.00      3.40  -9999.00
     1   2005     94   19600.0       5.4      13.2      0.90      2.00      0.00  -9999.00
     1   2005     95   19800.0       0.8       8.5      0.65      2.00      0.00  -9999.00
     1   2005     96   14700.0       6.9      11.0      0.99      2.00      1.10  -9999.00
     1   2005     97   11300.0       7.1       9.8      1.01      2.00      1.30  -9999.00
     1   2005     98   17100.0       7.7       9.7      1.05      2.00      0.30  -9999.00
     1   2005     99   15800.0       1.8       6.8      0.70      2.00      0.20  -9999.00
     1   2005    100    9900.0       4.3      12.7      0.83      2.00      0.90  -9999.00
     1   2005    101    9900.0       8.9      11.9      1.14      2.00      1.10  -9999.00
     1   2005    102   10500.0       5.3       7.3      0.89      2.00      1.10  -9999.00
     1   2005    103   17700.0       8.4       9.7      1.10      2.00      0.40  -9999.00
     1   2005    104   14600.0       0.5      11.6      0.63      2.00      4.00  -9999.00
     1   2005    105    7000.0       5.2      10.2      0.88      2.00      2.10  -9999.00
     1   2005    106   10800.0       5.1      10.4      0.88      2.00      0.60  -9999.00
     1   2005    107   15000.0       9.1      13.4      1.16      2.00      1.00  -9999.00
     1   2005    108   16400.0       5.2      13.0      0.88      2.00      0.00  -9999.00
     1   2005    109   13400.0      11.0      18.3      1.31      2.00      0.00  -9999.00
     1   2005    110   14500.0       4.0      11.4      0.81      2.00      0.00  -9999.00
     1   2005    111   14400.0       3.2       9.8      0.77      2.00      3.70  -9999.00
     1   2005    112   16100.0       9.6      10.3      1.20      2.00      1.60  -9999.00
     1   2005    113   11900.0       7.0      12.5      1.00      2.00      0.40  -9999.00
     1   2005    114   23500.0       6.5      10.0      0.97      2.00      1.00  -9999.00
     1   2005    115   10800.0       3.0      13.6      0.76      2.00      0.00  -9999.00
     1   2005    116    9200.0       5.1      13.9      0.88      2.00     13.50  -9999.00
     1   2005    117   15800.0       8.4      11.0      1.10      2.00     23.60  -9999.00
     1   2005    118   13800.0       1.7      14.0      0.69      2.00      1.40  -9999.00
     1   2005    119   20500.0       5.0      13.5      0.87      2.00      4.20  -9999.00
     1   2005    120   19800.0       9.5      11.3      1.19      2.00      0.40  -9999.00
     1   2005    121   16200.0       4.1      14.6      0.82      2.00      0.40  -9999.00
     1   2005    122   19600.0       7.4      12.5      1.03      2.00      0.00  -9999.00
     1   2005    123   12100.0       7.0      12.5      1.00      2.00      0.00  -9999.00
     1   2005    124   17400.0       9.1      16.8      1.16      2.00      0.00  -9999.00
     1   2005    125   24300.0       3.0      16.2      0.76      2.00      0.00  -9999.00
     1   2005    126   11900.0       8.7      14.2      1.12      2.00      0.80  -9999.00
     1   2005    127   19100.0       4.2      13.3      0.82      2.00      0.00  -9999.00
     1   2005    128   16000.0       7.8      13.5      1.06      2.00      0.00  -9999.00
     1   2005    129   13400.0      12.4      16.5      1.44      2.00      0.00  -9999.00
     1   2005    130   21600.0       8.6      12.4      1.12      2.00      0.00  -9999.00
     1   2005    131   22700.0      10.8      17.5      1.29      2.00      0.00  -9999.00
     1   2005    132   20200.0      11.6      13.0      1.37      2.00      0.00  -9999.00
     1   2005    133   23400.0      11.1      15.0      1.32      2.00      0.00  -9999.00
     1   2005    134   23300.0      14.2      15.4      1.62      2.00      0.00  -9999.00
     1   2005    135   18900.0       5.6      13.4      0.91      2.00      4.30  -9999.00
     1   2005    136    9100.0       9.2      14.0      1.16      2.00      0.10  -9999.00
     1   2005    137   15300.0       7.8      16.8      1.06      2.00      0.00  -9999.00
     1   2005    138    9100.0      11.8      13.9      1.38      2.00      9.30  -9999.00
     1   2005    139   22800.0      10.9      13.4      1.30      2.00      0.00  -9999.00
     1   2005    140   16700.0       4.5      15.5      0.84      2.00      0.00  -9999.00
     1   2005    141   17300.0      10.4      12.1      1.26      2.00      0.00  -9999.00
     1   2005    142   17700.0      11.3      15.4      1.34      2.00      0.00  -9999.00
     1   2005    143   10300.0      10.2      11.0      1.24      2.00      2.60  -9999.00
     1   2005    144   14200.0      11.6      15.3      1.37      2.00      1.20  -9999.00
     1   2005    145   14700.0       8.8      10.4      1.13      2.00      3.50  -9999.00
     1   2005    146   28100.0       8.0      18.4      1.07      2.00      0.00  -9999.00
     1   2005    147    4300.0       7.3      17.0      1.02      2.00     16.60  -9999.00
     1   2005    148   16600.0       7.4      14.6      1.03      2.00      1.60  -9999.00
     1   2005    149    9900.0      12.2      13.4      1.42      2.00      0.10  -9999.00
     1   2005    150   16500.0       6.8      13.7      0.99      2.00      0.80  -9999.00
     1   2005    151   17300.0       7.6      13.9      1.04      2.00      5.10  -9999.00
     1   2005    152   16300.0       7.9      19.1      1.07      2.00      0.10  -9999.00
     1   2005    153    8700.0       8.2      13.0      1.09      2.00      3.00  -9999.00
     1   2005    154   18600.0       7.6      17.6      1.04      2.00      5.90  -9999.00
     1   2005    155   11900.0       8.3      21.7      1.09      2.00      0.00  -9999.00
     1   2005    156   15200.0      11.0      14.5      1.31      2.00      4.10  -9999.00
     1   2005    157   10500.0      12.5      15.0      1.45      2.00      1.50  -9999.00
     1   2005    158   12100.0      13.2      16.2      1.52      2.00      5.20  -9999.00
     1   2005    159   17900.0       8.0      18.4      1.07      2.00      0.10  -9999.00
     1   2005    160   14400.0      11.3      26.2      1.34      2.00      0.00  -9999.00
     1   2005    161   14400.0      11.2      15.2      1.33      2.00      0.00  -9999.00
     1   2005    162   26700.0      10.2      24.7      1.24      2.00      0.00  -9999.00
     1   2005    163   14200.0      11.5      16.6      1.36      2.00      0.00  -9999.00
     1   2005    164   19900.0       9.9      23.9      1.22      2.00      0.00  -9999.00
     1   2005    165   16200.0      12.2      14.5      1.42      2.00      4.60  -9999.00
     1   2005    166   15000.0       6.6      16.2      0.97      2.00      0.50  -9999.00
     1   2005    167   21900.0      13.1      17.8      1.51      2.00      4.80  -9999.00
     1   2005    168    8800.0      12.3      15.0      1.43      2.00      0.40  -9999.00
     1   2005    169   28300.0      10.0      18.2      1.23      2.00      0.00  -9999.00
     1   2005    170   21200.0      12.3      17.2      1.43      2.00      0.10  -9999.00
     1   2005    171   17900.0      17.3      17.9      1.97      2.00      0.00  -9999.00
     1   2005    172   19800.0      14.7      26.6      1.67      2.00      0.00  -9999.00
     1   2005    173   13400.0      11.8      19.8      1.38      2.00      0.00  -9999.00
     1   2005    174   22800.0      13.3      22.6      1.53      2.00      0.00  -9999.00
     1   2005    175   25100.0       6.6      16.5      0.97      2.00      0.00  -9999.00
     1   2005    176    4500.0      10.7      20.0      1.29      2.00      0.40  -9999.00
     1   2005    177   11900.0      12.6      16.3      1.46      2.00      4.10  -9999.00
     1   2005    178   11300.0      13.9      18.5      1.59      2.00      0.20  -9999.00
     1   2005    179   14500.0      11.9      17.9      1.39      2.00      0.10  -9999.00
     1   2005    180   23800.0       9.0      16.5      1.15      2.00      2.10  -9999.00
     1   2005    181   13700.0       9.0      17.6      1.15      2.00      1.10  -9999.00
     1   2005    182    9400.0      10.2      18.3      1.24      2.00      3.30  -9999.00
     1   2005    183   17500.0      14.4      17.9      1.64      2.00      0.10  -9999.00
     1   2005    184   15100.0       7.5      18.0      1.04      2.00      0.10  -9999.00
     1   2005    185    9400.0      11.8      17.8      1.38      2.00      0.10  -9999.00
     1   2005    186   18400.0      15.9      21.0      1.81      2.00      0.00  -9999.00
     1   2005    187   17600.0      13.9      18.3      1.59      2.00      3.10  -9999.00
     1   2005    188   17600.0      12.5      16.1      1.45      2.00      0.10  -9999.00
     1   2005    189   25700.0      12.8      24.7      1.48      2.00      0.00  -9999.00
     1   2005    190   23200.0      11.7      22.6      1.37      2.00      0.00  -9999.00
     1   2005    191   24300.0      15.2      21.8      1.73      2.00      0.00  -9999.00
     1   2005    192   19300.0       9.6      19.1      1.20      2.00      0.00  -9999.00
     1   2005    193   20000.0       9.7      16.5      1.20      2.00      0.10  -9999.00
     1   2005    194   18800.0      12.3      19.3      1.43      2.00      0.00  -9999.00
     1   2005    195   18400.0      14.9      19.5      1.69      2.00      0.90  -9999.00
     1   2005    196   15700.0      10.9      19.2      1.30      2.00      0.00  -9999.00
     1   2005    197   20600.0      14.0      19.1      1.60      2.00      9.10  -9999.00
     1   2005    198   10100.0      11.1      19.4      1.32      2.00      0.30  -9999.00
     1   2005    199    8800.0      11.0      16.8      1.31      2.00      3.90  -9999.00
     1   2005    200   14500.0       9.4      18.1      1.18      2.00      0.40  -9999.00
     1   2005    201   10600.0      15.6      20.0      1.77      2.00      2.90  -9999.00
     1   2005    202   22000.0      15.9      21.2      1.81      2.00      0.00  -9999.00
     1   2005    203   15400.0      11.0      22.6      1.31      2.00      0.00  -9999.00
     1   2005    204   14100.0      17.8      20.3      2.04      2.00      1.80  -9999.00
     1   2005    205   17600.0      11.9      19.3      1.39      2.00     10.40  -9999.00
     1   2005    206   17400.0      16.6      17.3      1.89      2.00      2.70  -9999.00
     1   2005    207   25700.0      12.1      19.5      1.41      2.00      0.00  -9999.00
     1   2005    208   24800.0      10.2      20.8      1.24      2.00      0.00  -9999.00
     1   2005    209    7700.0       6.2      24.0      0.95      2.00      0.00  -9999.00
     1   2005    210    9700.0      14.4      20.3      1.64      2.00      0.00  -9999.00
     1   2005    211   20900.0      12.8      23.7      1.48      2.00      0.00  -9999.00
     1   2005    212   22900.0      17.9      21.0      2.05      2.00      0.00  -9999.00
     1   2005    213   24000.0      10.2      27.3      1.24      2.00      0.00  -9999.00
     1   2005    214   25500.0      11.8      21.2      1.38      2.00      0.00  -9999.00
     1   2005    215   13700.0       9.6      19.3      1.20      2.00      0.00  -9999.00
     1   2005    216   24900.0      12.5      22.4      1.45      2.00      0.00  -9999.00
     1   2005    217   15900.0      13.2      17.3      1.52      2.00      9.90  -9999.00
     1   2005    218   13400.0       9.4      17.4      1.18      2.00     12.90  -9999.00
     1   2005    219   11100.0      14.1      18.1      1.61      2.00     13.30  -9999.00
     1   2005    220    8400.0      11.3      17.4      1.34      2.00      3.50  -9999.00
     1   2005    221   18800.0      13.8      18.7      1.58      2.00      0.00  -9999.00
     1   2005    222    7000.0      13.8      22.1      1.58      2.00      0.80  -9999.00
     1   2005    223   23500.0      12.9      18.7      1.49      2.00      0.00  -9999.00
     1   2005    224   17200.0      14.6      24.4      1.66      2.00      0.70  -9999.00
     1   2005    225   15200.0      12.7      17.6      1.47      2.00      1.50  -9999.00
     1   2005    226   23000.0      18.5      19.5      2.13      2.00      0.00  -9999.00
     1   2005    227   24500.0      13.3      19.8      1.53      2.00      0.00  -9999.00
     1   2005    228   17200.0      14.7      23.7      1.67      2.00      0.00  -9999.00
     1   2005    229    9300.0      12.3      20.3      1.43      2.00      0.00  -9999.00
     1   2005    230   20800.0      11.7      22.9      1.37      2.00      0.00  -9999.00
     1   2005    231   21500.0      13.2      17.7      1.52      2.00      6.10  -9999.00
     1   2005    232   16900.0      10.7      18.4      1.29      2.00      0.00  -9999.00
     1   2005    233   20700.0       8.0      20.6      1.07      2.00      0.00  -9999.00
     1   2005    234   22200.0      10.1      19.1      1.24      2.00      0.10  -9999.00
     1   2005    235    9600.0      11.4      20.5      1.35      2.00      0.00  -9999.00
     1   2005    236   22700.0      13.3      18.3      1.53      2.00      0.00  -9999.00
     1   2005    237   16400.0      13.5      17.9      1.55      2.00      0.00  -9999.00
     1   2005    238    7700.0      12.6      16.2      1.46      2.00      2.00  -9999.00
     1   2005    239   13300.0      14.3      18.9      1.63      2.00      0.10  -9999.00
     1   2005    240   11900.0      11.9      17.4      1.39      2.00      0.10  -9999.00
     1   2005    241   12900.0      11.8      17.4      1.38      2.00      0.00  -9999.00
     1   2005    242   13600.0      15.7      17.9      1.78      2.00      5.10  -9999.00
     1   2005    243   13600.0      11.5      17.2      1.36      2.00     18.90  -9999.00
     1   2005    244   10900.0      13.5      22.1      1.55      2.00      5.40  -9999.00
     1   2005    245    8500.0      13.9      18.7      1.59      2.00      6.90  -9999.00
     1   2005    246   10800.0      12.1      17.8      1.41      2.00      0.10  -9999.00
     1   2005    247   11400.0      12.8      20.8      1.48      2.00      0.40  -9999.00
     1   2005    248   14700.0      12.6      18.7      1.46      2.00      0.00  -9999.00
     1   2005    249    2900.0      12.4      17.6      1.44      2.00      1.20  -9999.00
     1   2005    250   11700.0      12.0      22.9      1.40      2.00      0.00  -9999.00
     1   2005    251   17600.0      10.9      19.2      1.30      2.00      0.00  -9999.00
     1   2005    252   13500.0      10.2      17.6      1.24      2.00      0.00  -9999.00
     1   2005    253    9600.0      10.3      19.3      1.25      2.00      0.00  -9999.00
     1   2005    254   15900.0      11.2      20.1      1.33      2.00      0.00  -9999.00
     1   2005    255   16700.0      14.8      16.2      1.68      2.00      0.00  -9999.00
     1   2005    256   10800.0       9.4      15.4      1.18      2.00      0.00  -9999.00
     1   2005    257   13000.0      11.5      15.8      1.36      2.00      0.00  -9999.00
     1   2005    258    9600.0      10.0      14.9      1.23      2.00      0.00  -9999.00
     1   2005    259    7000.0       6.6      18.5      0.97      2.00      0.00  -9999.00
     1   2005    260    6800.0       8.3      14.0      1.09      2.00      0.00  -9999.00
     1   2005    261   10800.0       9.8      21.9      1.21      2.00      0.00  -9999.00
     1   2005    262   16700.0      11.1      16.8      1.32      2.00      6.50  -9999.00
     1   2005    263   14000.0      10.8      16.5      1.29      2.00     10.60  -9999.00
     1   2005    264    6900.0      14.0      19.8      1.60      2.00      6.00  -9999.00
     1   2005    265    9100.0      15.6      15.7      1.77      2.00      9.30  -9999.00
     1   2005    266    8800.0       7.6      15.4      1.04      2.00      0.00  -9999.00
     1   2005    267    4600.0       9.4      19.1      1.18      2.00      0.00  -9999.00
     1   2005    268   14600.0      13.1      17.4      1.51      2.00      0.00  -9999.00
     1   2005    269   15200.0       8.4      16.6      1.10      2.00      0.00  -9999.00
     1   2005    270    8500.0      12.3      14.3      1.43      2.00      0.00  -9999.00
     1   2005    271   12300.0      10.8      14.0      1.29      2.00      0.00  -9999.00
     1   2005    272   11600.0      10.9      11.8      1.30      2.00     10.10  -9999.00
     1   2005    273   14000.0       9.1      15.0      1.16      2.00      0.00  -9999.00
     1   2005    274   12000.0      12.1      15.5      1.41      2.00      0.20  -9999.00
     1   2005    275    5900.0       5.1      12.4      0.88      2.00      0.00  -9999.00
     1   2005    276    5700.0      14.8      15.5      1.68      2.00      0.00  -9999.00
     1   2005    277    2000.0      10.7      18.8      1.29      2.00      2.20  -9999.00
     1   2005    278   10600.0      11.3      15.7      1.34      2.00      0.00  -9999.00
     1   2005    279   10400.0       5.2      19.1      0.88      2.00      0.00  -9999.00
     1   2005    280    8400.0      12.0      13.5      1.40      2.00      0.00  -9999.00
     1   2005    281    5400.0       8.7      17.8      1.12      2.00      0.10  -9999.00
     1   2005    282    4200.0       7.7      14.4      1.05      2.00      0.10  -9999.00
     1   2005    283    4400.0       6.6      15.4      0.97      2.00      0.30  -9999.00
     1   2005    284    3500.0      12.8      14.2      1.48      2.00      0.10  -9999.00
     1   2005    285   11200.0      12.1      16.9      1.41      2.00      1.30  -9999.00
     1   2005    286    6200.0      13.5      13.6      1.55      2.00      0.00  -9999.00
     1   2005    287    9000.0       7.2      11.4      1.02      2.00      0.00  -9999.00
     1   2005    288    6500.0      11.2      13.2      1.33      2.00      0.00  -9999.00
     1   2005    289    7700.0      11.0      13.9      1.31      2.00      0.00  -9999.00
     1   2005    290   10800.0       6.4      14.6      0.96      2.00      0.10  -9999.00
     1   2005    291    5100.0       3.7      14.5      0.80      2.00     15.70  -9999.00
     1   2005    292    5200.0       8.9      14.9      1.14      2.00      5.00  -9999.00
     1   2005    293    3900.0       8.8      10.8      1.13      2.00      5.50  -9999.00
     1   2005    294    9500.0      12.6      16.2      1.46      2.00      0.10  -9999.00
     1   2005    295    3800.0       9.7      15.5      1.20      2.00      6.70  -9999.00
     1   2005    296    3400.0      11.2      11.3      1.33      2.00      0.20  -9999.00
     1   2005    297    7300.0       0.7      14.6      0.64      2.00      2.40  -9999.00
     1   2005    298    7200.0      10.0      10.8      1.23      2.00      0.00  -9999.00
     1   2005    299    7400.0       8.0      10.0      1.07      2.00      0.00  -9999.00
     1   2005    300    6400.0      13.4      14.8      1.54      2.00      5.00  -9999.00
     1   2005    301    6200.0       1.5      13.5      0.68      2.00      3.30  -9999.00
     1   2005    302    2600.0      11.1      11.9      1.32      2.00      0.30  -9999.00
     1   2005    303    2500.0       6.1       9.2      0.94      2.00      0.20  -9999.00
     1   2005    304    5100.0       7.1      11.4      1.01      2.00      0.00  -9999.00
     1   2005    305    2900.0       9.8      13.2      1.21      2.00      0.50  -9999.00
     1   2005    306    8000.0       7.8      13.4      1.06      2.00      0.00  -9999.00
     1   2005    307    3000.0       7.6      13.5      1.04      2.00      0.70  -9999.00
     1   2005    308    2600.0       2.4      12.2      0.73      2.00      0.60  -9999.00
     1   2005    309    3100.0       4.3       7.3      0.83      2.00      0.80  -9999.00
     1   2005    310    5800.0       0.9      12.4      0.65      2.00      6.20  -9999.00
     1   2005    311    3600.0       2.1      12.7      0.71      2.00      2.80  -9999.00
     1   2005    312    5500.0      10.5      13.9      1.27      2.00      6.80  -9999.00
     1   2005    313    3100.0       5.2       9.5      0.88      2.00      6.80  -9999.00
     1   2005    314    2400.0      10.0      12.4      1.23      2.00      0.20  -9999.00
     1   2005    315    3100.0       9.9      11.9      1.22      2.00     20.20  -9999.00
     1   2005    316    2500.0       5.5       7.5      0.90      2.00      0.00  -9999.00
     1   2005    317    2100.0      11.2      11.2      1.33      2.00      1.90  -9999.00
     1   2005    318    2400.0       8.6      10.6      1.12      2.00      0.90  -9999.00
     1   2005    319    6100.0       7.0      11.1      1.00      2.00      0.30  -9999.00
     1   2005    320     900.0       2.0       8.5      0.71      2.00      1.00  -9999.00
     1   2005    321    5500.0      11.4      12.6      1.35      2.00      2.90  -9999.00
     1   2005    322    2200.0       3.6       8.6      0.79      2.00      2.10  -9999.00
     1   2005    323    1800.0       9.9      11.9      1.22      2.00      3.00  -9999.00
     1   2005    324    4200.0       9.9      10.0      1.22      2.00      0.40  -9999.00
     1   2005    325    1400.0       1.4      11.2      0.68      2.00      2.50  -9999.00
     1   2005    326    4500.0       7.2       9.2      1.02      2.00      1.10  -9999.00
     1   2005    327    5000.0       6.4       9.4      0.96      2.00      0.40  -9999.00
     1   2005    328    2000.0       5.4       6.2      0.90      2.00      2.50  -9999.00
     1   2005    329    1500.0       2.0      11.2      0.71      2.00     11.50  -9999.00
     1   2005    330    3400.0      10.6      10.7      1.28      2.00      4.50  -9999.00
     1   2005    331    2500.0       4.9      11.3      0.87      2.00      1.90  -9999.00
     1   2005    332    2000.0       8.9      11.8      1.14      2.00      7.80  -9999.00
     1   2005    333    2200.0       9.9      11.4      1.22      2.00      1.10  -9999.00
     1   2005    334    3800.0       3.1       9.7      0.76      2.00      0.90  -9999.00
     1   2005    335    3400.0      -2.3       5.2      0.52      2.00      3.00  -9999.00
     1   2005    336     700.0       6.5       9.4      0.97      2.00      1.80  -9999.00
     1   2005    337    2300.0       7.7       8.5      1.05      2.00      0.10  -9999.00
     1   2005    338    1700.0       6.9       8.9      0.99      2.00      7.90  -9999.00
     1   2005    339    1000.0       5.2      12.9      0.88      2.00      0.20  -9999.00
     1   2005    340    1900.0       5.5      10.5      0.90      2.00      0.10  -9999.00
     1   2005    341    1500.0       7.2       9.5      1.02      2.00      0.00  -9999.00
     1   2005    342     800.0       2.2       4.0      0.72      2.00      0.30  -9999.00
     1   2005    343    1700.0       5.4      10.9      0.90      2.00      3.60  -9999.00
     1   2005    344    1600.0       8.3       9.4      1.09      2.00      0.00  -9999.00
     1   2005    345    1600.0       3.3       5.3      0.77      2.00      0.00  -9999.00
     1   2005    346    2000.0       4.6       6.6      0.85      2.00      0.00  -9999.00
     1   2005    347    2300.0       4.4       6.4      0.84      2.00      0.00  -9999.00
     1   2005    348    1800.0       6.7       8.7      0.98      2.00      7.20  -9999.00
     1   2005    349    1400.0       4.8       8.8      0.86      2.00      0.50  -9999.00
     1   2005    350    1500.0       9.3      11.3      1.17      2.00      2.60  -9999.00
     1   2005    351    2500.0       0.8      11.8      0.65      2.00      4.60  -9999.00
     1   2005    352    2500.0      -3.2      11.6      0.48      2.00      0.90  -9999.00
     1   2005    353    1600.0       9.3      11.5      1.17      2.00      2.10  -9999.00
     1   2005    354    3800.0       5.1      11.3      0.88      2.00      4.10  -9999.00
     1   2005    355    2600.0       7.1       9.1      1.01      2.00      4.70  -9999.00
     1   2005    356    1700.0       3.3       5.3      0.77      2.00      1.20  -9999.00
     1   2005    357    1400.0       3.3       5.3      0.77      2.00     10.70  -9999.00
     1   2005    358    2200.0       0.2       5.2      0.62      2.00      3.50  -9999.00
     1   2005    359    2900.0       2.4      12.7      0.73      2.00      0.10  -9999.00
     1   2005    360    1300.0       6.7      11.5      0.98      2.00     11.80  -9999.00
     1   2005    361    1400.0      -0.7       4.5      0.58      2.00      3.50  -9999.00
     1   2005    362    2000.0       8.1       9.8      1.08      2.00      0.00  -9999.00
     1   2005    363    3100.0       3.3       8.0      0.77      2.00      0.00  -9999.00
     1   2005    364    3100.0       1.5       3.0      0.68      2.00      0.00  -9999.00
     1   2005    365     900.0       1.9       6.4      0.70      2.00      0.00  -9999.00
