*-----------------------------------------------------------------------------* 
           CNWG_174.met           51.48   -3.55   69.72
* Date created:  08-Aug-2019     Author: K Coleman 
* 
* NIL VALUE       -9999 
* Source:   data provided by M. Semenov 
*  
* Latitude:    51.48 Longitude:    -3.55 Altitude:    69.72
* 
* Column  Daily value 
* 1       station number 
* 2       year 
* 3       day 
* 4       irradiation                   (kJ m-2 d-1) 
* 5       minimum temperature           (degrees Celsius) 
* 6       maximum temperature           (degrees Celsius) 
* 7       early morning vapour pressure (kPa)             
* 8       mean wind speed (height: 2 m?) (m s-1)          
* 9       precipitation                 (mm d-1)          
* 10      sunshine                      (hrs)             
 		Jday	RAD	    TMIN	TMAX	 VAP	wind	RAIN	SUN  
               kj/m2	°C	    °C	     kPa	m/s	    mm	    hrs 
   51.48  69.72
     1   2005      1    1900.0       3.1       9.1      0.76      2.00      0.00  -9999.00
     1   2005      2    1300.0       3.8       5.8      0.80      2.00      0.40  -9999.00
     1   2005      3    2900.0       4.1      11.4      0.82      2.00      1.40  -9999.00
     1   2005      4    2300.0       0.5       7.9      0.63      2.00      0.00  -9999.00
     1   2005      5    1800.0       1.1      10.3      0.66      2.00      1.80  -9999.00
     1   2005      6    1800.0      -0.4      10.8      0.59      2.00      1.10  -9999.00
     1   2005      7    1100.0      10.0      12.0      1.23      2.00      1.80  -9999.00
     1   2005      8    2300.0       1.9       3.1      0.70      2.00      0.00  -9999.00
     1   2005      9    3000.0       0.9       9.1      0.65      2.00      0.00  -9999.00
     1   2005     10    1300.0       2.6       8.2      0.74      2.00      0.80  -9999.00
     1   2005     11    2000.0       3.0      10.6      0.76      2.00      4.00  -9999.00
     1   2005     12    1600.0      -1.1       4.1      0.56      2.00      0.00  -9999.00
     1   2005     13    4500.0       1.9       5.9      0.70      2.00      0.00  -9999.00
     1   2005     14     800.0       1.3       4.2      0.67      2.00      0.00  -9999.00
     1   2005     15    2500.0      -0.2       7.2      0.60      2.00      0.00  -9999.00
     1   2005     16    5500.0      -8.5       6.7      0.32      2.00      0.00  -9999.00
     1   2005     17    3000.0      -2.1       9.5      0.52      2.00      0.00  -9999.00
     1   2005     18    5600.0       0.9      11.0      0.65      2.00      0.00  -9999.00
     1   2005     19    2400.0       2.3       4.3      0.72      2.00      0.00  -9999.00
     1   2005     20    5400.0       4.2       5.4      0.82      2.00      0.00  -9999.00
     1   2005     21    3200.0       6.8       9.4      0.99      2.00      5.70  -9999.00
     1   2005     22    2500.0       6.1       8.8      0.94      2.00      5.00  -9999.00
     1   2005     23    2600.0       3.0      10.7      0.76      2.00     13.20  -9999.00
     1   2005     24    3200.0      -1.6       0.8      0.54      2.00      1.10  -9999.00
     1   2005     25    2500.0       8.4      10.4      1.10      2.00      3.80  -9999.00
     1   2005     26    4800.0       3.1       5.1      0.76      2.00      0.00  -9999.00
     1   2005     27    6300.0       8.0       9.0      1.07      2.00      0.00  -9999.00
     1   2005     28    4600.0       3.4       7.2      0.78      2.00      0.00  -9999.00
     1   2005     29    2200.0      -0.2       9.4      0.60      2.00      0.00  -9999.00
     1   2005     30    1000.0      -0.4       7.4      0.59      2.00      8.10  -9999.00
     1   2005     31    4400.0       9.5      10.6      1.19      2.00      0.90  -9999.00
     1   2005     32    3300.0      -3.7      10.1      0.46      2.00      0.10  -9999.00
     1   2005     33    4400.0       0.5      11.3      0.63      2.00      2.50  -9999.00
     1   2005     34    4500.0       6.4       9.5      0.96      2.00      6.30  -9999.00
     1   2005     35    3900.0       1.2      10.2      0.67      2.00      0.20  -9999.00
     1   2005     36    3100.0       0.9      12.3      0.65      2.00      0.00  -9999.00
     1   2005     37    5400.0       4.8       5.7      0.86      2.00      0.00  -9999.00
     1   2005     38    7000.0      -6.5       2.6      0.38      2.00      0.00  -9999.00
     1   2005     39    1200.0       4.2       9.7      0.82      2.00      8.70  -9999.00
     1   2005     40    4100.0       2.6       4.6      0.74      2.00      4.30  -9999.00
     1   2005     41    1300.0       1.8       7.2      0.70      2.00      0.20  -9999.00
     1   2005     42    6000.0       5.1       7.2      0.88      2.00      0.20  -9999.00
     1   2005     43    5000.0       4.4       6.4      0.84      2.00      0.00  -9999.00
     1   2005     44    1400.0       0.5       8.3      0.63      2.00      2.90  -9999.00
     1   2005     45    5400.0       2.9       4.9      0.75      2.00      3.80  -9999.00
     1   2005     46    6400.0       3.5       7.1      0.78      2.00      0.30  -9999.00
     1   2005     47    5500.0      -2.8       8.4      0.50      2.00      0.00  -9999.00
     1   2005     48    5600.0       0.3       8.0      0.62      2.00      9.50  -9999.00
     1   2005     49    2700.0       1.2       8.2      0.67      2.00      0.10  -9999.00
     1   2005     50    7800.0      -0.1       9.7      0.61      2.00      2.80  -9999.00
     1   2005     51   10200.0       4.7       6.7      0.85      2.00      0.00  -9999.00
     1   2005     52    7500.0      -0.3       8.0      0.60      2.00      0.00  -9999.00
     1   2005     53    5100.0      -1.7       3.9      0.54      2.00      0.00  -9999.00
     1   2005     54    8300.0       2.0      11.5      0.71      2.00      0.60  -9999.00
     1   2005     55    2900.0      -3.1       9.6      0.49      2.00      6.40  -9999.00
     1   2005     56    4700.0       5.2      12.1      0.88      2.00     11.40  -9999.00
     1   2005     57    3500.0      -2.4       9.0      0.51      2.00      0.20  -9999.00
     1   2005     58    5700.0      -2.1       9.5      0.52      2.00      2.80  -9999.00
     1   2005     59    3700.0       3.1       8.0      0.76      2.00      0.00  -9999.00
     1   2005     60    1800.0       3.7       9.3      0.80      2.00      0.30  -9999.00
     1   2005     61    7000.0       7.2       9.1      1.02      2.00      0.00  -9999.00
     1   2005     62    9200.0       3.5       9.0      0.78      2.00      0.00  -9999.00
     1   2005     63   10200.0       3.9      10.1      0.81      2.00      0.30  -9999.00
     1   2005     64    8400.0       4.2       6.2      0.82      2.00      0.00  -9999.00
     1   2005     65   10700.0       3.9       8.6      0.81      2.00      4.20  -9999.00
     1   2005     66    8100.0       0.9      11.6      0.65      2.00      2.30  -9999.00
     1   2005     67    6000.0       4.4      11.1      0.84      2.00      1.00  -9999.00
     1   2005     68    9500.0       4.7      14.4      0.85      2.00      4.30  -9999.00
     1   2005     69    3300.0       2.8      11.5      0.75      2.00      1.90  -9999.00
     1   2005     70    6400.0       5.3       9.9      0.89      2.00      1.00  -9999.00
     1   2005     71    4500.0       3.8       9.1      0.80      2.00     10.10  -9999.00
     1   2005     72    5300.0       7.4       9.4      1.03      2.00     12.70  -9999.00
     1   2005     73   10200.0       5.0      10.9      0.87      2.00      0.00  -9999.00
     1   2005     74   11800.0       3.5       8.6      0.78      2.00      0.00  -9999.00
     1   2005     75   11900.0       4.8       6.7      0.86      2.00      0.00  -9999.00
     1   2005     76    5700.0       3.1       8.7      0.76      2.00      0.00  -9999.00
     1   2005     77    5500.0       1.9      10.2      0.70      2.00      0.10  -9999.00
     1   2005     78    7100.0       2.3       8.7      0.72      2.00      0.30  -9999.00
     1   2005     79   10100.0       7.2      12.6      1.02      2.00      0.00  -9999.00
     1   2005     80    4700.0       6.4      12.5      0.96      2.00      0.00  -9999.00
     1   2005     81   11800.0       9.0      12.6      1.15      2.00      0.00  -9999.00
     1   2005     82   14500.0      -0.8       8.6      0.58      2.00      0.00  -9999.00
     1   2005     83    9200.0       4.8      11.3      0.86      2.00      1.80  -9999.00
     1   2005     84    5600.0       2.6      13.0      0.74      2.00     10.10  -9999.00
     1   2005     85    6200.0      -0.8      10.6      0.58      2.00      1.30  -9999.00
     1   2005     86   17500.0       2.2       6.9      0.72      2.00      0.00  -9999.00
     1   2005     87    7000.0       7.9      12.5      1.07      2.00      0.10  -9999.00
     1   2005     88   14300.0       3.6      12.6      0.79      2.00      0.80  -9999.00
     1   2005     89    3100.0       3.8      10.5      0.80      2.00      0.00  -9999.00
     1   2005     90   18700.0       7.3      10.7      1.02      2.00      5.70  -9999.00
     1   2005     91   16900.0      -1.6      11.7      0.54      2.00      0.00  -9999.00
     1   2005     92   11900.0       5.4      12.1      0.90      2.00      0.00  -9999.00
     1   2005     93   14500.0       5.1      11.0      0.88      2.00      0.00  -9999.00
     1   2005     94    6700.0       6.7       9.3      0.98      2.00      0.40  -9999.00
     1   2005     95   10600.0      -2.3      13.6      0.52      2.00      0.00  -9999.00
     1   2005     96   11700.0       7.0       9.0      1.00      2.00      0.40  -9999.00
     1   2005     97    8600.0       4.4       7.2      0.84      2.00      1.20  -9999.00
     1   2005     98   13000.0       5.9      11.1      0.93      2.00      1.20  -9999.00
     1   2005     99   10900.0       7.1       9.1      1.01      2.00      1.10  -9999.00
     1   2005    100    5800.0       8.3       8.5      1.09      2.00      2.00  -9999.00
     1   2005    101   10700.0       0.0       9.7      0.61      2.00      4.20  -9999.00
     1   2005    102   16800.0       3.8      10.7      0.80      2.00     10.40  -9999.00
     1   2005    103    6200.0       6.6      11.9      0.97      2.00     14.70  -9999.00
     1   2005    104    9300.0       5.6       8.6      0.91      2.00      0.60  -9999.00
     1   2005    105    6300.0       0.9       8.2      0.65      2.00      4.70  -9999.00
     1   2005    106   16300.0       8.3      16.3      1.09      2.00      0.00  -9999.00
     1   2005    107   11000.0       4.7      13.8      0.85      2.00      0.00  -9999.00
     1   2005    108   10100.0       4.2       9.5      0.82      2.00      0.60  -9999.00
     1   2005    109    7200.0       2.3      10.1      0.72      2.00      0.90  -9999.00
     1   2005    110   22400.0       3.7      13.0      0.80      2.00     11.20  -9999.00
     1   2005    111   12000.0       5.3      12.8      0.89      2.00      0.30  -9999.00
     1   2005    112   16300.0       4.7       7.4      0.85      2.00      8.00  -9999.00
     1   2005    113   15800.0       8.2      11.6      1.09      2.00      0.00  -9999.00
     1   2005    114   22900.0       6.3      16.2      0.95      2.00      1.50  -9999.00
     1   2005    115    7900.0       3.4      12.1      0.78      2.00      8.60  -9999.00
     1   2005    116    8000.0       5.2      10.4      0.88      2.00      4.50  -9999.00
     1   2005    117    6000.0       8.0      10.1      1.07      2.00      1.10  -9999.00
     1   2005    118   17100.0       4.1      10.2      0.82      2.00      0.40  -9999.00
     1   2005    119    8500.0       5.3      14.4      0.89      2.00      0.80  -9999.00
     1   2005    120    9400.0       6.3      12.4      0.95      2.00      0.30  -9999.00
     1   2005    121   12100.0       6.6      11.1      0.97      2.00      1.90  -9999.00
     1   2005    122   11200.0       9.1      12.5      1.16      2.00      7.20  -9999.00
     1   2005    123   15100.0       6.5       9.0      0.97      2.00      7.90  -9999.00
     1   2005    124    8400.0       8.7      10.3      1.12      2.00      0.00  -9999.00
     1   2005    125   21900.0       1.8      15.0      0.70      2.00      0.00  -9999.00
     1   2005    126    8900.0      11.7      19.1      1.37      2.00      0.00  -9999.00
     1   2005    127   15500.0       7.5      16.4      1.04      2.00      0.10  -9999.00
     1   2005    128   14100.0       4.0      11.4      0.81      2.00      0.10  -9999.00
     1   2005    129   13600.0       7.2      15.8      1.02      2.00      0.90  -9999.00
     1   2005    130   10600.0       9.8      10.5      1.21      2.00      4.10  -9999.00
     1   2005    131   16100.0       7.6      11.4      1.04      2.00     17.90  -9999.00
     1   2005    132    8600.0       6.7       8.6      0.98      2.00      1.40  -9999.00
     1   2005    133   15400.0       7.9      14.8      1.07      2.00      1.10  -9999.00
     1   2005    134   12800.0       6.1      13.4      0.94      2.00     18.50  -9999.00
     1   2005    135   13300.0       8.3      11.3      1.09      2.00     10.40  -9999.00
     1   2005    136   15800.0       6.0      13.0      0.93      2.00      0.10  -9999.00
     1   2005    137   13900.0       4.7      15.4      0.85      2.00      3.90  -9999.00
     1   2005    138    6500.0       8.5      12.0      1.11      2.00      7.20  -9999.00
     1   2005    139   15300.0       9.0      16.2      1.15      2.00      0.60  -9999.00
     1   2005    140    8000.0       4.6      21.4      0.85      2.00      6.80  -9999.00
     1   2005    141   19700.0       8.6      20.7      1.12      2.00      0.00  -9999.00
     1   2005    142   15200.0       8.6      14.8      1.12      2.00      4.10  -9999.00
     1   2005    143   24300.0      10.5      13.3      1.27      2.00     11.60  -9999.00
     1   2005    144   14200.0      10.6      14.0      1.28      2.00      0.10  -9999.00
     1   2005    145   13600.0       8.0      15.0      1.07      2.00      0.10  -9999.00
     1   2005    146   18400.0       8.8      12.4      1.13      2.00      0.10  -9999.00
     1   2005    147   21700.0       9.0      14.1      1.15      2.00      0.10  -9999.00
     1   2005    148    9700.0       5.2      14.8      0.88      2.00      5.50  -9999.00
     1   2005    149   25600.0       8.7      17.8      1.12      2.00      0.00  -9999.00
     1   2005    150   10500.0       6.9      16.1      0.99      2.00      7.50  -9999.00
     1   2005    151   22000.0       7.5      23.2      1.04      2.00      0.00  -9999.00
     1   2005    152   15000.0       8.9      16.3      1.14      2.00      0.00  -9999.00
     1   2005    153   26500.0       8.5      17.1      1.11      2.00      0.00  -9999.00
     1   2005    154   28200.0       8.1      22.4      1.08      2.00      0.00  -9999.00
     1   2005    155   26900.0       6.4      18.0      0.96      2.00      0.00  -9999.00
     1   2005    156    9500.0       9.5      16.8      1.19      2.00      0.80  -9999.00
     1   2005    157   18800.0       7.1      16.1      1.01      2.00      0.00  -9999.00
     1   2005    158   22500.0      15.9      16.9      1.81      2.00      0.10  -9999.00
     1   2005    159   13200.0      12.0      16.9      1.40      2.00      6.90  -9999.00
     1   2005    160   11400.0      11.3      16.3      1.34      2.00     22.20  -9999.00
     1   2005    161   16800.0       6.2      15.5      0.95      2.00      0.10  -9999.00
     1   2005    162    4400.0      10.5      17.0      1.27      2.00      0.10  -9999.00
     1   2005    163   20900.0       4.8      17.3      0.86      2.00      1.00  -9999.00
     1   2005    164   21300.0       5.4      19.2      0.90      2.00      2.20  -9999.00
     1   2005    165   15000.0      13.1      15.6      1.51      2.00     16.30  -9999.00
     1   2005    166   21600.0       5.5      13.6      0.90      2.00      0.20  -9999.00
     1   2005    167   15800.0      11.1      16.9      1.32      2.00      1.00  -9999.00
     1   2005    168   14500.0      11.5      20.7      1.36      2.00      0.00  -9999.00
     1   2005    169   21100.0       6.8      15.6      0.99      2.00      0.20  -9999.00
     1   2005    170   10300.0       8.8      17.5      1.13      2.00      4.60  -9999.00
     1   2005    171   13900.0      11.3      18.6      1.34      2.00      0.80  -9999.00
     1   2005    172   15800.0       9.2      13.4      1.16      2.00      0.10  -9999.00
     1   2005    173   28200.0       8.6      15.9      1.12      2.00      0.00  -9999.00
     1   2005    174   27300.0      12.0      14.5      1.40      2.00      1.90  -9999.00
     1   2005    175   16900.0      11.3      16.4      1.34      2.00      4.30  -9999.00
     1   2005    176   11200.0       6.2      18.0      0.95      2.00     12.10  -9999.00
     1   2005    177   15900.0      13.8      25.8      1.58      2.00      0.00  -9999.00
     1   2005    178    8900.0      12.8      14.9      1.48      2.00      4.00  -9999.00
     1   2005    179   19300.0      11.4      28.2      1.35      2.00      0.00  -9999.00
     1   2005    180   22500.0       7.6      27.1      1.04      2.00      0.00  -9999.00
     1   2005    181   18700.0      13.7      17.1      1.57      2.00      4.60  -9999.00
     1   2005    182   13500.0      14.1      20.2      1.61      2.00      0.00  -9999.00
     1   2005    183   23700.0      14.5      18.8      1.65      2.00      0.00  -9999.00
     1   2005    184   11700.0      13.1      16.8      1.51      2.00      1.20  -9999.00
     1   2005    185    9000.0      13.6      26.4      1.56      2.00      0.00  -9999.00
     1   2005    186   10800.0      13.1      17.2      1.51      2.00      5.50  -9999.00
     1   2005    187   22700.0      18.0      25.1      2.06      2.00      0.00  -9999.00
     1   2005    188   14800.0       9.9      21.6      1.22      2.00      0.00  -9999.00
     1   2005    189   16600.0      14.5      25.5      1.65      2.00      0.00  -9999.00
     1   2005    190   22300.0      14.5      27.5      1.65      2.00      0.00  -9999.00
     1   2005    191   17000.0      10.1      20.8      1.24      2.00      0.00  -9999.00
     1   2005    192   20100.0      15.1      18.0      1.72      2.00      0.00  -9999.00
     1   2005    193   20200.0      10.5      19.2      1.27      2.00      0.00  -9999.00
     1   2005    194   16600.0      12.5      20.8      1.45      2.00      0.00  -9999.00
     1   2005    195   16600.0      12.1      25.7      1.41      2.00      0.00  -9999.00
     1   2005    196   26700.0      15.5      25.3      1.76      2.00      0.00  -9999.00
     1   2005    197   24200.0      15.3      23.5      1.74      2.00      0.00  -9999.00
     1   2005    198   24500.0      14.7      16.0      1.67      2.00      0.00  -9999.00
     1   2005    199   16500.0      12.5      17.4      1.45      2.00      1.00  -9999.00
     1   2005    200   23600.0      14.2      18.5      1.62      2.00      0.00  -9999.00
     1   2005    201   13300.0      12.6      17.4      1.46      2.00      0.70  -9999.00
     1   2005    202   13000.0      10.7      18.5      1.29      2.00      0.40  -9999.00
     1   2005    203    4200.0      14.8      17.9      1.68      2.00      0.90  -9999.00
     1   2005    204   10200.0      12.5      21.6      1.45      2.00      4.90  -9999.00
     1   2005    205   17300.0      15.7      18.9      1.78      2.00      0.00  -9999.00
     1   2005    206   13700.0      12.2      21.4      1.42      2.00      9.30  -9999.00
     1   2005    207   22400.0      14.6      29.8      1.66      2.00      0.00  -9999.00
     1   2005    208   20800.0      12.0      25.1      1.40      2.00      0.00  -9999.00
     1   2005    209   11700.0      14.1      17.3      1.61      2.00     11.80  -9999.00
     1   2005    210   11500.0      15.3      20.1      1.74      2.00     33.70  -9999.00
     1   2005    211   12900.0      13.6      18.4      1.56      2.00      0.60  -9999.00
     1   2005    212   20200.0      14.2      19.8      1.62      2.00      0.00  -9999.00
     1   2005    213   16400.0      16.5      18.5      1.88      2.00      0.00  -9999.00
     1   2005    214   19000.0      15.7      19.1      1.78      2.00      2.00  -9999.00
     1   2005    215   23300.0      11.3      19.2      1.34      2.00      0.00  -9999.00
     1   2005    216   13400.0      14.9      20.3      1.69      2.00      0.30  -9999.00
     1   2005    217   17200.0      15.6      25.6      1.77      2.00      4.20  -9999.00
     1   2005    218   17500.0      11.5      18.7      1.36      2.00      0.10  -9999.00
     1   2005    219   17900.0      11.9      21.9      1.39      2.00      0.00  -9999.00
     1   2005    220    6200.0       7.8      21.9      1.06      2.00      0.00  -9999.00
     1   2005    221   18400.0      15.0      19.3      1.70      2.00      0.00  -9999.00
     1   2005    222   20000.0      12.8      23.4      1.48      2.00      0.00  -9999.00
     1   2005    223   10400.0      15.2      19.5      1.73      2.00      0.00  -9999.00
     1   2005    224    8100.0      13.8      19.4      1.58      2.00      0.10  -9999.00
     1   2005    225   13600.0      10.7      24.1      1.29      2.00      0.00  -9999.00
     1   2005    226   20300.0       9.8      24.4      1.21      2.00      0.00  -9999.00
     1   2005    227   20600.0      15.9      18.8      1.81      2.00      0.00  -9999.00
     1   2005    228   17500.0      14.7      22.5      1.67      2.00      0.00  -9999.00
     1   2005    229    7000.0      11.9      24.2      1.39      2.00     13.80  -9999.00
     1   2005    230   13600.0       6.9      18.9      0.99      2.00      0.00  -9999.00
     1   2005    231    7700.0      14.9      19.1      1.69      2.00      0.70  -9999.00
     1   2005    232   12900.0      13.7      18.1      1.57      2.00      9.80  -9999.00
     1   2005    233   19400.0      13.5      21.2      1.55      2.00      0.50  -9999.00
     1   2005    234   17100.0      13.3      22.2      1.53      2.00      1.10  -9999.00
     1   2005    235    7900.0      13.9      18.3      1.59      2.00      4.90  -9999.00
     1   2005    236    7900.0      17.0      17.4      1.94      2.00      3.20  -9999.00
     1   2005    237   16700.0      14.5      20.0      1.65      2.00     14.70  -9999.00
     1   2005    238   19600.0      12.9      20.3      1.49      2.00      5.40  -9999.00
     1   2005    239   15400.0      11.9      20.3      1.39      2.00      0.00  -9999.00
     1   2005    240   13000.0      11.7      17.9      1.37      2.00      0.00  -9999.00
     1   2005    241   14800.0       9.1      17.3      1.16      2.00      0.00  -9999.00
     1   2005    242   17500.0      15.3      19.0      1.74      2.00     20.20  -9999.00
     1   2005    243    7000.0       9.0      19.0      1.15      2.00      8.30  -9999.00
     1   2005    244   15000.0       8.8      18.2      1.13      2.00      4.30  -9999.00
     1   2005    245   14600.0      12.5      17.1      1.45      2.00      0.10  -9999.00
     1   2005    246    5800.0      15.9      22.3      1.81      2.00      0.10  -9999.00
     1   2005    247   17800.0       6.7      22.8      0.98      2.00      0.00  -9999.00
     1   2005    248   10800.0       9.7      16.9      1.20      2.00      0.00  -9999.00
     1   2005    249   10900.0       9.7      16.9      1.20      2.00      0.00  -9999.00
     1   2005    250   15900.0      14.1      17.9      1.61      2.00      0.00  -9999.00
     1   2005    251   19300.0      14.6      18.7      1.66      2.00      0.00  -9999.00
     1   2005    252    8400.0      13.6      17.8      1.56      2.00      0.00  -9999.00
     1   2005    253   15500.0       9.3      18.1      1.17      2.00      0.00  -9999.00
     1   2005    254   10500.0       7.8      19.1      1.06      2.00      0.00  -9999.00
     1   2005    255   14900.0      11.7      20.0      1.37      2.00      0.00  -9999.00
     1   2005    256   12600.0      10.9      16.8      1.30      2.00      5.90  -9999.00
     1   2005    257    7200.0      13.5      21.6      1.55      2.00      3.50  -9999.00
     1   2005    258   11500.0      15.0      17.0      1.70      2.00     20.30  -9999.00
     1   2005    259   16400.0      11.2      15.9      1.33      2.00      0.00  -9999.00
     1   2005    260   12700.0       9.9      16.9      1.22      2.00      0.00  -9999.00
     1   2005    261   12700.0      11.0      18.7      1.31      2.00      0.00  -9999.00
     1   2005    262   14000.0      11.0      18.7      1.31      2.00      0.00  -9999.00
     1   2005    263   12200.0       9.6      16.8      1.20      2.00      0.00  -9999.00
     1   2005    264    8300.0       6.5      17.2      0.97      2.00      0.00  -9999.00
     1   2005    265   13000.0       3.8      16.4      0.80      2.00      0.00  -9999.00
     1   2005    266   10300.0      11.1      19.6      1.32      2.00      0.00  -9999.00
     1   2005    267    9500.0      12.9      14.5      1.49      2.00     24.10  -9999.00
     1   2005    268    7200.0       6.2      14.6      0.95      2.00      2.60  -9999.00
     1   2005    269    5200.0      12.2      17.1      1.42      2.00      3.00  -9999.00
     1   2005    270    6300.0      10.9      15.0      1.30      2.00      0.00  -9999.00
     1   2005    271    9900.0      13.4      19.4      1.54      2.00      0.00  -9999.00
     1   2005    272   14500.0       8.1      18.5      1.08      2.00      0.00  -9999.00
     1   2005    273   10100.0       4.9      15.9      0.87      2.00      0.00  -9999.00
     1   2005    274    3700.0       8.0      18.0      1.07      2.00      0.10  -9999.00
     1   2005    275    2000.0       2.6      17.2      0.74      2.00      3.30  -9999.00
     1   2005    276   11200.0      12.7      17.0      1.47      2.00     26.90  -9999.00
     1   2005    277    5900.0      12.6      16.7      1.46      2.00      3.20  -9999.00
     1   2005    278    5200.0      11.9      13.9      1.39      2.00      2.50  -9999.00
     1   2005    279    4900.0       9.2      11.0      1.16      2.00      0.00  -9999.00
     1   2005    280    2800.0      14.4      15.6      1.64      2.00      0.20  -9999.00
     1   2005    281    7300.0       8.3      13.5      1.09      2.00      4.90  -9999.00
     1   2005    282    7600.0       8.1      15.4      1.08      2.00     30.20  -9999.00
     1   2005    283    3500.0       8.4      17.2      1.10      2.00      2.50  -9999.00
     1   2005    284    3900.0      12.5      17.0      1.45      2.00      1.50  -9999.00
     1   2005    285    4100.0      11.9      15.6      1.39      2.00     32.20  -9999.00
     1   2005    286    5900.0       8.9      14.0      1.14      2.00     19.10  -9999.00
     1   2005    287    3400.0       9.8      11.8      1.21      2.00      4.80  -9999.00
     1   2005    288    7300.0       4.0      15.4      0.81      2.00      1.60  -9999.00
     1   2005    289    5100.0       3.2      17.5      0.77      2.00      5.80  -9999.00
     1   2005    290    3400.0      10.3      14.9      1.25      2.00     10.70  -9999.00
     1   2005    291    3800.0       6.0      13.2      0.93      2.00      3.60  -9999.00
     1   2005    292    7600.0       7.5      10.3      1.04      2.00      0.00  -9999.00
     1   2005    293   10200.0       6.0      11.2      0.93      2.00      0.00  -9999.00
     1   2005    294    7400.0      12.3      14.3      1.43      2.00      0.40  -9999.00
     1   2005    295    4200.0      10.2      14.0      1.24      2.00     13.20  -9999.00
     1   2005    296    8200.0       1.0      10.9      0.66      2.00      1.10  -9999.00
     1   2005    297    3400.0       8.3      14.4      1.09      2.00      0.10  -9999.00
     1   2005    298    7400.0       7.4      13.8      1.03      2.00      0.00  -9999.00
     1   2005    299    3200.0       8.9      11.3      1.14      2.00      0.10  -9999.00
     1   2005    300    3100.0      10.8      12.8      1.29      2.00     16.00  -9999.00
     1   2005    301    6900.0       7.8      12.3      1.06      2.00      0.80  -9999.00
     1   2005    302    3300.0       6.6      10.6      0.97      2.00     16.80  -9999.00
     1   2005    303    3700.0      10.6      12.6      1.28      2.00      0.10  -9999.00
     1   2005    304    2800.0       8.6      10.6      1.12      2.00      0.10  -9999.00
     1   2005    305    7300.0       3.7      10.5      0.80      2.00      0.00  -9999.00
     1   2005    306    5200.0      -2.7      16.3      0.50      2.00      0.00  -9999.00
     1   2005    307    7100.0       8.2      10.2      1.09      2.00     15.80  -9999.00
     1   2005    308    6500.0       4.9      10.2      0.87      2.00      0.00  -9999.00
     1   2005    309    7600.0       7.1       7.1      1.01      2.00      0.00  -9999.00
     1   2005    310    2500.0       0.4      14.3      0.63      2.00      6.50  -9999.00
     1   2005    311    2300.0      -2.1      10.4      0.52      2.00      0.00  -9999.00
     1   2005    312    1100.0      -2.2      12.2      0.52      2.00      9.20  -9999.00
     1   2005    313    6600.0       8.2      10.7      1.09      2.00     23.50  -9999.00
     1   2005    314    2900.0       4.9       8.0      0.87      2.00      0.80  -9999.00
     1   2005    315    4000.0       3.2       6.2      0.77      2.00      0.00  -9999.00
     1   2005    316    3800.0       8.3       9.2      1.09      2.00      0.80  -9999.00
     1   2005    317    5900.0       8.8      11.9      1.13      2.00     12.00  -9999.00
     1   2005    318    2400.0       8.5       9.6      1.11      2.00      5.00  -9999.00
     1   2005    319    1800.0       9.9      10.6      1.22      2.00      4.30  -9999.00
     1   2005    320    2100.0      11.8      13.4      1.38      2.00      1.60  -9999.00
     1   2005    321    3800.0       3.0       9.1      0.76      2.00      7.90  -9999.00
     1   2005    322    1900.0       4.6       5.6      0.85      2.00      0.00  -9999.00
     1   2005    323    6000.0       6.4      10.5      0.96      2.00      0.00  -9999.00
     1   2005    324    1600.0       7.7       9.7      1.05      2.00      2.10  -9999.00
     1   2005    325    4000.0       5.1      11.2      0.88      2.00      4.90  -9999.00
     1   2005    326    4100.0      11.2      13.2      1.33      2.00      6.90  -9999.00
     1   2005    327    2300.0      -0.4       1.6      0.59      2.00     23.90  -9999.00
     1   2005    328    2800.0       6.4       9.6      0.96      2.00      0.00  -9999.00
     1   2005    329    3700.0      -1.5       6.8      0.55      2.00      0.00  -9999.00
     1   2005    330    2400.0       3.4      11.0      0.78      2.00      0.80  -9999.00
     1   2005    331    5300.0       3.9      11.9      0.81      2.00     18.40  -9999.00
     1   2005    332    2500.0       7.2      12.8      1.02      2.00      2.10  -9999.00
     1   2005    333    2900.0       9.0      10.6      1.15      2.00      2.80  -9999.00
     1   2005    334    1900.0       3.7      11.4      0.80      2.00      1.00  -9999.00
     1   2005    335    3000.0       5.9      11.9      0.93      2.00      4.50  -9999.00
     1   2005    336    1200.0       3.9       8.4      0.81      2.00      0.10  -9999.00
     1   2005    337    2400.0       4.0       7.7      0.81      2.00     10.60  -9999.00
     1   2005    338     900.0       0.5       8.7      0.63      2.00      0.00  -9999.00
     1   2005    339    3500.0       0.7       6.4      0.64      2.00      0.40  -9999.00
     1   2005    340    1400.0       3.1       8.8      0.76      2.00      4.10  -9999.00
     1   2005    341    4000.0      -0.8       6.2      0.58      2.00      0.00  -9999.00
     1   2005    342    2200.0      -4.7       5.1      0.43      2.00      0.00  -9999.00
     1   2005    343    1300.0       2.1       9.8      0.71      2.00      0.20  -9999.00
     1   2005    344    4200.0       5.6      11.7      0.91      2.00      7.10  -9999.00
     1   2005    345    1600.0       7.8      11.2      1.06      2.00      0.70  -9999.00
     1   2005    346    1600.0      -3.5       8.0      0.47      2.00      2.10  -9999.00
     1   2005    347    3600.0       5.8       7.4      0.92      2.00      0.50  -9999.00
     1   2005    348    1900.0       6.5       8.4      0.97      2.00      0.00  -9999.00
     1   2005    349    1400.0      -2.0      11.3      0.53      2.00      0.00  -9999.00
     1   2005    350    1500.0       5.7       7.6      0.92      2.00      0.00  -9999.00
     1   2005    351    1000.0      10.7      11.4      1.29      2.00      5.80  -9999.00
     1   2005    352    1800.0       0.6      11.3      0.64      2.00      0.00  -9999.00
     1   2005    353    2600.0       0.7       6.1      0.64      2.00      0.00  -9999.00
     1   2005    354    3400.0      -2.5      10.9      0.51      2.00      0.00  -9999.00
     1   2005    355    2100.0      -2.1       1.6      0.52      2.00     12.40  -9999.00
     1   2005    356    1400.0       6.5       8.4      0.97      2.00      0.60  -9999.00
     1   2005    357    2400.0       5.1       7.1      0.88      2.00      4.90  -9999.00
     1   2005    358    2200.0       5.7       7.7      0.92      2.00     15.50  -9999.00
     1   2005    359    1800.0      -2.6       8.4      0.50      2.00      7.00  -9999.00
     1   2005    360     700.0       1.1      11.3      0.66      2.00      0.20  -9999.00
     1   2005    361    3100.0       6.7      11.2      0.98      2.00     16.90  -9999.00
     1   2005    362    3000.0       7.1      11.3      1.01      2.00      0.10  -9999.00
     1   2005    363    1500.0       8.4      10.1      1.10      2.00      1.60  -9999.00
     1   2005    364     700.0       0.9       9.9      0.65      2.00      1.80  -9999.00
     1   2005    365    1500.0       2.8       6.6      0.75      2.00      0.10  -9999.00
