*-----------------------------------------------------------------------------* 
           CNWG_265.met           51.48   -3.55   69.72
* Date created:  08-Aug-2019     Author: K Coleman 
* 
* NIL VALUE       -9999 
* Source:   data provided by M. Semenov 
*  
* Latitude:    51.48 Longitude:    -3.55 Altitude:    69.72
* 
* Column  Daily value 
* 1       station number 
* 2       year 
* 3       day 
* 4       irradiation                   (kJ m-2 d-1) 
* 5       minimum temperature           (degrees Celsius) 
* 6       maximum temperature           (degrees Celsius) 
* 7       early morning vapour pressure (kPa)             
* 8       mean wind speed (height: 2 m?) (m s-1)          
* 9       precipitation                 (mm d-1)          
* 10      sunshine                      (hrs)             
 		Jday	RAD	    TMIN	TMAX	 VAP	wind	RAIN	SUN  
               kj/m2	°C	    °C	     kPa	m/s	    mm	    hrs 
   51.48  69.72
     1   2005      1    1600.0       1.7       7.7      0.69      2.00      0.00  -9999.00
     1   2005      2    1900.0       8.0      12.8      1.07      2.00      0.70  -9999.00
     1   2005      3    3800.0      -2.3       7.4      0.52      2.00      0.00  -9999.00
     1   2005      4    4800.0       4.5       9.9      0.84      2.00      0.90  -9999.00
     1   2005      5    1700.0       7.6       9.6      1.04      2.00     10.60  -9999.00
     1   2005      6    4000.0       8.7      10.7      1.12      2.00     14.50  -9999.00
     1   2005      7    1300.0       1.4       8.7      0.68      2.00      3.10  -9999.00
     1   2005      8    1600.0       5.3       9.5      0.89      2.00      5.80  -9999.00
     1   2005      9    3500.0       1.6       9.4      0.69      2.00     12.80  -9999.00
     1   2005     10    1600.0       5.0       9.1      0.87      2.00      0.20  -9999.00
     1   2005     11    2000.0       1.5       9.5      0.68      2.00      0.30  -9999.00
     1   2005     12    3900.0       1.5      11.9      0.68      2.00      0.30  -9999.00
     1   2005     13    2000.0       4.6      10.4      0.85      2.00      9.20  -9999.00
     1   2005     14    1800.0       5.5       7.5      0.90      2.00      1.50  -9999.00
     1   2005     15    3600.0       4.0       7.8      0.81      2.00      0.00  -9999.00
     1   2005     16     800.0      -0.8       7.5      0.58      2.00      0.00  -9999.00
     1   2005     17    2300.0      -0.7       4.5      0.58      2.00      0.00  -9999.00
     1   2005     18    4000.0       0.8       8.8      0.65      2.00      0.00  -9999.00
     1   2005     19    5600.0       5.4       6.4      0.90      2.00      0.00  -9999.00
     1   2005     20    2400.0      -0.5       8.4      0.59      2.00      0.00  -9999.00
     1   2005     21    6000.0       5.3       9.1      0.89      2.00      0.00  -9999.00
     1   2005     22    2300.0      -3.4       5.5      0.48      2.00      0.00  -9999.00
     1   2005     23    5600.0       3.9       7.3      0.81      2.00      0.00  -9999.00
     1   2005     24    2000.0      -0.3       3.0      0.60      2.00      0.00  -9999.00
     1   2005     25    6400.0       6.5       8.5      0.97      2.00      0.00  -9999.00
     1   2005     26    4600.0       0.7       6.7      0.64      2.00      0.00  -9999.00
     1   2005     27    6100.0       1.6       3.6      0.69      2.00      0.00  -9999.00
     1   2005     28    1000.0       5.8       6.9      0.92      2.00      2.40  -9999.00
     1   2005     29    6800.0       2.6       4.6      0.74      2.00      0.00  -9999.00
     1   2005     30    1700.0       3.3       5.3      0.77      2.00      5.10  -9999.00
     1   2005     31    2000.0      -0.5       9.3      0.59      2.00      3.70  -9999.00
     1   2005     32    1100.0       3.5       8.3      0.78      2.00      0.90  -9999.00
     1   2005     33    1700.0       3.6       3.7      0.79      2.00      3.80  -9999.00
     1   2005     34    2000.0       8.3      13.1      1.09      2.00      1.50  -9999.00
     1   2005     35    1800.0       5.2       9.0      0.88      2.00      8.70  -9999.00
     1   2005     36    3200.0       6.1       8.7      0.94      2.00      7.00  -9999.00
     1   2005     37    6200.0       0.1      10.4      0.62      2.00      8.10  -9999.00
     1   2005     38    6600.0       0.6       9.6      0.64      2.00      7.60  -9999.00
     1   2005     39    3400.0       5.3       9.6      0.89      2.00      0.40  -9999.00
     1   2005     40    3500.0       7.7       9.7      1.05      2.00      2.00  -9999.00
     1   2005     41    3700.0       4.5      10.2      0.84      2.00      0.40  -9999.00
     1   2005     42    2500.0       1.8       8.6      0.70      2.00      4.40  -9999.00
     1   2005     43    2900.0       6.1       8.1      0.94      2.00      0.00  -9999.00
     1   2005     44    4400.0       5.7       8.1      0.92      2.00      2.90  -9999.00
     1   2005     45    6300.0       6.6       9.7      0.97      2.00      4.10  -9999.00
     1   2005     46    3300.0      -2.7      11.0      0.50      2.00      7.20  -9999.00
     1   2005     47    2900.0       5.9       9.4      0.93      2.00     10.00  -9999.00
     1   2005     48    5400.0       8.6       9.0      1.12      2.00      0.60  -9999.00
     1   2005     49    4600.0       0.2       8.0      0.62      2.00      4.20  -9999.00
     1   2005     50    5900.0      -1.2       1.4      0.56      2.00      3.10  -9999.00
     1   2005     51    9400.0       5.2       7.2      0.88      2.00     12.30  -9999.00
     1   2005     52    3200.0       5.2       7.2      0.88      2.00      4.70  -9999.00
     1   2005     53    5700.0      -2.2      10.2      0.52      2.00      0.00  -9999.00
     1   2005     54    8500.0       3.3       7.8      0.77      2.00      0.00  -9999.00
     1   2005     55    8100.0       1.6       4.2      0.69      2.00      0.00  -9999.00
     1   2005     56    6800.0      -5.2       8.4      0.41      2.00      0.00  -9999.00
     1   2005     57   10500.0       3.6       5.6      0.79      2.00      0.00  -9999.00
     1   2005     58    9200.0       1.0       8.2      0.66      2.00      0.00  -9999.00
     1   2005     59   11500.0       4.0       6.7      0.81      2.00      0.00  -9999.00
     1   2005     60    4400.0      -0.5      10.5      0.59      2.00      1.20  -9999.00
     1   2005     61    7300.0      -1.1       7.4      0.56      2.00      0.00  -9999.00
     1   2005     62    5500.0       3.4      13.0      0.78      2.00      0.00  -9999.00
     1   2005     63    7500.0       6.6       8.6      0.97      2.00      0.00  -9999.00
     1   2005     64    9900.0       4.7      10.4      0.85      2.00      0.00  -9999.00
     1   2005     65    5600.0      -2.2       7.6      0.52      2.00      0.00  -9999.00
     1   2005     66   13100.0      -1.1       7.5      0.56      2.00      0.00  -9999.00
     1   2005     67    9700.0       8.8      10.2      1.13      2.00      0.00  -9999.00
     1   2005     68    5800.0       6.5       6.6      0.97      2.00      4.90  -9999.00
     1   2005     69    6200.0       2.0       9.9      0.71      2.00      1.90  -9999.00
     1   2005     70    8300.0      -1.5      10.2      0.55      2.00      3.10  -9999.00
     1   2005     71    9800.0       5.9       8.0      0.93      2.00      0.00  -9999.00
     1   2005     72    7000.0       2.6       7.9      0.74      2.00      0.90  -9999.00
     1   2005     73   10200.0       0.1       8.6      0.62      2.00     13.00  -9999.00
     1   2005     74    6100.0       4.6      11.6      0.85      2.00      3.30  -9999.00
     1   2005     75    6600.0       4.1      12.2      0.82      2.00      9.80  -9999.00
     1   2005     76    9800.0       7.6      12.1      1.04      2.00      0.00  -9999.00
     1   2005     77    6300.0       5.9       7.9      0.93      2.00      0.00  -9999.00
     1   2005     78   13300.0       6.9      10.2      0.99      2.00      3.70  -9999.00
     1   2005     79    4200.0       5.6      10.0      0.91      2.00      0.30  -9999.00
     1   2005     80    5000.0       5.8      10.0      0.92      2.00      3.30  -9999.00
     1   2005     81    9100.0       0.5      10.4      0.63      2.00      0.60  -9999.00
     1   2005     82    4000.0       4.1      12.3      0.82      2.00      0.00  -9999.00
     1   2005     83    6300.0       1.9       6.5      0.70      2.00      0.40  -9999.00
     1   2005     84    7000.0       8.8       9.3      1.13      2.00      7.30  -9999.00
     1   2005     85    9800.0       4.4      12.8      0.84      2.00      2.00  -9999.00
     1   2005     86   13900.0       2.1      16.4      0.71      2.00      0.00  -9999.00
     1   2005     87   10200.0       6.7      10.7      0.98      2.00      0.00  -9999.00
     1   2005     88    9200.0       4.4       6.7      0.84      2.00      2.10  -9999.00
     1   2005     89   11300.0       1.7      11.9      0.69      2.00      3.10  -9999.00
     1   2005     90    7000.0       2.3       8.9      0.72      2.00      0.90  -9999.00
     1   2005     91    7300.0       4.0      10.9      0.81      2.00      1.00  -9999.00
     1   2005     92   14900.0       5.8      10.8      0.92      2.00      1.20  -9999.00
     1   2005     93    5200.0       5.0      10.6      0.87      2.00     12.30  -9999.00
     1   2005     94   12300.0       6.2      12.8      0.95      2.00      1.00  -9999.00
     1   2005     95    9300.0       9.4      14.4      1.18      2.00      0.20  -9999.00
     1   2005     96   13600.0      10.1      12.3      1.24      2.00      0.20  -9999.00
     1   2005     97   15900.0       8.4      19.2      1.10      2.00      1.10  -9999.00
     1   2005     98   10400.0       6.9      10.5      0.99      2.00      1.00  -9999.00
     1   2005     99    8700.0       5.5      14.9      0.90      2.00      3.20  -9999.00
     1   2005    100   13700.0       6.3      10.8      0.95      2.00      0.40  -9999.00
     1   2005    101    9000.0       7.4      10.5      1.03      2.00      2.70  -9999.00
     1   2005    102   16800.0       0.2      14.0      0.62      2.00      0.90  -9999.00
     1   2005    103   21000.0       1.9       8.5      0.70      2.00      0.00  -9999.00
     1   2005    104   12200.0       7.9       9.9      1.07      2.00      0.50  -9999.00
     1   2005    105   19700.0       5.8       9.4      0.92      2.00      9.60  -9999.00
     1   2005    106   12100.0       5.7       8.1      0.92      2.00      1.50  -9999.00
     1   2005    107   22500.0       7.4       9.8      1.03      2.00      0.00  -9999.00
     1   2005    108   17000.0       7.0      14.4      1.00      2.00      0.00  -9999.00
     1   2005    109   12000.0       7.0      12.8      1.00      2.00      0.50  -9999.00
     1   2005    110    6700.0       6.3      21.4      0.95      2.00      3.40  -9999.00
     1   2005    111   12200.0       5.1      16.0      0.88      2.00      2.50  -9999.00
     1   2005    112   18300.0       7.5      11.7      1.04      2.00      0.00  -9999.00
     1   2005    113   17900.0       2.3      18.3      0.72      2.00      0.00  -9999.00
     1   2005    114   15600.0       7.5      19.9      1.04      2.00      0.00  -9999.00
     1   2005    115   20700.0       5.3      13.2      0.89      2.00      0.00  -9999.00
     1   2005    116   17000.0       3.5      12.4      0.78      2.00      0.00  -9999.00
     1   2005    117   18700.0       4.0      10.9      0.81      2.00      0.00  -9999.00
     1   2005    118   17700.0       5.5       9.9      0.90      2.00      0.50  -9999.00
     1   2005    119   13100.0       6.2       9.9      0.95      2.00      0.00  -9999.00
     1   2005    120   13100.0       2.6      12.5      0.74      2.00      0.20  -9999.00
     1   2005    121   19700.0       7.2      13.7      1.02      2.00      3.20  -9999.00
     1   2005    122   11800.0       8.0      13.7      1.07      2.00      0.10  -9999.00
     1   2005    123   14400.0       8.7      12.2      1.12      2.00      0.50  -9999.00
     1   2005    124   21500.0       7.7       9.7      1.05      2.00      0.20  -9999.00
     1   2005    125   15500.0       6.6       6.8      0.97      2.00      0.10  -9999.00
     1   2005    126    7100.0       5.6      18.8      0.91      2.00      0.00  -9999.00
     1   2005    127   26100.0       2.8      14.8      0.75      2.00      0.00  -9999.00
     1   2005    128   14300.0       6.2       8.9      0.95      2.00      0.00  -9999.00
     1   2005    129   21500.0      13.6      18.8      1.56      2.00      0.00  -9999.00
     1   2005    130    9000.0      10.3      17.6      1.25      2.00      0.00  -9999.00
     1   2005    131   26400.0      11.4      12.9      1.35      2.00      0.00  -9999.00
     1   2005    132   22400.0       2.2      13.6      0.72      2.00      0.00  -9999.00
     1   2005    133   20600.0       9.6      15.8      1.20      2.00      0.10  -9999.00
     1   2005    134   14000.0       7.9      14.8      1.07      2.00      0.10  -9999.00
     1   2005    135   17800.0       4.0      15.5      0.81      2.00      0.10  -9999.00
     1   2005    136    4100.0       6.3      13.7      0.95      2.00      0.70  -9999.00
     1   2005    137   18600.0       2.6      11.9      0.74      2.00      2.90  -9999.00
     1   2005    138   19800.0      11.0      18.2      1.31      2.00      0.00  -9999.00
     1   2005    139   22000.0      11.5      16.6      1.36      2.00      0.00  -9999.00
     1   2005    140   14600.0      11.7      23.0      1.37      2.00      0.00  -9999.00
     1   2005    141   16100.0       5.9      18.2      0.93      2.00      0.00  -9999.00
     1   2005    142   26600.0       5.5      20.3      0.90      2.00      0.00  -9999.00
     1   2005    143   21200.0      11.9      22.7      1.39      2.00      0.00  -9999.00
     1   2005    144   20600.0       4.4      14.0      0.84      2.00      0.00  -9999.00
     1   2005    145   12000.0       5.9      18.9      0.93      2.00      0.00  -9999.00
     1   2005    146   22600.0       8.3      18.7      1.09      2.00      0.00  -9999.00
     1   2005    147   20600.0       9.2      23.4      1.16      2.00      0.00  -9999.00
     1   2005    148   17000.0       9.0      16.7      1.15      2.00      0.00  -9999.00
     1   2005    149   21700.0      12.1      20.7      1.41      2.00      0.00  -9999.00
     1   2005    150   21600.0       4.8      17.1      0.86      2.00      0.00  -9999.00
     1   2005    151   23500.0       8.2      20.7      1.09      2.00      0.00  -9999.00
     1   2005    152   10400.0       9.4      19.6      1.18      2.00      0.00  -9999.00
     1   2005    153   14600.0       4.2      19.8      0.82      2.00      6.20  -9999.00
     1   2005    154   11700.0      11.0      18.9      1.31      2.00     21.60  -9999.00
     1   2005    155   21000.0      11.0      13.4      1.31      2.00     12.70  -9999.00
     1   2005    156   11000.0       8.9      19.2      1.14      2.00      0.80  -9999.00
     1   2005    157   27700.0      11.0      15.6      1.31      2.00      0.00  -9999.00
     1   2005    158   24100.0       9.8      14.4      1.21      2.00      0.00  -9999.00
     1   2005    159   12100.0      12.5      16.0      1.45      2.00      1.80  -9999.00
     1   2005    160   19500.0       9.7      21.8      1.20      2.00      0.00  -9999.00
     1   2005    161   13400.0       6.2      18.1      0.95      2.00      0.00  -9999.00
     1   2005    162   19300.0      11.8      24.9      1.38      2.00      0.00  -9999.00
     1   2005    163   28000.0      10.1      16.3      1.24      2.00      1.00  -9999.00
     1   2005    164   22600.0      11.2      15.5      1.33      2.00      3.20  -9999.00
     1   2005    165   20900.0       9.1      19.9      1.16      2.00      0.00  -9999.00
     1   2005    166   24000.0       8.8      25.0      1.13      2.00      0.00  -9999.00
     1   2005    167   19400.0       8.4      21.8      1.10      2.00      0.00  -9999.00
     1   2005    168   19200.0      10.3      16.0      1.25      2.00      0.00  -9999.00
     1   2005    169   26100.0      10.9      19.6      1.30      2.00      0.00  -9999.00
     1   2005    170   10300.0       7.2      15.3      1.02      2.00      0.50  -9999.00
     1   2005    171   17600.0       9.3      14.9      1.17      2.00     10.90  -9999.00
     1   2005    172   17400.0       5.9      17.1      0.93      2.00     15.10  -9999.00
     1   2005    173   21100.0      12.7      14.7      1.47      2.00      0.10  -9999.00
     1   2005    174   10100.0      14.1      17.2      1.61      2.00     16.10  -9999.00
     1   2005    175   23600.0       8.6      19.4      1.12      2.00      2.90  -9999.00
     1   2005    176   26800.0       9.4      17.7      1.18      2.00      0.00  -9999.00
     1   2005    177   27700.0      12.1      27.5      1.41      2.00      0.00  -9999.00
     1   2005    178   16500.0      11.6      18.4      1.37      2.00     14.20  -9999.00
     1   2005    179   12800.0      12.9      22.3      1.49      2.00      0.00  -9999.00
     1   2005    180   18600.0      14.2      17.4      1.62      2.00      0.00  -9999.00
     1   2005    181   18700.0      11.7      18.2      1.37      2.00      0.00  -9999.00
     1   2005    182   19700.0       7.1      22.3      1.01      2.00      0.00  -9999.00
     1   2005    183   19200.0       9.3      18.4      1.17      2.00      0.10  -9999.00
     1   2005    184   14800.0      17.0      19.3      1.94      2.00      0.20  -9999.00
     1   2005    185   11100.0      13.8      24.3      1.58      2.00      0.00  -9999.00
     1   2005    186    9100.0      11.8      16.7      1.38      2.00      0.00  -9999.00
     1   2005    187   14600.0      10.8      25.8      1.29      2.00      0.00  -9999.00
     1   2005    188   26600.0      12.5      16.7      1.45      2.00      0.00  -9999.00
     1   2005    189   20800.0      16.0      18.9      1.82      2.00      2.00  -9999.00
     1   2005    190    9100.0      11.8      18.9      1.38      2.00      3.30  -9999.00
     1   2005    191   24200.0      16.4      18.0      1.86      2.00      0.00  -9999.00
     1   2005    192   16600.0      12.8      20.9      1.48      2.00      0.00  -9999.00
     1   2005    193   11300.0      13.6      29.5      1.56      2.00      2.00  -9999.00
     1   2005    194   14300.0      13.7      17.0      1.57      2.00      0.10  -9999.00
     1   2005    195   16200.0      12.4      22.4      1.44      2.00      0.00  -9999.00
     1   2005    196   19500.0      13.9      18.8      1.59      2.00      8.40  -9999.00
     1   2005    197   18300.0      15.0      19.6      1.70      2.00      4.60  -9999.00
     1   2005    198   12700.0      12.7      19.8      1.47      2.00      4.60  -9999.00
     1   2005    199   18900.0      13.5      25.3      1.55      2.00      0.10  -9999.00
     1   2005    200    4700.0      13.5      16.5      1.55      2.00      3.50  -9999.00
     1   2005    201   10700.0      14.3      18.1      1.63      2.00      7.40  -9999.00
     1   2005    202   24100.0      12.1      17.0      1.41      2.00      0.10  -9999.00
     1   2005    203   26300.0      11.9      20.4      1.39      2.00      0.00  -9999.00
     1   2005    204   23900.0      12.7      22.8      1.47      2.00      0.00  -9999.00
     1   2005    205   16800.0       9.1      18.5      1.16      2.00      6.20  -9999.00
     1   2005    206   20000.0      12.8      24.3      1.48      2.00      0.00  -9999.00
     1   2005    207   21200.0      13.4      24.7      1.54      2.00      1.70  -9999.00
     1   2005    208    7600.0      17.2      20.2      1.96      2.00      0.60  -9999.00
     1   2005    209   22200.0      12.4      20.1      1.44      2.00      0.00  -9999.00
     1   2005    210   20000.0      16.4      21.7      1.86      2.00      0.00  -9999.00
     1   2005    211   13500.0      11.5      21.5      1.36      2.00      0.00  -9999.00
     1   2005    212   18100.0      11.6      24.0      1.37      2.00      0.00  -9999.00
     1   2005    213   23800.0      13.3      21.3      1.53      2.00      0.00  -9999.00
     1   2005    214   20300.0      11.1      24.5      1.32      2.00      6.40  -9999.00
     1   2005    215   16200.0      10.1      19.1      1.24      2.00     19.80  -9999.00
     1   2005    216    6100.0      13.5      18.3      1.55      2.00      6.70  -9999.00
     1   2005    217    5900.0      11.6      20.7      1.37      2.00      5.90  -9999.00
     1   2005    218   22900.0      13.2      18.9      1.52      2.00      0.00  -9999.00
     1   2005    219   14700.0      11.2      17.6      1.33      2.00     14.10  -9999.00
     1   2005    220   19100.0      13.4      26.0      1.54      2.00      0.00  -9999.00
     1   2005    221   14600.0      15.7      26.3      1.78      2.00     15.20  -9999.00
     1   2005    222    9100.0      15.2      18.7      1.73      2.00     32.70  -9999.00
     1   2005    223   15800.0      16.4      21.5      1.86      2.00      0.80  -9999.00
     1   2005    224   11200.0      13.8      17.6      1.58      2.00     15.00  -9999.00
     1   2005    225   21600.0      14.1      18.1      1.61      2.00      1.30  -9999.00
     1   2005    226   20100.0      11.3      22.8      1.34      2.00      0.00  -9999.00
     1   2005    227   19000.0      10.5      27.6      1.27      2.00      0.00  -9999.00
     1   2005    228   12500.0      11.6      22.3      1.37      2.00      0.00  -9999.00
     1   2005    229   15000.0      15.4      20.1      1.75      2.00      0.70  -9999.00
     1   2005    230   11100.0      13.1      18.0      1.51      2.00      0.50  -9999.00
     1   2005    231   12600.0      16.5      19.9      1.88      2.00      0.70  -9999.00
     1   2005    232   19000.0      11.8      21.1      1.38      2.00      0.00  -9999.00
     1   2005    233   12400.0       9.5      17.5      1.19      2.00     13.60  -9999.00
     1   2005    234   10200.0      15.7      18.1      1.78      2.00      6.90  -9999.00
     1   2005    235   12700.0      15.6      17.4      1.77      2.00      0.10  -9999.00
     1   2005    236   16100.0      14.6      20.7      1.66      2.00      2.70  -9999.00
     1   2005    237   15400.0      13.9      27.3      1.59      2.00      3.90  -9999.00
     1   2005    238   15800.0      15.3      22.7      1.74      2.00      0.60  -9999.00
     1   2005    239   11900.0      12.8      17.1      1.48      2.00      1.70  -9999.00
     1   2005    240   13200.0      16.1      17.8      1.83      2.00      0.10  -9999.00
     1   2005    241    7400.0      13.4      22.2      1.54      2.00      2.70  -9999.00
     1   2005    242   11400.0      14.5      17.3      1.65      2.00      6.30  -9999.00
     1   2005    243    8700.0      13.9      19.7      1.59      2.00      3.90  -9999.00
     1   2005    244   18200.0      13.3      24.6      1.53      2.00     17.40  -9999.00
     1   2005    245   15100.0       6.0      21.4      0.93      2.00      0.00  -9999.00
     1   2005    246    9700.0       9.2      20.7      1.16      2.00      4.00  -9999.00
     1   2005    247   18800.0      13.5      21.0      1.55      2.00      0.00  -9999.00
     1   2005    248   20000.0      16.8      22.1      1.91      2.00      0.00  -9999.00
     1   2005    249   19800.0      10.0      18.2      1.23      2.00      0.00  -9999.00
     1   2005    250    9300.0       9.8      22.0      1.21      2.00      0.00  -9999.00
     1   2005    251   16900.0      14.9      16.9      1.69      2.00      0.00  -9999.00
     1   2005    252   15500.0      10.5      14.5      1.27      2.00      0.00  -9999.00
     1   2005    253   12200.0      10.4      17.5      1.26      2.00      0.10  -9999.00
     1   2005    254    7300.0       8.8      13.5      1.13      2.00      0.10  -9999.00
     1   2005    255   14400.0      14.5      16.8      1.65      2.00      0.70  -9999.00
     1   2005    256   10800.0       8.2      18.3      1.09      2.00      0.00  -9999.00
     1   2005    257    7800.0       8.1      17.5      1.08      2.00      1.40  -9999.00
     1   2005    258   12800.0      11.9      21.0      1.39      2.00      0.10  -9999.00
     1   2005    259    8900.0      15.7      19.0      1.78      2.00      0.10  -9999.00
     1   2005    260   11100.0       9.1      15.8      1.16      2.00      2.80  -9999.00
     1   2005    261   13400.0       9.9      16.8      1.22      2.00      0.20  -9999.00
     1   2005    262    7500.0      14.2      16.4      1.62      2.00      0.20  -9999.00
     1   2005    263   12600.0       7.2      13.5      1.02      2.00      0.70  -9999.00
     1   2005    264   12500.0       7.7      16.3      1.05      2.00      1.60  -9999.00
     1   2005    265   13400.0      10.6      17.4      1.28      2.00      4.70  -9999.00
     1   2005    266    9000.0      13.7      15.7      1.57      2.00      5.90  -9999.00
     1   2005    267   13700.0      11.8      21.5      1.38      2.00      0.10  -9999.00
     1   2005    268    4700.0      10.1      22.4      1.24      2.00      3.80  -9999.00
     1   2005    269   10100.0      11.6      12.4      1.37      2.00      0.00  -9999.00
     1   2005    270    6200.0       7.3      16.7      1.02      2.00      0.00  -9999.00
     1   2005    271   10600.0      11.4      19.3      1.35      2.00     12.50  -9999.00
     1   2005    272    8400.0      12.8      15.0      1.48      2.00     27.80  -9999.00
     1   2005    273   11600.0      12.5      17.8      1.45      2.00      0.00  -9999.00
     1   2005    274    4800.0      14.3      18.4      1.63      2.00      0.00  -9999.00
     1   2005    275    8000.0      10.6      16.6      1.28      2.00      0.00  -9999.00
     1   2005    276    8500.0       9.1      16.7      1.16      2.00      0.00  -9999.00
     1   2005    277   11300.0       7.1      12.6      1.01      2.00      0.00  -9999.00
     1   2005    278    9700.0       8.8      13.2      1.13      2.00      0.00  -9999.00
     1   2005    279   11100.0      12.1      13.8      1.41      2.00      0.00  -9999.00
     1   2005    280    8500.0       9.4      16.0      1.18      2.00      0.00  -9999.00
     1   2005    281    7900.0       8.9      18.0      1.14      2.00      0.00  -9999.00
     1   2005    282    5100.0      13.7      15.7      1.57      2.00      0.00  -9999.00
     1   2005    283    9400.0       3.9      11.2      0.81      2.00      0.00  -9999.00
     1   2005    284    5500.0      10.3      17.1      1.25      2.00      1.70  -9999.00
     1   2005    285    4700.0       9.2      15.7      1.16      2.00      0.80  -9999.00
     1   2005    286    7100.0       9.5      12.5      1.19      2.00      5.40  -9999.00
     1   2005    287    4400.0      10.0      10.7      1.23      2.00     52.50  -9999.00
     1   2005    288    4800.0       6.3      15.5      0.95      2.00      0.00  -9999.00
     1   2005    289    8600.0       7.5       9.0      1.04      2.00      0.00  -9999.00
     1   2005    290    7900.0       3.0      17.6      0.76      2.00      0.10  -9999.00
     1   2005    291    3700.0       8.4      14.9      1.10      2.00      3.00  -9999.00
     1   2005    292    3700.0       7.9      14.2      1.07      2.00      3.70  -9999.00
     1   2005    293    4300.0       8.6      14.7      1.12      2.00      0.00  -9999.00
     1   2005    294    5100.0       0.9      15.3      0.65      2.00      0.00  -9999.00
     1   2005    295    4000.0       3.2      16.4      0.77      2.00      3.50  -9999.00
     1   2005    296    8300.0      10.5      14.4      1.27      2.00      0.20  -9999.00
     1   2005    297    9200.0      -1.5       9.0      0.55      2.00      0.00  -9999.00
     1   2005    298    3700.0      10.7      12.7      1.29      2.00      0.10  -9999.00
     1   2005    299    4900.0       7.9       9.9      1.07      2.00      0.40  -9999.00
     1   2005    300    8800.0      -1.7       9.1      0.54      2.00      0.00  -9999.00
     1   2005    301    2900.0       0.8      17.5      0.65      2.00      0.00  -9999.00
     1   2005    302    6600.0      10.4      12.0      1.26      2.00      0.00  -9999.00
     1   2005    303    8500.0       4.5      15.6      0.84      2.00      0.00  -9999.00
     1   2005    304    2000.0       8.3      13.2      1.09      2.00      5.80  -9999.00
     1   2005    305    6400.0       7.0       8.6      1.00      2.00      0.00  -9999.00
     1   2005    306    6400.0      11.5      13.4      1.36      2.00      0.00  -9999.00
     1   2005    307    2300.0       7.2      11.9      1.02      2.00      1.70  -9999.00
     1   2005    308    4600.0       9.2      15.7      1.16      2.00      1.90  -9999.00
     1   2005    309    7500.0       2.3      10.8      0.72      2.00      3.70  -9999.00
     1   2005    310    2600.0       6.9      12.2      0.99      2.00      3.30  -9999.00
     1   2005    311    5500.0       7.9      14.4      1.07      2.00      1.00  -9999.00
     1   2005    312    2200.0       2.1      14.8      0.71      2.00      0.40  -9999.00
     1   2005    313    4000.0       8.8      11.3      1.13      2.00      5.60  -9999.00
     1   2005    314    6000.0       8.8      10.8      1.13      2.00     11.00  -9999.00
     1   2005    315    1000.0       3.1      12.5      0.76      2.00      3.00  -9999.00
     1   2005    316    5100.0       4.9      10.3      0.87      2.00      0.00  -9999.00
     1   2005    317    2300.0       1.5      12.5      0.68      2.00      2.90  -9999.00
     1   2005    318    2200.0      10.2      15.4      1.24      2.00      4.50  -9999.00
     1   2005    319    4400.0       3.6       5.6      0.79      2.00      0.00  -9999.00
     1   2005    320    1400.0      -0.4      13.4      0.59      2.00      2.80  -9999.00
     1   2005    321    1700.0       5.7       7.7      0.92      2.00      4.90  -9999.00
     1   2005    322    2500.0       9.3      14.6      1.17      2.00      1.20  -9999.00
     1   2005    323    3900.0       6.2      12.6      0.95      2.00      0.50  -9999.00
     1   2005    324    4700.0       8.2      10.5      1.09      2.00      0.00  -9999.00
     1   2005    325    2000.0       6.7      11.1      0.98      2.00      2.10  -9999.00
     1   2005    326    1900.0       4.9       8.0      0.87      2.00      0.00  -9999.00
     1   2005    327    1700.0       6.8      13.1      0.99      2.00      2.00  -9999.00
     1   2005    328    2900.0       2.2      13.5      0.72      2.00      0.00  -9999.00
     1   2005    329    4500.0       1.1       6.2      0.66      2.00      0.00  -9999.00
     1   2005    330    1900.0       1.9       7.1      0.70      2.00      0.00  -9999.00
     1   2005    331    4900.0       0.4      10.5      0.63      2.00      0.00  -9999.00
     1   2005    332    2000.0       8.6      10.6      1.12      2.00      0.00  -9999.00
     1   2005    333    4300.0       3.3      10.5      0.77      2.00      0.00  -9999.00
     1   2005    334    1100.0      -4.3      11.7      0.44      2.00      0.00  -9999.00
     1   2005    335    2500.0       4.9       6.0      0.87      2.00      0.00  -9999.00
     1   2005    336    1700.0      -3.8      12.4      0.46      2.00      0.00  -9999.00
     1   2005    337    1500.0       4.5       7.0      0.84      2.00      0.00  -9999.00
     1   2005    338    1000.0       2.1       4.1      0.71      2.00      0.00  -9999.00
     1   2005    339    1900.0       1.5      10.0      0.68      2.00      0.00  -9999.00
     1   2005    340    1400.0       4.1       6.1      0.82      2.00      0.00  -9999.00
     1   2005    341    4700.0       1.5       9.7      0.68      2.00      0.00  -9999.00
     1   2005    342    3700.0       3.0       9.7      0.76      2.00      0.00  -9999.00
     1   2005    343    2700.0       4.7       4.7      0.85      2.00      0.00  -9999.00
     1   2005    344     700.0       5.9       9.2      0.93      2.00      0.00  -9999.00
     1   2005    345    2100.0       1.5       9.7      0.68      2.00      0.00  -9999.00
     1   2005    346    1500.0       2.9       6.0      0.75      2.00      0.00  -9999.00
     1   2005    347    1500.0       3.2       6.5      0.77      2.00      1.90  -9999.00
     1   2005    348    1400.0       2.6       6.1      0.74      2.00      0.00  -9999.00
     1   2005    349     800.0       2.5       5.8      0.73      2.00      0.00  -9999.00
     1   2005    350    2800.0      -2.3       6.6      0.52      2.00      0.00  -9999.00
     1   2005    351    3000.0       1.0      11.5      0.66      2.00      0.00  -9999.00
     1   2005    352    3400.0       5.1       7.4      0.88      2.00      0.00  -9999.00
     1   2005    353    1500.0       0.9       8.0      0.65      2.00      9.20  -9999.00
     1   2005    354    1000.0       2.5      12.6      0.73      2.00     15.50  -9999.00
     1   2005    355    1700.0       6.9       8.9      0.99      2.00      0.10  -9999.00
     1   2005    356    2100.0       2.6       8.2      0.74      2.00      0.10  -9999.00
     1   2005    357    2700.0       2.7      11.1      0.74      2.00      0.10  -9999.00
     1   2005    358    2100.0       1.4       8.7      0.68      2.00      0.10  -9999.00
     1   2005    359    1900.0      -4.4       7.0      0.44      2.00     16.50  -9999.00
     1   2005    360    2700.0       5.1       7.7      0.88      2.00      2.60  -9999.00
     1   2005    361    1500.0       6.1       9.9      0.94      2.00      1.30  -9999.00
     1   2005    362    2100.0       2.7      10.5      0.74      2.00      0.20  -9999.00
     1   2005    363    1600.0       0.5       2.5      0.63      2.00     16.40  -9999.00
     1   2005    364    2400.0       6.9       8.9      0.99      2.00      0.00  -9999.00
     1   2005    365     700.0       6.4       8.5      0.96      2.00      0.00  -9999.00
