*-----------------------------------------------------------------------------* 
           CNWG_53.met            51.48   -3.55   69.72
* Date created:  08-Aug-2019     Author: K Coleman 
* 
* NIL VALUE       -9999 
* Source:   data provided by M. Semenov 
*  
* Latitude:    51.48 Longitude:    -3.55 Altitude:    69.72
* 
* Column  Daily value 
* 1       station number 
* 2       year 
* 3       day 
* 4       irradiation                   (kJ m-2 d-1) 
* 5       minimum temperature           (degrees Celsius) 
* 6       maximum temperature           (degrees Celsius) 
* 7       early morning vapour pressure (kPa)             
* 8       mean wind speed (height: 2 m?) (m s-1)          
* 9       precipitation                 (mm d-1)          
* 10      sunshine                      (hrs)             
 		Jday	RAD	    TMIN	TMAX	 VAP	wind	RAIN	SUN  
               kj/m2	°C	    °C	     kPa	m/s	    mm	    hrs 
   51.48  69.72
     1   2005      1    1700.0       6.8       9.7      0.99      2.00      4.30  -9999.00
     1   2005      2    1900.0       7.7       9.7      1.05      2.00     21.40  -9999.00
     1   2005      3    1600.0       0.6       8.8      0.64      2.00      7.50  -9999.00
     1   2005      4    1400.0      -3.7       6.3      0.46      2.00      0.00  -9999.00
     1   2005      5    4800.0       4.0       6.3      0.81      2.00      0.00  -9999.00
     1   2005      6    3100.0      -0.5       7.2      0.59      2.00      0.00  -9999.00
     1   2005      7    1700.0       5.6      10.2      0.91      2.00      0.90  -9999.00
     1   2005      8    2300.0       5.0       7.9      0.87      2.00      0.60  -9999.00
     1   2005      9    1600.0       0.5      10.9      0.63      2.00     10.50  -9999.00
     1   2005     10    2600.0      -0.3      10.6      0.60      2.00      6.20  -9999.00
     1   2005     11    3400.0       4.1       6.1      0.82      2.00     12.20  -9999.00
     1   2005     12    3800.0       5.7       7.7      0.92      2.00      1.20  -9999.00
     1   2005     13    1700.0       0.9       9.7      0.65      2.00      0.30  -9999.00
     1   2005     14    2000.0      -0.9       9.1      0.57      2.00      9.30  -9999.00
     1   2005     15    2900.0       0.1       7.4      0.62      2.00      1.80  -9999.00
     1   2005     16    1700.0       1.3       8.8      0.67      2.00      0.00  -9999.00
     1   2005     17    1900.0      -8.2       3.6      0.33      2.00      0.00  -9999.00
     1   2005     18    3200.0       1.1       6.4      0.66      2.00      0.00  -9999.00
     1   2005     19    4000.0       6.5       9.5      0.97      2.00      0.00  -9999.00
     1   2005     20    4600.0       0.6      11.1      0.64      2.00      0.00  -9999.00
     1   2005     21    5400.0       2.4       2.7      0.73      2.00      0.00  -9999.00
     1   2005     22    4500.0       2.5      10.4      0.73      2.00      0.50  -9999.00
     1   2005     23    2500.0       5.8      10.5      0.92      2.00      0.90  -9999.00
     1   2005     24    2300.0       6.9       7.4      0.99      2.00      5.30  -9999.00
     1   2005     25    3800.0      -2.2       6.4      0.52      2.00      0.00  -9999.00
     1   2005     26    1000.0       5.1       6.8      0.88      2.00      5.30  -9999.00
     1   2005     27    6100.0       7.7       8.8      1.05      2.00      2.10  -9999.00
     1   2005     28    2600.0       2.8       4.2      0.75      2.00      0.00  -9999.00
     1   2005     29    2600.0      -2.8       9.4      0.50      2.00      0.00  -9999.00
     1   2005     30    6200.0       1.7       2.5      0.69      2.00      0.00  -9999.00
     1   2005     31    3200.0       2.6       6.6      0.74      2.00      0.00  -9999.00
     1   2005     32    5500.0       2.4       4.4      0.73      2.00      0.00  -9999.00
     1   2005     33    1100.0       6.9       8.5      0.99      2.00      2.20  -9999.00
     1   2005     34    2400.0      -1.0       3.9      0.57      2.00      0.00  -9999.00
     1   2005     35    3000.0       0.1       7.4      0.62      2.00      0.00  -9999.00
     1   2005     36    5500.0       3.6       9.5      0.79      2.00      0.00  -9999.00
     1   2005     37    7900.0      -3.0      -0.5      0.49      2.00      0.00  -9999.00
     1   2005     38    4700.0       6.1       8.3      0.94      2.00     22.70  -9999.00
     1   2005     39    3900.0       6.8      11.2      0.99      2.00      4.80  -9999.00
     1   2005     40    6600.0      -1.5       0.4      0.55      2.00      0.00  -9999.00
     1   2005     41    2300.0      -4.3      10.6      0.44      2.00      9.20  -9999.00
     1   2005     42    6000.0       7.6      11.3      1.04      2.00      2.00  -9999.00
     1   2005     43    3800.0       2.3       8.1      0.72      2.00      7.00  -9999.00
     1   2005     44    3200.0       3.5      11.7      0.78      2.00      0.20  -9999.00
     1   2005     45    7400.0       3.0       5.0      0.76      2.00      0.00  -9999.00
     1   2005     46    5100.0       6.0       8.0      0.93      2.00      0.00  -9999.00
     1   2005     47    9500.0       2.1       9.3      0.71      2.00      0.00  -9999.00
     1   2005     48    3800.0       0.6       4.0      0.64      2.00      0.00  -9999.00
     1   2005     49    1900.0      -2.5       6.5      0.51      2.00      0.00  -9999.00
     1   2005     50    4700.0       1.0       9.0      0.66      2.00      0.60  -9999.00
     1   2005     51    1500.0       2.0       8.3      0.71      2.00      5.00  -9999.00
     1   2005     52    3100.0       6.4       8.4      0.96      2.00      9.80  -9999.00
     1   2005     53    6900.0       5.3       6.0      0.89      2.00     10.50  -9999.00
     1   2005     54    2200.0       6.1       8.4      0.94      2.00      9.90  -9999.00
     1   2005     55    6500.0      -0.6       7.1      0.58      2.00      9.00  -9999.00
     1   2005     56    6400.0       3.1      10.5      0.76      2.00      0.20  -9999.00
     1   2005     57    5900.0       2.5       9.8      0.73      2.00      9.90  -9999.00
     1   2005     58    3400.0       6.1      13.5      0.94      2.00      1.00  -9999.00
     1   2005     59    3600.0       5.8       7.3      0.92      2.00      5.20  -9999.00
     1   2005     60    9300.0       6.7      10.2      0.98      2.00      8.40  -9999.00
     1   2005     61    7400.0      -1.4       8.8      0.55      2.00     15.90  -9999.00
     1   2005     62    3200.0       6.8      11.1      0.99      2.00      0.20  -9999.00
     1   2005     63   10200.0       3.1      10.5      0.76      2.00      0.00  -9999.00
     1   2005     64    1900.0      -1.3       3.2      0.56      2.00      2.10  -9999.00
     1   2005     65    3900.0       7.6       9.1      1.04      2.00      9.60  -9999.00
     1   2005     66    4400.0       7.7       9.8      1.05      2.00      0.10  -9999.00
     1   2005     67    9100.0       3.9      13.0      0.81      2.00      4.00  -9999.00
     1   2005     68    8300.0       3.5      12.4      0.78      2.00      2.00  -9999.00
     1   2005     69    4000.0       4.1       9.5      0.82      2.00      0.10  -9999.00
     1   2005     70   10400.0       1.4       9.9      0.68      2.00      0.90  -9999.00
     1   2005     71   10400.0       3.4      11.8      0.78      2.00      7.50  -9999.00
     1   2005     72    4600.0       2.7      10.0      0.74      2.00     16.80  -9999.00
     1   2005     73    7300.0       6.5       7.7      0.97      2.00      0.00  -9999.00
     1   2005     74   13100.0       4.9       9.8      0.87      2.00      0.60  -9999.00
     1   2005     75    8600.0       6.6      11.8      0.97      2.00      1.90  -9999.00
     1   2005     76    8700.0       0.9      12.0      0.65      2.00      0.50  -9999.00
     1   2005     77   13700.0       8.8      13.2      1.13      2.00      0.00  -9999.00
     1   2005     78    5600.0       0.0       9.3      0.61      2.00      0.30  -9999.00
     1   2005     79   10100.0       6.0      16.6      0.93      2.00      4.60  -9999.00
     1   2005     80   13500.0       1.9      14.6      0.70      2.00      0.00  -9999.00
     1   2005     81   15500.0      -3.6       9.4      0.47      2.00      0.00  -9999.00
     1   2005     82   10000.0       2.6       8.7      0.74      2.00      0.00  -9999.00
     1   2005     83   12200.0      -0.5       5.6      0.59      2.00      0.00  -9999.00
     1   2005     84    4700.0       1.5      10.1      0.68      2.00      8.90  -9999.00
     1   2005     85   12100.0       4.4      11.0      0.84      2.00      4.10  -9999.00
     1   2005     86   13100.0       5.6      11.3      0.91      2.00      9.80  -9999.00
     1   2005     87    7900.0       0.9      10.8      0.65      2.00      0.20  -9999.00
     1   2005     88    6600.0       8.7      11.1      1.12      2.00      2.50  -9999.00
     1   2005     89   11400.0       2.2      11.2      0.72      2.00      1.70  -9999.00
     1   2005     90   10400.0      -0.1      10.7      0.61      2.00      2.60  -9999.00
     1   2005     91    7500.0       5.7       6.3      0.92      2.00      1.70  -9999.00
     1   2005     92   18200.0       5.1      13.4      0.88      2.00      5.90  -9999.00
     1   2005     93    8000.0       5.8       7.8      0.92      2.00     11.90  -9999.00
     1   2005     94   10000.0       3.5       9.4      0.78      2.00      0.30  -9999.00
     1   2005     95   19800.0       2.4      10.7      0.73      2.00      0.00  -9999.00
     1   2005     96   11600.0       5.5       9.6      0.90      2.00      3.10  -9999.00
     1   2005     97    3000.0       4.4      10.8      0.84      2.00      1.50  -9999.00
     1   2005     98    7000.0       4.7      10.9      0.85      2.00      0.40  -9999.00
     1   2005     99   16000.0       2.2       8.6      0.72      2.00      5.80  -9999.00
     1   2005    100    8900.0       4.9       7.2      0.87      2.00      0.50  -9999.00
     1   2005    101   11800.0       9.0      12.1      1.15      2.00      0.50  -9999.00
     1   2005    102    9500.0       6.7      13.1      0.98      2.00      7.70  -9999.00
     1   2005    103   13600.0       5.4      13.9      0.90      2.00      1.80  -9999.00
     1   2005    104    4800.0       1.0      11.4      0.66      2.00      0.00  -9999.00
     1   2005    105   11400.0       7.5      13.6      1.04      2.00      0.00  -9999.00
     1   2005    106    9600.0       1.3       9.9      0.67      2.00      3.90  -9999.00
     1   2005    107   21100.0       5.7      15.4      0.92      2.00      1.30  -9999.00
     1   2005    108    6600.0       7.8       8.7      1.06      2.00      5.30  -9999.00
     1   2005    109   12800.0       7.5       9.1      1.04      2.00     10.60  -9999.00
     1   2005    110   20000.0      -0.1      16.3      0.61      2.00      0.00  -9999.00
     1   2005    111   15500.0       2.2      16.7      0.72      2.00      0.00  -9999.00
     1   2005    112    7600.0       0.9      13.4      0.65      2.00      4.40  -9999.00
     1   2005    113   10700.0       6.7       9.6      0.98      2.00      2.20  -9999.00
     1   2005    114   10300.0       1.0       9.5      0.66      2.00     10.40  -9999.00
     1   2005    115   14100.0      10.5      10.6      1.27      2.00      0.30  -9999.00
     1   2005    116   17200.0       2.2      14.2      0.72      2.00      0.00  -9999.00
     1   2005    117   12600.0       8.3      11.8      1.09      2.00      2.90  -9999.00
     1   2005    118   20500.0       3.7       6.9      0.80      2.00      0.00  -9999.00
     1   2005    119   12500.0       0.0      16.4      0.61      2.00      0.00  -9999.00
     1   2005    120    7200.0       9.2      13.3      1.16      2.00      2.90  -9999.00
     1   2005    121   13400.0       9.7      13.9      1.20      2.00      3.60  -9999.00
     1   2005    122   12400.0       7.1      17.9      1.01      2.00      0.10  -9999.00
     1   2005    123   13600.0       6.9      11.2      0.99      2.00     11.90  -9999.00
     1   2005    124   10400.0       7.5      10.7      1.04      2.00     13.40  -9999.00
     1   2005    125   10200.0       7.9      18.1      1.07      2.00      0.60  -9999.00
     1   2005    126    7600.0       4.7      17.0      0.85      2.00      9.80  -9999.00
     1   2005    127   16600.0       2.9      11.2      0.75      2.00     17.70  -9999.00
     1   2005    128   16800.0       7.9      13.4      1.07      2.00      9.30  -9999.00
     1   2005    129   13000.0      10.2      15.4      1.24      2.00      0.10  -9999.00
     1   2005    130   13500.0       6.9      12.8      0.99      2.00      0.10  -9999.00
     1   2005    131    7500.0      12.8      16.6      1.48      2.00      0.00  -9999.00
     1   2005    132   15100.0       9.5      12.5      1.19      2.00      0.10  -9999.00
     1   2005    133   12200.0       7.9      12.7      1.07      2.00      0.90  -9999.00
     1   2005    134   12200.0       6.5      13.9      0.97      2.00      2.70  -9999.00
     1   2005    135   16000.0      10.9      15.1      1.30      2.00      0.00  -9999.00
     1   2005    136    8600.0       8.1      15.1      1.08      2.00      0.10  -9999.00
     1   2005    137   21400.0       5.3      20.6      0.89      2.00      0.00  -9999.00
     1   2005    138   20500.0       8.7      16.0      1.12      2.00      0.00  -9999.00
     1   2005    139   16300.0      11.2      15.8      1.33      2.00      4.40  -9999.00
     1   2005    140   28300.0      14.4      16.9      1.64      2.00      0.00  -9999.00
     1   2005    141   15000.0      10.8      15.5      1.29      2.00      0.50  -9999.00
     1   2005    142   19000.0       6.3      22.0      0.95      2.00      0.40  -9999.00
     1   2005    143   17400.0      14.9      25.5      1.69      2.00      0.00  -9999.00
     1   2005    144   28100.0      11.8      12.9      1.38      2.00      0.00  -9999.00
     1   2005    145   18800.0       9.5      13.4      1.19      2.00      0.00  -9999.00
     1   2005    146   28800.0      13.4      16.0      1.54      2.00      0.00  -9999.00
     1   2005    147   16400.0      11.8      13.8      1.38      2.00      0.00  -9999.00
     1   2005    148   21900.0       6.4      18.3      0.96      2.00      5.70  -9999.00
     1   2005    149   20800.0       6.6      18.2      0.97      2.00      0.00  -9999.00
     1   2005    150    7400.0      10.1      13.1      1.24      2.00      0.10  -9999.00
     1   2005    151   22100.0      12.3      15.7      1.43      2.00      0.00  -9999.00
     1   2005    152   19600.0      14.1      20.0      1.61      2.00      0.00  -9999.00
     1   2005    153   29600.0       5.8      15.0      0.92      2.00      0.00  -9999.00
     1   2005    154   13300.0      11.7      20.1      1.37      2.00      0.00  -9999.00
     1   2005    155   18400.0      11.3      16.1      1.34      2.00      0.00  -9999.00
     1   2005    156   12600.0       5.3      22.9      0.89      2.00      0.00  -9999.00
     1   2005    157    9400.0       6.1      21.0      0.94      2.00      0.00  -9999.00
     1   2005    158   19400.0       8.5      15.8      1.11      2.00      0.00  -9999.00
     1   2005    159   15300.0       7.4      17.3      1.03      2.00      0.00  -9999.00
     1   2005    160   18900.0      10.2      24.8      1.24      2.00      0.00  -9999.00
     1   2005    161   30200.0      11.4      23.2      1.35      2.00      0.00  -9999.00
     1   2005    162   28000.0      10.1      23.3      1.24      2.00      0.00  -9999.00
     1   2005    163   25800.0      14.4      18.8      1.64      2.00      0.00  -9999.00
     1   2005    164   20200.0       7.7      16.2      1.05      2.00      0.00  -9999.00
     1   2005    165   18500.0      10.1      14.5      1.24      2.00      0.00  -9999.00
     1   2005    166   23600.0      12.1      19.5      1.41      2.00      0.00  -9999.00
     1   2005    167   25200.0       4.6      15.8      0.85      2.00      0.00  -9999.00
     1   2005    168   10300.0      12.1      17.3      1.41      2.00      1.00  -9999.00
     1   2005    169    8800.0       6.1      15.4      0.94      2.00      0.10  -9999.00
     1   2005    170   17400.0       9.0      16.1      1.15      2.00     16.80  -9999.00
     1   2005    171   20000.0      11.8      16.8      1.38      2.00     17.50  -9999.00
     1   2005    172   10200.0      13.4      19.4      1.54      2.00     10.50  -9999.00
     1   2005    173   13400.0      10.4      15.6      1.26      2.00      0.10  -9999.00
     1   2005    174   12800.0       9.4      16.9      1.18      2.00      1.70  -9999.00
     1   2005    175   11800.0      11.5      18.3      1.36      2.00      5.50  -9999.00
     1   2005    176   18600.0      13.6      16.3      1.56      2.00      9.30  -9999.00
     1   2005    177   16600.0      12.2      19.2      1.42      2.00      1.10  -9999.00
     1   2005    178   14200.0      11.2      23.0      1.33      2.00      0.00  -9999.00
     1   2005    179   27700.0      16.7      19.8      1.90      2.00      0.00  -9999.00
     1   2005    180   25600.0       9.9      22.1      1.22      2.00      0.00  -9999.00
     1   2005    181   21400.0      11.5      18.7      1.36      2.00      0.00  -9999.00
     1   2005    182   13100.0      14.2      17.0      1.62      2.00      0.80  -9999.00
     1   2005    183   18000.0      12.4      16.8      1.44      2.00      0.10  -9999.00
     1   2005    184    4400.0      14.6      17.3      1.66      2.00      5.90  -9999.00
     1   2005    185   21900.0      14.1      18.8      1.61      2.00      2.60  -9999.00
     1   2005    186   12300.0      14.1      17.6      1.61      2.00      0.10  -9999.00
     1   2005    187   22400.0      12.5      17.6      1.45      2.00      3.60  -9999.00
     1   2005    188   10100.0      16.2      17.1      1.84      2.00      0.40  -9999.00
     1   2005    189   11200.0      13.6      18.3      1.56      2.00      3.90  -9999.00
     1   2005    190   18300.0      10.6      15.8      1.28      2.00      0.00  -9999.00
     1   2005    191   18000.0      12.2      25.2      1.42      2.00      0.00  -9999.00
     1   2005    192   26900.0      10.1      18.8      1.24      2.00      0.00  -9999.00
     1   2005    193   21800.0      13.9      16.0      1.59      2.00      0.00  -9999.00
     1   2005    194   25600.0      13.2      18.7      1.52      2.00      0.00  -9999.00
     1   2005    195   12500.0       9.1      18.2      1.16      2.00      6.10  -9999.00
     1   2005    196   13800.0      10.5      18.1      1.27      2.00      0.10  -9999.00
     1   2005    197   14100.0      12.6      18.2      1.46      2.00      0.30  -9999.00
     1   2005    198    9600.0      13.9      17.6      1.59      2.00     49.70  -9999.00
     1   2005    199   27200.0      11.6      19.0      1.37      2.00      0.00  -9999.00
     1   2005    200   28300.0      11.6      23.6      1.37      2.00      0.00  -9999.00
     1   2005    201   21400.0      13.8      21.0      1.58      2.00      0.00  -9999.00
     1   2005    202   18600.0      13.1      20.8      1.51      2.00      0.00  -9999.00
     1   2005    203    9500.0      13.9      18.5      1.59      2.00     10.30  -9999.00
     1   2005    204   12700.0      14.1      19.0      1.61      2.00      0.80  -9999.00
     1   2005    205   16400.0      13.2      16.7      1.52      2.00      5.60  -9999.00
     1   2005    206   21000.0      10.1      18.0      1.24      2.00     18.10  -9999.00
     1   2005    207   21100.0      11.5      16.9      1.36      2.00      0.00  -9999.00
     1   2005    208   26200.0      13.3      18.5      1.53      2.00      0.10  -9999.00
     1   2005    209   16100.0      11.8      20.0      1.38      2.00      0.00  -9999.00
     1   2005    210    4000.0      14.4      19.6      1.64      2.00      1.00  -9999.00
     1   2005    211   13700.0      10.8      21.9      1.29      2.00      0.40  -9999.00
     1   2005    212   16600.0      12.3      18.3      1.43      2.00      0.00  -9999.00
     1   2005    213   15800.0      11.3      25.9      1.34      2.00      0.00  -9999.00
     1   2005    214   26900.0      15.1      18.6      1.72      2.00      0.00  -9999.00
     1   2005    215   21100.0      15.9      18.0      1.81      2.00      0.00  -9999.00
     1   2005    216   15800.0      13.1      21.6      1.51      2.00      0.00  -9999.00
     1   2005    217   11400.0      13.5      18.9      1.55      2.00      2.00  -9999.00
     1   2005    218   13800.0      12.9      18.0      1.49      2.00      0.00  -9999.00
     1   2005    219   13700.0      12.5      20.3      1.45      2.00      0.00  -9999.00
     1   2005    220   18900.0      10.4      21.1      1.26      2.00      0.00  -9999.00
     1   2005    221   14100.0       7.9      22.2      1.07      2.00      0.00  -9999.00
     1   2005    222   10100.0      11.8      19.7      1.38      2.00     12.80  -9999.00
     1   2005    223   17200.0      11.9      20.1      1.39      2.00      8.00  -9999.00
     1   2005    224   10900.0      15.6      20.9      1.77      2.00      6.00  -9999.00
     1   2005    225    8700.0      14.6      20.4      1.66      2.00      2.10  -9999.00
     1   2005    226   14600.0      15.3      17.8      1.74      2.00     17.60  -9999.00
     1   2005    227   16900.0      13.2      22.2      1.52      2.00      0.00  -9999.00
     1   2005    228    8100.0       9.8      17.4      1.21      2.00      0.20  -9999.00
     1   2005    229    7800.0      12.3      19.0      1.43      2.00     12.00  -9999.00
     1   2005    230   19900.0       7.3      21.8      1.02      2.00      0.00  -9999.00
     1   2005    231    8000.0      10.7      19.5      1.29      2.00      3.50  -9999.00
     1   2005    232   16300.0      15.5      18.5      1.76      2.00      0.00  -9999.00
     1   2005    233   13700.0       6.7      19.7      0.98      2.00      0.00  -9999.00
     1   2005    234   14000.0      11.9      18.0      1.39      2.00      0.10  -9999.00
     1   2005    235   20500.0      10.9      20.1      1.30      2.00      1.90  -9999.00
     1   2005    236   20300.0      14.8      20.2      1.68      2.00      5.60  -9999.00
     1   2005    237    7300.0      15.2      17.8      1.73      2.00      4.40  -9999.00
     1   2005    238   11200.0      11.8      20.9      1.38      2.00      1.30  -9999.00
     1   2005    239   19900.0      15.5      17.7      1.76      2.00      0.00  -9999.00
     1   2005    240    7000.0      11.0      20.2      1.31      2.00      0.00  -9999.00
     1   2005    241   10900.0       9.0      18.8      1.15      2.00      0.00  -9999.00
     1   2005    242   18100.0      13.5      18.9      1.55      2.00      0.00  -9999.00
     1   2005    243   17300.0       9.6      19.7      1.20      2.00      0.00  -9999.00
     1   2005    244   18400.0      14.6      22.2      1.66      2.00      0.00  -9999.00
     1   2005    245   13900.0      11.0      18.1      1.31      2.00      0.00  -9999.00
     1   2005    246   15500.0      14.8      22.3      1.68      2.00      0.00  -9999.00
     1   2005    247   12900.0      12.8      17.7      1.48      2.00      8.50  -9999.00
     1   2005    248   14000.0      14.2      19.2      1.62      2.00      0.00  -9999.00
     1   2005    249   10800.0       6.0      15.4      0.93      2.00      2.90  -9999.00
     1   2005    250    9800.0       9.0      17.5      1.15      2.00      0.50  -9999.00
     1   2005    251   10800.0      11.0      18.5      1.31      2.00      4.70  -9999.00
     1   2005    252   15300.0       8.4      17.1      1.10      2.00      0.10  -9999.00
     1   2005    253    9200.0      11.9      15.3      1.39      2.00      1.50  -9999.00
     1   2005    254   11200.0      13.3      16.7      1.53      2.00      0.70  -9999.00
     1   2005    255   10200.0      13.5      19.8      1.55      2.00      1.40  -9999.00
     1   2005    256   10500.0      14.4      20.9      1.64      2.00      9.20  -9999.00
     1   2005    257   11200.0      10.7      19.0      1.29      2.00      6.60  -9999.00
     1   2005    258   15600.0      10.6      21.3      1.28      2.00      0.00  -9999.00
     1   2005    259   14700.0      11.3      19.6      1.34      2.00      0.00  -9999.00
     1   2005    260   10800.0      13.3      16.1      1.53      2.00      0.00  -9999.00
     1   2005    261    9200.0      13.4      22.5      1.54      2.00      2.20  -9999.00
     1   2005    262   10700.0       8.1      22.7      1.08      2.00      2.20  -9999.00
     1   2005    263    7600.0      13.8      17.1      1.58      2.00      4.40  -9999.00
     1   2005    264   10500.0      12.2      14.2      1.42      2.00      0.60  -9999.00
     1   2005    265   11800.0      10.0      17.8      1.23      2.00      0.00  -9999.00
     1   2005    266    8300.0      13.5      18.2      1.55      2.00     13.80  -9999.00
     1   2005    267   11200.0       6.7      16.1      0.98      2.00      0.00  -9999.00
     1   2005    268    8800.0      11.6      15.4      1.37      2.00      0.70  -9999.00
     1   2005    269    4700.0      12.4      21.3      1.44      2.00      0.20  -9999.00
     1   2005    270    9100.0      12.1      14.1      1.41      2.00      0.30  -9999.00
     1   2005    271   11300.0      10.7      16.7      1.29      2.00     18.30  -9999.00
     1   2005    272   11900.0       7.9      19.8      1.07      2.00      0.00  -9999.00
     1   2005    273   11600.0       8.5      14.3      1.11      2.00      0.40  -9999.00
     1   2005    274    5500.0       7.6      12.4      1.04      2.00      0.00  -9999.00
     1   2005    275   10100.0       8.1      11.5      1.08      2.00      0.00  -9999.00
     1   2005    276    8900.0      13.2      18.5      1.52      2.00      9.10  -9999.00
     1   2005    277    9800.0      10.7      17.1      1.29      2.00      1.40  -9999.00
     1   2005    278    7900.0      13.0      13.4      1.50      2.00      3.10  -9999.00
     1   2005    279    4800.0       7.6      13.4      1.04      2.00     12.30  -9999.00
     1   2005    280    5300.0      12.7      15.7      1.47      2.00      0.20  -9999.00
     1   2005    281    5700.0      12.2      13.3      1.42      2.00      0.00  -9999.00
     1   2005    282    8700.0       8.5      14.1      1.11      2.00      0.00  -9999.00
     1   2005    283    4800.0       6.4      15.9      0.96      2.00      8.30  -9999.00
     1   2005    284   10400.0      10.3      14.8      1.25      2.00     13.40  -9999.00
     1   2005    285    4700.0      12.5      17.4      1.45      2.00      0.10  -9999.00
     1   2005    286    9000.0       7.6      16.3      1.04      2.00      9.50  -9999.00
     1   2005    287    2800.0      11.8      16.8      1.38      2.00      0.10  -9999.00
     1   2005    288    4900.0      12.8      15.2      1.48      2.00      4.50  -9999.00
     1   2005    289    2700.0       7.5      13.9      1.04      2.00      8.40  -9999.00
     1   2005    290    5800.0      10.9      11.9      1.30      2.00      4.70  -9999.00
     1   2005    291    2400.0       6.5      16.6      0.97      2.00      1.70  -9999.00
     1   2005    292    7900.0       9.8      17.3      1.21      2.00      0.10  -9999.00
     1   2005    293    8600.0       4.0      14.7      0.81      2.00      1.10  -9999.00
     1   2005    294    4400.0      -0.7      13.8      0.58      2.00      0.00  -9999.00
     1   2005    295    9800.0       1.4       9.7      0.68      2.00     16.70  -9999.00
     1   2005    296    3200.0       3.9      13.4      0.81      2.00      0.30  -9999.00
     1   2005    297    4600.0       8.6      14.9      1.12      2.00     18.70  -9999.00
     1   2005    298    4600.0      11.3      13.7      1.34      2.00      4.10  -9999.00
     1   2005    299    3300.0      10.9      13.6      1.30      2.00      1.70  -9999.00
     1   2005    300    5800.0       0.9      12.4      0.65      2.00     24.70  -9999.00
     1   2005    301    6400.0       8.9      14.2      1.14      2.00      0.10  -9999.00
     1   2005    302    4900.0      -1.1      13.0      0.56      2.00      1.00  -9999.00
     1   2005    303    2100.0       3.5      12.9      0.78      2.00      0.70  -9999.00
     1   2005    304    2800.0       9.6      10.9      1.20      2.00      7.20  -9999.00
     1   2005    305    2900.0       9.9      11.9      1.22      2.00      0.50  -9999.00
     1   2005    306    2800.0      10.4      12.5      1.26      2.00     25.30  -9999.00
     1   2005    307    3400.0       3.8      16.0      0.80      2.00      2.30  -9999.00
     1   2005    308    6800.0       5.8      14.4      0.92      2.00      0.50  -9999.00
     1   2005    309    2400.0       6.1      13.7      0.94      2.00      2.20  -9999.00
     1   2005    310    3700.0       1.4      12.5      0.68      2.00      9.10  -9999.00
     1   2005    311    3200.0       7.3      10.9      1.02      2.00      0.40  -9999.00
     1   2005    312    3300.0       5.2      11.9      0.88      2.00      0.30  -9999.00
     1   2005    313    5800.0       5.2      13.1      0.88      2.00      2.60  -9999.00
     1   2005    314    5300.0      11.3      13.3      1.34      2.00      0.30  -9999.00
     1   2005    315    3700.0      10.2      12.2      1.24      2.00      0.00  -9999.00
     1   2005    316    3500.0       1.1      12.3      0.66      2.00      0.00  -9999.00
     1   2005    317    2300.0       8.5      10.5      1.11      2.00     21.20  -9999.00
     1   2005    318    5200.0      10.3      10.6      1.25      2.00      0.50  -9999.00
     1   2005    319    4200.0      -0.4       7.6      0.59      2.00      0.50  -9999.00
     1   2005    320    1900.0      11.4      12.7      1.35      2.00     17.60  -9999.00
     1   2005    321    3800.0      -0.3       7.6      0.60      2.00      0.00  -9999.00
     1   2005    322    3600.0       5.7       5.9      0.92      2.00      0.00  -9999.00
     1   2005    323    2100.0       5.0      12.6      0.87      2.00      9.10  -9999.00
     1   2005    324    3700.0      10.9      14.0      1.30      2.00      5.90  -9999.00
     1   2005    325    2900.0       0.6      14.6      0.64      2.00      4.10  -9999.00
     1   2005    326    2800.0       0.5       9.1      0.63      2.00      0.00  -9999.00
     1   2005    327    4000.0       9.1      12.0      1.16      2.00      0.00  -9999.00
     1   2005    328    1100.0       5.0       6.2      0.87      2.00      0.50  -9999.00
     1   2005    329    2400.0       7.7       9.7      1.05      2.00      1.00  -9999.00
     1   2005    330    4400.0       2.2      10.5      0.72      2.00      0.00  -9999.00
     1   2005    331    2900.0       7.6      14.0      1.04      2.00      1.20  -9999.00
     1   2005    332    1000.0      -4.3       6.1      0.44      2.00      0.00  -9999.00
     1   2005    333    4300.0       0.4       2.3      0.63      2.00      0.00  -9999.00
     1   2005    334    4700.0       7.2      11.7      1.02      2.00      0.00  -9999.00
     1   2005    335    4600.0       1.4       9.1      0.68      2.00      0.00  -9999.00
     1   2005    336    1800.0      -3.4      12.5      0.48      2.00      0.00  -9999.00
     1   2005    337    4500.0       6.5       7.8      0.97      2.00      0.00  -9999.00
     1   2005    338    4300.0       4.6       6.6      0.85      2.00      0.00  -9999.00
     1   2005    339    1600.0       1.1       2.0      0.66      2.00      0.00  -9999.00
     1   2005    340    1700.0      -0.9       8.9      0.57      2.00      0.00  -9999.00
     1   2005    341    2000.0      -1.0       6.1      0.57      2.00      0.00  -9999.00
     1   2005    342    3400.0      -3.8       7.0      0.46      2.00      0.00  -9999.00
     1   2005    343    1500.0       1.8      10.3      0.70      2.00      0.00  -9999.00
     1   2005    344    4000.0       0.9       7.6      0.65      2.00      0.00  -9999.00
     1   2005    345    2800.0       1.6       4.7      0.69      2.00      0.00  -9999.00
     1   2005    346    3400.0       2.0       6.6      0.71      2.00      0.00  -9999.00
     1   2005    347    1700.0       5.9      11.2      0.93      2.00      0.00  -9999.00
     1   2005    348    2800.0       5.1       7.1      0.88      2.00      0.00  -9999.00
     1   2005    349    3200.0       0.4       8.2      0.63      2.00      0.00  -9999.00
     1   2005    350    2500.0       4.9       8.2      0.87      2.00      0.00  -9999.00
     1   2005    351    2300.0       8.0      11.1      1.07      2.00      0.00  -9999.00
     1   2005    352    1400.0       1.1      10.1      0.66      2.00      0.90  -9999.00
     1   2005    353    3400.0       1.4       1.8      0.68      2.00      0.00  -9999.00
     1   2005    354    1500.0       4.6       6.6      0.85      2.00      0.00  -9999.00
     1   2005    355    1500.0       1.3      10.3      0.67      2.00      0.80  -9999.00
     1   2005    356    3500.0       9.9      12.8      1.22      2.00     18.50  -9999.00
     1   2005    357    1400.0       0.2       3.8      0.62      2.00      0.00  -9999.00
     1   2005    358    1400.0      -1.7      12.3      0.54      2.00      1.80  -9999.00
     1   2005    359    3900.0       1.9       3.9      0.70      2.00      0.00  -9999.00
     1   2005    360    2000.0       0.1       9.6      0.62      2.00      1.10  -9999.00
     1   2005    361    1400.0      -0.8       7.2      0.58      2.00      0.00  -9999.00
     1   2005    362    1500.0       1.4       8.1      0.68      2.00     28.60  -9999.00
     1   2005    363    1500.0       4.8       7.4      0.86      2.00      2.80  -9999.00
     1   2005    364    2500.0       5.7       6.6      0.92      2.00      0.90  -9999.00
     1   2005    365    2900.0       4.1       6.1      0.82      2.00      0.10  -9999.00
