*-----------------------------------------------------------------------------* 
           CNWG_141.met           51.48   -3.55   69.72
* Date created:  08-Aug-2019     Author: K Coleman 
* 
* NIL VALUE       -9999 
* Source:   data provided by M. Semenov 
*  
* Latitude:    51.48 Longitude:    -3.55 Altitude:    69.72
* 
* Column  Daily value 
* 1       station number 
* 2       year 
* 3       day 
* 4       irradiation                   (kJ m-2 d-1) 
* 5       minimum temperature           (degrees Celsius) 
* 6       maximum temperature           (degrees Celsius) 
* 7       early morning vapour pressure (kPa)             
* 8       mean wind speed (height: 2 m?) (m s-1)          
* 9       precipitation                 (mm d-1)          
* 10      sunshine                      (hrs)             
 		Jday	RAD	    TMIN	TMAX	 VAP	wind	RAIN	SUN  
               kj/m2	°C	    °C	     kPa	m/s	    mm	    hrs 
   51.48  69.72
     1   2005      1    4700.0       7.7      10.8      1.05      2.00      0.70  -9999.00
     1   2005      2    4200.0       5.3       9.1      0.89      2.00      0.70  -9999.00
     1   2005      3    1100.0       5.0      10.7      0.87      2.00     14.30  -9999.00
     1   2005      4    3800.0       5.5       7.5      0.90      2.00      0.00  -9999.00
     1   2005      5    3000.0      -1.7       2.4      0.54      2.00      0.00  -9999.00
     1   2005      6     700.0       4.8      12.6      0.86      2.00      7.90  -9999.00
     1   2005      7    2400.0       1.4       3.4      0.68      2.00      0.00  -9999.00
     1   2005      8    5000.0      -5.8       4.3      0.40      2.00      0.20  -9999.00
     1   2005      9    1000.0       1.4       9.4      0.68      2.00      1.10  -9999.00
     1   2005     10    1600.0       7.7      10.6      1.05      2.00      6.00  -9999.00
     1   2005     11    2800.0       5.4      10.0      0.90      2.00      1.60  -9999.00
     1   2005     12    3600.0       3.4       8.8      0.78      2.00      1.70  -9999.00
     1   2005     13    1700.0       2.2       9.2      0.72      2.00     20.50  -9999.00
     1   2005     14     800.0       6.6       9.3      0.97      2.00     10.90  -9999.00
     1   2005     15    3600.0       1.3       6.5      0.67      2.00      0.50  -9999.00
     1   2005     16    1600.0       4.8       9.3      0.86      2.00      0.30  -9999.00
     1   2005     17    1900.0       1.2       9.5      0.67      2.00      0.40  -9999.00
     1   2005     18    2900.0       1.3       9.6      0.67      2.00      5.70  -9999.00
     1   2005     19    1900.0       2.0       9.2      0.71      2.00      1.30  -9999.00
     1   2005     20    4600.0       0.1       8.9      0.62      2.00      9.60  -9999.00
     1   2005     21    3400.0       6.2      10.8      0.95      2.00      6.70  -9999.00
     1   2005     22    2400.0       8.2      10.2      1.09      2.00      0.20  -9999.00
     1   2005     23    5600.0       3.4       5.4      0.78      2.00      0.00  -9999.00
     1   2005     24    3400.0       4.4      10.5      0.84      2.00      0.50  -9999.00
     1   2005     25    2000.0       3.5       5.5      0.78      2.00      0.40  -9999.00
     1   2005     26    6400.0       2.8       6.5      0.75      2.00      0.00  -9999.00
     1   2005     27    3700.0       2.0       5.3      0.71      2.00      0.50  -9999.00
     1   2005     28    1200.0       5.7      11.9      0.92      2.00      6.90  -9999.00
     1   2005     29    2600.0      -1.9      10.7      0.53      2.00      0.00  -9999.00
     1   2005     30    1800.0      -1.8       6.3      0.54      2.00      0.00  -9999.00
     1   2005     31    4400.0      -1.8       2.5      0.54      2.00      0.00  -9999.00
     1   2005     32    3400.0      -2.2       6.8      0.52      2.00      0.00  -9999.00
     1   2005     33    5300.0       2.4       8.4      0.73      2.00      1.00  -9999.00
     1   2005     34    2600.0       4.9      10.1      0.87      2.00      7.30  -9999.00
     1   2005     35    6900.0       5.2       9.1      0.88      2.00      1.00  -9999.00
     1   2005     36    5000.0       5.9       8.8      0.93      2.00      0.90  -9999.00
     1   2005     37    2800.0      -0.4       5.6      0.59      2.00      0.90  -9999.00
     1   2005     38    5200.0       2.2      10.3      0.72      2.00      2.80  -9999.00
     1   2005     39    6500.0       3.5      10.7      0.78      2.00      5.70  -9999.00
     1   2005     40    2500.0       0.2       2.2      0.62      2.00      2.80  -9999.00
     1   2005     41    3000.0       1.1       9.0      0.66      2.00      0.40  -9999.00
     1   2005     42    2700.0       4.8       8.7      0.86      2.00     10.40  -9999.00
     1   2005     43    1300.0       2.5       3.2      0.73      2.00      0.30  -9999.00
     1   2005     44    6600.0       6.1       9.0      0.94      2.00     12.00  -9999.00
     1   2005     45    4600.0      -0.1       7.5      0.61      2.00      0.10  -9999.00
     1   2005     46    4600.0      -1.8       6.2      0.54      2.00      0.00  -9999.00
     1   2005     47    6000.0       3.0      10.3      0.76      2.00      0.00  -9999.00
     1   2005     48    4000.0       1.6      11.1      0.69      2.00      2.90  -9999.00
     1   2005     49    2700.0       6.5      10.4      0.97      2.00      0.30  -9999.00
     1   2005     50    8100.0       1.4      11.6      0.68      2.00      0.60  -9999.00
     1   2005     51    1500.0       5.1       9.7      0.88      2.00      3.50  -9999.00
     1   2005     52    3200.0       7.9       8.4      1.07      2.00      0.20  -9999.00
     1   2005     53   10000.0      -1.6       9.8      0.54      2.00      0.90  -9999.00
     1   2005     54    8900.0      -1.2       6.4      0.56      2.00      3.70  -9999.00
     1   2005     55    4900.0       3.9       8.3      0.81      2.00      0.00  -9999.00
     1   2005     56    2000.0      -3.3      10.7      0.48      2.00     11.50  -9999.00
     1   2005     57    3600.0       2.9      10.1      0.75      2.00     13.00  -9999.00
     1   2005     58    6700.0       5.4       7.4      0.90      2.00      9.70  -9999.00
     1   2005     59    5400.0       7.2      10.5      1.02      2.00      0.90  -9999.00
     1   2005     60    5300.0       2.8       7.0      0.75      2.00      0.20  -9999.00
     1   2005     61    5200.0      -0.3      10.4      0.60      2.00      0.00  -9999.00
     1   2005     62   11800.0       6.7       9.2      0.98      2.00      0.00  -9999.00
     1   2005     63    7000.0       7.5      12.0      1.04      2.00      0.60  -9999.00
     1   2005     64    2600.0       4.8       7.2      0.86      2.00      0.30  -9999.00
     1   2005     65   13000.0       5.3       8.9      0.89      2.00      0.90  -9999.00
     1   2005     66    3700.0       3.7       5.7      0.80      2.00      5.20  -9999.00
     1   2005     67    6800.0       3.7       7.1      0.80      2.00      0.90  -9999.00
     1   2005     68    5700.0       7.9       8.4      1.07      2.00      0.10  -9999.00
     1   2005     69    9100.0       5.8      10.8      0.92      2.00      0.10  -9999.00
     1   2005     70    6400.0       2.9       4.9      0.75      2.00      2.00  -9999.00
     1   2005     71    2800.0       3.1      11.4      0.76      2.00      0.80  -9999.00
     1   2005     72    4400.0       4.7       8.6      0.85      2.00      0.90  -9999.00
     1   2005     73    7700.0       7.4       9.7      1.03      2.00      0.20  -9999.00
     1   2005     74    5100.0       1.3      10.9      0.67      2.00      0.60  -9999.00
     1   2005     75    6800.0       7.7       9.3      1.05      2.00      7.90  -9999.00
     1   2005     76   11200.0       1.8      11.0      0.70      2.00      0.00  -9999.00
     1   2005     77    9500.0       2.3       7.6      0.72      2.00      0.20  -9999.00
     1   2005     78    9100.0       0.8       8.4      0.65      2.00      0.00  -9999.00
     1   2005     79   11900.0       2.2      10.3      0.72      2.00      0.00  -9999.00
     1   2005     80    7800.0      -1.0      10.9      0.57      2.00      1.40  -9999.00
     1   2005     81    5200.0       2.3       8.6      0.72      2.00      1.80  -9999.00
     1   2005     82   10300.0       2.6      11.3      0.74      2.00      4.50  -9999.00
     1   2005     83    6800.0       4.8      10.8      0.86      2.00      0.70  -9999.00
     1   2005     84   15100.0       2.6      15.4      0.74      2.00      0.00  -9999.00
     1   2005     85   10700.0       3.0      10.7      0.76      2.00      2.90  -9999.00
     1   2005     86   10700.0       4.0      11.4      0.81      2.00      0.10  -9999.00
     1   2005     87   10400.0       7.1      12.6      1.01      2.00      3.00  -9999.00
     1   2005     88    5600.0       5.9      13.1      0.93      2.00      4.20  -9999.00
     1   2005     89    8000.0       0.6      10.5      0.64      2.00      8.10  -9999.00
     1   2005     90   11200.0       4.6      10.9      0.85      2.00      1.80  -9999.00
     1   2005     91    8300.0       3.7      10.0      0.80      2.00     10.60  -9999.00
     1   2005     92    9500.0       3.0      12.8      0.76      2.00      9.70  -9999.00
     1   2005     93   14300.0       2.0      11.4      0.71      2.00      9.80  -9999.00
     1   2005     94    6100.0       7.8      12.5      1.06      2.00      1.20  -9999.00
     1   2005     95   14400.0       9.6       9.7      1.20      2.00      0.30  -9999.00
     1   2005     96    7600.0       4.4      12.8      0.84      2.00      0.00  -9999.00
     1   2005     97   20300.0       5.1      12.8      0.88      2.00      0.40  -9999.00
     1   2005     98    7600.0       6.9       9.7      0.99      2.00      3.40  -9999.00
     1   2005     99   11700.0       2.5      10.8      0.73      2.00      5.10  -9999.00
     1   2005    100   17000.0       0.0      13.7      0.61      2.00      0.40  -9999.00
     1   2005    101    5100.0       3.0       9.3      0.76      2.00      1.60  -9999.00
     1   2005    102   12500.0       5.3      10.7      0.89      2.00      1.20  -9999.00
     1   2005    103   14100.0       2.6      14.4      0.74      2.00      0.00  -9999.00
     1   2005    104    7600.0      -0.5      14.2      0.59      2.00      0.00  -9999.00
     1   2005    105   21000.0      -0.6      11.3      0.58      2.00      0.00  -9999.00
     1   2005    106    9800.0       1.0       8.2      0.66      2.00      1.20  -9999.00
     1   2005    107   14500.0       9.9      11.4      1.22      2.00      0.50  -9999.00
     1   2005    108    9700.0       6.4      10.7      0.96      2.00      1.10  -9999.00
     1   2005    109    3400.0       5.8       9.6      0.92      2.00      5.10  -9999.00
     1   2005    110   19900.0       3.9      16.2      0.81      2.00      0.00  -9999.00
     1   2005    111    7300.0       6.7      14.8      0.98      2.00      0.00  -9999.00
     1   2005    112   20600.0       3.1      20.9      0.76      2.00      0.00  -9999.00
     1   2005    113   15700.0       1.0      15.6      0.66      2.00      0.00  -9999.00
     1   2005    114    6800.0       3.1      14.2      0.76      2.00      1.90  -9999.00
     1   2005    115   18500.0       9.8      11.2      1.21      2.00      0.00  -9999.00
     1   2005    116   14000.0       4.7      17.8      0.85      2.00      0.70  -9999.00
     1   2005    117   23600.0       0.1      14.4      0.62      2.00      0.00  -9999.00
     1   2005    118   12600.0       5.8      11.9      0.92      2.00      3.20  -9999.00
     1   2005    119   13200.0      10.3      10.5      1.25      2.00      1.60  -9999.00
     1   2005    120   13700.0       6.6      11.4      0.97      2.00      2.00  -9999.00
     1   2005    121   10900.0       2.6      11.1      0.74      2.00      0.40  -9999.00
     1   2005    122   18700.0       5.7      17.7      0.92      2.00      0.00  -9999.00
     1   2005    123   23400.0       8.4      12.3      1.10      2.00      6.50  -9999.00
     1   2005    124   13700.0       9.9      13.1      1.22      2.00      0.90  -9999.00
     1   2005    125   16400.0       1.5      21.8      0.68      2.00      0.00  -9999.00
     1   2005    126   10300.0       8.0      11.6      1.07      2.00      2.40  -9999.00
     1   2005    127   20700.0       7.5       9.5      1.04      2.00      0.30  -9999.00
     1   2005    128   25200.0      11.5      16.0      1.36      2.00      0.00  -9999.00
     1   2005    129   17700.0       8.7      10.7      1.12      2.00      0.40  -9999.00
     1   2005    130   22200.0       7.6      14.7      1.04      2.00      0.00  -9999.00
     1   2005    131   23300.0       6.1      21.5      0.94      2.00      0.00  -9999.00
     1   2005    132   26800.0      10.5      17.0      1.27      2.00      0.00  -9999.00
     1   2005    133   13300.0      10.7      11.5      1.29      2.00      0.50  -9999.00
     1   2005    134   23400.0      11.2      17.6      1.33      2.00      0.00  -9999.00
     1   2005    135   17000.0       9.5      14.4      1.19      2.00      6.80  -9999.00
     1   2005    136   16200.0      13.8      14.4      1.58      2.00      0.00  -9999.00
     1   2005    137   23600.0      11.7      13.0      1.37      2.00      0.00  -9999.00
     1   2005    138   20100.0       6.8      18.4      0.99      2.00      0.00  -9999.00
     1   2005    139   11000.0      11.1      14.0      1.32      2.00      1.10  -9999.00
     1   2005    140   22000.0      10.9      15.3      1.30      2.00      0.00  -9999.00
     1   2005    141   23200.0       7.2      24.5      1.02      2.00      0.00  -9999.00
     1   2005    142   17800.0      11.9      14.4      1.39      2.00      0.00  -9999.00
     1   2005    143   24700.0      12.7      15.7      1.47      2.00      0.00  -9999.00
     1   2005    144   21300.0      13.2      16.0      1.52      2.00      0.00  -9999.00
     1   2005    145   20600.0      11.9      15.0      1.39      2.00      0.00  -9999.00
     1   2005    146   23700.0       9.3      17.7      1.17      2.00      0.00  -9999.00
     1   2005    147   24500.0       9.3      16.2      1.17      2.00      0.00  -9999.00
     1   2005    148   22600.0       8.2      21.7      1.09      2.00      0.00  -9999.00
     1   2005    149   16900.0       9.3      15.3      1.17      2.00      0.10  -9999.00
     1   2005    150   20600.0       7.3      19.0      1.02      2.00     24.60  -9999.00
     1   2005    151    5900.0      11.2      13.8      1.33      2.00      1.40  -9999.00
     1   2005    152   12100.0       9.3      14.0      1.17      2.00     37.50  -9999.00
     1   2005    153   19900.0      11.5      14.5      1.36      2.00      0.10  -9999.00
     1   2005    154   16400.0       7.3      15.0      1.02      2.00      0.00  -9999.00
     1   2005    155   25600.0       9.8      25.6      1.21      2.00      0.00  -9999.00
     1   2005    156   13000.0       8.5      19.6      1.11      2.00      0.00  -9999.00
     1   2005    157   26300.0       6.4      19.7      0.96      2.00      0.00  -9999.00
     1   2005    158   12200.0      11.5      22.2      1.36      2.00      0.30  -9999.00
     1   2005    159   15200.0       6.0      13.4      0.93      2.00      0.10  -9999.00
     1   2005    160   13200.0       7.2      15.1      1.02      2.00     12.10  -9999.00
     1   2005    161   17800.0       7.4      17.4      1.03      2.00      0.30  -9999.00
     1   2005    162   21200.0      12.8      22.6      1.48      2.00      0.00  -9999.00
     1   2005    163   17800.0       8.6      18.4      1.12      2.00      0.80  -9999.00
     1   2005    164   17700.0       7.9      16.4      1.07      2.00      7.50  -9999.00
     1   2005    165   10900.0       9.0      13.9      1.15      2.00      1.70  -9999.00
     1   2005    166   15000.0       6.5      16.2      0.97      2.00      2.00  -9999.00
     1   2005    167   23700.0      16.0      23.2      1.82      2.00      0.00  -9999.00
     1   2005    168    9300.0      11.9      17.0      1.39      2.00      0.00  -9999.00
     1   2005    169   25900.0       8.0      23.3      1.07      2.00      0.00  -9999.00
     1   2005    170   26400.0       8.6      23.5      1.12      2.00      0.00  -9999.00
     1   2005    171   26400.0       9.0      18.4      1.15      2.00      0.00  -9999.00
     1   2005    172   26100.0      10.4      17.5      1.26      2.00      0.00  -9999.00
     1   2005    173   23800.0      14.7      25.3      1.67      2.00      0.00  -9999.00
     1   2005    174   12700.0       8.7      19.0      1.12      2.00      0.80  -9999.00
     1   2005    175   14800.0      11.7      15.7      1.37      2.00      6.20  -9999.00
     1   2005    176   13900.0      12.9      15.6      1.49      2.00      4.90  -9999.00
     1   2005    177   17300.0      12.1      15.7      1.41      2.00      2.70  -9999.00
     1   2005    178    9100.0      12.7      16.5      1.47      2.00      3.30  -9999.00
     1   2005    179   19700.0      11.5      19.8      1.36      2.00      2.70  -9999.00
     1   2005    180   26400.0      11.0      19.5      1.31      2.00      0.00  -9999.00
     1   2005    181   19200.0       7.3      17.5      1.02      2.00      0.70  -9999.00
     1   2005    182   11700.0      13.6      27.9      1.56      2.00      0.00  -9999.00
     1   2005    183   19100.0      13.0      17.9      1.50      2.00      0.10  -9999.00
     1   2005    184   23400.0      13.2      23.2      1.52      2.00      0.30  -9999.00
     1   2005    185   10700.0      14.0      15.4      1.60      2.00      1.80  -9999.00
     1   2005    186   12400.0      15.3      19.3      1.74      2.00      3.90  -9999.00
     1   2005    187   19600.0      11.3      17.9      1.34      2.00      0.00  -9999.00
     1   2005    188   24700.0      15.1      19.4      1.72      2.00      0.00  -9999.00
     1   2005    189   12000.0      10.2      16.2      1.24      2.00      7.70  -9999.00
     1   2005    190   24700.0      11.7      16.6      1.37      2.00      0.00  -9999.00
     1   2005    191   13800.0      11.6      20.9      1.37      2.00      1.10  -9999.00
     1   2005    192   21700.0      13.9      18.3      1.59      2.00      2.90  -9999.00
     1   2005    193   18300.0      14.5      21.3      1.65      2.00      0.00  -9999.00
     1   2005    194   14400.0      15.0      17.3      1.70      2.00      0.00  -9999.00
     1   2005    195   11000.0      11.9      18.0      1.39      2.00      0.80  -9999.00
     1   2005    196    9300.0      14.8      17.8      1.68      2.00     11.30  -9999.00
     1   2005    197   23500.0      11.9      24.4      1.39      2.00      0.00  -9999.00
     1   2005    198   29000.0      12.4      21.3      1.44      2.00      0.00  -9999.00
     1   2005    199   11800.0      14.2      16.9      1.62      2.00      0.40  -9999.00
     1   2005    200   13000.0      15.0      16.0      1.70      2.00      0.90  -9999.00
     1   2005    201   21200.0      14.0      20.1      1.60      2.00      0.90  -9999.00
     1   2005    202   18800.0      12.8      24.9      1.48      2.00      0.00  -9999.00
     1   2005    203    9100.0      16.8      18.8      1.91      2.00      0.50  -9999.00
     1   2005    204   12900.0      15.4      19.3      1.75      2.00     15.00  -9999.00
     1   2005    205   28200.0      12.8      25.0      1.48      2.00      0.00  -9999.00
     1   2005    206   22900.0      10.1      22.8      1.24      2.00      0.00  -9999.00
     1   2005    207   13900.0      10.9      15.5      1.30      2.00      0.90  -9999.00
     1   2005    208    8700.0      15.1      18.9      1.72      2.00      3.00  -9999.00
     1   2005    209    8600.0      11.8      23.5      1.38      2.00      1.40  -9999.00
     1   2005    210   13600.0      17.0      18.8      1.94      2.00      0.80  -9999.00
     1   2005    211   17200.0      12.9      17.5      1.49      2.00      2.80  -9999.00
     1   2005    212   13200.0      12.5      19.7      1.45      2.00     15.70  -9999.00
     1   2005    213   12100.0      13.0      18.5      1.50      2.00      1.00  -9999.00
     1   2005    214   17800.0      11.2      19.9      1.33      2.00      1.20  -9999.00
     1   2005    215    8000.0      10.3      22.1      1.25      2.00      0.00  -9999.00
     1   2005    216   13400.0      11.2      20.2      1.33      2.00      0.40  -9999.00
     1   2005    217   26400.0      10.6      24.1      1.28      2.00      0.00  -9999.00
     1   2005    218   17000.0      14.4      19.5      1.64      2.00      0.00  -9999.00
     1   2005    219   17100.0      12.9      29.6      1.49      2.00      0.00  -9999.00
     1   2005    220   21500.0      15.5      18.9      1.76      2.00      8.80  -9999.00
     1   2005    221    8300.0       9.4      18.2      1.18      2.00      0.80  -9999.00
     1   2005    222    9700.0      15.8      18.1      1.79      2.00      9.60  -9999.00
     1   2005    223   16900.0      16.8      19.2      1.91      2.00      6.80  -9999.00
     1   2005    224   20400.0      11.5      16.7      1.36      2.00      1.20  -9999.00
     1   2005    225   21600.0      12.0      19.5      1.40      2.00     20.40  -9999.00
     1   2005    226    7200.0      13.8      22.9      1.58      2.00     11.20  -9999.00
     1   2005    227   13600.0      12.8      18.1      1.48      2.00      0.30  -9999.00
     1   2005    228   20200.0      12.9      20.5      1.49      2.00      0.00  -9999.00
     1   2005    229   21200.0      11.5      18.0      1.36      2.00      0.00  -9999.00
     1   2005    230   13600.0      13.4      16.1      1.54      2.00      0.00  -9999.00
     1   2005    231   13600.0      10.4      17.6      1.26      2.00      1.20  -9999.00
     1   2005    232    8800.0      13.3      19.4      1.53      2.00     12.60  -9999.00
     1   2005    233   10500.0       9.8      23.6      1.21      2.00      8.10  -9999.00
     1   2005    234    9100.0      12.9      20.7      1.49      2.00      0.00  -9999.00
     1   2005    235    6800.0      10.6      25.1      1.28      2.00      0.00  -9999.00
     1   2005    236   11800.0      14.3      21.2      1.63      2.00      1.60  -9999.00
     1   2005    237   12100.0      12.4      20.4      1.44      2.00      3.60  -9999.00
     1   2005    238   10700.0       9.3      20.9      1.17      2.00      0.00  -9999.00
     1   2005    239   18000.0       8.8      19.7      1.13      2.00      0.00  -9999.00
     1   2005    240   10100.0      15.0      18.5      1.70      2.00      0.10  -9999.00
     1   2005    241   10000.0      11.9      18.7      1.39      2.00      1.30  -9999.00
     1   2005    242   16800.0      14.7      15.7      1.67      2.00      9.70  -9999.00
     1   2005    243   16500.0      13.4      17.3      1.54      2.00     38.40  -9999.00
     1   2005    244   12800.0       8.3      19.0      1.09      2.00      0.20  -9999.00
     1   2005    245   11900.0      12.0      18.8      1.40      2.00      0.00  -9999.00
     1   2005    246    5700.0      12.7      15.5      1.47      2.00     13.90  -9999.00
     1   2005    247   11300.0      10.1      18.7      1.24      2.00      1.00  -9999.00
     1   2005    248   14200.0      10.3      19.3      1.25      2.00      0.00  -9999.00
     1   2005    249   17700.0       9.0      16.1      1.15      2.00      0.00  -9999.00
     1   2005    250   13300.0       8.6      18.2      1.12      2.00      0.10  -9999.00
     1   2005    251    7700.0      11.8      22.0      1.38      2.00      0.00  -9999.00
     1   2005    252    6600.0      11.4      17.1      1.35      2.00      2.70  -9999.00
     1   2005    253   14400.0      10.8      19.0      1.29      2.00      0.10  -9999.00
     1   2005    254    8700.0      11.3      14.7      1.34      2.00      2.60  -9999.00
     1   2005    255   10100.0      12.9      20.4      1.49      2.00      0.70  -9999.00
     1   2005    256    8200.0       8.8      20.8      1.13      2.00      0.10  -9999.00
     1   2005    257    6200.0       9.7      17.7      1.20      2.00      2.10  -9999.00
     1   2005    258    9000.0      10.0      21.9      1.23      2.00      0.10  -9999.00
     1   2005    259    8400.0      11.8      12.4      1.38      2.00      0.10  -9999.00
     1   2005    260    6200.0       6.3      20.2      0.95      2.00      0.00  -9999.00
     1   2005    261   12000.0      11.4      16.1      1.35      2.00      9.50  -9999.00
     1   2005    262    7600.0      10.2      16.8      1.24      2.00      2.00  -9999.00
     1   2005    263   10500.0       8.4      22.0      1.10      2.00      0.00  -9999.00
     1   2005    264    6600.0      12.3      19.4      1.43      2.00      1.50  -9999.00
     1   2005    265   11600.0       8.3      14.0      1.09      2.00      3.40  -9999.00
     1   2005    266   15700.0       7.2      19.9      1.02      2.00      0.00  -9999.00
     1   2005    267   10800.0       8.4      16.6      1.10      2.00      4.90  -9999.00
     1   2005    268    9600.0      10.8      16.2      1.29      2.00      0.10  -9999.00
     1   2005    269    7500.0      11.6      15.7      1.37      2.00      0.00  -9999.00
     1   2005    270    9300.0      11.5      18.9      1.36      2.00      0.00  -9999.00
     1   2005    271    6100.0       8.2      19.0      1.09      2.00      0.00  -9999.00
     1   2005    272   10100.0      11.2      18.4      1.33      2.00      0.00  -9999.00
     1   2005    273    7500.0      12.9      14.1      1.49      2.00      0.00  -9999.00
     1   2005    274    6700.0       7.4      15.5      1.03      2.00      0.00  -9999.00
     1   2005    275    5500.0       8.6      21.2      1.12      2.00      0.10  -9999.00
     1   2005    276    4000.0      11.6      15.9      1.37      2.00      0.10  -9999.00
     1   2005    277    8900.0      10.6      14.0      1.28      2.00      0.10  -9999.00
     1   2005    278    4100.0      10.0      18.8      1.23      2.00      0.20  -9999.00
     1   2005    279    9500.0       7.9      16.8      1.07      2.00      0.00  -9999.00
     1   2005    280    9600.0      11.9      17.2      1.39      2.00      0.00  -9999.00
     1   2005    281    9500.0       4.8      12.8      0.86      2.00      0.00  -9999.00
     1   2005    282    4200.0       2.5      14.1      0.73      2.00      0.20  -9999.00
     1   2005    283    9800.0       8.0      16.2      1.07      2.00      0.00  -9999.00
     1   2005    284    3900.0       9.4      14.5      1.18      2.00      0.00  -9999.00
     1   2005    285    9700.0       5.9      10.2      0.93      2.00      0.00  -9999.00
     1   2005    286    9200.0       5.7      15.5      0.92      2.00     16.10  -9999.00
     1   2005    287    6000.0      11.3      11.6      1.34      2.00      0.00  -9999.00
     1   2005    288    7700.0       6.9      13.9      0.99      2.00     20.40  -9999.00
     1   2005    289    3000.0      11.7      13.7      1.37      2.00      0.00  -9999.00
     1   2005    290    4400.0       9.9      15.0      1.22      2.00      2.80  -9999.00
     1   2005    291    5000.0       8.7      16.4      1.12      2.00     16.90  -9999.00
     1   2005    292    7900.0       9.1      11.4      1.16      2.00      0.20  -9999.00
     1   2005    293    3400.0       8.6      15.2      1.12      2.00      0.00  -9999.00
     1   2005    294    6800.0       9.7      14.9      1.20      2.00      0.00  -9999.00
     1   2005    295    4800.0      13.1      15.1      1.51      2.00      0.50  -9999.00
     1   2005    296    5000.0      13.3      14.3      1.53      2.00      5.10  -9999.00
     1   2005    297    4600.0       7.3      14.0      1.02      2.00      5.10  -9999.00
     1   2005    298    4900.0       6.7       8.7      0.98      2.00      5.60  -9999.00
     1   2005    299    3800.0       6.6      16.5      0.97      2.00      7.60  -9999.00
     1   2005    300    3500.0       7.0      14.0      1.00      2.00      0.10  -9999.00
     1   2005    301    8500.0       9.7      11.7      1.20      2.00      3.30  -9999.00
     1   2005    302    5000.0       9.2      11.7      1.16      2.00      9.20  -9999.00
     1   2005    303    3100.0      10.1      12.1      1.24      2.00     13.10  -9999.00
     1   2005    304    3000.0       7.3      10.2      1.02      2.00      1.00  -9999.00
     1   2005    305    4700.0      10.1      13.6      1.24      2.00     14.50  -9999.00
     1   2005    306    2700.0       8.8      14.3      1.13      2.00      1.10  -9999.00
     1   2005    307    3500.0       8.8      13.2      1.13      2.00      4.70  -9999.00
     1   2005    308    3300.0       8.1      10.1      1.08      2.00     10.30  -9999.00
     1   2005    309    4600.0       7.3      13.8      1.02      2.00      1.10  -9999.00
     1   2005    310    2400.0       0.8      12.3      0.65      2.00      7.20  -9999.00
     1   2005    311    4200.0      11.9      12.1      1.39      2.00      0.40  -9999.00
     1   2005    312    3400.0      11.5      13.8      1.36      2.00      0.30  -9999.00
     1   2005    313    2400.0       3.1      12.4      0.76      2.00      1.90  -9999.00
     1   2005    314    3500.0       6.7      13.0      0.98      2.00     12.70  -9999.00
     1   2005    315    1800.0       3.6       5.6      0.79      2.00      1.00  -9999.00
     1   2005    316    5100.0       3.4      14.2      0.78      2.00      2.90  -9999.00
     1   2005    317    2700.0       4.4      10.4      0.84      2.00     14.90  -9999.00
     1   2005    318    4800.0       6.2       8.1      0.95      2.00      2.60  -9999.00
     1   2005    319    4600.0       2.5      12.5      0.73      2.00      1.10  -9999.00
     1   2005    320    1100.0       2.6      10.6      0.74      2.00      4.30  -9999.00
     1   2005    321    4600.0       7.1      11.4      1.01      2.00      0.00  -9999.00
     1   2005    322    2900.0      10.4      11.6      1.26      2.00      0.20  -9999.00
     1   2005    323    2000.0       0.3      12.8      0.62      2.00      2.40  -9999.00
     1   2005    324    2100.0       6.5       8.5      0.97      2.00     10.10  -9999.00
     1   2005    325    2200.0       6.9       8.9      0.99      2.00      0.00  -9999.00
     1   2005    326    3400.0       5.1      10.7      0.88      2.00      0.50  -9999.00
     1   2005    327    2400.0       5.2       8.1      0.88      2.00      1.10  -9999.00
     1   2005    328    4500.0       3.6      12.6      0.79      2.00      0.70  -9999.00
     1   2005    329    4900.0       7.1       8.3      1.01      2.00     16.20  -9999.00
     1   2005    330    4600.0       0.2      10.0      0.62      2.00      0.50  -9999.00
     1   2005    331     900.0       2.2       9.7      0.72      2.00      9.20  -9999.00
     1   2005    332    2400.0       8.2      12.1      1.09      2.00     10.30  -9999.00
     1   2005    333    1700.0      -1.3       4.2      0.56      2.00      0.00  -9999.00
     1   2005    334    3000.0       2.7      11.4      0.74      2.00      0.40  -9999.00
     1   2005    335    3100.0       8.7      10.7      1.12      2.00      1.90  -9999.00
     1   2005    336    4100.0      -0.4      11.7      0.59      2.00      0.00  -9999.00
     1   2005    337    2900.0       7.5      13.3      1.04      2.00      6.70  -9999.00
     1   2005    338    2100.0       2.2       9.0      0.72      2.00      0.40  -9999.00
     1   2005    339    1800.0      -4.2      10.9      0.45      2.00      0.00  -9999.00
     1   2005    340    2000.0       7.6       9.8      1.04      2.00      0.00  -9999.00
     1   2005    341    1500.0       1.3      13.6      0.67      2.00      4.00  -9999.00
     1   2005    342    2300.0       1.4       8.7      0.68      2.00     25.50  -9999.00
     1   2005    343    1700.0      -2.2       2.8      0.52      2.00      0.30  -9999.00
     1   2005    344    3000.0       6.9       8.9      0.99      2.00     29.50  -9999.00
     1   2005    345    1900.0       3.7      11.4      0.80      2.00      2.00  -9999.00
     1   2005    346    2400.0      -1.4       6.2      0.55      2.00      7.00  -9999.00
     1   2005    347    2400.0       3.0       6.1      0.76      2.00      2.00  -9999.00
     1   2005    348    1400.0       7.9       9.1      1.07      2.00     11.10  -9999.00
     1   2005    349    2300.0       6.8       7.2      0.99      2.00      8.70  -9999.00
     1   2005    350    1500.0       0.7       7.5      0.64      2.00      4.60  -9999.00
     1   2005    351    1800.0       7.4      10.6      1.03      2.00      0.20  -9999.00
     1   2005    352    2400.0       5.7      10.8      0.92      2.00      0.40  -9999.00
     1   2005    353    1800.0      -3.4      10.6      0.48      2.00      8.10  -9999.00
     1   2005    354    2400.0       2.4       7.7      0.73      2.00      0.90  -9999.00
     1   2005    355     900.0      -4.0       6.1      0.45      2.00      0.10  -9999.00
     1   2005    356    1700.0       4.2       6.2      0.82      2.00      0.20  -9999.00
     1   2005    357    2200.0       4.1       6.5      0.82      2.00      0.00  -9999.00
     1   2005    358    3500.0       3.2      10.2      0.77      2.00      0.00  -9999.00
     1   2005    359    2600.0       5.6       7.6      0.91      2.00      0.00  -9999.00
     1   2005    360    2100.0       2.0       9.6      0.71      2.00      0.00  -9999.00
     1   2005    361    1200.0       5.0      12.8      0.87      2.00      0.40  -9999.00
     1   2005    362    4200.0      -0.6      10.4      0.58      2.00      0.00  -9999.00
     1   2005    363    1600.0       1.2       6.4      0.67      2.00      0.00  -9999.00
     1   2005    364     700.0       6.4      11.5      0.96      2.00      0.10  -9999.00
     1   2005    365    1800.0       1.4       5.0      0.68      2.00      0.00  -9999.00
