*-----------------------------------------------------------------------------* 
           CNWG_184.met           51.48   -3.55   69.72
* Date created:  08-Aug-2019     Author: K Coleman 
* 
* NIL VALUE       -9999 
* Source:   data provided by M. Semenov 
*  
* Latitude:    51.48 Longitude:    -3.55 Altitude:    69.72
* 
* Column  Daily value 
* 1       station number 
* 2       year 
* 3       day 
* 4       irradiation                   (kJ m-2 d-1) 
* 5       minimum temperature           (degrees Celsius) 
* 6       maximum temperature           (degrees Celsius) 
* 7       early morning vapour pressure (kPa)             
* 8       mean wind speed (height: 2 m?) (m s-1)          
* 9       precipitation                 (mm d-1)          
* 10      sunshine                      (hrs)             
 		Jday	RAD	    TMIN	TMAX	 VAP	wind	RAIN	SUN  
               kj/m2	°C	    °C	     kPa	m/s	    mm	    hrs 
   51.48  69.72
     1   2005      1    1800.0       2.3       9.0      0.72      2.00      0.00  -9999.00
     1   2005      2    2400.0      -0.2      10.5      0.60      2.00      3.40  -9999.00
     1   2005      3    2200.0       2.6       4.6      0.74      2.00      0.20  -9999.00
     1   2005      4    1300.0      -0.1      11.9      0.61      2.00      6.50  -9999.00
     1   2005      5    3000.0       1.0       5.8      0.66      2.00      0.00  -9999.00
     1   2005      6    2700.0       3.6       5.6      0.79      2.00      0.00  -9999.00
     1   2005      7     800.0       3.8       9.7      0.80      2.00     10.00  -9999.00
     1   2005      8    2100.0       8.2      12.1      1.09      2.00      6.10  -9999.00
     1   2005      9    1800.0       4.7       9.3      0.85      2.00      2.80  -9999.00
     1   2005     10    3300.0       4.7       6.7      0.85      2.00      1.90  -9999.00
     1   2005     11     800.0       3.0      10.0      0.76      2.00      1.70  -9999.00
     1   2005     12    2300.0       3.9       5.9      0.81      2.00      3.00  -9999.00
     1   2005     13    2900.0       2.3      12.0      0.72      2.00      0.60  -9999.00
     1   2005     14    1700.0       3.4       5.4      0.78      2.00      3.20  -9999.00
     1   2005     15    2800.0       1.9       9.1      0.70      2.00      0.00  -9999.00
     1   2005     16    1800.0       0.6       6.1      0.64      2.00      0.00  -9999.00
     1   2005     17    2000.0       4.4       5.2      0.84      2.00      0.00  -9999.00
     1   2005     18    3900.0       1.4       6.5      0.68      2.00      0.00  -9999.00
     1   2005     19    2200.0       4.8       8.3      0.86      2.00      3.10  -9999.00
     1   2005     20    3500.0       3.7       7.9      0.80      2.00      0.00  -9999.00
     1   2005     21    5300.0       8.0       9.2      1.07      2.00      8.30  -9999.00
     1   2005     22    1500.0       7.4      10.2      1.03      2.00      9.50  -9999.00
     1   2005     23    6200.0       5.0       6.4      0.87      2.00      0.00  -9999.00
     1   2005     24    2300.0       1.6      11.1      0.69      2.00      2.60  -9999.00
     1   2005     25    1500.0       8.5       9.5      1.11      2.00      3.70  -9999.00
     1   2005     26    2900.0       0.7      10.1      0.64      2.00      0.70  -9999.00
     1   2005     27    6600.0       1.4      10.7      0.68      2.00      0.00  -9999.00
     1   2005     28    6700.0      -0.3       7.7      0.60      2.00      1.00  -9999.00
     1   2005     29    2400.0       3.1      10.4      0.76      2.00      2.40  -9999.00
     1   2005     30    2600.0      -1.7      11.2      0.54      2.00      4.70  -9999.00
     1   2005     31    2200.0       3.0       7.4      0.76      2.00      8.70  -9999.00
     1   2005     32    2300.0       1.2       9.9      0.67      2.00      1.00  -9999.00
     1   2005     33    4600.0      -1.6       1.4      0.54      2.00      0.00  -9999.00
     1   2005     34    3200.0       0.4       7.3      0.63      2.00      0.30  -9999.00
     1   2005     35    2500.0       3.9       5.9      0.81      2.00      7.50  -9999.00
     1   2005     36    2700.0      -1.4       8.8      0.55      2.00      0.20  -9999.00
     1   2005     37    1600.0       7.1       9.1      1.01      2.00      3.20  -9999.00
     1   2005     38    3200.0       6.4      10.0      0.96      2.00      0.80  -9999.00
     1   2005     39    3700.0      -0.4       9.4      0.59      2.00      0.30  -9999.00
     1   2005     40    7200.0       3.3       5.4      0.77      2.00      2.00  -9999.00
     1   2005     41    2800.0       5.8       6.8      0.92      2.00      2.30  -9999.00
     1   2005     42    5800.0      -1.0      11.9      0.57      2.00      0.20  -9999.00
     1   2005     43    4500.0       3.6       8.9      0.79      2.00      1.40  -9999.00
     1   2005     44    4000.0       4.5       9.8      0.84      2.00      0.00  -9999.00
     1   2005     45    1500.0       2.9       7.9      0.75      2.00      0.70  -9999.00
     1   2005     46    8400.0       5.1       8.6      0.88      2.00      4.70  -9999.00
     1   2005     47    4600.0       3.2      10.0      0.77      2.00      1.10  -9999.00
     1   2005     48    6100.0      -1.8       7.4      0.54      2.00      2.30  -9999.00
     1   2005     49    6500.0       6.1       9.8      0.94      2.00      1.90  -9999.00
     1   2005     50   10000.0       5.5       6.4      0.90      2.00      0.00  -9999.00
     1   2005     51    1600.0       3.5       7.8      0.78      2.00      2.40  -9999.00
     1   2005     52    3800.0       5.5       9.3      0.90      2.00      2.90  -9999.00
     1   2005     53    6700.0       4.7       8.5      0.85      2.00      0.30  -9999.00
     1   2005     54    1600.0       3.3      10.4      0.77      2.00      5.80  -9999.00
     1   2005     55   10300.0       2.9       4.9      0.75      2.00      0.00  -9999.00
     1   2005     56    4900.0      -0.3       0.3      0.60      2.00      0.00  -9999.00
     1   2005     57    4700.0       3.7      11.1      0.80      2.00      4.40  -9999.00
     1   2005     58    4600.0       3.3      11.2      0.77      2.00      2.60  -9999.00
     1   2005     59    7700.0       0.5       8.0      0.63      2.00     11.60  -9999.00
     1   2005     60    1800.0       7.1       9.6      1.01      2.00      5.30  -9999.00
     1   2005     61    6000.0       6.3       8.3      0.95      2.00      6.80  -9999.00
     1   2005     62    9700.0       0.4      11.2      0.63      2.00      5.30  -9999.00
     1   2005     63    4400.0       2.3       9.3      0.72      2.00      0.10  -9999.00
     1   2005     64    7300.0       3.8       9.5      0.80      2.00      5.40  -9999.00
     1   2005     65    4500.0       7.0       9.0      1.00      2.00      6.60  -9999.00
     1   2005     66    3600.0       3.2      11.5      0.77      2.00      0.20  -9999.00
     1   2005     67    4500.0       0.9       6.1      0.65      2.00      0.20  -9999.00
     1   2005     68    4800.0       8.7      12.2      1.12      2.00      8.50  -9999.00
     1   2005     69    9700.0       4.5       9.9      0.84      2.00      3.60  -9999.00
     1   2005     70   10000.0       5.3      12.2      0.89      2.00      4.20  -9999.00
     1   2005     71    6400.0       7.0      10.0      1.00      2.00      0.10  -9999.00
     1   2005     72    4200.0       4.4       5.3      0.84      2.00      0.00  -9999.00
     1   2005     73   10300.0       5.1      10.4      0.88      2.00     14.20  -9999.00
     1   2005     74    6400.0       3.7      10.7      0.80      2.00      0.70  -9999.00
     1   2005     75    5800.0       7.1      10.1      1.01      2.00      1.90  -9999.00
     1   2005     76    7000.0       7.2      10.2      1.02      2.00      0.50  -9999.00
     1   2005     77    4700.0       8.9      12.2      1.14      2.00      0.20  -9999.00
     1   2005     78    8400.0       5.0      11.9      0.87      2.00     11.50  -9999.00
     1   2005     79    9900.0       0.6       6.8      0.64      2.00      0.00  -9999.00
     1   2005     80    3900.0       7.0      12.1      1.00      2.00      8.90  -9999.00
     1   2005     81   13800.0       0.5       9.5      0.63      2.00      0.00  -9999.00
     1   2005     82   10400.0       7.9       8.7      1.07      2.00      7.90  -9999.00
     1   2005     83   12000.0       5.6      10.1      0.91      2.00     10.00  -9999.00
     1   2005     84    6200.0       8.2       9.2      1.09      2.00      1.90  -9999.00
     1   2005     85    7900.0       5.6      10.8      0.91      2.00      1.80  -9999.00
     1   2005     86    2900.0       6.4      13.1      0.96      2.00      0.00  -9999.00
     1   2005     87    5600.0       8.8      11.2      1.13      2.00      0.00  -9999.00
     1   2005     88    7200.0       4.3       7.9      0.83      2.00      5.60  -9999.00
     1   2005     89   10800.0       5.5      12.7      0.90      2.00      5.20  -9999.00
     1   2005     90   10100.0       8.0      11.1      1.07      2.00      1.00  -9999.00
     1   2005     91   11300.0       4.7      12.3      0.85      2.00      2.00  -9999.00
     1   2005     92    2800.0       8.2      11.6      1.09      2.00      0.40  -9999.00
     1   2005     93    5200.0       3.3       9.2      0.77      2.00      1.00  -9999.00
     1   2005     94    9400.0       1.1      13.9      0.66      2.00      0.00  -9999.00
     1   2005     95   19800.0       4.6       9.9      0.85      2.00      0.00  -9999.00
     1   2005     96    7300.0       8.3       9.0      1.09      2.00      0.30  -9999.00
     1   2005     97    5900.0       2.9      11.6      0.75      2.00      4.20  -9999.00
     1   2005     98    9500.0       4.2       9.8      0.82      2.00      0.80  -9999.00
     1   2005     99    3000.0       2.8       9.8      0.75      2.00      4.50  -9999.00
     1   2005    100   18500.0       6.1      12.4      0.94      2.00      0.00  -9999.00
     1   2005    101   16600.0       6.7       8.7      0.98      2.00      0.60  -9999.00
     1   2005    102    4900.0       5.8       6.4      0.92      2.00      9.70  -9999.00
     1   2005    103   11700.0      -0.1      10.4      0.61      2.00      3.40  -9999.00
     1   2005    104   16100.0       5.9       9.7      0.93      2.00      0.00  -9999.00
     1   2005    105   20400.0      -0.4      11.1      0.59      2.00     12.40  -9999.00
     1   2005    106   14400.0       3.2      15.0      0.77      2.00      0.40  -9999.00
     1   2005    107    6300.0       7.3      10.1      1.02      2.00      4.10  -9999.00
     1   2005    108    9500.0       2.5      12.8      0.73      2.00      0.60  -9999.00
     1   2005    109   18400.0       4.6      13.4      0.85      2.00      0.50  -9999.00
     1   2005    110   11400.0       6.2      14.7      0.95      2.00      0.30  -9999.00
     1   2005    111    9700.0       7.4      10.1      1.03      2.00      2.60  -9999.00
     1   2005    112    9000.0       4.9      11.1      0.87      2.00      4.70  -9999.00
     1   2005    113   18900.0       8.8      12.2      1.13      2.00      2.40  -9999.00
     1   2005    114   15600.0       3.0      11.3      0.76      2.00      0.30  -9999.00
     1   2005    115   15900.0       6.4      12.3      0.96      2.00      3.20  -9999.00
     1   2005    116   15700.0       7.0      11.2      1.00      2.00      0.00  -9999.00
     1   2005    117   15200.0       6.8      12.0      0.99      2.00      0.70  -9999.00
     1   2005    118    9400.0       5.0      14.4      0.87      2.00      0.60  -9999.00
     1   2005    119   20400.0       9.3      13.1      1.17      2.00      1.10  -9999.00
     1   2005    120   21100.0      10.5      11.2      1.27      2.00      0.30  -9999.00
     1   2005    121   22000.0       7.0      22.9      1.00      2.00      0.00  -9999.00
     1   2005    122   19900.0       9.9      13.5      1.22      2.00      0.00  -9999.00
     1   2005    123   15300.0       4.7      12.2      0.85      2.00      0.00  -9999.00
     1   2005    124   12900.0       4.4      19.6      0.84      2.00      7.90  -9999.00
     1   2005    125   11200.0       6.7      10.0      0.98      2.00      2.10  -9999.00
     1   2005    126   10600.0      10.2      11.7      1.24      2.00      0.70  -9999.00
     1   2005    127   19600.0       8.3      11.6      1.09      2.00     13.00  -9999.00
     1   2005    128    4100.0       3.6      13.4      0.79      2.00      0.80  -9999.00
     1   2005    129   16700.0       1.5      10.4      0.68      2.00      1.00  -9999.00
     1   2005    130   23400.0       8.0      13.3      1.07      2.00      0.00  -9999.00
     1   2005    131   21400.0       6.7      15.2      0.98      2.00      0.00  -9999.00
     1   2005    132   24700.0       4.0      12.5      0.81      2.00      0.00  -9999.00
     1   2005    133    9300.0       8.7      12.9      1.12      2.00      0.00  -9999.00
     1   2005    134   21500.0       5.8      21.3      0.92      2.00      0.00  -9999.00
     1   2005    135    9200.0      12.0      12.6      1.40      2.00      0.00  -9999.00
     1   2005    136   17900.0       5.3      20.8      0.89      2.00      0.00  -9999.00
     1   2005    137   11400.0       5.1      12.3      0.88      2.00      0.00  -9999.00
     1   2005    138   19400.0      13.9      18.1      1.59      2.00      0.00  -9999.00
     1   2005    139   16100.0      10.8      15.3      1.29      2.00      0.00  -9999.00
     1   2005    140   18000.0       7.9      14.4      1.07      2.00      4.10  -9999.00
     1   2005    141   15000.0      12.0      14.4      1.40      2.00      0.00  -9999.00
     1   2005    142   17800.0      11.2      13.6      1.33      2.00      0.00  -9999.00
     1   2005    143   11100.0       7.3      15.9      1.02      2.00      0.10  -9999.00
     1   2005    144   22700.0      10.3      15.5      1.25      2.00      0.00  -9999.00
     1   2005    145   23700.0       8.0      23.4      1.07      2.00      0.00  -9999.00
     1   2005    146   12300.0      15.8      18.7      1.79      2.00      0.00  -9999.00
     1   2005    147   22700.0      13.7      18.1      1.57      2.00      0.00  -9999.00
     1   2005    148   21600.0      11.2      16.0      1.33      2.00      0.00  -9999.00
     1   2005    149   29100.0      14.7      23.8      1.67      2.00      0.00  -9999.00
     1   2005    150   16500.0      12.2      16.8      1.42      2.00      0.00  -9999.00
     1   2005    151   16700.0       9.4      19.8      1.18      2.00      0.00  -9999.00
     1   2005    152   16200.0      10.9      20.9      1.30      2.00      0.00  -9999.00
     1   2005    153   25000.0      10.0      13.9      1.23      2.00      0.00  -9999.00
     1   2005    154   17500.0       3.6      14.3      0.79      2.00      0.00  -9999.00
     1   2005    155   18800.0       9.4      23.7      1.18      2.00      0.00  -9999.00
     1   2005    156   13800.0       5.7      15.5      0.92      2.00      0.00  -9999.00
     1   2005    157   21600.0      11.3      24.6      1.34      2.00      0.00  -9999.00
     1   2005    158   18600.0       8.1      23.7      1.08      2.00      0.00  -9999.00
     1   2005    159   21000.0       5.5      14.7      0.90      2.00      5.90  -9999.00
     1   2005    160   23000.0       7.9      26.1      1.07      2.00      0.00  -9999.00
     1   2005    161   27600.0       7.8      17.4      1.06      2.00      0.00  -9999.00
     1   2005    162   18300.0       9.7      14.5      1.20      2.00      0.00  -9999.00
     1   2005    163   20800.0      11.6      14.7      1.37      2.00      5.80  -9999.00
     1   2005    164   17900.0      11.2      17.5      1.33      2.00      0.00  -9999.00
     1   2005    165   15900.0      13.3      14.7      1.53      2.00      0.10  -9999.00
     1   2005    166   21700.0      13.8      15.8      1.58      2.00      0.80  -9999.00
     1   2005    167   19200.0      12.8      23.0      1.48      2.00      0.00  -9999.00
     1   2005    168   15500.0       9.5      17.5      1.19      2.00      0.30  -9999.00
     1   2005    169   10800.0      11.7      17.2      1.37      2.00      0.80  -9999.00
     1   2005    170   11100.0      13.4      18.2      1.54      2.00      0.10  -9999.00
     1   2005    171   14500.0      12.8      16.7      1.48      2.00      0.10  -9999.00
     1   2005    172   17300.0      15.1      17.7      1.72      2.00      0.00  -9999.00
     1   2005    173   30500.0       9.9      23.0      1.22      2.00      0.00  -9999.00
     1   2005    174   28100.0       9.0      18.2      1.15      2.00      0.00  -9999.00
     1   2005    175   16700.0      10.3      17.6      1.25      2.00      0.00  -9999.00
     1   2005    176   11500.0       8.6      17.7      1.12      2.00      0.20  -9999.00
     1   2005    177    8900.0      10.5      16.7      1.27      2.00      0.40  -9999.00
     1   2005    178   27300.0      11.1      16.0      1.32      2.00      0.00  -9999.00
     1   2005    179   23900.0       5.8      20.6      0.92      2.00      0.00  -9999.00
     1   2005    180    4500.0      10.7      18.9      1.29      2.00     16.50  -9999.00
     1   2005    181   15300.0      10.7      18.5      1.29      2.00      0.00  -9999.00
     1   2005    182   16500.0      13.1      24.6      1.51      2.00      1.70  -9999.00
     1   2005    183   22600.0      13.3      19.5      1.53      2.00      0.00  -9999.00
     1   2005    184   10500.0      17.1      17.8      1.95      2.00      4.90  -9999.00
     1   2005    185    9700.0      13.2      22.8      1.52      2.00      0.90  -9999.00
     1   2005    186   17900.0      12.2      16.6      1.42      2.00      0.30  -9999.00
     1   2005    187   22500.0       7.6      28.4      1.04      2.00     29.60  -9999.00
     1   2005    188   10300.0      10.6      17.9      1.28      2.00      0.10  -9999.00
     1   2005    189   11500.0      13.2      19.9      1.52      2.00      0.20  -9999.00
     1   2005    190   20500.0      14.0      19.2      1.60      2.00      0.70  -9999.00
     1   2005    191   22800.0      10.1      18.0      1.24      2.00      0.60  -9999.00
     1   2005    192   18700.0      14.5      19.9      1.65      2.00      4.30  -9999.00
     1   2005    193    9400.0      12.2      26.6      1.42      2.00      4.00  -9999.00
     1   2005    194   20300.0      11.9      18.4      1.39      2.00     32.90  -9999.00
     1   2005    195   16600.0      14.2      30.0      1.62      2.00      0.00  -9999.00
     1   2005    196   28400.0      10.3      22.3      1.25      2.00      0.00  -9999.00
     1   2005    197   17800.0      13.6      23.5      1.56      2.00      0.00  -9999.00
     1   2005    198   23900.0      12.9      20.8      1.49      2.00      0.00  -9999.00
     1   2005    199   13000.0      11.4      21.9      1.35      2.00      0.00  -9999.00
     1   2005    200   15300.0      16.3      17.1      1.85      2.00      9.50  -9999.00
     1   2005    201   23800.0      13.5      16.4      1.55      2.00      9.20  -9999.00
     1   2005    202    6800.0      15.9      16.5      1.81      2.00      0.20  -9999.00
     1   2005    203   18500.0       9.4      18.3      1.18      2.00      0.10  -9999.00
     1   2005    204   12700.0      13.8      22.2      1.58      2.00      0.30  -9999.00
     1   2005    205    9300.0      16.7      18.8      1.90      2.00      0.30  -9999.00
     1   2005    206   14300.0      13.7      22.4      1.57      2.00      0.10  -9999.00
     1   2005    207   18700.0      14.1      26.6      1.61      2.00      0.00  -9999.00
     1   2005    208   15500.0      13.3      16.7      1.53      2.00      0.00  -9999.00
     1   2005    209   22200.0      13.0      24.1      1.50      2.00      0.00  -9999.00
     1   2005    210   16100.0      14.4      16.1      1.64      2.00      0.10  -9999.00
     1   2005    211   26200.0      10.6      22.5      1.28      2.00      0.30  -9999.00
     1   2005    212   16200.0      13.7      16.2      1.57      2.00      0.00  -9999.00
     1   2005    213    7900.0      12.6      21.5      1.46      2.00      0.70  -9999.00
     1   2005    214   23300.0      14.2      19.1      1.62      2.00      0.00  -9999.00
     1   2005    215   14100.0      10.6      19.3      1.28      2.00      0.00  -9999.00
     1   2005    216   18600.0      13.4      21.5      1.54      2.00      3.10  -9999.00
     1   2005    217   16700.0      14.5      18.8      1.65      2.00      0.30  -9999.00
     1   2005    218   17200.0      15.7      20.5      1.78      2.00      0.00  -9999.00
     1   2005    219   19900.0      12.5      24.3      1.45      2.00      0.00  -9999.00
     1   2005    220   15800.0      12.1      17.8      1.41      2.00      8.20  -9999.00
     1   2005    221   23100.0      15.4      21.8      1.75      2.00      0.00  -9999.00
     1   2005    222   11500.0      14.5      18.0      1.65      2.00     25.60  -9999.00
     1   2005    223    8800.0      13.0      22.0      1.50      2.00     11.60  -9999.00
     1   2005    224   19100.0      15.6      18.7      1.77      2.00      0.00  -9999.00
     1   2005    225   24900.0      13.3      18.6      1.53      2.00      0.00  -9999.00
     1   2005    226   13000.0      16.4      23.0      1.86      2.00      0.00  -9999.00
     1   2005    227   17600.0      11.5      19.6      1.36      2.00      0.00  -9999.00
     1   2005    228   20100.0      13.8      20.4      1.58      2.00      4.80  -9999.00
     1   2005    229   10800.0      17.3      18.0      1.97      2.00      1.20  -9999.00
     1   2005    230    7100.0      16.7      17.7      1.90      2.00      7.90  -9999.00
     1   2005    231   11100.0       9.8      22.0      1.21      2.00     11.10  -9999.00
     1   2005    232   15500.0      13.0      16.8      1.50      2.00      0.20  -9999.00
     1   2005    233   12900.0      11.5      22.6      1.36      2.00      0.00  -9999.00
     1   2005    234   20500.0      12.0      21.3      1.40      2.00      0.00  -9999.00
     1   2005    235   19800.0      14.4      15.2      1.64      2.00      0.00  -9999.00
     1   2005    236   19800.0      14.7      18.4      1.67      2.00      0.00  -9999.00
     1   2005    237   17900.0      10.1      19.9      1.24      2.00      0.00  -9999.00
     1   2005    238    9800.0       7.9      19.1      1.07      2.00      1.70  -9999.00
     1   2005    239   12900.0      17.3      24.0      1.97      2.00      0.00  -9999.00
     1   2005    240   17500.0      13.6      27.3      1.56      2.00      0.00  -9999.00
     1   2005    241    5400.0      15.4      18.7      1.75      2.00      0.10  -9999.00
     1   2005    242   10400.0      15.0      21.2      1.70      2.00      0.10  -9999.00
     1   2005    243    6300.0       8.9      18.1      1.14      2.00      1.90  -9999.00
     1   2005    244   12200.0       9.7      20.7      1.20      2.00     14.80  -9999.00
     1   2005    245    7500.0      14.8      18.8      1.68      2.00     11.90  -9999.00
     1   2005    246   20200.0      11.7      18.7      1.37      2.00      0.00  -9999.00
     1   2005    247   14600.0       9.3      17.6      1.17      2.00      0.10  -9999.00
     1   2005    248    5800.0      11.5      18.6      1.36      2.00      4.60  -9999.00
     1   2005    249   14300.0      13.3      20.8      1.53      2.00      0.30  -9999.00
     1   2005    250    9200.0      13.0      17.2      1.50      2.00      9.10  -9999.00
     1   2005    251   14000.0      11.9      20.5      1.39      2.00     31.60  -9999.00
     1   2005    252   13200.0      13.0      16.9      1.50      2.00      0.70  -9999.00
     1   2005    253   10100.0      10.4      18.9      1.26      2.00      0.00  -9999.00
     1   2005    254   18700.0      11.4      18.2      1.35      2.00      0.00  -9999.00
     1   2005    255    8100.0      12.4      17.6      1.44      2.00     28.10  -9999.00
     1   2005    256    6300.0       9.0      16.9      1.15      2.00      0.10  -9999.00
     1   2005    257    6000.0      11.8      20.0      1.38      2.00      1.00  -9999.00
     1   2005    258    6800.0      12.5      15.3      1.45      2.00      1.60  -9999.00
     1   2005    259    9900.0      14.4      15.5      1.64      2.00      2.70  -9999.00
     1   2005    260    6500.0      15.2      19.2      1.73      2.00      0.10  -9999.00
     1   2005    261   12400.0       8.4      15.5      1.10      2.00      0.00  -9999.00
     1   2005    262   11000.0      13.5      17.5      1.55      2.00      1.60  -9999.00
     1   2005    263    8000.0      11.7      19.0      1.37      2.00      5.40  -9999.00
     1   2005    264    5300.0       8.5      15.3      1.11      2.00      0.10  -9999.00
     1   2005    265   12100.0       9.6      19.1      1.20      2.00      3.90  -9999.00
     1   2005    266   13000.0       8.1      18.9      1.08      2.00      0.00  -9999.00
     1   2005    267    6200.0      11.3      15.7      1.34      2.00      2.50  -9999.00
     1   2005    268    8400.0      15.2      17.2      1.73      2.00      3.30  -9999.00
     1   2005    269   10700.0      15.5      21.5      1.76      2.00      0.00  -9999.00
     1   2005    270   10500.0       8.1      15.7      1.08      2.00     22.80  -9999.00
     1   2005    271   11400.0      12.0      16.7      1.40      2.00      7.90  -9999.00
     1   2005    272    4300.0       9.4      19.0      1.18      2.00      1.40  -9999.00
     1   2005    273    4500.0       3.1      15.1      0.76      2.00      0.20  -9999.00
     1   2005    274    6200.0      12.1      15.9      1.41      2.00      1.10  -9999.00
     1   2005    275    5100.0      13.2      17.7      1.52      2.00      3.30  -9999.00
     1   2005    276    4000.0      12.8      14.6      1.48      2.00     20.80  -9999.00
     1   2005    277   11100.0       6.1      13.6      0.94      2.00      0.00  -9999.00
     1   2005    278   10800.0       9.5      17.0      1.19      2.00      0.00  -9999.00
     1   2005    279    8200.0      11.7      13.7      1.37      2.00      0.00  -9999.00
     1   2005    280    4400.0       6.6      18.0      0.97      2.00      0.00  -9999.00
     1   2005    281    5000.0       7.9      14.3      1.07      2.00     10.10  -9999.00
     1   2005    282    4400.0      10.5      11.1      1.27      2.00      0.00  -9999.00
     1   2005    283    9100.0       6.9      15.8      0.99      2.00      0.00  -9999.00
     1   2005    284    4700.0       1.6      15.6      0.69      2.00      0.00  -9999.00
     1   2005    285   10000.0       9.3      10.7      1.17      2.00      0.00  -9999.00
     1   2005    286    8500.0      11.1      15.7      1.32      2.00      0.00  -9999.00
     1   2005    287    3500.0       8.8      10.8      1.13      2.00      0.40  -9999.00
     1   2005    288    7200.0      11.2      14.0      1.33      2.00      0.00  -9999.00
     1   2005    289    5700.0      14.0      16.7      1.60      2.00      0.60  -9999.00
     1   2005    290    2000.0       8.0      17.3      1.07      2.00     19.90  -9999.00
     1   2005    291    6200.0      14.2      15.7      1.62      2.00      5.50  -9999.00
     1   2005    292    3200.0       8.8      12.7      1.13      2.00     15.00  -9999.00
     1   2005    293    4800.0       9.7      11.1      1.20      2.00     15.00  -9999.00
     1   2005    294    8900.0       9.7      12.8      1.20      2.00      0.00  -9999.00
     1   2005    295    7200.0       9.3      18.1      1.17      2.00      0.00  -9999.00
     1   2005    296    7300.0       8.5       8.7      1.11      2.00      0.00  -9999.00
     1   2005    297    7700.0       8.8      10.8      1.13      2.00      0.00  -9999.00
     1   2005    298    4600.0       1.5       5.9      0.68      2.00      1.40  -9999.00
     1   2005    299    6000.0       9.9      13.7      1.22      2.00      1.00  -9999.00
     1   2005    300    7900.0       1.6      14.8      0.69      2.00      0.00  -9999.00
     1   2005    301    3900.0       7.4       7.9      1.03      2.00      0.00  -9999.00
     1   2005    302    8700.0       2.5      11.1      0.73      2.00      0.00  -9999.00
     1   2005    303    3100.0       7.8      16.5      1.06      2.00      0.00  -9999.00
     1   2005    304    2300.0       2.9      14.6      0.75      2.00      0.00  -9999.00
     1   2005    305    8200.0       4.7      11.6      0.85      2.00      0.00  -9999.00
     1   2005    306    4300.0       3.5      13.7      0.78      2.00      0.00  -9999.00
     1   2005    307    6100.0       4.4      13.9      0.84      2.00      0.00  -9999.00
     1   2005    308    2600.0       1.1      11.5      0.66      2.00      0.70  -9999.00
     1   2005    309    6300.0       7.3       8.7      1.02      2.00      0.40  -9999.00
     1   2005    310    3300.0       8.1      12.5      1.08      2.00      9.10  -9999.00
     1   2005    311    3500.0       7.9      12.9      1.07      2.00     19.80  -9999.00
     1   2005    312    7200.0       7.2      15.8      1.02      2.00      0.00  -9999.00
     1   2005    313    3400.0       7.5      12.6      1.04      2.00      0.00  -9999.00
     1   2005    314    3900.0       2.3       7.8      0.72      2.00      0.00  -9999.00
     1   2005    315    2800.0       7.5      12.9      1.04      2.00      1.70  -9999.00
     1   2005    316    2000.0       3.7       5.7      0.80      2.00      9.40  -9999.00
     1   2005    317    4400.0       2.6       9.4      0.74      2.00      0.00  -9999.00
     1   2005    318    3900.0       3.6      13.3      0.79      2.00      7.90  -9999.00
     1   2005    319    4900.0       8.7      10.8      1.12      2.00      0.50  -9999.00
     1   2005    320    2300.0      -1.1       7.4      0.56      2.00      0.00  -9999.00
     1   2005    321    2400.0       9.0      10.1      1.15      2.00      1.10  -9999.00
     1   2005    322    5100.0      10.0      12.0      1.23      2.00      0.00  -9999.00
     1   2005    323    1800.0       5.0      10.8      0.87      2.00      0.00  -9999.00
     1   2005    324    2100.0       7.8       9.7      1.06      2.00      2.00  -9999.00
     1   2005    325    2900.0       7.7      11.3      1.05      2.00      0.00  -9999.00
     1   2005    326    3000.0       5.8       7.8      0.92      2.00      0.00  -9999.00
     1   2005    327    5100.0      -2.3       9.1      0.52      2.00      0.00  -9999.00
     1   2005    328    1700.0       7.5       9.5      1.04      2.00      2.20  -9999.00
     1   2005    329    2000.0       4.5       7.4      0.84      2.00      3.20  -9999.00
     1   2005    330    2800.0      -1.2      10.4      0.56      2.00      4.10  -9999.00
     1   2005    331    1900.0       6.5      12.1      0.97      2.00     10.70  -9999.00
     1   2005    332    3600.0       8.3      10.4      1.09      2.00      6.10  -9999.00
     1   2005    333    3200.0       7.6       9.6      1.04      2.00     17.40  -9999.00
     1   2005    334    3200.0       5.6       9.7      0.91      2.00      7.10  -9999.00
     1   2005    335    1700.0       1.8      13.5      0.70      2.00      1.60  -9999.00
     1   2005    336     700.0      11.1      13.3      1.32      2.00      3.80  -9999.00
     1   2005    337    1300.0       3.4      10.0      0.78      2.00      1.00  -9999.00
     1   2005    338    2500.0       7.0      11.9      1.00      2.00      4.20  -9999.00
     1   2005    339    4000.0       5.0      10.3      0.87      2.00      0.50  -9999.00
     1   2005    340    1000.0      -1.7      10.7      0.54      2.00      6.00  -9999.00
     1   2005    341    4300.0      -0.6      11.5      0.58      2.00      0.50  -9999.00
     1   2005    342    1900.0       3.3      12.4      0.77      2.00      2.60  -9999.00
     1   2005    343    1500.0       9.5      10.5      1.19      2.00      7.60  -9999.00
     1   2005    344    2400.0       4.7       6.7      0.85      2.00      2.10  -9999.00
     1   2005    345    1500.0       2.6       8.2      0.74      2.00      0.00  -9999.00
     1   2005    346    1600.0      -2.9       8.0      0.49      2.00      0.00  -9999.00
     1   2005    347    2000.0       0.8       9.5      0.65      2.00      5.30  -9999.00
     1   2005    348    3900.0       8.9      13.0      1.14      2.00     11.30  -9999.00
     1   2005    349    2300.0       9.3      10.2      1.17      2.00      1.40  -9999.00
     1   2005    350    1000.0       0.1      11.5      0.62      2.00      0.00  -9999.00
     1   2005    351    2900.0      -0.5       4.0      0.59      2.00      0.00  -9999.00
     1   2005    352    1900.0       1.0      10.2      0.66      2.00     11.00  -9999.00
     1   2005    353    2700.0      -0.8       9.4      0.58      2.00      0.00  -9999.00
     1   2005    354    3700.0       7.0       8.1      1.00      2.00      0.00  -9999.00
     1   2005    355    1600.0       4.4      10.4      0.84      2.00      0.00  -9999.00
     1   2005    356    1900.0       5.2       7.2      0.88      2.00      0.00  -9999.00
     1   2005    357    2500.0       3.4       5.4      0.78      2.00      0.00  -9999.00
     1   2005    358     800.0       0.6       1.6      0.64      2.00      0.10  -9999.00
     1   2005    359    1400.0      -1.3       7.9      0.56      2.00      0.00  -9999.00
     1   2005    360    2700.0       7.6      12.4      1.04      2.00     10.00  -9999.00
     1   2005    361    1000.0       4.5      10.5      0.84      2.00      0.50  -9999.00
     1   2005    362    1800.0       9.5      11.5      1.19      2.00      0.10  -9999.00
     1   2005    363    2000.0      -1.1       8.3      0.56      2.00      0.10  -9999.00
     1   2005    364    1800.0       6.2      11.0      0.95      2.00      8.70  -9999.00
     1   2005    365     700.0       0.2       2.2      0.62      2.00     12.40  -9999.00
