*-----------------------------------------------------------------------------* 
           CNWG_76.met            51.48   -3.55   69.72
* Date created:  08-Aug-2019     Author: K Coleman 
* 
* NIL VALUE       -9999 
* Source:   data provided by M. Semenov 
*  
* Latitude:    51.48 Longitude:    -3.55 Altitude:    69.72
* 
* Column  Daily value 
* 1       station number 
* 2       year 
* 3       day 
* 4       irradiation                   (kJ m-2 d-1) 
* 5       minimum temperature           (degrees Celsius) 
* 6       maximum temperature           (degrees Celsius) 
* 7       early morning vapour pressure (kPa)             
* 8       mean wind speed (height: 2 m?) (m s-1)          
* 9       precipitation                 (mm d-1)          
* 10      sunshine                      (hrs)             
 		Jday	RAD	    TMIN	TMAX	 VAP	wind	RAIN	SUN  
               kj/m2	°C	    °C	     kPa	m/s	    mm	    hrs 
   51.48  69.72
     1   2005      1    3300.0       4.2      13.2      0.82      2.00      4.20  -9999.00
     1   2005      2    3700.0       5.5       7.5      0.90      2.00      0.00  -9999.00
     1   2005      3    2100.0       6.7       8.6      0.98      2.00      0.40  -9999.00
     1   2005      4    2000.0       0.1      10.5      0.62      2.00      0.10  -9999.00
     1   2005      5    4300.0       9.4      10.9      1.18      2.00      4.90  -9999.00
     1   2005      6    2800.0       2.1       8.8      0.71      2.00      0.00  -9999.00
     1   2005      7    3900.0      -0.3       6.5      0.60      2.00      0.00  -9999.00
     1   2005      8    5000.0       2.5       6.4      0.73      2.00      0.00  -9999.00
     1   2005      9    1800.0       4.1       6.1      0.82      2.00      0.00  -9999.00
     1   2005     10    4500.0      -2.6       3.2      0.50      2.00      0.00  -9999.00
     1   2005     11    1700.0       1.2       9.8      0.67      2.00      1.20  -9999.00
     1   2005     12    1700.0       7.1       9.3      1.01      2.00      0.50  -9999.00
     1   2005     13    2500.0       0.0       9.3      0.61      2.00      0.70  -9999.00
     1   2005     14    1900.0       6.2       8.2      0.95      2.00     13.90  -9999.00
     1   2005     15    3700.0       6.3       8.3      0.95      2.00      0.30  -9999.00
     1   2005     16    1600.0      -2.0       9.1      0.53      2.00     22.80  -9999.00
     1   2005     17    5600.0       3.0       9.8      0.76      2.00      0.30  -9999.00
     1   2005     18    3200.0       3.6      11.0      0.79      2.00      0.00  -9999.00
     1   2005     19    1800.0      -2.1       6.5      0.52      2.00      0.00  -9999.00
     1   2005     20    2200.0       2.3       9.8      0.72      2.00      2.50  -9999.00
     1   2005     21    2000.0       7.2       7.2      1.02      2.00      0.00  -9999.00
     1   2005     22    3700.0       4.3       6.3      0.83      2.00      0.00  -9999.00
     1   2005     23     900.0       6.3       8.3      0.95      2.00      0.00  -9999.00
     1   2005     24    1700.0      -6.7       7.9      0.37      2.00     10.90  -9999.00
     1   2005     25    3200.0       6.2       6.4      0.95      2.00      1.20  -9999.00
     1   2005     26    2500.0       8.6      10.6      1.12      2.00      1.90  -9999.00
     1   2005     27    3700.0       4.3       9.3      0.83      2.00      0.30  -9999.00
     1   2005     28    2300.0      -0.5      11.7      0.59      2.00      1.10  -9999.00
     1   2005     29    3200.0       1.7       6.5      0.69      2.00      0.50  -9999.00
     1   2005     30    4900.0      -1.9       8.9      0.53      2.00      1.90  -9999.00
     1   2005     31    6000.0      -3.1       3.1      0.49      2.00      0.40  -9999.00
     1   2005     32    4700.0       4.9      10.6      0.87      2.00      9.40  -9999.00
     1   2005     33    5600.0       6.1       8.4      0.94      2.00      3.70  -9999.00
     1   2005     34    6000.0       6.3      10.4      0.95      2.00      0.60  -9999.00
     1   2005     35    5400.0       2.7       9.4      0.74      2.00      0.40  -9999.00
     1   2005     36    2700.0       5.8      11.5      0.92      2.00      0.90  -9999.00
     1   2005     37    1400.0       4.4       9.4      0.84      2.00      3.80  -9999.00
     1   2005     38    3300.0       0.5       5.5      0.63      2.00      5.70  -9999.00
     1   2005     39    2800.0       6.4      11.2      0.96      2.00      0.40  -9999.00
     1   2005     40    7300.0       3.0       5.0      0.76      2.00      0.00  -9999.00
     1   2005     41    8500.0       6.3       8.3      0.95      2.00      0.00  -9999.00
     1   2005     42    3100.0       4.7       7.9      0.85      2.00      8.00  -9999.00
     1   2005     43    5700.0      -3.0      11.6      0.49      2.00      0.00  -9999.00
     1   2005     44    6700.0       3.3       9.6      0.77      2.00      5.40  -9999.00
     1   2005     45    2700.0      -0.9      -0.2      0.57      2.00      0.30  -9999.00
     1   2005     46    5900.0       8.0      14.2      1.07      2.00      0.00  -9999.00
     1   2005     47    6700.0       5.5       5.9      0.90      2.00      0.00  -9999.00
     1   2005     48    6900.0       4.4       8.9      0.84      2.00      3.50  -9999.00
     1   2005     49    9300.0       0.1      11.8      0.62      2.00      3.50  -9999.00
     1   2005     50    3200.0       8.4      10.8      1.10      2.00      3.90  -9999.00
     1   2005     51   10200.0       6.1       7.5      0.94      2.00      4.80  -9999.00
     1   2005     52    3300.0       1.8       6.3      0.70      2.00      3.60  -9999.00
     1   2005     53    5700.0       3.4      15.3      0.78      2.00      0.00  -9999.00
     1   2005     54    4800.0      -2.8      -0.3      0.50      2.00      0.00  -9999.00
     1   2005     55    6900.0      -2.1       3.2      0.52      2.00      0.00  -9999.00
     1   2005     56    7800.0      -2.7       9.1      0.50      2.00      0.00  -9999.00
     1   2005     57   10400.0      -2.6       6.7      0.50      2.00      0.00  -9999.00
     1   2005     58    4000.0      -1.3       7.6      0.56      2.00      0.00  -9999.00
     1   2005     59   11800.0       8.1       9.5      1.08      2.00      0.00  -9999.00
     1   2005     60    1900.0       4.3      10.8      0.83      2.00      0.50  -9999.00
     1   2005     61    8000.0       7.0      10.7      1.00      2.00     20.30  -9999.00
     1   2005     62    7400.0       3.4      10.3      0.78      2.00      1.90  -9999.00
     1   2005     63    1800.0      -1.3       7.5      0.56      2.00      1.60  -9999.00
     1   2005     64   12800.0       5.3       8.1      0.89      2.00      1.80  -9999.00
     1   2005     65    8800.0       4.8      12.1      0.86      2.00      0.80  -9999.00
     1   2005     66    3500.0       7.6       9.7      1.04      2.00      6.60  -9999.00
     1   2005     67    8200.0       1.6       9.3      0.69      2.00      0.30  -9999.00
     1   2005     68   10700.0       6.6      11.0      0.97      2.00      5.40  -9999.00
     1   2005     69    6700.0       5.5       9.8      0.90      2.00      0.30  -9999.00
     1   2005     70    9500.0       4.8      10.9      0.86      2.00      0.70  -9999.00
     1   2005     71   12300.0       0.7      11.1      0.64      2.00      0.00  -9999.00
     1   2005     72   10300.0       3.5      12.3      0.78      2.00      0.20  -9999.00
     1   2005     73    6500.0       3.6       9.1      0.79      2.00      0.10  -9999.00
     1   2005     74   13300.0       1.9       9.8      0.70      2.00      1.90  -9999.00
     1   2005     75   10400.0       8.2       9.1      1.09      2.00      3.10  -9999.00
     1   2005     76   12100.0       5.1       9.7      0.88      2.00      1.50  -9999.00
     1   2005     77    9500.0       3.4       9.2      0.78      2.00      0.10  -9999.00
     1   2005     78    5000.0       0.9      10.2      0.65      2.00      0.90  -9999.00
     1   2005     79    5700.0       6.0      10.0      0.93      2.00     16.10  -9999.00
     1   2005     80    9100.0       2.8       3.9      0.75      2.00      0.70  -9999.00
     1   2005     81    9500.0      -0.5      11.9      0.59      2.00      1.90  -9999.00
     1   2005     82    7000.0       4.3       9.5      0.83      2.00      6.00  -9999.00
     1   2005     83    7300.0       7.8      10.6      1.06      2.00      0.30  -9999.00
     1   2005     84    6100.0       7.4      12.9      1.03      2.00      4.30  -9999.00
     1   2005     85    7000.0      -1.8      11.7      0.54      2.00      0.00  -9999.00
     1   2005     86   10100.0       5.1      12.1      0.88      2.00      0.00  -9999.00
     1   2005     87    3600.0       6.9       8.0      0.99      2.00      0.00  -9999.00
     1   2005     88   12100.0       1.1      13.1      0.66      2.00      0.00  -9999.00
     1   2005     89    4700.0       6.8      12.2      0.99      2.00      0.30  -9999.00
     1   2005     90    5700.0       4.7       6.7      0.85      2.00     15.90  -9999.00
     1   2005     91   11000.0       2.8      11.0      0.75      2.00      0.00  -9999.00
     1   2005     92    9300.0       0.0       9.1      0.61      2.00      0.00  -9999.00
     1   2005     93   11800.0       5.4      12.4      0.90      2.00      0.00  -9999.00
     1   2005     94   12900.0       5.8       7.8      0.92      2.00      0.00  -9999.00
     1   2005     95   18500.0       4.3      10.2      0.83      2.00      0.00  -9999.00
     1   2005     96   20000.0      -1.3       7.1      0.56      2.00      0.00  -9999.00
     1   2005     97   15400.0       7.5      10.1      1.04      2.00      0.00  -9999.00
     1   2005     98   13100.0       9.0      11.3      1.15      2.00      0.00  -9999.00
     1   2005     99   13200.0      -1.5      12.6      0.55      2.00      0.00  -9999.00
     1   2005    100   15800.0       4.8      10.9      0.86      2.00      0.00  -9999.00
     1   2005    101   17400.0       6.9      14.0      0.99      2.00      0.00  -9999.00
     1   2005    102   18400.0       3.6      11.8      0.79      2.00      0.00  -9999.00
     1   2005    103    6600.0       4.3      11.8      0.83      2.00      2.10  -9999.00
     1   2005    104   15300.0       7.4      12.4      1.03      2.00      0.00  -9999.00
     1   2005    105   10100.0       4.0      11.6      0.81      2.00      0.00  -9999.00
     1   2005    106    6900.0       5.1      11.8      0.88      2.00      1.20  -9999.00
     1   2005    107   12200.0       8.4      10.4      1.10      2.00     10.40  -9999.00
     1   2005    108    7300.0      11.3      12.8      1.34      2.00      0.30  -9999.00
     1   2005    109   12600.0       3.3      16.3      0.77      2.00      0.00  -9999.00
     1   2005    110    9400.0       6.5      13.5      0.97      2.00      1.90  -9999.00
     1   2005    111   19700.0       2.8      12.7      0.75      2.00      8.40  -9999.00
     1   2005    112   10300.0       2.3      13.3      0.72      2.00      0.00  -9999.00
     1   2005    113    8300.0       7.2      11.6      1.02      2.00      0.20  -9999.00
     1   2005    114   17600.0       5.9      13.3      0.93      2.00      0.00  -9999.00
     1   2005    115   20900.0       6.3      12.9      0.95      2.00      0.00  -9999.00
     1   2005    116    6900.0       4.0      10.8      0.81      2.00      0.40  -9999.00
     1   2005    117   13500.0       9.7      11.8      1.20      2.00      1.00  -9999.00
     1   2005    118   13500.0       6.6      14.8      0.97      2.00      0.00  -9999.00
     1   2005    119    9500.0       3.0      11.2      0.76      2.00      0.50  -9999.00
     1   2005    120   18900.0       6.2      14.3      0.95      2.00      0.80  -9999.00
     1   2005    121   18000.0       1.7      11.2      0.69      2.00     16.50  -9999.00
     1   2005    122   10800.0       1.9      14.1      0.70      2.00      0.40  -9999.00
     1   2005    123   18200.0       3.5      13.6      0.78      2.00      0.00  -9999.00
     1   2005    124   21400.0       7.0      12.4      1.00      2.00      0.00  -9999.00
     1   2005    125   15000.0       8.4      10.9      1.10      2.00      3.30  -9999.00
     1   2005    126   22000.0      -0.4      15.8      0.59      2.00      0.00  -9999.00
     1   2005    127   16900.0       6.5      12.3      0.97      2.00      0.10  -9999.00
     1   2005    128   17700.0       5.8      11.5      0.92      2.00      0.10  -9999.00
     1   2005    129    8600.0       5.4      15.6      0.90      2.00      0.20  -9999.00
     1   2005    130   14300.0       7.6      16.8      1.04      2.00      0.10  -9999.00
     1   2005    131   11500.0       7.6      11.9      1.04      2.00      5.80  -9999.00
     1   2005    132   14600.0       2.9      13.3      0.75      2.00      1.50  -9999.00
     1   2005    133   16100.0      10.5      13.7      1.27      2.00      3.00  -9999.00
     1   2005    134   17500.0       7.8      21.9      1.06      2.00      5.40  -9999.00
     1   2005    135   14700.0       9.8      13.8      1.21      2.00      0.30  -9999.00
     1   2005    136   14100.0       6.5      14.5      0.97      2.00      0.10  -9999.00
     1   2005    137   14400.0       9.5      15.7      1.19      2.00     15.50  -9999.00
     1   2005    138   19700.0       9.5      13.2      1.19      2.00      9.80  -9999.00
     1   2005    139   13600.0       9.8      17.1      1.21      2.00      3.70  -9999.00
     1   2005    140   23800.0      10.1      12.5      1.24      2.00      0.70  -9999.00
     1   2005    141   12100.0       9.1      17.9      1.16      2.00     11.60  -9999.00
     1   2005    142   15400.0       7.6      11.8      1.04      2.00      0.50  -9999.00
     1   2005    143   12100.0      10.5      11.9      1.27      2.00      3.50  -9999.00
     1   2005    144   23100.0       9.9      12.9      1.22      2.00     10.20  -9999.00
     1   2005    145   15200.0       5.9      22.0      0.93      2.00      0.10  -9999.00
     1   2005    146   14300.0       9.8      12.5      1.21      2.00      0.80  -9999.00
     1   2005    147   14400.0       4.9      15.8      0.87      2.00      0.00  -9999.00
     1   2005    148   19400.0       3.4      15.5      0.78      2.00      0.00  -9999.00
     1   2005    149   21800.0       5.7      18.4      0.92      2.00      0.00  -9999.00
     1   2005    150   12100.0      11.5      18.3      1.36      2.00      0.00  -9999.00
     1   2005    151   23000.0       3.7      18.8      0.80      2.00      0.00  -9999.00
     1   2005    152   27300.0       4.2      15.3      0.82      2.00      0.00  -9999.00
     1   2005    153   23400.0       6.5      19.4      0.97      2.00      0.00  -9999.00
     1   2005    154   17100.0      10.1      18.8      1.24      2.00      0.00  -9999.00
     1   2005    155   15500.0       7.2      13.3      1.02      2.00      3.70  -9999.00
     1   2005    156   11900.0       8.2      13.9      1.09      2.00      1.90  -9999.00
     1   2005    157   26600.0      13.0      15.0      1.50      2.00      0.00  -9999.00
     1   2005    158   23500.0       7.4      16.9      1.03      2.00      0.10  -9999.00
     1   2005    159   15000.0      14.2      14.8      1.62      2.00      0.60  -9999.00
     1   2005    160    5700.0       7.7      17.5      1.05      2.00      3.70  -9999.00
     1   2005    161   12900.0       8.8      14.9      1.13      2.00      1.60  -9999.00
     1   2005    162   22700.0      11.1      15.1      1.32      2.00      4.20  -9999.00
     1   2005    163   20600.0       9.0      22.0      1.15      2.00      0.00  -9999.00
     1   2005    164   28400.0      12.4      14.3      1.44      2.00      0.00  -9999.00
     1   2005    165   23200.0       8.9      15.3      1.14      2.00      0.00  -9999.00
     1   2005    166   27700.0      10.6      18.7      1.28      2.00      0.00  -9999.00
     1   2005    167    9000.0      11.3      17.9      1.34      2.00      1.50  -9999.00
     1   2005    168    9000.0       9.7      20.4      1.20      2.00      0.10  -9999.00
     1   2005    169   14700.0      11.4      17.8      1.35      2.00      4.20  -9999.00
     1   2005    170   19900.0       9.7      20.8      1.20      2.00      0.80  -9999.00
     1   2005    171   14200.0      11.3      16.1      1.34      2.00      0.80  -9999.00
     1   2005    172   12400.0      13.4      18.6      1.54      2.00     10.00  -9999.00
     1   2005    173   14500.0      14.7      15.8      1.67      2.00      0.00  -9999.00
     1   2005    174   12900.0      13.8      15.4      1.58      2.00      0.10  -9999.00
     1   2005    175   23600.0      12.4      22.4      1.44      2.00      0.00  -9999.00
     1   2005    176   21900.0      13.0      17.9      1.50      2.00      2.00  -9999.00
     1   2005    177    8000.0      11.8      15.8      1.38      2.00      0.10  -9999.00
     1   2005    178   27400.0       9.2      22.2      1.16      2.00      0.00  -9999.00
     1   2005    179    4500.0      12.2      19.9      1.42      2.00      0.70  -9999.00
     1   2005    180   20500.0       8.7      15.9      1.12      2.00      0.40  -9999.00
     1   2005    181   17500.0      13.3      21.3      1.53      2.00      3.20  -9999.00
     1   2005    182   12400.0       9.2      18.4      1.16      2.00      8.00  -9999.00
     1   2005    183   14700.0      12.9      17.5      1.49      2.00      0.30  -9999.00
     1   2005    184   18700.0      12.2      15.8      1.42      2.00      4.80  -9999.00
     1   2005    185   19900.0      14.0      20.1      1.60      2.00      0.00  -9999.00
     1   2005    186    4400.0      12.1      17.8      1.41      2.00      0.10  -9999.00
     1   2005    187   14200.0       9.3      22.8      1.17      2.00      3.90  -9999.00
     1   2005    188   20800.0       9.3      16.6      1.17      2.00      2.40  -9999.00
     1   2005    189   16600.0       7.6      17.3      1.04      2.00      0.30  -9999.00
     1   2005    190   10700.0       8.6      19.4      1.12      2.00      6.20  -9999.00
     1   2005    191   14600.0      14.4      18.8      1.64      2.00      0.10  -9999.00
     1   2005    192   22000.0      14.4      17.6      1.64      2.00      4.00  -9999.00
     1   2005    193   19400.0       9.3      18.3      1.17      2.00      4.80  -9999.00
     1   2005    194   29000.0      14.0      19.1      1.60      2.00      0.00  -9999.00
     1   2005    195   17400.0       8.9      20.7      1.14      2.00      1.90  -9999.00
     1   2005    196   20100.0      10.2      22.8      1.24      2.00      5.60  -9999.00
     1   2005    197   17900.0      17.8      18.9      2.04      2.00      0.20  -9999.00
     1   2005    198   18700.0      17.6      23.5      2.01      2.00     24.20  -9999.00
     1   2005    199    8800.0      13.3      22.3      1.53      2.00      5.00  -9999.00
     1   2005    200   12600.0      12.8      20.6      1.48      2.00      7.40  -9999.00
     1   2005    201   20200.0      11.9      16.8      1.39      2.00     31.40  -9999.00
     1   2005    202   17400.0      13.4      18.5      1.54      2.00      0.10  -9999.00
     1   2005    203   18700.0      14.7      27.2      1.67      2.00      0.00  -9999.00
     1   2005    204   22200.0      13.1      19.6      1.51      2.00      0.10  -9999.00
     1   2005    205   26000.0       8.9      27.0      1.14      2.00      0.00  -9999.00
     1   2005    206   15800.0      15.9      25.6      1.81      2.00      0.00  -9999.00
     1   2005    207   21700.0      14.9      22.7      1.69      2.00      0.00  -9999.00
     1   2005    208   21800.0      16.8      18.8      1.91      2.00      0.00  -9999.00
     1   2005    209   23500.0      16.1      24.3      1.83      2.00      0.00  -9999.00
     1   2005    210   18900.0      15.3      18.3      1.74      2.00      7.50  -9999.00
     1   2005    211   14400.0      16.7      19.6      1.90      2.00      0.00  -9999.00
     1   2005    212   16600.0      13.2      18.4      1.52      2.00      0.00  -9999.00
     1   2005    213   21300.0      15.2      18.9      1.73      2.00      3.50  -9999.00
     1   2005    214    8300.0      12.8      16.3      1.48      2.00      0.40  -9999.00
     1   2005    215    5700.0      13.9      24.6      1.59      2.00      0.80  -9999.00
     1   2005    216    8400.0      12.4      22.1      1.44      2.00      0.10  -9999.00
     1   2005    217   11700.0      14.6      18.0      1.66      2.00      7.80  -9999.00
     1   2005    218   14300.0      12.0      23.2      1.40      2.00      4.20  -9999.00
     1   2005    219    9600.0      15.8      17.3      1.79      2.00      1.40  -9999.00
     1   2005    220   13100.0      11.8      17.0      1.38      2.00      0.20  -9999.00
     1   2005    221   14700.0      14.1      18.1      1.61      2.00      0.10  -9999.00
     1   2005    222   12100.0      14.1      15.0      1.61      2.00      0.80  -9999.00
     1   2005    223   18800.0       6.5      22.4      0.97      2.00      0.00  -9999.00
     1   2005    224    9200.0      15.5      17.5      1.76      2.00      0.00  -9999.00
     1   2005    225   18100.0      10.6      24.0      1.28      2.00      0.00  -9999.00
     1   2005    226   15000.0      14.7      16.4      1.67      2.00      0.10  -9999.00
     1   2005    227   19700.0       8.0      23.3      1.07      2.00      0.00  -9999.00
     1   2005    228   11700.0      13.0      21.2      1.50      2.00      3.20  -9999.00
     1   2005    229   10300.0      14.7      21.8      1.67      2.00      6.30  -9999.00
     1   2005    230   21400.0      12.7      17.8      1.47      2.00      1.20  -9999.00
     1   2005    231    9500.0      12.7      19.3      1.47      2.00      7.00  -9999.00
     1   2005    232   19000.0       6.9      17.7      0.99      2.00      0.00  -9999.00
     1   2005    233   13200.0      15.8      19.5      1.79      2.00      0.00  -9999.00
     1   2005    234   10700.0       9.4      20.6      1.18      2.00      1.00  -9999.00
     1   2005    235   13000.0      12.9      18.6      1.49      2.00      5.90  -9999.00
     1   2005    236   20700.0       9.8      23.7      1.21      2.00      0.00  -9999.00
     1   2005    237   22100.0       7.8      18.4      1.06      2.00      0.00  -9999.00
     1   2005    238   12700.0      12.0      21.1      1.40      2.00      0.00  -9999.00
     1   2005    239   15600.0      14.2      20.0      1.62      2.00      0.00  -9999.00
     1   2005    240   15700.0      13.1      18.4      1.51      2.00      0.00  -9999.00
     1   2005    241   15600.0      13.8      22.6      1.58      2.00      0.00  -9999.00
     1   2005    242   17400.0       8.8      20.3      1.13      2.00      0.00  -9999.00
     1   2005    243    9500.0      13.0      17.5      1.50      2.00      0.00  -9999.00
     1   2005    244   18400.0       8.8      25.6      1.13      2.00      0.00  -9999.00
     1   2005    245   18100.0      10.0      16.1      1.23      2.00      0.00  -9999.00
     1   2005    246   11900.0      10.9      20.0      1.30      2.00      7.50  -9999.00
     1   2005    247   20300.0       7.2      19.5      1.02      2.00      0.00  -9999.00
     1   2005    248   12200.0      14.7      17.4      1.67      2.00     21.20  -9999.00
     1   2005    249    8700.0      12.6      14.6      1.46      2.00      0.70  -9999.00
     1   2005    250    4800.0      14.3      16.3      1.63      2.00      6.50  -9999.00
     1   2005    251    7900.0       6.0      20.6      0.93      2.00      0.70  -9999.00
     1   2005    252   15600.0      14.2      18.1      1.62      2.00      0.50  -9999.00
     1   2005    253   18600.0      14.0      17.4      1.60      2.00      1.20  -9999.00
     1   2005    254    8700.0       9.1      18.6      1.16      2.00      0.30  -9999.00
     1   2005    255   10000.0      16.0      18.8      1.82      2.00      4.10  -9999.00
     1   2005    256   10400.0      14.0      14.7      1.60      2.00      3.50  -9999.00
     1   2005    257    8300.0      15.3      16.8      1.74      2.00      3.60  -9999.00
     1   2005    258   17600.0      15.4      18.0      1.75      2.00      0.10  -9999.00
     1   2005    259    5800.0      10.7      16.5      1.29      2.00      0.20  -9999.00
     1   2005    260   14300.0      11.4      22.2      1.35      2.00      0.00  -9999.00
     1   2005    261   10800.0       9.9      14.0      1.22      2.00      5.60  -9999.00
     1   2005    262    9500.0      11.6      16.2      1.37      2.00      0.10  -9999.00
     1   2005    263    8100.0      11.9      18.0      1.39      2.00      0.10  -9999.00
     1   2005    264    4900.0      12.9      20.6      1.49      2.00      0.30  -9999.00
     1   2005    265   11200.0       9.8      14.2      1.21      2.00      0.00  -9999.00
     1   2005    266    8100.0      11.7      17.1      1.37      2.00      2.50  -9999.00
     1   2005    267    7700.0      13.5      16.8      1.55      2.00      1.20  -9999.00
     1   2005    268    4800.0      11.6      12.5      1.37      2.00      3.60  -9999.00
     1   2005    269    9300.0      11.8      12.9      1.38      2.00      2.40  -9999.00
     1   2005    270    4600.0      11.6      15.2      1.37      2.00     12.60  -9999.00
     1   2005    271    9100.0      13.5      14.5      1.55      2.00      6.20  -9999.00
     1   2005    272    7000.0      12.8      14.2      1.48      2.00      9.20  -9999.00
     1   2005    273   10100.0       8.3      16.9      1.09      2.00      0.00  -9999.00
     1   2005    274    6800.0       9.7      12.9      1.20      2.00      1.30  -9999.00
     1   2005    275   10900.0       8.6      11.9      1.12      2.00      1.50  -9999.00
     1   2005    276    5600.0       6.9      17.8      0.99      2.00      4.60  -9999.00
     1   2005    277    4200.0       5.7      16.5      0.92      2.00      1.50  -9999.00
     1   2005    278    3900.0       7.3      13.4      1.02      2.00      0.20  -9999.00
     1   2005    279   11200.0      12.7      14.7      1.47      2.00      0.00  -9999.00
     1   2005    280    8100.0      11.1      14.4      1.32      2.00      2.60  -9999.00
     1   2005    281    8300.0       7.4       9.4      1.03      2.00     13.90  -9999.00
     1   2005    282    3500.0       8.2      15.7      1.09      2.00      0.10  -9999.00
     1   2005    283   10100.0       5.5      17.8      0.90      2.00      4.00  -9999.00
     1   2005    284    5900.0       9.9      17.4      1.22      2.00      6.30  -9999.00
     1   2005    285    6100.0       6.3      16.7      0.95      2.00      8.00  -9999.00
     1   2005    286    7800.0       8.9      14.8      1.14      2.00      0.80  -9999.00
     1   2005    287   11400.0      10.5      15.6      1.27      2.00      0.00  -9999.00
     1   2005    288    6200.0       7.4      10.7      1.03      2.00      0.00  -9999.00
     1   2005    289   10300.0       5.2      15.6      0.88      2.00      0.00  -9999.00
     1   2005    290    5100.0       9.7      11.7      1.20      2.00      0.00  -9999.00
     1   2005    291    8300.0       9.9      10.4      1.22      2.00      0.00  -9999.00
     1   2005    292    6400.0      13.2      17.3      1.52      2.00      0.00  -9999.00
     1   2005    293    2200.0      13.5      14.6      1.55      2.00      9.90  -9999.00
     1   2005    294    9400.0       6.3      14.7      0.95      2.00      1.40  -9999.00
     1   2005    295    4900.0      11.6      13.5      1.37      2.00      1.90  -9999.00
     1   2005    296    5300.0       6.0      13.1      0.93      2.00      0.10  -9999.00
     1   2005    297    4200.0      10.8      12.9      1.29      2.00      0.80  -9999.00
     1   2005    298    5700.0      10.9      16.0      1.30      2.00      7.00  -9999.00
     1   2005    299    6400.0       3.4      14.9      0.78      2.00      2.60  -9999.00
     1   2005    300    5400.0       7.0      11.5      1.00      2.00      6.50  -9999.00
     1   2005    301    4700.0       7.3      10.4      1.02      2.00     11.40  -9999.00
     1   2005    302    1900.0       3.3      14.9      0.77      2.00      1.10  -9999.00
     1   2005    303    6200.0       9.2      15.9      1.16      2.00     16.80  -9999.00
     1   2005    304    4200.0       5.0      15.1      0.87      2.00      6.30  -9999.00
     1   2005    305    4300.0       5.3      10.3      0.89      2.00      0.80  -9999.00
     1   2005    306    4700.0       4.4      13.7      0.84      2.00      3.40  -9999.00
     1   2005    307    4400.0      10.3      12.3      1.25      2.00      0.30  -9999.00
     1   2005    308    5300.0      10.8      12.8      1.29      2.00      0.80  -9999.00
     1   2005    309    3400.0       8.9      10.9      1.14      2.00      6.40  -9999.00
     1   2005    310    2500.0       9.6      13.2      1.20      2.00      7.20  -9999.00
     1   2005    311    3000.0       6.9      10.5      0.99      2.00      3.20  -9999.00
     1   2005    312    6100.0       3.5      10.3      0.78      2.00      0.00  -9999.00
     1   2005    313    2200.0      -0.8       5.9      0.58      2.00      0.00  -9999.00
     1   2005    314    4400.0       6.8      10.5      0.99      2.00      7.80  -9999.00
     1   2005    315    5300.0       6.3       8.3      0.95      2.00      0.80  -9999.00
     1   2005    316    2500.0       9.0       9.2      1.15      2.00      0.20  -9999.00
     1   2005    317    2000.0       1.1       6.5      0.66      2.00      6.00  -9999.00
     1   2005    318    4600.0       7.2      10.7      1.02      2.00      1.60  -9999.00
     1   2005    319    5400.0       4.9      10.9      0.87      2.00      0.00  -9999.00
     1   2005    320    1600.0       6.6      12.8      0.97      2.00      0.40  -9999.00
     1   2005    321    3100.0       3.5      11.8      0.78      2.00      3.10  -9999.00
     1   2005    322    1900.0      11.0      12.5      1.31      2.00      0.00  -9999.00
     1   2005    323    1900.0       1.4       8.9      0.68      2.00      0.00  -9999.00
     1   2005    324    5900.0       7.5      10.0      1.04      2.00      0.20  -9999.00
     1   2005    325    4000.0       6.6       8.4      0.97      2.00      2.00  -9999.00
     1   2005    326    2100.0      -3.0       9.3      0.49      2.00      0.00  -9999.00
     1   2005    327    1700.0       2.6       8.9      0.74      2.00      0.00  -9999.00
     1   2005    328    2600.0       3.7      14.0      0.80      2.00     18.80  -9999.00
     1   2005    329    2400.0      -0.1       9.5      0.61      2.00      0.50  -9999.00
     1   2005    330    1700.0       9.0      10.3      1.15      2.00      2.30  -9999.00
     1   2005    331    1400.0       6.4       7.6      0.96      2.00      0.20  -9999.00
     1   2005    332    3100.0       5.0      12.4      0.87      2.00      0.40  -9999.00
     1   2005    333    4100.0      10.0      11.1      1.23      2.00      4.00  -9999.00
     1   2005    334    1600.0      11.2      12.8      1.33      2.00      0.30  -9999.00
     1   2005    335    1900.0       8.6      12.1      1.12      2.00      6.80  -9999.00
     1   2005    336    1700.0       2.7       7.6      0.74      2.00      2.60  -9999.00
     1   2005    337    1700.0      -0.8       6.2      0.58      2.00      0.00  -9999.00
     1   2005    338    1500.0       7.8       8.1      1.06      2.00      5.30  -9999.00
     1   2005    339    2500.0      -1.8      12.9      0.54      2.00     14.40  -9999.00
     1   2005    340    1600.0       9.8      11.0      1.21      2.00      6.80  -9999.00
     1   2005    341    1800.0       5.6       8.2      0.91      2.00      1.60  -9999.00
     1   2005    342    2600.0      -3.9       9.6      0.46      2.00      0.00  -9999.00
     1   2005    343    1100.0       0.2      13.2      0.62      2.00      9.40  -9999.00
     1   2005    344    3500.0       4.6       6.1      0.85      2.00      5.60  -9999.00
     1   2005    345    4200.0       0.1      11.4      0.62      2.00      0.00  -9999.00
     1   2005    346    2600.0       8.0      10.1      1.07      2.00      0.60  -9999.00
     1   2005    347    1500.0       8.4      11.7      1.10      2.00      0.30  -9999.00
     1   2005    348    2600.0       0.3      10.1      0.62      2.00      0.10  -9999.00
     1   2005    349    1500.0       4.9      11.1      0.87      2.00     24.80  -9999.00
     1   2005    350    3700.0      -4.4       4.4      0.44      2.00      0.00  -9999.00
     1   2005    351    3200.0       6.6      13.1      0.97      2.00      1.40  -9999.00
     1   2005    352    2300.0       2.6       8.4      0.74      2.00      1.30  -9999.00
     1   2005    353    1700.0       4.7      13.6      0.85      2.00      4.30  -9999.00
     1   2005    354    3200.0      -0.6       7.0      0.58      2.00      0.00  -9999.00
     1   2005    355    3300.0       6.2      11.3      0.95      2.00      0.00  -9999.00
     1   2005    356    3700.0       0.7       8.1      0.64      2.00      0.10  -9999.00
     1   2005    357    4500.0       2.0       8.0      0.71      2.00      0.00  -9999.00
     1   2005    358    3800.0       6.4       8.4      0.96      2.00      0.00  -9999.00
     1   2005    359    3500.0       3.1       4.3      0.76      2.00      2.00  -9999.00
     1   2005    360    1600.0       4.6       6.6      0.85      2.00      7.60  -9999.00
     1   2005    361    1400.0       5.6      13.5      0.91      2.00      5.80  -9999.00
     1   2005    362    3800.0       4.2       9.5      0.82      2.00      5.90  -9999.00
     1   2005    363    3300.0       7.8       9.8      1.06      2.00      0.00  -9999.00
     1   2005    364    1600.0       9.4      12.2      1.18      2.00      0.10  -9999.00
     1   2005    365    4600.0       7.1       9.3      1.01      2.00      0.20  -9999.00
