*-----------------------------------------------------------------------------* 
           CNWG_299.met           51.48   -3.55   69.72
* Date created:  08-Aug-2019     Author: K Coleman 
* 
* NIL VALUE       -9999 
* Source:   data provided by M. Semenov 
*  
* Latitude:    51.48 Longitude:    -3.55 Altitude:    69.72
* 
* Column  Daily value 
* 1       station number 
* 2       year 
* 3       day 
* 4       irradiation                   (kJ m-2 d-1) 
* 5       minimum temperature           (degrees Celsius) 
* 6       maximum temperature           (degrees Celsius) 
* 7       early morning vapour pressure (kPa)             
* 8       mean wind speed (height: 2 m?) (m s-1)          
* 9       precipitation                 (mm d-1)          
* 10      sunshine                      (hrs)             
 		Jday	RAD	    TMIN	TMAX	 VAP	wind	RAIN	SUN  
               kj/m2	°C	    °C	     kPa	m/s	    mm	    hrs 
   51.48  69.72
     1   2005      1    1900.0       5.5       7.2      0.90      2.00      3.00  -9999.00
     1   2005      2    1900.0       5.3       5.9      0.89      2.00     12.50  -9999.00
     1   2005      3    3100.0       7.1       7.8      1.01      2.00      2.30  -9999.00
     1   2005      4     700.0       2.5       4.4      0.73      2.00      2.20  -9999.00
     1   2005      5    3200.0       7.3       9.3      1.02      2.00     12.90  -9999.00
     1   2005      6    3100.0       5.9       7.9      0.93      2.00      0.00  -9999.00
     1   2005      7    2600.0       8.5       9.7      1.11      2.00      0.00  -9999.00
     1   2005      8    2300.0       3.3       8.1      0.77      2.00      0.00  -9999.00
     1   2005      9    1700.0      -0.5      11.6      0.59      2.00      0.40  -9999.00
     1   2005     10    4200.0       2.3       9.5      0.72      2.00      0.00  -9999.00
     1   2005     11    1900.0       2.6       4.6      0.74      2.00      0.00  -9999.00
     1   2005     12    1400.0      -1.3       7.6      0.56      2.00      0.00  -9999.00
     1   2005     13    3600.0      -1.0      10.2      0.57      2.00      0.00  -9999.00
     1   2005     14    2800.0      -0.8       6.6      0.58      2.00      0.00  -9999.00
     1   2005     15    4000.0       3.0       6.5      0.76      2.00      0.00  -9999.00
     1   2005     16    1900.0       1.0       8.1      0.66      2.00      0.00  -9999.00
     1   2005     17    1700.0       1.4       8.9      0.68      2.00      0.00  -9999.00
     1   2005     18    3200.0      -1.6       8.8      0.54      2.00      0.00  -9999.00
     1   2005     19    2900.0      -1.1       9.6      0.56      2.00      0.00  -9999.00
     1   2005     20    2000.0      -0.3       3.3      0.60      2.00      9.40  -9999.00
     1   2005     21    3400.0       3.8       5.2      0.80      2.00      0.00  -9999.00
     1   2005     22    3600.0       6.6       8.2      0.97      2.00      1.80  -9999.00
     1   2005     23    4300.0       1.9       3.9      0.70      2.00     12.60  -9999.00
     1   2005     24    4300.0       8.3       9.8      1.09      2.00      0.90  -9999.00
     1   2005     25    4200.0       6.1       8.1      0.94      2.00     16.00  -9999.00
     1   2005     26    1000.0       5.2      11.5      0.88      2.00      1.20  -9999.00
     1   2005     27    4100.0      -0.5       1.5      0.59      2.00      6.20  -9999.00
     1   2005     28    3600.0       4.6       9.1      0.85      2.00      0.20  -9999.00
     1   2005     29    3600.0       1.5       8.0      0.68      2.00      1.00  -9999.00
     1   2005     30    5200.0       2.5       5.1      0.73      2.00      0.00  -9999.00
     1   2005     31    7100.0       3.8       8.6      0.80      2.00      2.00  -9999.00
     1   2005     32    1600.0       1.5       6.3      0.68      2.00      0.70  -9999.00
     1   2005     33    3700.0      -0.3       6.6      0.60      2.00      5.70  -9999.00
     1   2005     34    2200.0       1.1       5.5      0.66      2.00      9.20  -9999.00
     1   2005     35    2000.0       4.3       9.6      0.83      2.00      8.60  -9999.00
     1   2005     36    7400.0       1.3       8.7      0.67      2.00      0.90  -9999.00
     1   2005     37    3200.0      -1.4       1.8      0.55      2.00      0.00  -9999.00
     1   2005     38    5200.0       7.0       8.7      1.00      2.00      0.50  -9999.00
     1   2005     39    6400.0       8.3       9.4      1.09      2.00      6.90  -9999.00
     1   2005     40    6600.0       0.6       6.7      0.64      2.00      0.00  -9999.00
     1   2005     41    5800.0       8.0      11.6      1.07      2.00      0.00  -9999.00
     1   2005     42    6500.0       5.1       6.1      0.88      2.00      0.00  -9999.00
     1   2005     43    3900.0       7.5       8.5      1.04      2.00      0.10  -9999.00
     1   2005     44    2200.0      -0.9       5.9      0.57      2.00      8.30  -9999.00
     1   2005     45    2400.0       1.2       8.0      0.67      2.00      5.10  -9999.00
     1   2005     46    3100.0       5.3       7.3      0.89      2.00      0.00  -9999.00
     1   2005     47    3300.0       4.0       7.7      0.81      2.00      0.00  -9999.00
     1   2005     48    5400.0       2.6       8.3      0.74      2.00      0.00  -9999.00
     1   2005     49    3000.0      -0.1       8.3      0.61      2.00      7.60  -9999.00
     1   2005     50    2900.0       2.7       7.7      0.74      2.00      0.90  -9999.00
     1   2005     51    3800.0       8.6      11.0      1.12      2.00      3.30  -9999.00
     1   2005     52    5900.0       5.0       8.8      0.87      2.00      0.20  -9999.00
     1   2005     53    3300.0       3.7       7.1      0.80      2.00      0.20  -9999.00
     1   2005     54   10400.0      -0.3      11.9      0.60      2.00      6.40  -9999.00
     1   2005     55    7200.0       2.6       9.6      0.74      2.00      1.50  -9999.00
     1   2005     56    7000.0       3.5       6.4      0.78      2.00      0.20  -9999.00
     1   2005     57    8200.0       3.2       9.2      0.77      2.00      0.00  -9999.00
     1   2005     58    8900.0      -1.3      12.1      0.56      2.00      0.00  -9999.00
     1   2005     59    5400.0      -3.7       3.5      0.46      2.00      0.00  -9999.00
     1   2005     60    5700.0       2.7      10.9      0.74      2.00      0.10  -9999.00
     1   2005     61    3500.0       7.0       9.3      1.00      2.00      2.10  -9999.00
     1   2005     62    4000.0       7.1       8.8      1.01      2.00      1.00  -9999.00
     1   2005     63    4600.0       3.4       9.6      0.78      2.00      2.60  -9999.00
     1   2005     64    5900.0      -0.1       9.0      0.61      2.00      2.10  -9999.00
     1   2005     65   10700.0      -0.8      15.6      0.58      2.00      0.00  -9999.00
     1   2005     66   12600.0       3.3       7.5      0.77      2.00      0.00  -9999.00
     1   2005     67   13400.0      -0.3       9.7      0.60      2.00      0.00  -9999.00
     1   2005     68    6100.0       3.7       8.4      0.80      2.00      0.70  -9999.00
     1   2005     69    4400.0       0.6       8.4      0.64      2.00      0.10  -9999.00
     1   2005     70    9300.0       3.5      11.4      0.78      2.00      0.00  -9999.00
     1   2005     71    5100.0       1.4      10.5      0.68      2.00      0.00  -9999.00
     1   2005     72   10800.0      -0.4       7.6      0.59      2.00      0.00  -9999.00
     1   2005     73   14800.0       1.9       9.4      0.70      2.00      5.20  -9999.00
     1   2005     74    8900.0       6.0      10.5      0.93      2.00      0.00  -9999.00
     1   2005     75    9300.0       0.1      12.3      0.62      2.00     17.00  -9999.00
     1   2005     76   13600.0       8.3      11.6      1.09      2.00      0.70  -9999.00
     1   2005     77    7700.0       4.7       8.2      0.85      2.00      1.90  -9999.00
     1   2005     78    8000.0       3.6       9.3      0.79      2.00      6.70  -9999.00
     1   2005     79    3900.0       1.7      11.4      0.69      2.00      1.40  -9999.00
     1   2005     80    5700.0       8.2      11.2      1.09      2.00      3.70  -9999.00
     1   2005     81   15600.0       7.6       8.4      1.04      2.00      1.30  -9999.00
     1   2005     82    7000.0       1.1       4.1      0.66      2.00      2.50  -9999.00
     1   2005     83    6600.0       7.8      11.9      1.06      2.00      4.00  -9999.00
     1   2005     84    7900.0       5.9      12.7      0.93      2.00      0.60  -9999.00
     1   2005     85    8000.0       0.6      12.9      0.64      2.00      1.90  -9999.00
     1   2005     86    7700.0       8.4       9.6      1.10      2.00      0.30  -9999.00
     1   2005     87   13800.0       7.6       9.1      1.04      2.00      2.90  -9999.00
     1   2005     88   12800.0       2.8      12.6      0.75      2.00      0.00  -9999.00
     1   2005     89   10700.0       4.3      17.2      0.83      2.00      0.00  -9999.00
     1   2005     90   12100.0      -0.2       8.5      0.60      2.00      4.30  -9999.00
     1   2005     91   12200.0       2.0      10.7      0.71      2.00      6.00  -9999.00
     1   2005     92   13000.0       9.0      12.1      1.15      2.00      1.70  -9999.00
     1   2005     93   15000.0       3.8      12.7      0.80      2.00     13.60  -9999.00
     1   2005     94    9400.0       3.6      10.6      0.79      2.00      0.00  -9999.00
     1   2005     95    8900.0      10.4      14.2      1.26      2.00      0.00  -9999.00
     1   2005     96    7900.0       2.0      15.8      0.71      2.00      0.00  -9999.00
     1   2005     97    9200.0       7.3      14.1      1.02      2.00      0.00  -9999.00
     1   2005     98   17600.0       5.7       7.0      0.92      2.00      0.00  -9999.00
     1   2005     99    6100.0       3.8      11.9      0.80      2.00      2.30  -9999.00
     1   2005    100    6500.0       4.8      10.3      0.86      2.00      9.90  -9999.00
     1   2005    101   13400.0       6.1       9.4      0.94      2.00      0.50  -9999.00
     1   2005    102   11800.0      -1.2      10.6      0.56      2.00      0.00  -9999.00
     1   2005    103   11400.0       0.5      20.5      0.63      2.00      0.00  -9999.00
     1   2005    104   19000.0      -0.2      10.3      0.60      2.00      0.00  -9999.00
     1   2005    105   16700.0       7.6       7.7      1.04      2.00      0.00  -9999.00
     1   2005    106   18900.0       3.8      14.5      0.80      2.00      0.00  -9999.00
     1   2005    107    5600.0       4.9       9.4      0.87      2.00      0.00  -9999.00
     1   2005    108   10300.0       4.9      15.4      0.87      2.00      2.10  -9999.00
     1   2005    109    7600.0       6.3      15.9      0.95      2.00      0.60  -9999.00
     1   2005    110    9700.0       6.3      21.5      0.95      2.00      1.30  -9999.00
     1   2005    111   21800.0       5.1      11.4      0.88      2.00      0.00  -9999.00
     1   2005    112   10700.0       7.8      12.4      1.06      2.00      0.90  -9999.00
     1   2005    113   11400.0       4.6      12.3      0.85      2.00      0.00  -9999.00
     1   2005    114   16700.0       5.5      11.7      0.90      2.00      0.00  -9999.00
     1   2005    115   14500.0       9.0      10.8      1.15      2.00      3.00  -9999.00
     1   2005    116   13000.0       5.6      10.5      0.91      2.00      9.10  -9999.00
     1   2005    117   11600.0       1.1      15.0      0.66      2.00      2.20  -9999.00
     1   2005    118   12300.0       0.4      12.2      0.63      2.00      0.30  -9999.00
     1   2005    119    3700.0       5.1      12.2      0.88      2.00      1.20  -9999.00
     1   2005    120   15800.0       8.6      14.1      1.12      2.00      7.20  -9999.00
     1   2005    121   19700.0       2.8      20.4      0.75      2.00      0.00  -9999.00
     1   2005    122   12100.0       9.8      10.5      1.21      2.00      0.00  -9999.00
     1   2005    123   16800.0       1.7      12.6      0.69      2.00      0.00  -9999.00
     1   2005    124   24500.0       3.4      24.6      0.78      2.00      0.00  -9999.00
     1   2005    125   16800.0       4.1       9.6      0.82      2.00      1.90  -9999.00
     1   2005    126   11600.0       2.6      16.2      0.74      2.00      0.00  -9999.00
     1   2005    127   22000.0       8.3      15.0      1.09      2.00      0.00  -9999.00
     1   2005    128   20800.0       7.2      14.7      1.02      2.00      0.00  -9999.00
     1   2005    129   18900.0      10.2      13.7      1.24      2.00      0.00  -9999.00
     1   2005    130   23800.0       4.0      15.2      0.81      2.00      0.00  -9999.00
     1   2005    131   23000.0      12.2      18.9      1.42      2.00      0.00  -9999.00
     1   2005    132   25500.0       3.0      12.9      0.76      2.00      0.00  -9999.00
     1   2005    133   23500.0      10.4      15.5      1.26      2.00      0.00  -9999.00
     1   2005    134   25300.0      10.8      16.0      1.29      2.00      0.00  -9999.00
     1   2005    135   23100.0       7.6      21.6      1.04      2.00      0.00  -9999.00
     1   2005    136   23000.0      13.6      21.8      1.56      2.00      0.00  -9999.00
     1   2005    137   14400.0       8.1      15.6      1.08      2.00      0.00  -9999.00
     1   2005    138   15700.0       8.1      13.1      1.08      2.00      0.10  -9999.00
     1   2005    139   24200.0       6.7      12.4      0.98      2.00      0.00  -9999.00
     1   2005    140   15200.0      12.6      13.7      1.46      2.00     12.70  -9999.00
     1   2005    141   11100.0       9.3      14.7      1.17      2.00      7.40  -9999.00
     1   2005    142   19200.0       9.7      14.1      1.20      2.00      0.00  -9999.00
     1   2005    143    6500.0       5.4      14.6      0.90      2.00      0.40  -9999.00
     1   2005    144    4200.0       7.5      15.5      1.04      2.00      2.50  -9999.00
     1   2005    145   11300.0       6.7      10.4      0.98      2.00     10.40  -9999.00
     1   2005    146   13000.0       5.4      15.0      0.90      2.00      3.00  -9999.00
     1   2005    147   21400.0      14.2      16.2      1.62      2.00      0.00  -9999.00
     1   2005    148    8900.0      13.8      24.1      1.58      2.00      0.00  -9999.00
     1   2005    149   18100.0       4.6      22.0      0.85      2.00      0.00  -9999.00
     1   2005    150    9800.0      10.3      18.4      1.25      2.00     23.30  -9999.00
     1   2005    151   20600.0       8.3      15.5      1.09      2.00      1.10  -9999.00
     1   2005    152   13900.0       9.6      17.9      1.20      2.00      1.80  -9999.00
     1   2005    153    7600.0       5.2      22.6      0.88      2.00      0.10  -9999.00
     1   2005    154   13300.0      10.8      22.8      1.29      2.00      0.80  -9999.00
     1   2005    155   10400.0      11.5      19.8      1.36      2.00      0.00  -9999.00
     1   2005    156   10700.0      10.0      15.7      1.23      2.00      0.00  -9999.00
     1   2005    157    9400.0       9.6      15.4      1.20      2.00      0.00  -9999.00
     1   2005    158   27100.0       9.8      20.2      1.21      2.00      0.00  -9999.00
     1   2005    159   19400.0      10.3      15.5      1.25      2.00      0.00  -9999.00
     1   2005    160   22600.0       9.0      15.5      1.15      2.00      0.00  -9999.00
     1   2005    161   26900.0       7.5      23.3      1.04      2.00      0.00  -9999.00
     1   2005    162   27300.0       9.6      16.7      1.20      2.00      0.00  -9999.00
     1   2005    163   24200.0      10.4      15.9      1.26      2.00      0.00  -9999.00
     1   2005    164   25900.0       9.1      23.4      1.16      2.00      0.00  -9999.00
     1   2005    165   22900.0       6.8      20.2      0.99      2.00      0.00  -9999.00
     1   2005    166   29200.0      11.6      16.3      1.37      2.00      0.00  -9999.00
     1   2005    167   25500.0       9.2      14.6      1.16      2.00      0.00  -9999.00
     1   2005    168   27000.0      10.5      20.1      1.27      2.00      0.00  -9999.00
     1   2005    169   23300.0      11.0      24.3      1.31      2.00      0.00  -9999.00
     1   2005    170   18300.0      13.9      26.3      1.59      2.00      0.00  -9999.00
     1   2005    171   12200.0      12.6      16.9      1.46      2.00      0.40  -9999.00
     1   2005    172   11100.0      11.1      15.8      1.32      2.00      0.10  -9999.00
     1   2005    173    8300.0      10.0      16.0      1.23      2.00      0.20  -9999.00
     1   2005    174   23800.0      13.3      15.3      1.53      2.00     11.50  -9999.00
     1   2005    175   12700.0      12.4      17.2      1.44      2.00      6.60  -9999.00
     1   2005    176    8500.0      13.8      14.4      1.58      2.00      0.40  -9999.00
     1   2005    177   14700.0      14.2      21.3      1.62      2.00      0.20  -9999.00
     1   2005    178   14500.0      14.0      15.5      1.60      2.00      3.20  -9999.00
     1   2005    179   14800.0      11.0      19.6      1.31      2.00      0.80  -9999.00
     1   2005    180   14800.0      13.7      18.4      1.57      2.00      0.30  -9999.00
     1   2005    181   25700.0      13.1      18.1      1.51      2.00      0.00  -9999.00
     1   2005    182   27900.0      10.6      23.2      1.28      2.00      0.00  -9999.00
     1   2005    183   19700.0      11.4      20.6      1.35      2.00      0.00  -9999.00
     1   2005    184   14100.0       8.4      17.9      1.10      2.00      0.00  -9999.00
     1   2005    185   12900.0      12.5      23.8      1.45      2.00      0.00  -9999.00
     1   2005    186   25000.0      10.4      19.9      1.26      2.00      0.00  -9999.00
     1   2005    187   26400.0      11.3      21.4      1.34      2.00      0.00  -9999.00
     1   2005    188   26700.0       8.8      26.9      1.13      2.00      0.00  -9999.00
     1   2005    189   18000.0      11.2      20.4      1.33      2.00      2.50  -9999.00
     1   2005    190   16900.0      12.4      16.9      1.44      2.00      7.60  -9999.00
     1   2005    191   18200.0      13.8      26.3      1.58      2.00      0.00  -9999.00
     1   2005    192   28200.0      14.2      20.8      1.62      2.00      0.00  -9999.00
     1   2005    193   12700.0      10.4      23.6      1.26      2.00      3.30  -9999.00
     1   2005    194   10600.0      12.6      14.7      1.46      2.00      2.40  -9999.00
     1   2005    195   18000.0      13.1      16.2      1.51      2.00      7.70  -9999.00
     1   2005    196    9400.0      13.2      18.9      1.52      2.00      0.30  -9999.00
     1   2005    197   24300.0      13.8      18.9      1.58      2.00      0.00  -9999.00
     1   2005    198   15200.0      14.0      18.6      1.60      2.00      9.40  -9999.00
     1   2005    199   20700.0      14.0      22.9      1.60      2.00      0.00  -9999.00
     1   2005    200   26800.0      15.0      16.8      1.70      2.00      3.70  -9999.00
     1   2005    201    4800.0      13.6      17.2      1.56      2.00      0.40  -9999.00
     1   2005    202   21500.0      11.3      28.7      1.34      2.00      0.00  -9999.00
     1   2005    203   13400.0      15.3      23.9      1.74      2.00      3.70  -9999.00
     1   2005    204   28100.0      14.6      20.8      1.66      2.00      0.00  -9999.00
     1   2005    205   28200.0      13.1      22.0      1.51      2.00      0.00  -9999.00
     1   2005    206   27300.0      12.6      19.6      1.46      2.00      0.00  -9999.00
     1   2005    207   21200.0      13.3      19.5      1.53      2.00      0.00  -9999.00
     1   2005    208   27800.0      13.6      16.9      1.56      2.00      0.00  -9999.00
     1   2005    209   13500.0      12.4      17.7      1.44      2.00      0.30  -9999.00
     1   2005    210   14500.0      10.4      18.8      1.26      2.00      5.30  -9999.00
     1   2005    211   10600.0      13.0      20.8      1.50      2.00     14.10  -9999.00
     1   2005    212    9200.0      13.2      19.7      1.52      2.00      0.30  -9999.00
     1   2005    213   27000.0      12.6      18.5      1.46      2.00      0.00  -9999.00
     1   2005    214   11800.0      15.7      17.1      1.78      2.00      0.80  -9999.00
     1   2005    215    8400.0      16.5      18.2      1.88      2.00      0.10  -9999.00
     1   2005    216    8200.0      15.1      20.3      1.72      2.00      4.60  -9999.00
     1   2005    217    8100.0      15.9      19.8      1.81      2.00      1.20  -9999.00
     1   2005    218   12200.0      12.9      19.9      1.49      2.00      1.80  -9999.00
     1   2005    219   12700.0      14.8      18.6      1.68      2.00      0.00  -9999.00
     1   2005    220   19300.0      12.7      17.5      1.47      2.00      0.00  -9999.00
     1   2005    221   19900.0       7.8      22.4      1.06      2.00      0.00  -9999.00
     1   2005    222   16100.0      14.6      16.4      1.66      2.00      0.00  -9999.00
     1   2005    223   14300.0       8.0      24.0      1.07      2.00      0.00  -9999.00
     1   2005    224    9400.0      17.9      22.1      2.05      2.00      4.20  -9999.00
     1   2005    225   24900.0       9.1      19.0      1.16      2.00      0.00  -9999.00
     1   2005    226   13500.0      12.3      19.0      1.43      2.00      0.00  -9999.00
     1   2005    227   10800.0      12.1      18.7      1.41      2.00      0.00  -9999.00
     1   2005    228   19600.0       8.2      20.7      1.09      2.00      0.00  -9999.00
     1   2005    229   19600.0      16.0      19.1      1.82      2.00      0.00  -9999.00
     1   2005    230   14600.0      13.5      20.4      1.55      2.00     10.70  -9999.00
     1   2005    231   18800.0      17.7      21.2      2.02      2.00      0.00  -9999.00
     1   2005    232   14100.0      10.4      22.3      1.26      2.00      0.00  -9999.00
     1   2005    233   12200.0      12.4      20.5      1.44      2.00      0.00  -9999.00
     1   2005    234   16500.0      15.6      20.4      1.77      2.00      0.00  -9999.00
     1   2005    235   13600.0      15.3      18.5      1.74      2.00      0.00  -9999.00
     1   2005    236   13400.0       8.9      18.5      1.14      2.00      0.00  -9999.00
     1   2005    237   12600.0       6.9      22.0      0.99      2.00      0.00  -9999.00
     1   2005    238   18100.0       7.7      27.9      1.05      2.00      0.00  -9999.00
     1   2005    239    8400.0       8.5      18.9      1.11      2.00      4.30  -9999.00
     1   2005    240   18400.0       6.9      20.7      0.99      2.00      0.00  -9999.00
     1   2005    241   20300.0      17.2      19.7      1.96      2.00      6.60  -9999.00
     1   2005    242   10300.0      13.0      19.8      1.50      2.00      0.40  -9999.00
     1   2005    243   11500.0      15.6      18.1      1.77      2.00      6.00  -9999.00
     1   2005    244   12800.0      11.1      22.3      1.32      2.00      0.00  -9999.00
     1   2005    245   18900.0      10.0      18.6      1.23      2.00      0.00  -9999.00
     1   2005    246   12400.0       9.0      18.8      1.15      2.00      0.00  -9999.00
     1   2005    247   13300.0       6.4      15.8      0.96      2.00      0.00  -9999.00
     1   2005    248   10600.0      13.2      16.5      1.52      2.00      0.00  -9999.00
     1   2005    249   11900.0      16.5      20.9      1.88      2.00      0.00  -9999.00
     1   2005    250   14800.0      12.8      19.4      1.48      2.00      0.00  -9999.00
     1   2005    251   10900.0      10.4      18.4      1.26      2.00      0.00  -9999.00
     1   2005    252   17600.0       6.2      18.8      0.95      2.00      0.00  -9999.00
     1   2005    253   11100.0      15.6      17.6      1.77      2.00      0.00  -9999.00
     1   2005    254    8500.0       9.3      15.6      1.17      2.00     15.00  -9999.00
     1   2005    255   14600.0       8.1      19.9      1.08      2.00      0.00  -9999.00
     1   2005    256   14100.0      10.1      19.1      1.24      2.00      8.70  -9999.00
     1   2005    257   14600.0       8.7      18.6      1.12      2.00      1.60  -9999.00
     1   2005    258   13800.0      13.4      15.3      1.54      2.00      6.80  -9999.00
     1   2005    259    2600.0       9.1      18.8      1.16      2.00      1.80  -9999.00
     1   2005    260   11200.0      12.0      14.6      1.40      2.00      5.40  -9999.00
     1   2005    261    8900.0       8.3      18.1      1.09      2.00      0.10  -9999.00
     1   2005    262   11700.0      10.7      19.2      1.29      2.00      5.90  -9999.00
     1   2005    263   14100.0      11.6      16.1      1.37      2.00      0.00  -9999.00
     1   2005    264    8100.0      11.7      14.9      1.37      2.00      0.00  -9999.00
     1   2005    265   12000.0       9.1      20.3      1.16      2.00      0.00  -9999.00
     1   2005    266   12900.0      12.2      16.8      1.42      2.00      0.00  -9999.00
     1   2005    267    8100.0       4.1      16.9      0.82      2.00      0.00  -9999.00
     1   2005    268    9000.0      13.2      20.3      1.52      2.00      0.00  -9999.00
     1   2005    269   15200.0       7.2      18.2      1.02      2.00      0.00  -9999.00
     1   2005    270   15000.0       9.9      19.1      1.22      2.00      0.00  -9999.00
     1   2005    271   12900.0      10.6      19.3      1.28      2.00      0.00  -9999.00
     1   2005    272    7700.0       5.6      20.1      0.91      2.00      0.00  -9999.00
     1   2005    273    8000.0       6.2      17.9      0.95      2.00      0.00  -9999.00
     1   2005    274    3800.0       5.1      19.9      0.88      2.00      0.00  -9999.00
     1   2005    275    9200.0      11.7      13.7      1.37      2.00      2.50  -9999.00
     1   2005    276    5500.0      11.5      19.7      1.36      2.00      0.80  -9999.00
     1   2005    277   10000.0      11.2      13.2      1.33      2.00      4.90  -9999.00
     1   2005    278    9900.0       4.8      20.6      0.86      2.00      0.60  -9999.00
     1   2005    279    5700.0       8.5      21.0      1.11      2.00      2.80  -9999.00
     1   2005    280    9700.0      11.1      16.9      1.32      2.00      0.70  -9999.00
     1   2005    281    8000.0      15.3      15.8      1.74      2.00      0.10  -9999.00
     1   2005    282    7800.0      10.7      14.7      1.29      2.00      1.60  -9999.00
     1   2005    283    8200.0       6.8      16.6      0.99      2.00      6.90  -9999.00
     1   2005    284    3600.0      10.8      15.4      1.29      2.00      2.10  -9999.00
     1   2005    285    8600.0       5.5      18.5      0.90      2.00      8.90  -9999.00
     1   2005    286    4000.0       6.4      15.1      0.96      2.00      0.10  -9999.00
     1   2005    287    5900.0      12.0      13.0      1.40      2.00      1.10  -9999.00
     1   2005    288   10500.0       7.8      16.2      1.06      2.00      1.40  -9999.00
     1   2005    289    8100.0      11.4      16.9      1.35      2.00     18.50  -9999.00
     1   2005    290    8600.0       1.1      13.0      0.66      2.00      0.00  -9999.00
     1   2005    291    5400.0      12.2      15.6      1.42      2.00      7.80  -9999.00
     1   2005    292    8700.0       7.7      15.6      1.05      2.00      2.50  -9999.00
     1   2005    293    5500.0      12.9      16.6      1.49      2.00     15.30  -9999.00
     1   2005    294    6200.0      10.5      13.5      1.27      2.00      1.20  -9999.00
     1   2005    295    5800.0       2.3      13.0      0.72      2.00     17.10  -9999.00
     1   2005    296    3700.0       8.9      10.9      1.14      2.00      0.00  -9999.00
     1   2005    297    7400.0       7.6      16.6      1.04      2.00      0.00  -9999.00
     1   2005    298    2000.0       7.6      13.8      1.04      2.00      3.30  -9999.00
     1   2005    299    3400.0       6.2      14.3      0.95      2.00      0.80  -9999.00
     1   2005    300    6200.0      11.3      14.2      1.34      2.00      1.00  -9999.00
     1   2005    301    8800.0       8.7      10.7      1.12      2.00      0.00  -9999.00
     1   2005    302    3300.0       7.7      12.4      1.05      2.00      4.50  -9999.00
     1   2005    303    4500.0       3.5      13.0      0.78      2.00      2.70  -9999.00
     1   2005    304    3500.0       7.2      12.5      1.02      2.00      1.10  -9999.00
     1   2005    305    5500.0       6.2      14.9      0.95      2.00      7.60  -9999.00
     1   2005    306    3400.0      10.9      12.4      1.30      2.00      2.50  -9999.00
     1   2005    307    5400.0       7.8      13.5      1.06      2.00      0.00  -9999.00
     1   2005    308    3800.0       7.3      14.3      1.02      2.00      0.00  -9999.00
     1   2005    309    4900.0       8.7      11.0      1.12      2.00      0.00  -9999.00
     1   2005    310    2400.0       7.6      13.1      1.04      2.00      0.00  -9999.00
     1   2005    311    4100.0       9.1      11.1      1.16      2.00      0.00  -9999.00
     1   2005    312    6100.0       7.4      13.2      1.03      2.00      0.00  -9999.00
     1   2005    313    3700.0      10.5      12.5      1.27      2.00     11.90  -9999.00
     1   2005    314    5000.0       4.1      13.0      0.82      2.00      0.00  -9999.00
     1   2005    315    4400.0       5.8       6.4      0.92      2.00      0.00  -9999.00
     1   2005    316    4500.0       2.0       9.9      0.71      2.00      0.90  -9999.00
     1   2005    317    4300.0       1.8      13.6      0.70      2.00      0.00  -9999.00
     1   2005    318    5600.0       6.3      10.5      0.95      2.00      0.00  -9999.00
     1   2005    319    4300.0       2.7      13.3      0.74      2.00      7.70  -9999.00
     1   2005    320    5800.0       3.3       5.3      0.77      2.00      0.00  -9999.00
     1   2005    321    3900.0       2.7      11.1      0.74      2.00      6.20  -9999.00
     1   2005    322    2000.0       9.3      12.1      1.17      2.00      3.50  -9999.00
     1   2005    323    4600.0       6.8       8.8      0.99      2.00     11.50  -9999.00
     1   2005    324    2400.0       8.6      11.1      1.12      2.00     15.50  -9999.00
     1   2005    325    1900.0       2.5       7.6      0.73      2.00      0.00  -9999.00
     1   2005    326    2000.0       8.4      10.4      1.10      2.00      0.40  -9999.00
     1   2005    327    2100.0       6.4       8.1      0.96      2.00      0.30  -9999.00
     1   2005    328    1900.0       0.0      11.5      0.61      2.00      0.50  -9999.00
     1   2005    329    3800.0       1.9      12.8      0.70      2.00      0.00  -9999.00
     1   2005    330    1900.0       4.1       7.6      0.82      2.00      0.40  -9999.00
     1   2005    331    4500.0       9.7      11.1      1.20      2.00      0.30  -9999.00
     1   2005    332    2300.0       4.6      10.5      0.85      2.00      1.00  -9999.00
     1   2005    333    1400.0       6.9      10.6      0.99      2.00      4.20  -9999.00
     1   2005    334    2100.0       8.6       9.9      1.12      2.00      1.90  -9999.00
     1   2005    335    4300.0       0.2       2.8      0.62      2.00      0.00  -9999.00
     1   2005    336    1900.0       3.0      12.4      0.76      2.00     10.60  -9999.00
     1   2005    337    3000.0       0.2      13.0      0.62      2.00      0.20  -9999.00
     1   2005    338     700.0      -0.1       7.9      0.61      2.00      0.30  -9999.00
     1   2005    339    4100.0       6.1       7.6      0.94      2.00      0.00  -9999.00
     1   2005    340    2300.0       1.8       7.0      0.70      2.00      0.00  -9999.00
     1   2005    341    1700.0       6.6       9.2      0.97      2.00      2.90  -9999.00
     1   2005    342    1600.0       2.5      11.4      0.73      2.00      6.50  -9999.00
     1   2005    343    1400.0       3.1       4.9      0.76      2.00      0.00  -9999.00
     1   2005    344    1700.0       9.2       9.7      1.16      2.00      0.10  -9999.00
     1   2005    345    2300.0       6.8      12.8      0.99      2.00      0.10  -9999.00
     1   2005    346    1500.0       3.9       8.0      0.81      2.00      0.00  -9999.00
     1   2005    347    3500.0      -2.9       6.4      0.49      2.00      0.00  -9999.00
     1   2005    348    1700.0       5.1       7.1      0.88      2.00      5.60  -9999.00
     1   2005    349    1000.0       0.8       9.5      0.65      2.00      1.80  -9999.00
     1   2005    350    2400.0       2.6       2.7      0.74      2.00      0.00  -9999.00
     1   2005    351     700.0       1.3       2.7      0.67      2.00      0.00  -9999.00
     1   2005    352    2100.0       2.9       5.8      0.75      2.00      0.10  -9999.00
     1   2005    353    1400.0       3.5       7.2      0.78      2.00      1.00  -9999.00
     1   2005    354    2000.0      -3.5      -1.5      0.47      2.00      2.60  -9999.00
     1   2005    355    1100.0       9.0       9.8      1.15      2.00      0.10  -9999.00
     1   2005    356    1400.0       7.3       9.3      1.02      2.00     22.20  -9999.00
     1   2005    357    1800.0      -2.1       2.1      0.52      2.00      0.00  -9999.00
     1   2005    358    1400.0       8.3      12.4      1.09      2.00      9.60  -9999.00
     1   2005    359    4500.0       0.9       7.6      0.65      2.00      0.00  -9999.00
     1   2005    360     800.0       1.0       3.0      0.66      2.00      0.00  -9999.00
     1   2005    361     700.0       7.3       9.3      1.02      2.00      0.60  -9999.00
     1   2005    362    2000.0       5.4      12.1      0.90      2.00      9.30  -9999.00
     1   2005    363    1800.0       4.5       8.5      0.84      2.00      0.00  -9999.00
     1   2005    364    4000.0       0.4      10.4      0.63      2.00     13.40  -9999.00
     1   2005    365    2700.0       6.1      11.9      0.94      2.00      6.40  -9999.00
