*-----------------------------------------------------------------------------* 
           CNWG_246.met           51.48   -3.55   69.72
* Date created:  08-Aug-2019     Author: K Coleman 
* 
* NIL VALUE       -9999 
* Source:   data provided by M. Semenov 
*  
* Latitude:    51.48 Longitude:    -3.55 Altitude:    69.72
* 
* Column  Daily value 
* 1       station number 
* 2       year 
* 3       day 
* 4       irradiation                   (kJ m-2 d-1) 
* 5       minimum temperature           (degrees Celsius) 
* 6       maximum temperature           (degrees Celsius) 
* 7       early morning vapour pressure (kPa)             
* 8       mean wind speed (height: 2 m?) (m s-1)          
* 9       precipitation                 (mm d-1)          
* 10      sunshine                      (hrs)             
 		Jday	RAD	    TMIN	TMAX	 VAP	wind	RAIN	SUN  
               kj/m2	°C	    °C	     kPa	m/s	    mm	    hrs 
   51.48  69.72
     1   2005      1     700.0       1.1       9.7      0.66      2.00      1.00  -9999.00
     1   2005      2    1800.0       8.2       9.8      1.09      2.00      3.80  -9999.00
     1   2005      3    4000.0       7.4       9.6      1.03      2.00      1.00  -9999.00
     1   2005      4    2600.0       8.6      10.6      1.12      2.00      4.80  -9999.00
     1   2005      5    3700.0      -1.2      10.1      0.56      2.00      0.80  -9999.00
     1   2005      6    1700.0       5.3       7.8      0.89      2.00      0.40  -9999.00
     1   2005      7    2100.0       4.5       9.8      0.84      2.00      8.70  -9999.00
     1   2005      8    5000.0       1.1       9.3      0.66      2.00      0.00  -9999.00
     1   2005      9    1900.0      -6.6       9.3      0.37      2.00      0.00  -9999.00
     1   2005     10    1900.0       8.9      10.9      1.14      2.00     10.70  -9999.00
     1   2005     11    1900.0       3.6       5.6      0.79      2.00      0.50  -9999.00
     1   2005     12    1400.0      -5.0      11.3      0.42      2.00      1.10  -9999.00
     1   2005     13    1900.0       0.6       9.6      0.64      2.00      2.20  -9999.00
     1   2005     14    3200.0       5.9       6.7      0.93      2.00      6.20  -9999.00
     1   2005     15    1200.0       5.1      13.6      0.88      2.00     10.90  -9999.00
     1   2005     16    1900.0       7.4      11.6      1.03      2.00     13.20  -9999.00
     1   2005     17    3100.0       5.9       9.4      0.93      2.00      0.20  -9999.00
     1   2005     18    2000.0       8.3       8.9      1.09      2.00      8.20  -9999.00
     1   2005     19    3600.0       7.4       9.4      1.03      2.00      8.20  -9999.00
     1   2005     20    2500.0       2.3      11.0      0.72      2.00      2.50  -9999.00
     1   2005     21    1300.0       6.8       7.7      0.99      2.00      9.90  -9999.00
     1   2005     22    3300.0       5.5       9.3      0.90      2.00      4.20  -9999.00
     1   2005     23    2800.0       5.6       8.3      0.91      2.00      1.00  -9999.00
     1   2005     24    3400.0      -1.3      10.1      0.56      2.00      1.90  -9999.00
     1   2005     25    1500.0       5.1       9.3      0.88      2.00      0.40  -9999.00
     1   2005     26    5200.0       3.6       9.2      0.79      2.00     18.20  -9999.00
     1   2005     27    4100.0       4.5      11.8      0.84      2.00      1.20  -9999.00
     1   2005     28    1500.0      -6.2       6.3      0.38      2.00      5.70  -9999.00
     1   2005     29    1700.0       6.3       9.2      0.95      2.00      0.80  -9999.00
     1   2005     30    7000.0       0.0       2.3      0.61      2.00      0.00  -9999.00
     1   2005     31    2600.0      -1.4       8.8      0.55      2.00     11.50  -9999.00
     1   2005     32    6800.0       0.5       6.3      0.63      2.00      2.60  -9999.00
     1   2005     33    4300.0       5.1      10.0      0.88      2.00      0.30  -9999.00
     1   2005     34    4000.0       6.3       8.1      0.95      2.00      0.00  -9999.00
     1   2005     35    6400.0       7.3       8.7      1.02      2.00      0.00  -9999.00
     1   2005     36    2500.0       1.0       7.1      0.66      2.00      0.00  -9999.00
     1   2005     37    6200.0      -6.0      12.0      0.39      2.00      0.00  -9999.00
     1   2005     38    8000.0       2.6      11.8      0.74      2.00      0.00  -9999.00
     1   2005     39    8200.0       6.0       8.0      0.93      2.00      0.00  -9999.00
     1   2005     40    6600.0      -6.0       6.2      0.39      2.00      0.00  -9999.00
     1   2005     41    3000.0       4.3      10.8      0.83      2.00      0.20  -9999.00
     1   2005     42    7200.0       4.2       8.1      0.82      2.00      0.00  -9999.00
     1   2005     43    4000.0       5.4       7.4      0.90      2.00      0.00  -9999.00
     1   2005     44    2800.0       3.6       6.3      0.79      2.00      2.40  -9999.00
     1   2005     45    6500.0      -3.1      10.6      0.49      2.00      3.70  -9999.00
     1   2005     46    2000.0       6.8       8.7      0.99      2.00      2.20  -9999.00
     1   2005     47    4600.0       1.4      11.8      0.68      2.00      8.50  -9999.00
     1   2005     48    6400.0       1.3       3.3      0.67      2.00      0.00  -9999.00
     1   2005     49    2300.0       3.4      10.6      0.78      2.00      0.40  -9999.00
     1   2005     50    3900.0       7.3      12.2      1.02      2.00      4.70  -9999.00
     1   2005     51    4700.0       5.4       7.9      0.90      2.00      0.30  -9999.00
     1   2005     52    2900.0       1.1       6.9      0.66      2.00      0.30  -9999.00
     1   2005     53    5800.0      -0.3       7.1      0.60      2.00      0.40  -9999.00
     1   2005     54    6400.0      -1.8       7.0      0.54      2.00      1.20  -9999.00
     1   2005     55    8200.0      -5.6       7.6      0.40      2.00      0.00  -9999.00
     1   2005     56    4300.0       2.2       2.2      0.72      2.00      0.00  -9999.00
     1   2005     57    8300.0       4.6       8.8      0.85      2.00      0.00  -9999.00
     1   2005     58    3800.0       2.3      11.4      0.72      2.00      0.00  -9999.00
     1   2005     59    7500.0       0.7       8.6      0.64      2.00      0.30  -9999.00
     1   2005     60    6700.0       4.5       9.8      0.84      2.00      8.20  -9999.00
     1   2005     61    9000.0       4.2       8.6      0.82      2.00      1.90  -9999.00
     1   2005     62    6600.0       0.7      11.4      0.64      2.00      0.00  -9999.00
     1   2005     63    4100.0       6.4      11.4      0.96      2.00      0.10  -9999.00
     1   2005     64    7400.0       0.3      10.8      0.62      2.00      1.00  -9999.00
     1   2005     65   12000.0       1.7      11.2      0.69      2.00      8.20  -9999.00
     1   2005     66    6300.0       4.9       6.9      0.87      2.00      0.20  -9999.00
     1   2005     67    5800.0       2.9       3.9      0.75      2.00      3.20  -9999.00
     1   2005     68    5100.0      -2.4       7.7      0.51      2.00      4.50  -9999.00
     1   2005     69   10700.0       4.5      11.9      0.84      2.00      6.90  -9999.00
     1   2005     70    5000.0       7.7       9.9      1.05      2.00      1.90  -9999.00
     1   2005     71    7000.0       7.9      12.1      1.07      2.00      0.30  -9999.00
     1   2005     72    4700.0       3.7       9.7      0.80      2.00      1.90  -9999.00
     1   2005     73   11700.0       7.0      12.5      1.00      2.00      0.40  -9999.00
     1   2005     74   10000.0       7.1      10.9      1.01      2.00      6.80  -9999.00
     1   2005     75    4400.0       8.6       9.9      1.12      2.00      1.70  -9999.00
     1   2005     76   12100.0       3.7       9.2      0.80      2.00     11.40  -9999.00
     1   2005     77    6800.0       1.6       8.4      0.69      2.00      3.10  -9999.00
     1   2005     78   15900.0       7.3      11.1      1.02      2.00      0.00  -9999.00
     1   2005     79    7100.0      -0.7      10.1      0.58      2.00     14.60  -9999.00
     1   2005     80    7500.0       5.6       9.6      0.91      2.00      0.00  -9999.00
     1   2005     81   11400.0       6.3       8.1      0.95      2.00      0.00  -9999.00
     1   2005     82   14400.0       6.4      12.9      0.96      2.00      0.00  -9999.00
     1   2005     83   10400.0       5.2       7.2      0.88      2.00      0.00  -9999.00
     1   2005     84    6400.0       7.4       9.6      1.03      2.00      0.80  -9999.00
     1   2005     85    9700.0       4.6      11.3      0.85      2.00     18.80  -9999.00
     1   2005     86    3400.0       6.6       9.3      0.97      2.00     10.00  -9999.00
     1   2005     87    8600.0       5.0       9.5      0.87      2.00      3.90  -9999.00
     1   2005     88    6000.0       2.1       9.4      0.71      2.00      0.30  -9999.00
     1   2005     89    9700.0       1.2      14.7      0.67      2.00      0.00  -9999.00
     1   2005     90    9500.0       5.6      10.4      0.91      2.00      8.70  -9999.00
     1   2005     91   10200.0       7.2       9.3      1.02      2.00      0.00  -9999.00
     1   2005     92   17400.0       5.3       7.1      0.89      2.00      0.00  -9999.00
     1   2005     93   12500.0       1.0      16.0      0.66      2.00      0.00  -9999.00
     1   2005     94   14500.0       0.7       9.4      0.64      2.00      0.00  -9999.00
     1   2005     95   18800.0       2.5      19.4      0.73      2.00      0.00  -9999.00
     1   2005     96   14400.0       7.2       8.6      1.02      2.00      2.40  -9999.00
     1   2005     97   12000.0       3.3      10.2      0.77      2.00     11.40  -9999.00
     1   2005     98    7800.0       6.6      11.8      0.97      2.00      3.30  -9999.00
     1   2005     99   10800.0       7.9      12.6      1.07      2.00      1.10  -9999.00
     1   2005    100   11000.0       4.9       8.4      0.87      2.00      0.00  -9999.00
     1   2005    101   21200.0       5.9      15.8      0.93      2.00      0.00  -9999.00
     1   2005    102   18600.0       0.3      10.0      0.62      2.00      0.00  -9999.00
     1   2005    103    7400.0       4.4      11.7      0.84      2.00      0.00  -9999.00
     1   2005    104   15600.0       2.7      12.6      0.74      2.00      0.00  -9999.00
     1   2005    105    3200.0       7.6       8.8      1.04      2.00      1.00  -9999.00
     1   2005    106   20400.0       8.3      11.7      1.09      2.00      4.90  -9999.00
     1   2005    107   12100.0       2.1       8.7      0.71      2.00      0.50  -9999.00
     1   2005    108   13700.0       3.4       8.2      0.78      2.00      1.70  -9999.00
     1   2005    109   16900.0      11.0      12.5      1.31      2.00      0.00  -9999.00
     1   2005    110    9800.0       6.7      11.5      0.98      2.00      3.00  -9999.00
     1   2005    111   19900.0       1.6      12.0      0.69      2.00      5.70  -9999.00
     1   2005    112   10600.0       6.2      15.4      0.95      2.00      3.20  -9999.00
     1   2005    113    3500.0       9.0       9.5      1.15      2.00      5.60  -9999.00
     1   2005    114   20300.0       0.0      12.4      0.61      2.00      0.00  -9999.00
     1   2005    115   10900.0       2.6      10.5      0.74      2.00      1.10  -9999.00
     1   2005    116   18200.0       2.3       9.5      0.72      2.00      2.80  -9999.00
     1   2005    117   16000.0       4.2      12.8      0.82      2.00      0.00  -9999.00
     1   2005    118    6100.0       5.4      13.1      0.90      2.00     11.00  -9999.00
     1   2005    119   19700.0       6.3      16.2      0.95      2.00      0.00  -9999.00
     1   2005    120   13200.0       2.1      12.0      0.71      2.00      0.00  -9999.00
     1   2005    121   13500.0       7.9      11.8      1.07      2.00      4.60  -9999.00
     1   2005    122   12700.0       6.2      12.6      0.95      2.00      2.20  -9999.00
     1   2005    123   20800.0       3.1      14.1      0.76      2.00      0.00  -9999.00
     1   2005    124   10600.0       6.2      16.8      0.95      2.00      0.10  -9999.00
     1   2005    125   16600.0       4.1      14.6      0.82      2.00     10.30  -9999.00
     1   2005    126   12200.0       6.1      14.1      0.94      2.00      0.30  -9999.00
     1   2005    127   19000.0       7.1      12.1      1.01      2.00      0.00  -9999.00
     1   2005    128   10100.0      11.7      12.3      1.37      2.00      0.80  -9999.00
     1   2005    129   13300.0      11.2      17.0      1.33      2.00      0.10  -9999.00
     1   2005    130   19800.0       9.6      13.3      1.20      2.00      3.70  -9999.00
     1   2005    131   11100.0       1.1      14.3      0.66      2.00     12.60  -9999.00
     1   2005    132   15700.0      11.2      15.0      1.33      2.00      0.50  -9999.00
     1   2005    133   26600.0      12.0      14.0      1.40      2.00      0.00  -9999.00
     1   2005    134   22800.0       8.5      11.6      1.11      2.00      0.00  -9999.00
     1   2005    135   27300.0       2.8      16.6      0.75      2.00      0.00  -9999.00
     1   2005    136   10100.0       8.1      11.5      1.08      2.00      3.80  -9999.00
     1   2005    137   10000.0       7.7      13.2      1.05      2.00      0.10  -9999.00
     1   2005    138   10800.0      10.9      15.1      1.30      2.00      0.70  -9999.00
     1   2005    139    8200.0       6.8      13.5      0.99      2.00      8.10  -9999.00
     1   2005    140    8100.0       9.4      12.7      1.18      2.00      0.10  -9999.00
     1   2005    141   10000.0      12.3      16.5      1.43      2.00      0.60  -9999.00
     1   2005    142    8600.0       8.4      12.8      1.10      2.00      3.00  -9999.00
     1   2005    143   13700.0      13.6      17.7      1.56      2.00      2.40  -9999.00
     1   2005    144   19200.0      10.4      14.2      1.26      2.00      1.60  -9999.00
     1   2005    145   17600.0      11.1      13.5      1.32      2.00      1.00  -9999.00
     1   2005    146   12500.0      11.5      15.2      1.36      2.00      5.50  -9999.00
     1   2005    147   19000.0       9.6      14.8      1.20      2.00     15.50  -9999.00
     1   2005    148   15000.0       9.3      19.4      1.17      2.00      0.00  -9999.00
     1   2005    149   25900.0       9.6      17.9      1.20      2.00      0.00  -9999.00
     1   2005    150   12700.0      10.1      18.0      1.24      2.00      0.00  -9999.00
     1   2005    151   13700.0      11.6      16.9      1.37      2.00      0.40  -9999.00
     1   2005    152   29200.0       7.3      14.9      1.02      2.00      0.00  -9999.00
     1   2005    153   21700.0       3.2      13.7      0.77      2.00      0.00  -9999.00
     1   2005    154   18000.0      10.4      14.6      1.26      2.00      0.10  -9999.00
     1   2005    155   17700.0      11.0      13.9      1.31      2.00      0.70  -9999.00
     1   2005    156   11800.0       8.1      19.9      1.08      2.00     10.60  -9999.00
     1   2005    157   20600.0       9.8      18.9      1.21      2.00      0.00  -9999.00
     1   2005    158   16400.0       9.0      15.6      1.15      2.00      0.20  -9999.00
     1   2005    159    9500.0      13.9      18.8      1.59      2.00      0.00  -9999.00
     1   2005    160   13400.0      12.8      13.9      1.48      2.00     21.30  -9999.00
     1   2005    161   23000.0      10.6      26.7      1.28      2.00      0.00  -9999.00
     1   2005    162   29000.0      12.7      24.0      1.47      2.00      0.00  -9999.00
     1   2005    163   21800.0      12.8      26.1      1.48      2.00      0.00  -9999.00
     1   2005    164   25200.0      11.9      23.6      1.39      2.00      0.00  -9999.00
     1   2005    165   19800.0      15.9      16.1      1.81      2.00      0.00  -9999.00
     1   2005    166   29700.0       9.0      16.5      1.15      2.00      0.00  -9999.00
     1   2005    167   13000.0       9.1      16.1      1.16      2.00      0.00  -9999.00
     1   2005    168   26500.0      13.5      16.4      1.55      2.00      0.00  -9999.00
     1   2005    169   24800.0      13.1      17.1      1.51      2.00      0.00  -9999.00
     1   2005    170   14100.0       5.3      18.3      0.89      2.00      0.00  -9999.00
     1   2005    171   18000.0       5.7      17.6      0.92      2.00      0.00  -9999.00
     1   2005    172   22000.0       8.8      23.3      1.13      2.00      0.00  -9999.00
     1   2005    173   18600.0       8.9      18.0      1.14      2.00      0.00  -9999.00
     1   2005    174   17500.0       6.2      15.4      0.95      2.00      0.00  -9999.00
     1   2005    175   27500.0      14.1      19.2      1.61      2.00      0.00  -9999.00
     1   2005    176    9800.0       7.9      14.2      1.07      2.00      0.60  -9999.00
     1   2005    177    9200.0      10.1      17.2      1.24      2.00      7.60  -9999.00
     1   2005    178   20000.0      12.7      15.4      1.47      2.00     16.20  -9999.00
     1   2005    179   17800.0      13.1      18.4      1.51      2.00      3.60  -9999.00
     1   2005    180   22700.0      14.0      18.6      1.60      2.00      2.20  -9999.00
     1   2005    181   21300.0      12.0      18.7      1.40      2.00      0.20  -9999.00
     1   2005    182   10100.0      14.1      17.1      1.61      2.00      3.10  -9999.00
     1   2005    183   13100.0      12.6      17.8      1.46      2.00      1.00  -9999.00
     1   2005    184   28800.0      12.5      19.5      1.45      2.00      1.50  -9999.00
     1   2005    185   17400.0       6.2      24.1      0.95      2.00      6.30  -9999.00
     1   2005    186   17900.0      13.2      25.3      1.52      2.00      0.00  -9999.00
     1   2005    187   27900.0      12.2      21.9      1.42      2.00      0.00  -9999.00
     1   2005    188   29700.0      12.7      21.2      1.47      2.00      0.00  -9999.00
     1   2005    189   17200.0      13.9      20.4      1.59      2.00      0.00  -9999.00
     1   2005    190   28000.0      14.2      20.5      1.62      2.00      0.00  -9999.00
     1   2005    191   13200.0      15.8      18.7      1.79      2.00      0.00  -9999.00
     1   2005    192   21600.0      11.1      29.0      1.32      2.00      0.00  -9999.00
     1   2005    193   15000.0      13.5      19.4      1.55      2.00      0.00  -9999.00
     1   2005    194   19000.0      11.6      21.8      1.37      2.00      0.00  -9999.00
     1   2005    195   21600.0      10.5      21.1      1.27      2.00      0.00  -9999.00
     1   2005    196   17200.0      13.9      22.5      1.59      2.00      0.00  -9999.00
     1   2005    197   25100.0      17.1      24.4      1.95      2.00      0.00  -9999.00
     1   2005    198   23900.0      13.1      16.4      1.51      2.00      0.00  -9999.00
     1   2005    199   13900.0      14.1      16.7      1.61      2.00      0.90  -9999.00
     1   2005    200   13400.0      12.9      19.1      1.49      2.00      0.90  -9999.00
     1   2005    201   17400.0      13.2      18.3      1.52      2.00      0.00  -9999.00
     1   2005    202   28600.0      12.6      24.9      1.46      2.00      0.00  -9999.00
     1   2005    203   11500.0      14.2      18.2      1.62      2.00      4.10  -9999.00
     1   2005    204   16800.0      13.2      21.9      1.52      2.00      0.00  -9999.00
     1   2005    205   13000.0      13.9      20.4      1.59      2.00      1.60  -9999.00
     1   2005    206   19200.0       8.7      20.1      1.12      2.00     18.60  -9999.00
     1   2005    207   17900.0      13.7      20.8      1.57      2.00      0.00  -9999.00
     1   2005    208   17900.0      13.1      24.4      1.51      2.00      0.40  -9999.00
     1   2005    209   18600.0      12.8      17.0      1.48      2.00      0.80  -9999.00
     1   2005    210   26400.0      10.6      21.7      1.28      2.00      0.00  -9999.00
     1   2005    211   19000.0      14.3      23.3      1.63      2.00      0.00  -9999.00
     1   2005    212   11800.0       9.2      23.6      1.16      2.00      0.70  -9999.00
     1   2005    213   23800.0      14.0      21.3      1.60      2.00      0.00  -9999.00
     1   2005    214   13000.0      15.7      19.4      1.78      2.00      0.00  -9999.00
     1   2005    215   10800.0      15.3      25.5      1.74      2.00      0.00  -9999.00
     1   2005    216   18200.0      10.2      23.5      1.24      2.00      0.00  -9999.00
     1   2005    217   17300.0      13.0      24.0      1.50      2.00      0.30  -9999.00
     1   2005    218   11600.0      13.2      17.5      1.52      2.00     28.00  -9999.00
     1   2005    219    8700.0      10.2      21.8      1.24      2.00      0.90  -9999.00
     1   2005    220   11000.0      13.4      16.9      1.54      2.00      6.50  -9999.00
     1   2005    221   20100.0      12.3      21.2      1.43      2.00      0.00  -9999.00
     1   2005    222   11500.0      11.7      21.0      1.37      2.00      1.60  -9999.00
     1   2005    223   12500.0      16.4      20.1      1.86      2.00      0.10  -9999.00
     1   2005    224   12500.0      16.2      19.5      1.84      2.00      0.60  -9999.00
     1   2005    225    8300.0      13.3      19.3      1.53      2.00      2.80  -9999.00
     1   2005    226   11600.0      13.7      20.1      1.57      2.00      7.40  -9999.00
     1   2005    227   13900.0      13.0      18.2      1.50      2.00      0.10  -9999.00
     1   2005    228   15800.0      13.5      20.0      1.55      2.00     16.70  -9999.00
     1   2005    229   16400.0       9.1      21.2      1.16      2.00      0.00  -9999.00
     1   2005    230   18200.0       9.6      18.5      1.20      2.00      0.00  -9999.00
     1   2005    231   17400.0      12.7      19.0      1.47      2.00      0.00  -9999.00
     1   2005    232   15100.0      10.9      27.1      1.30      2.00      0.00  -9999.00
     1   2005    233   21800.0      14.1      21.1      1.61      2.00      0.00  -9999.00
     1   2005    234   10800.0      11.8      19.2      1.38      2.00      2.10  -9999.00
     1   2005    235   15500.0       8.1      17.1      1.08      2.00     11.40  -9999.00
     1   2005    236   13400.0      12.2      17.4      1.42      2.00      9.30  -9999.00
     1   2005    237   20800.0      11.3      19.6      1.34      2.00     10.40  -9999.00
     1   2005    238   10200.0      11.1      19.9      1.32      2.00      0.20  -9999.00
     1   2005    239   18300.0      11.5      16.7      1.36      2.00      0.00  -9999.00
     1   2005    240   10200.0      12.3      22.2      1.43      2.00      0.10  -9999.00
     1   2005    241   18200.0      11.4      16.2      1.35      2.00      0.10  -9999.00
     1   2005    242   21400.0       8.4      26.6      1.10      2.00      0.00  -9999.00
     1   2005    243   19800.0      14.0      17.3      1.60      2.00      0.00  -9999.00
     1   2005    244   13000.0      13.6      15.6      1.56      2.00      2.50  -9999.00
     1   2005    245   13600.0      15.7      16.8      1.78      2.00     11.80  -9999.00
     1   2005    246   12400.0      10.2      14.4      1.24      2.00      0.20  -9999.00
     1   2005    247   13700.0      13.3      20.3      1.53      2.00      0.60  -9999.00
     1   2005    248   12600.0      10.7      18.9      1.29      2.00      5.00  -9999.00
     1   2005    249    3200.0      10.0      23.2      1.23      2.00      8.70  -9999.00
     1   2005    250   10800.0       6.7      17.9      0.98      2.00      0.00  -9999.00
     1   2005    251   13400.0      12.3      20.3      1.43      2.00      0.40  -9999.00
     1   2005    252   17000.0      11.4      18.1      1.35      2.00      0.00  -9999.00
     1   2005    253    9600.0      11.8      23.1      1.38      2.00      0.00  -9999.00
     1   2005    254   16100.0      11.8      16.7      1.38      2.00      0.00  -9999.00
     1   2005    255   11800.0      11.7      18.1      1.37      2.00      3.40  -9999.00
     1   2005    256   14200.0      12.1      21.4      1.41      2.00      0.00  -9999.00
     1   2005    257   16300.0       6.4      20.1      0.96      2.00      0.00  -9999.00
     1   2005    258   14900.0      10.9      16.0      1.30      2.00      0.00  -9999.00
     1   2005    259   10700.0       5.9      18.4      0.93      2.00      0.00  -9999.00
     1   2005    260   14700.0      14.5      16.2      1.65      2.00     14.60  -9999.00
     1   2005    261    9400.0      16.0      17.3      1.82      2.00     12.70  -9999.00
     1   2005    262    5400.0       7.3      16.7      1.02      2.00      0.00  -9999.00
     1   2005    263   11200.0       9.2      16.0      1.16      2.00      0.50  -9999.00
     1   2005    264   14100.0      13.8      22.3      1.58      2.00      6.20  -9999.00
     1   2005    265   12200.0      10.5      13.9      1.27      2.00      0.00  -9999.00
     1   2005    266    5900.0      14.1      15.0      1.61      2.00      0.10  -9999.00
     1   2005    267    9100.0      13.4      15.7      1.54      2.00      1.50  -9999.00
     1   2005    268   12500.0      11.3      17.5      1.34      2.00      0.10  -9999.00
     1   2005    269   13400.0      12.9      16.2      1.49      2.00      0.00  -9999.00
     1   2005    270   13100.0       7.9      17.9      1.07      2.00      0.00  -9999.00
     1   2005    271    6500.0       6.8      13.3      0.99      2.00      0.00  -9999.00
     1   2005    272   10100.0       9.6      18.4      1.20      2.00      0.00  -9999.00
     1   2005    273    8500.0       6.8      20.6      0.99      2.00      0.00  -9999.00
     1   2005    274    9800.0      10.9      19.1      1.30      2.00      0.00  -9999.00
     1   2005    275    8100.0       7.3      11.7      1.02      2.00      0.00  -9999.00
     1   2005    276    7500.0       6.8      14.9      0.99      2.00      0.00  -9999.00
     1   2005    277   12100.0      11.6      13.6      1.37      2.00      0.00  -9999.00
     1   2005    278    6400.0       9.5      17.9      1.19      2.00      0.00  -9999.00
     1   2005    279    6200.0       8.0      20.2      1.07      2.00      0.00  -9999.00
     1   2005    280    3700.0       2.4      16.2      0.73      2.00      0.00  -9999.00
     1   2005    281    7000.0      13.8      17.5      1.58      2.00      0.10  -9999.00
     1   2005    282    5700.0       9.0      14.2      1.15      2.00      0.00  -9999.00
     1   2005    283    9700.0       6.4      13.9      0.96      2.00      0.00  -9999.00
     1   2005    284    8800.0      11.5      13.5      1.36      2.00      0.20  -9999.00
     1   2005    285    8000.0       5.2      11.9      0.88      2.00     10.30  -9999.00
     1   2005    286    5500.0       9.8      17.5      1.21      2.00     13.80  -9999.00
     1   2005    287    7800.0       7.8      14.2      1.06      2.00      0.00  -9999.00
     1   2005    288   10600.0       7.3      11.6      1.02      2.00      0.00  -9999.00
     1   2005    289    4500.0       9.3      13.9      1.17      2.00      0.00  -9999.00
     1   2005    290    7500.0      11.3      13.7      1.34      2.00      0.00  -9999.00
     1   2005    291    5900.0       7.9       9.9      1.07      2.00      0.00  -9999.00
     1   2005    292    4200.0       5.5       9.6      0.90      2.00      0.00  -9999.00
     1   2005    293    7600.0       8.2      14.7      1.09      2.00      0.00  -9999.00
     1   2005    294    9900.0       8.8      12.2      1.13      2.00      0.00  -9999.00
     1   2005    295    8900.0       5.1      12.0      0.88      2.00      0.00  -9999.00
     1   2005    296    9700.0       7.2       9.2      1.02      2.00      0.00  -9999.00
     1   2005    297    3300.0       6.9      13.3      0.99      2.00      0.10  -9999.00
     1   2005    298    6800.0      11.4      14.5      1.35      2.00      0.00  -9999.00
     1   2005    299    4700.0       4.5      14.3      0.84      2.00     15.70  -9999.00
     1   2005    300    7200.0       3.3      10.3      0.77      2.00      0.00  -9999.00
     1   2005    301    2800.0       4.3       6.9      0.83      2.00      0.00  -9999.00
     1   2005    302    2300.0       5.4       7.9      0.90      2.00      0.00  -9999.00
     1   2005    303    2700.0      12.9      13.7      1.49      2.00      0.00  -9999.00
     1   2005    304    5200.0       9.4      11.4      1.18      2.00      0.40  -9999.00
     1   2005    305    2600.0       9.7      13.3      1.20      2.00      2.40  -9999.00
     1   2005    306    2900.0       3.4      10.7      0.78      2.00      9.10  -9999.00
     1   2005    307    2500.0       7.8       9.8      1.06      2.00      0.00  -9999.00
     1   2005    308    3800.0      10.1      13.0      1.24      2.00      0.30  -9999.00
     1   2005    309    2600.0       9.9      13.8      1.22      2.00      7.90  -9999.00
     1   2005    310    5200.0       7.0      11.6      1.00      2.00     21.00  -9999.00
     1   2005    311    5600.0       6.3       8.3      0.95      2.00      0.00  -9999.00
     1   2005    312    7100.0       1.6      15.2      0.69      2.00      0.00  -9999.00
     1   2005    313    6000.0       4.5      12.9      0.84      2.00      0.00  -9999.00
     1   2005    314    2900.0       9.2      11.2      1.16      2.00      0.00  -9999.00
     1   2005    315    5700.0       1.7      10.1      0.69      2.00      0.00  -9999.00
     1   2005    316    3100.0       2.1      12.5      0.71      2.00      0.00  -9999.00
     1   2005    317    1000.0       2.3      12.3      0.72      2.00      1.10  -9999.00
     1   2005    318    3100.0       7.1      10.8      1.01      2.00     13.90  -9999.00
     1   2005    319    4300.0       9.0      11.0      1.15      2.00      6.10  -9999.00
     1   2005    320    2100.0       8.4       9.7      1.10      2.00      0.00  -9999.00
     1   2005    321    4900.0       2.5      14.3      0.73      2.00      0.00  -9999.00
     1   2005    322    1900.0       8.4      10.4      1.10      2.00      1.00  -9999.00
     1   2005    323    5400.0      10.8      12.8      1.29      2.00     21.50  -9999.00
     1   2005    324    1900.0       3.3      10.3      0.77      2.00     13.90  -9999.00
     1   2005    325    3500.0       7.0      11.4      1.00      2.00      0.00  -9999.00
     1   2005    326    1500.0       4.2       9.3      0.82      2.00      7.80  -9999.00
     1   2005    327    2600.0       8.1      10.1      1.08      2.00      0.00  -9999.00
     1   2005    328    2900.0       5.6      10.3      0.91      2.00      0.00  -9999.00
     1   2005    329    4500.0       1.5       6.6      0.68      2.00      0.00  -9999.00
     1   2005    330    5200.0       3.6       8.8      0.79      2.00      0.00  -9999.00
     1   2005    331    3600.0       5.1       9.2      0.88      2.00      0.00  -9999.00
     1   2005    332    3500.0       5.5       7.5      0.90      2.00      0.50  -9999.00
     1   2005    333    2000.0       8.6      11.1      1.12      2.00      2.00  -9999.00
     1   2005    334    3700.0       8.5      12.8      1.11      2.00     24.80  -9999.00
     1   2005    335    2900.0       2.6      12.0      0.74      2.00      8.00  -9999.00
     1   2005    336    2800.0       2.1      10.4      0.71      2.00      0.10  -9999.00
     1   2005    337    1500.0       7.5       9.5      1.04      2.00      0.30  -9999.00
     1   2005    338    2200.0      10.8      11.3      1.29      2.00     12.20  -9999.00
     1   2005    339    2300.0       0.5      12.6      0.63      2.00      2.10  -9999.00
     1   2005    340    3700.0       8.0      10.0      1.07      2.00      0.10  -9999.00
     1   2005    341     700.0       9.2      12.1      1.16      2.00      7.90  -9999.00
     1   2005    342     700.0       1.9       2.8      0.70      2.00      0.60  -9999.00
     1   2005    343     700.0       1.4       8.0      0.68      2.00      4.10  -9999.00
     1   2005    344    2800.0      -2.0       7.4      0.53      2.00      1.00  -9999.00
     1   2005    345    3000.0       3.6      11.9      0.79      2.00      0.20  -9999.00
     1   2005    346    1500.0       9.0      10.1      1.15      2.00      4.30  -9999.00
     1   2005    347    1400.0       5.2       6.4      0.88      2.00      0.80  -9999.00
     1   2005    348    1400.0       3.5       4.9      0.78      2.00      1.00  -9999.00
     1   2005    349    1600.0      -1.9       7.1      0.53      2.00      0.20  -9999.00
     1   2005    350    2300.0       0.7       9.9      0.64      2.00      5.50  -9999.00
     1   2005    351     700.0       6.7       8.7      0.98      2.00      0.20  -9999.00
     1   2005    352    1500.0       4.8      11.7      0.86      2.00      0.10  -9999.00
     1   2005    353    2200.0      -1.0      10.9      0.57      2.00      0.60  -9999.00
     1   2005    354    1100.0       7.9       9.9      1.07      2.00      8.30  -9999.00
     1   2005    355    1400.0       3.8      11.1      0.80      2.00     25.10  -9999.00
     1   2005    356    2000.0       3.0      10.5      0.76      2.00     25.00  -9999.00
     1   2005    357    1000.0       6.0       8.0      0.93      2.00      0.90  -9999.00
     1   2005    358    3100.0       7.4       9.1      1.03      2.00      2.30  -9999.00
     1   2005    359    2400.0       4.3      11.3      0.83      2.00      0.80  -9999.00
     1   2005    360    3300.0       1.9      10.5      0.70      2.00      0.00  -9999.00
     1   2005    361    1600.0       4.4       7.9      0.84      2.00      0.00  -9999.00
     1   2005    362    3100.0       0.5      11.2      0.63      2.00      0.00  -9999.00
     1   2005    363    4600.0       3.9       5.9      0.81      2.00      0.00  -9999.00
     1   2005    364    4000.0      -0.1       3.2      0.61      2.00      0.00  -9999.00
     1   2005    365     700.0       3.6       9.6      0.79      2.00      0.00  -9999.00
