*-----------------------------------------------------------------------------* 
           CNWG_234.met           51.48   -3.55   69.72
* Date created:  08-Aug-2019     Author: K Coleman 
* 
* NIL VALUE       -9999 
* Source:   data provided by M. Semenov 
*  
* Latitude:    51.48 Longitude:    -3.55 Altitude:    69.72
* 
* Column  Daily value 
* 1       station number 
* 2       year 
* 3       day 
* 4       irradiation                   (kJ m-2 d-1) 
* 5       minimum temperature           (degrees Celsius) 
* 6       maximum temperature           (degrees Celsius) 
* 7       early morning vapour pressure (kPa)             
* 8       mean wind speed (height: 2 m?) (m s-1)          
* 9       precipitation                 (mm d-1)          
* 10      sunshine                      (hrs)             
 		Jday	RAD	    TMIN	TMAX	 VAP	wind	RAIN	SUN  
               kj/m2	°C	    °C	     kPa	m/s	    mm	    hrs 
   51.48  69.72
     1   2005      1    4700.0      -2.7       5.7      0.50      2.00      0.00  -9999.00
     1   2005      2    1100.0      -1.5       7.4      0.55      2.00      0.00  -9999.00
     1   2005      3    3200.0       2.1       7.2      0.71      2.00      0.90  -9999.00
     1   2005      4    1500.0       0.2      12.2      0.62      2.00      0.30  -9999.00
     1   2005      5    3800.0       0.9       5.5      0.65      2.00      0.00  -9999.00
     1   2005      6    4900.0       6.8       6.8      0.99      2.00      4.50  -9999.00
     1   2005      7    2000.0       9.2      10.8      1.16      2.00      4.60  -9999.00
     1   2005      8    1700.0       0.4       6.2      0.63      2.00      6.70  -9999.00
     1   2005      9    1800.0      -3.8       3.7      0.46      2.00      0.00  -9999.00
     1   2005     10    2100.0       0.2       7.0      0.62      2.00      0.00  -9999.00
     1   2005     11    3200.0      -0.9       2.7      0.57      2.00      0.00  -9999.00
     1   2005     12    2600.0       4.1      11.3      0.82      2.00      2.60  -9999.00
     1   2005     13     800.0       1.3       8.0      0.67      2.00      0.40  -9999.00
     1   2005     14    2100.0       4.6      11.4      0.85      2.00      4.20  -9999.00
     1   2005     15    1800.0       6.3       7.3      0.95      2.00      0.20  -9999.00
     1   2005     16    2400.0       1.0       7.0      0.66      2.00      2.10  -9999.00
     1   2005     17    2900.0       7.7       9.3      1.05      2.00      8.90  -9999.00
     1   2005     18    5000.0      -0.3       6.8      0.60      2.00      0.00  -9999.00
     1   2005     19    2300.0       1.3       5.5      0.67      2.00      0.00  -9999.00
     1   2005     20    3700.0      -1.4       2.8      0.55      2.00      0.00  -9999.00
     1   2005     21     900.0       0.0       9.5      0.61      2.00      6.50  -9999.00
     1   2005     22    3400.0       6.3      13.0      0.95      2.00      1.20  -9999.00
     1   2005     23    1200.0       0.9       8.7      0.65      2.00      2.60  -9999.00
     1   2005     24    3700.0      -1.9       5.1      0.53      2.00      0.00  -9999.00
     1   2005     25    2500.0      -1.7       8.7      0.54      2.00      0.00  -9999.00
     1   2005     26    3500.0       2.5       7.8      0.73      2.00     11.20  -9999.00
     1   2005     27    1900.0       3.9       8.0      0.81      2.00      0.80  -9999.00
     1   2005     28    2600.0       6.0       8.0      0.93      2.00      8.00  -9999.00
     1   2005     29    4100.0       6.2       8.9      0.95      2.00      1.30  -9999.00
     1   2005     30    5400.0       6.8       8.8      0.99      2.00      0.40  -9999.00
     1   2005     31    1600.0       2.6       8.5      0.74      2.00      0.40  -9999.00
     1   2005     32    3500.0       2.7      10.1      0.74      2.00      0.20  -9999.00
     1   2005     33    5300.0       2.7       6.7      0.74      2.00      5.90  -9999.00
     1   2005     34    5500.0       6.0       8.4      0.93      2.00      0.40  -9999.00
     1   2005     35    7600.0      -1.5       7.4      0.55      2.00      0.00  -9999.00
     1   2005     36    5000.0       6.6      11.8      0.97      2.00     11.10  -9999.00
     1   2005     37    3400.0       4.7       6.6      0.85      2.00      0.90  -9999.00
     1   2005     38    4100.0       2.8       8.1      0.75      2.00      2.70  -9999.00
     1   2005     39    2900.0       1.3      12.6      0.67      2.00      0.00  -9999.00
     1   2005     40    6800.0       4.6       9.1      0.85      2.00      0.00  -9999.00
     1   2005     41    7500.0       3.6      14.7      0.79      2.00      0.00  -9999.00
     1   2005     42    3300.0      -0.7      11.0      0.58      2.00      0.60  -9999.00
     1   2005     43    8100.0       0.4       3.1      0.63      2.00      0.00  -9999.00
     1   2005     44    8000.0      -3.0       2.1      0.49      2.00      0.00  -9999.00
     1   2005     45    7600.0       5.5       7.5      0.90      2.00      0.00  -9999.00
     1   2005     46    5300.0      -0.7       1.3      0.58      2.00      0.00  -9999.00
     1   2005     47    7300.0       0.7       5.9      0.64      2.00      0.00  -9999.00
     1   2005     48    6500.0      -5.4       5.3      0.41      2.00      0.00  -9999.00
     1   2005     49    7400.0       2.2      11.6      0.72      2.00      0.00  -9999.00
     1   2005     50   10000.0      -4.6       1.9      0.43      2.00      0.00  -9999.00
     1   2005     51    3400.0       4.7       9.8      0.85      2.00      3.90  -9999.00
     1   2005     52    8700.0       1.0       3.0      0.66      2.00      0.00  -9999.00
     1   2005     53    4500.0       4.3       7.2      0.83      2.00      6.40  -9999.00
     1   2005     54    4700.0       8.1       8.9      1.08      2.00      0.60  -9999.00
     1   2005     55    5000.0      -3.5       1.8      0.47      2.00      2.20  -9999.00
     1   2005     56    1600.0       2.0      11.4      0.71      2.00      0.10  -9999.00
     1   2005     57    7700.0      -0.5      10.1      0.59      2.00      8.10  -9999.00
     1   2005     58    1700.0       3.9       5.6      0.81      2.00      1.30  -9999.00
     1   2005     59    4900.0       9.3      10.9      1.17      2.00      5.40  -9999.00
     1   2005     60   10100.0       5.3      12.4      0.89      2.00      0.70  -9999.00
     1   2005     61    5800.0       3.6       8.8      0.79      2.00      0.30  -9999.00
     1   2005     62   10400.0       4.3       6.2      0.83      2.00      0.00  -9999.00
     1   2005     63    9000.0       0.6       7.4      0.64      2.00      3.00  -9999.00
     1   2005     64    7500.0       6.5       9.8      0.97      2.00      0.30  -9999.00
     1   2005     65    2000.0       4.6       6.6      0.85      2.00      6.40  -9999.00
     1   2005     66    1900.0      -1.0       7.4      0.57      2.00      0.10  -9999.00
     1   2005     67    4000.0      -2.1      12.6      0.52      2.00      0.70  -9999.00
     1   2005     68   10800.0       5.2      11.4      0.88      2.00      0.70  -9999.00
     1   2005     69    4600.0      -0.3       9.8      0.60      2.00      0.00  -9999.00
     1   2005     70    8100.0      -2.2       9.7      0.52      2.00      3.80  -9999.00
     1   2005     71    9000.0       1.8      13.5      0.70      2.00      0.00  -9999.00
     1   2005     72    7300.0       6.2       9.0      0.95      2.00      0.40  -9999.00
     1   2005     73    5700.0       8.2       8.5      1.09      2.00      3.90  -9999.00
     1   2005     74    5000.0       7.4      12.4      1.03      2.00      0.20  -9999.00
     1   2005     75   10000.0       7.1       9.1      1.01      2.00      4.60  -9999.00
     1   2005     76   11600.0       7.5      10.9      1.04      2.00     18.70  -9999.00
     1   2005     77    6500.0       3.2       5.2      0.77      2.00      0.90  -9999.00
     1   2005     78    8300.0       7.8      11.4      1.06      2.00      9.70  -9999.00
     1   2005     79    4700.0       8.3      10.3      1.09      2.00      0.40  -9999.00
     1   2005     80   11600.0       8.3      12.0      1.09      2.00      7.70  -9999.00
     1   2005     81   14900.0       7.3      10.3      1.02      2.00     16.30  -9999.00
     1   2005     82    6100.0       2.1       6.6      0.71      2.00      1.90  -9999.00
     1   2005     83    5500.0       1.0      12.0      0.66      2.00      0.80  -9999.00
     1   2005     84    9100.0       3.7      10.7      0.80      2.00      4.40  -9999.00
     1   2005     85   13600.0       3.8      10.7      0.80      2.00     16.40  -9999.00
     1   2005     86    6000.0       7.4      10.7      1.03      2.00      1.90  -9999.00
     1   2005     87   11700.0       2.7      12.4      0.74      2.00      7.30  -9999.00
     1   2005     88   10200.0      -0.6       9.7      0.58      2.00      0.00  -9999.00
     1   2005     89   15600.0       4.4      10.8      0.84      2.00      0.00  -9999.00
     1   2005     90    9800.0       4.7      11.3      0.85      2.00     11.50  -9999.00
     1   2005     91    9400.0       3.1      10.0      0.76      2.00      1.70  -9999.00
     1   2005     92    6100.0       0.9      11.6      0.65      2.00      7.10  -9999.00
     1   2005     93   19100.0       5.9       7.9      0.93      2.00      0.00  -9999.00
     1   2005     94    8000.0       3.7       7.6      0.80      2.00      3.00  -9999.00
     1   2005     95    8900.0       3.2      11.4      0.77      2.00      4.50  -9999.00
     1   2005     96   12800.0       1.7       9.5      0.69      2.00      6.80  -9999.00
     1   2005     97   18100.0       2.1       7.0      0.71      2.00      5.00  -9999.00
     1   2005     98    8900.0       4.7      10.9      0.85      2.00      1.10  -9999.00
     1   2005     99   13600.0       1.3      10.9      0.67      2.00      6.60  -9999.00
     1   2005    100   13000.0       5.5      12.1      0.90      2.00      0.00  -9999.00
     1   2005    101   20500.0      -1.0      18.2      0.57      2.00      0.00  -9999.00
     1   2005    102   12300.0       6.1       9.6      0.94      2.00      7.60  -9999.00
     1   2005    103   10900.0       1.0      17.5      0.66      2.00      0.00  -9999.00
     1   2005    104   14100.0      -0.5      13.1      0.59      2.00      0.00  -9999.00
     1   2005    105    9300.0       4.3       8.8      0.83      2.00      0.90  -9999.00
     1   2005    106   17000.0       8.5      13.5      1.11      2.00      1.20  -9999.00
     1   2005    107    9000.0       4.4      10.0      0.84      2.00      0.40  -9999.00
     1   2005    108    6900.0       1.1      10.5      0.66      2.00     12.90  -9999.00
     1   2005    109   12100.0       3.1      17.4      0.76      2.00      3.00  -9999.00
     1   2005    110    9500.0       8.7      12.8      1.12      2.00      5.00  -9999.00
     1   2005    111   10900.0       5.9       7.9      0.93      2.00      0.50  -9999.00
     1   2005    112   14500.0       5.7      17.0      0.92      2.00      7.90  -9999.00
     1   2005    113   11400.0       5.3       9.9      0.89      2.00      0.00  -9999.00
     1   2005    114   16100.0       2.5      17.3      0.73      2.00      0.00  -9999.00
     1   2005    115   20500.0       1.8      13.6      0.70      2.00      0.00  -9999.00
     1   2005    116   17500.0       4.8       9.7      0.86      2.00      7.80  -9999.00
     1   2005    117   10900.0       3.2      11.8      0.77      2.00     15.40  -9999.00
     1   2005    118   15600.0       3.6      14.3      0.79      2.00      2.10  -9999.00
     1   2005    119   19400.0       6.3      10.4      0.95      2.00      0.00  -9999.00
     1   2005    120   16200.0       9.4      11.2      1.18      2.00      3.20  -9999.00
     1   2005    121   10200.0       5.9      13.3      0.93      2.00      7.90  -9999.00
     1   2005    122   13600.0       7.3       9.3      1.02      2.00      0.10  -9999.00
     1   2005    123   10100.0       9.9      13.0      1.22      2.00      7.50  -9999.00
     1   2005    124   13700.0      10.7      16.3      1.29      2.00      2.60  -9999.00
     1   2005    125   22100.0       8.4      12.4      1.10      2.00     23.90  -9999.00
     1   2005    126   23700.0      12.4      17.2      1.44      2.00      0.00  -9999.00
     1   2005    127   12300.0       6.7      11.3      0.98      2.00      4.40  -9999.00
     1   2005    128   26500.0       9.7      13.1      1.20      2.00      0.00  -9999.00
     1   2005    129   14800.0       3.7      14.0      0.80      2.00      0.20  -9999.00
     1   2005    130   14400.0       7.1      13.6      1.01      2.00      0.10  -9999.00
     1   2005    131   19500.0       8.1      12.3      1.08      2.00      0.00  -9999.00
     1   2005    132   26400.0      11.0      16.5      1.31      2.00      0.00  -9999.00
     1   2005    133   26600.0       4.2      11.8      0.82      2.00      0.00  -9999.00
     1   2005    134   14100.0       6.0      25.5      0.93      2.00      0.00  -9999.00
     1   2005    135   13300.0       3.9      23.8      0.81      2.00      0.00  -9999.00
     1   2005    136   23100.0       7.8      12.1      1.06      2.00      5.50  -9999.00
     1   2005    137   19300.0      11.2      16.2      1.33      2.00      0.40  -9999.00
     1   2005    138    7400.0      12.3      13.1      1.43      2.00      1.60  -9999.00
     1   2005    139    6700.0       9.7      11.8      1.20      2.00      0.60  -9999.00
     1   2005    140   22800.0       5.3      14.2      0.89      2.00     10.60  -9999.00
     1   2005    141   10600.0      11.6      17.8      1.37      2.00      0.70  -9999.00
     1   2005    142   12300.0       9.8      14.0      1.21      2.00      0.10  -9999.00
     1   2005    143   11100.0       7.4      12.9      1.03      2.00      0.50  -9999.00
     1   2005    144   23100.0       8.8      14.9      1.13      2.00      2.80  -9999.00
     1   2005    145   28700.0       2.9      20.9      0.75      2.00      0.00  -9999.00
     1   2005    146   19800.0      10.7      15.1      1.29      2.00      0.10  -9999.00
     1   2005    147   17300.0       9.7      15.6      1.20      2.00      4.50  -9999.00
     1   2005    148   20800.0       9.1      20.8      1.16      2.00      0.00  -9999.00
     1   2005    149    7700.0      12.8      14.1      1.48      2.00      4.30  -9999.00
     1   2005    150   17600.0       7.7      16.3      1.05      2.00      0.90  -9999.00
     1   2005    151   13400.0       9.1      13.9      1.16      2.00      1.40  -9999.00
     1   2005    152    8800.0       6.8      18.6      0.99      2.00      0.00  -9999.00
     1   2005    153   16000.0       8.0      16.0      1.07      2.00     20.60  -9999.00
     1   2005    154   13100.0       8.7      15.8      1.12      2.00     13.20  -9999.00
     1   2005    155   15900.0       9.5      15.2      1.19      2.00     16.10  -9999.00
     1   2005    156   22200.0      10.0      18.6      1.23      2.00      0.00  -9999.00
     1   2005    157   18900.0      11.8      14.5      1.38      2.00      0.10  -9999.00
     1   2005    158    9600.0       7.6      15.9      1.04      2.00      1.00  -9999.00
     1   2005    159   23500.0       9.9      23.0      1.22      2.00      0.00  -9999.00
     1   2005    160   21600.0       9.7      18.9      1.20      2.00      0.00  -9999.00
     1   2005    161   13900.0      10.5      23.4      1.27      2.00      0.00  -9999.00
     1   2005    162   25300.0      11.9      25.9      1.39      2.00      0.00  -9999.00
     1   2005    163   17600.0      10.9      18.4      1.30      2.00      0.00  -9999.00
     1   2005    164   20800.0      11.0      22.8      1.31      2.00      3.90  -9999.00
     1   2005    165   15100.0      15.0      21.3      1.70      2.00      5.90  -9999.00
     1   2005    166   21400.0       8.8      16.8      1.13      2.00      0.00  -9999.00
     1   2005    167   16700.0       8.4      19.5      1.10      2.00      0.00  -9999.00
     1   2005    168   10500.0      13.0      19.5      1.50      2.00      0.00  -9999.00
     1   2005    169   18700.0       6.5      19.5      0.97      2.00      0.00  -9999.00
     1   2005    170   21300.0      13.8      17.3      1.58      2.00      0.00  -9999.00
     1   2005    171   19700.0       7.0      18.0      1.00      2.00      0.00  -9999.00
     1   2005    172    8000.0       9.4      15.0      1.18      2.00      0.80  -9999.00
     1   2005    173   11400.0       6.7      19.1      0.98      2.00      0.00  -9999.00
     1   2005    174   27200.0      13.8      20.2      1.58      2.00      0.00  -9999.00
     1   2005    175   24300.0      10.5      20.2      1.27      2.00      0.00  -9999.00
     1   2005    176   23400.0      13.5      18.9      1.55      2.00      0.00  -9999.00
     1   2005    177   12300.0       9.9      15.4      1.22      2.00      0.00  -9999.00
     1   2005    178   26700.0      15.1      18.8      1.72      2.00      0.00  -9999.00
     1   2005    179   11800.0      13.7      16.6      1.57      2.00      2.40  -9999.00
     1   2005    180    9200.0      14.6      16.8      1.66      2.00      0.80  -9999.00
     1   2005    181   11700.0       4.5      16.4      0.84      2.00      4.40  -9999.00
     1   2005    182   13600.0      13.5      20.5      1.55      2.00      6.10  -9999.00
     1   2005    183   13900.0      13.6      17.3      1.56      2.00      1.90  -9999.00
     1   2005    184   19200.0      15.3      16.6      1.74      2.00      0.30  -9999.00
     1   2005    185   13500.0      10.5      18.4      1.27      2.00      0.50  -9999.00
     1   2005    186   16100.0      12.9      17.9      1.49      2.00      9.40  -9999.00
     1   2005    187   17100.0      14.5      24.8      1.65      2.00      3.30  -9999.00
     1   2005    188   18700.0      11.5      20.3      1.36      2.00      0.10  -9999.00
     1   2005    189   27700.0      16.7      29.0      1.90      2.00      0.00  -9999.00
     1   2005    190   20100.0      17.4      19.1      1.99      2.00     12.60  -9999.00
     1   2005    191   28400.0      11.5      18.0      1.36      2.00      0.00  -9999.00
     1   2005    192   22000.0       7.5      21.8      1.04      2.00      0.00  -9999.00
     1   2005    193   23600.0      17.2      26.0      1.96      2.00      0.00  -9999.00
     1   2005    194   25500.0      12.1      20.5      1.41      2.00      0.00  -9999.00
     1   2005    195   20200.0      12.6      20.0      1.46      2.00      0.10  -9999.00
     1   2005    196   14300.0       8.7      21.2      1.12      2.00      3.10  -9999.00
     1   2005    197   13800.0      12.9      19.9      1.49      2.00      2.30  -9999.00
     1   2005    198   20300.0      13.8      17.1      1.58      2.00     13.90  -9999.00
     1   2005    199   14200.0      12.3      19.5      1.43      2.00      3.90  -9999.00
     1   2005    200   22900.0      10.1      20.8      1.24      2.00      0.00  -9999.00
     1   2005    201   21800.0      15.0      25.3      1.70      2.00      0.00  -9999.00
     1   2005    202   21400.0      14.8      19.5      1.68      2.00      0.00  -9999.00
     1   2005    203   13800.0      15.7      20.8      1.78      2.00      0.00  -9999.00
     1   2005    204   21800.0      15.0      18.3      1.70      2.00      0.00  -9999.00
     1   2005    205   13000.0      10.8      20.7      1.29      2.00      0.30  -9999.00
     1   2005    206   12900.0      12.2      16.2      1.42      2.00      0.30  -9999.00
     1   2005    207   20200.0      14.2      19.6      1.62      2.00      0.40  -9999.00
     1   2005    208   17500.0      10.8      21.0      1.29      2.00      0.00  -9999.00
     1   2005    209   15100.0       8.4      18.8      1.10      2.00      5.40  -9999.00
     1   2005    210   20100.0      12.4      24.1      1.44      2.00      0.00  -9999.00
     1   2005    211   15200.0      15.3      24.4      1.74      2.00      0.00  -9999.00
     1   2005    212   26100.0      11.6      22.2      1.37      2.00      0.00  -9999.00
     1   2005    213   17600.0      14.5      27.2      1.65      2.00      0.00  -9999.00
     1   2005    214   21000.0      15.4      17.0      1.75      2.00      8.10  -9999.00
     1   2005    215   13800.0      13.0      22.2      1.50      2.00      0.10  -9999.00
     1   2005    216   23400.0      14.5      19.9      1.65      2.00      0.00  -9999.00
     1   2005    217   11100.0      14.0      20.0      1.60      2.00      1.10  -9999.00
     1   2005    218   13200.0      11.9      22.8      1.39      2.00      0.40  -9999.00
     1   2005    219   13600.0      14.3      17.9      1.63      2.00      0.10  -9999.00
     1   2005    220   14300.0      16.7      20.1      1.90      2.00      2.80  -9999.00
     1   2005    221   11600.0       9.4      19.1      1.18      2.00      0.30  -9999.00
     1   2005    222   20000.0      13.0      21.3      1.50      2.00     12.10  -9999.00
     1   2005    223    8200.0      16.2      17.8      1.84      2.00      4.60  -9999.00
     1   2005    224   24500.0       6.6      21.5      0.97      2.00      0.00  -9999.00
     1   2005    225   22100.0      10.8      19.5      1.29      2.00      0.00  -9999.00
     1   2005    226   12000.0      12.0      18.2      1.40      2.00      0.00  -9999.00
     1   2005    227    8400.0      11.2      24.1      1.33      2.00      0.10  -9999.00
     1   2005    228   13400.0      13.3      20.1      1.53      2.00     84.70  -9999.00
     1   2005    229   22800.0      11.3      19.5      1.34      2.00      0.00  -9999.00
     1   2005    230   11300.0      14.1      18.8      1.61      2.00      1.50  -9999.00
     1   2005    231   15300.0      14.7      19.0      1.67      2.00      0.70  -9999.00
     1   2005    232    3500.0      14.8      15.6      1.68      2.00      0.70  -9999.00
     1   2005    233   19500.0      10.1      18.8      1.24      2.00      0.00  -9999.00
     1   2005    234   21400.0       9.2      20.1      1.16      2.00      0.00  -9999.00
     1   2005    235   15700.0      14.0      25.8      1.60      2.00      0.00  -9999.00
     1   2005    236   15900.0       9.6      18.5      1.20      2.00      4.60  -9999.00
     1   2005    237    9600.0      12.7      18.8      1.47      2.00      4.30  -9999.00
     1   2005    238    9000.0      14.7      20.3      1.67      2.00      3.70  -9999.00
     1   2005    239   17900.0      10.9      27.8      1.30      2.00      0.00  -9999.00
     1   2005    240    8600.0      14.4      19.2      1.64      2.00      0.10  -9999.00
     1   2005    241   14800.0      14.9      18.8      1.69      2.00      0.10  -9999.00
     1   2005    242    9700.0      14.3      19.4      1.63      2.00      1.10  -9999.00
     1   2005    243   13100.0      14.1      17.2      1.61      2.00      0.10  -9999.00
     1   2005    244    7000.0      14.7      18.4      1.67      2.00      6.20  -9999.00
     1   2005    245    5800.0       9.1      22.1      1.16      2.00      0.00  -9999.00
     1   2005    246    7600.0      11.8      17.5      1.38      2.00      0.70  -9999.00
     1   2005    247   13400.0      14.6      25.8      1.66      2.00      1.70  -9999.00
     1   2005    248   18100.0      14.1      16.1      1.61      2.00      0.00  -9999.00
     1   2005    249   12000.0       9.7      16.3      1.20      2.00      1.60  -9999.00
     1   2005    250    8000.0      16.3      16.9      1.85      2.00      0.30  -9999.00
     1   2005    251   13800.0      13.5      14.9      1.55      2.00      6.40  -9999.00
     1   2005    252    7100.0      14.8      15.4      1.68      2.00      0.70  -9999.00
     1   2005    253   11400.0      14.2      17.6      1.62      2.00      0.10  -9999.00
     1   2005    254   16800.0       9.9      16.9      1.22      2.00      3.50  -9999.00
     1   2005    255    7400.0      11.2      19.0      1.33      2.00      2.00  -9999.00
     1   2005    256   12900.0       8.4      15.1      1.10      2.00     21.30  -9999.00
     1   2005    257   13000.0       8.6      19.6      1.12      2.00      0.00  -9999.00
     1   2005    258   11400.0      13.4      15.8      1.54      2.00      4.90  -9999.00
     1   2005    259   13400.0      11.7      18.2      1.37      2.00      0.00  -9999.00
     1   2005    260    8100.0      10.1      18.0      1.24      2.00     11.70  -9999.00
     1   2005    261   13600.0      15.0      18.9      1.70      2.00      0.00  -9999.00
     1   2005    262    5200.0      13.1      18.2      1.51      2.00      0.00  -9999.00
     1   2005    263    6100.0      10.5      13.9      1.27      2.00      0.00  -9999.00
     1   2005    264    6100.0      12.4      16.8      1.44      2.00      6.40  -9999.00
     1   2005    265    4600.0       9.8      16.0      1.21      2.00      0.00  -9999.00
     1   2005    266   15500.0       8.8      15.8      1.13      2.00      0.00  -9999.00
     1   2005    267   10200.0       8.1      16.9      1.08      2.00      0.00  -9999.00
     1   2005    268   15400.0       8.3      18.8      1.09      2.00      0.00  -9999.00
     1   2005    269   12500.0      10.8      16.1      1.29      2.00      9.20  -9999.00
     1   2005    270   10200.0      13.1      15.1      1.51      2.00      0.00  -9999.00
     1   2005    271    9900.0      14.4      18.8      1.64      2.00      0.10  -9999.00
     1   2005    272   13300.0       9.7      16.6      1.20      2.00      0.10  -9999.00
     1   2005    273    5300.0      13.5      14.8      1.55      2.00     14.70  -9999.00
     1   2005    274    5500.0      13.4      18.6      1.54      2.00      0.20  -9999.00
     1   2005    275    8200.0       6.9      13.1      0.99      2.00      0.00  -9999.00
     1   2005    276    8900.0      11.6      16.3      1.37      2.00      0.10  -9999.00
     1   2005    277    8700.0       7.3      12.1      1.02      2.00      2.10  -9999.00
     1   2005    278    7100.0       9.0      12.2      1.15      2.00      2.60  -9999.00
     1   2005    279    1900.0       9.5      15.5      1.19      2.00      0.10  -9999.00
     1   2005    280   10300.0       7.7      17.9      1.05      2.00      0.00  -9999.00
     1   2005    281    7200.0       7.4      17.6      1.03      2.00     16.60  -9999.00
     1   2005    282    9100.0      10.5      14.1      1.27      2.00      0.10  -9999.00
     1   2005    283   10100.0       8.2      15.2      1.09      2.00      0.00  -9999.00
     1   2005    284    8800.0      10.4      18.6      1.26      2.00     10.00  -9999.00
     1   2005    285    4600.0       7.5      18.0      1.04      2.00     11.20  -9999.00
     1   2005    286    8700.0       6.2      15.7      0.95      2.00     20.20  -9999.00
     1   2005    287    6800.0       7.5       9.6      1.04      2.00      0.00  -9999.00
     1   2005    288    4800.0       9.1      10.0      1.16      2.00      0.00  -9999.00
     1   2005    289    8400.0       8.3      15.7      1.09      2.00      0.00  -9999.00
     1   2005    290    4900.0       5.5      14.6      0.90      2.00      0.00  -9999.00
     1   2005    291    5000.0       6.5      13.0      0.97      2.00      0.00  -9999.00
     1   2005    292    4900.0       6.8      14.0      0.99      2.00      0.00  -9999.00
     1   2005    293    6600.0       7.4       8.5      1.03      2.00      0.00  -9999.00
     1   2005    294    8600.0       5.5      15.2      0.90      2.00      0.00  -9999.00
     1   2005    295    6300.0       9.5      16.6      1.19      2.00      0.00  -9999.00
     1   2005    296    6900.0       9.3       9.8      1.17      2.00      0.00  -9999.00
     1   2005    297    7400.0       7.5      14.9      1.04      2.00      0.00  -9999.00
     1   2005    298    9300.0       2.4      14.5      0.73      2.00      0.00  -9999.00
     1   2005    299    8900.0       5.6      14.2      0.91      2.00      0.00  -9999.00
     1   2005    300    7900.0      -0.9      15.1      0.57      2.00      0.00  -9999.00
     1   2005    301    7900.0       6.8      14.0      0.99      2.00      0.00  -9999.00
     1   2005    302    3200.0       6.1      13.3      0.94      2.00      0.80  -9999.00
     1   2005    303    5900.0       9.8      14.3      1.21      2.00      5.70  -9999.00
     1   2005    304    8400.0       4.6      16.7      0.85      2.00      5.00  -9999.00
     1   2005    305    1600.0       8.8      10.8      1.13      2.00     22.80  -9999.00
     1   2005    306    4300.0       8.3      10.1      1.09      2.00      4.10  -9999.00
     1   2005    307    3600.0       2.3      13.1      0.72      2.00      0.20  -9999.00
     1   2005    308    3000.0       5.6      13.4      0.91      2.00      0.40  -9999.00
     1   2005    309    2300.0       7.8      14.9      1.06      2.00      8.90  -9999.00
     1   2005    310    7500.0       8.2      12.7      1.09      2.00      0.20  -9999.00
     1   2005    311    2800.0       7.4      11.4      1.03      2.00      7.60  -9999.00
     1   2005    312    3200.0       8.1      12.6      1.08      2.00      0.30  -9999.00
     1   2005    313    3700.0       6.7      13.1      0.98      2.00      3.20  -9999.00
     1   2005    314    2100.0       8.6      10.6      1.12      2.00     12.90  -9999.00
     1   2005    315    4800.0       9.9      15.1      1.22      2.00      0.40  -9999.00
     1   2005    316    4900.0       2.8      11.5      0.75      2.00      0.20  -9999.00
     1   2005    317    5900.0       7.6       9.3      1.04      2.00      2.20  -9999.00
     1   2005    318    3700.0       6.9      10.5      0.99      2.00      0.60  -9999.00
     1   2005    319    2800.0       8.8      10.3      1.13      2.00      0.70  -9999.00
     1   2005    320    3600.0       8.4      10.4      1.10      2.00      2.50  -9999.00
     1   2005    321    3300.0       8.7      11.6      1.12      2.00      3.80  -9999.00
     1   2005    322    4300.0       1.7       9.9      0.69      2.00      0.00  -9999.00
     1   2005    323    6000.0      10.3      13.7      1.25      2.00      5.90  -9999.00
     1   2005    324    1900.0       1.3      10.7      0.67      2.00     19.40  -9999.00
     1   2005    325    4000.0       7.6       9.1      1.04      2.00     20.30  -9999.00
     1   2005    326    4000.0      11.0      13.0      1.31      2.00     11.50  -9999.00
     1   2005    327     900.0       0.8       9.5      0.65      2.00     27.70  -9999.00
     1   2005    328    1600.0      -2.8       9.3      0.50      2.00      0.00  -9999.00
     1   2005    329    3200.0       1.4      11.6      0.68      2.00      0.00  -9999.00
     1   2005    330    1900.0       2.1       8.8      0.71      2.00      0.00  -9999.00
     1   2005    331    3000.0      -1.8       7.7      0.54      2.00      0.00  -9999.00
     1   2005    332    3800.0       5.8       7.8      0.92      2.00      0.00  -9999.00
     1   2005    333    1700.0      -1.3       6.8      0.56      2.00      0.00  -9999.00
     1   2005    334    1500.0       5.1       8.9      0.88      2.00      0.00  -9999.00
     1   2005    335    1700.0       3.9       4.5      0.81      2.00      0.00  -9999.00
     1   2005    336    4000.0       5.8       7.8      0.92      2.00      0.00  -9999.00
     1   2005    337    4600.0      -0.4      11.3      0.59      2.00      0.00  -9999.00
     1   2005    338    1400.0      -1.6       5.3      0.54      2.00      0.00  -9999.00
     1   2005    339    1400.0      -3.0       3.0      0.49      2.00      0.00  -9999.00
     1   2005    340    1800.0       7.4       9.4      1.03      2.00      0.30  -9999.00
     1   2005    341    3300.0       2.6       4.6      0.74      2.00      0.00  -9999.00
     1   2005    342    3200.0       2.2       4.2      0.72      2.00      0.00  -9999.00
     1   2005    343    1000.0       4.9      11.0      0.87      2.00      0.00  -9999.00
     1   2005    344    1400.0       4.8      13.1      0.86      2.00     10.70  -9999.00
     1   2005    345    3000.0       5.3      11.7      0.89      2.00      0.30  -9999.00
     1   2005    346    2700.0       7.5       9.5      1.04      2.00      6.70  -9999.00
     1   2005    347    4100.0       3.4       5.4      0.78      2.00      0.00  -9999.00
     1   2005    348    2600.0      -1.1      11.6      0.56      2.00      0.00  -9999.00
     1   2005    349    1300.0       5.3       9.8      0.89      2.00      5.60  -9999.00
     1   2005    350    1900.0      11.0      11.1      1.31      2.00      0.20  -9999.00
     1   2005    351    3700.0       0.3      10.4      0.62      2.00      0.00  -9999.00
     1   2005    352    1300.0       3.8      12.8      0.80      2.00      0.30  -9999.00
     1   2005    353    2800.0      -2.2      11.2      0.52      2.00      0.00  -9999.00
     1   2005    354    1800.0       2.5       4.7      0.73      2.00      5.60  -9999.00
     1   2005    355    1400.0      -1.8       9.0      0.54      2.00      0.00  -9999.00
     1   2005    356    4100.0       1.7       3.7      0.69      2.00      0.00  -9999.00
     1   2005    357     700.0       2.6      10.1      0.74      2.00      0.10  -9999.00
     1   2005    358     900.0       5.3       7.3      0.89      2.00      0.00  -9999.00
     1   2005    359    2000.0       3.0       8.9      0.76      2.00      4.70  -9999.00
     1   2005    360    2000.0       1.7       8.0      0.69      2.00      0.00  -9999.00
     1   2005    361    1300.0       1.6       3.6      0.69      2.00      0.10  -9999.00
     1   2005    362    1400.0      -6.2      11.0      0.38      2.00      0.00  -9999.00
     1   2005    363    4600.0       1.4       9.2      0.68      2.00      0.00  -9999.00
     1   2005    364    2600.0       7.9      11.9      1.07      2.00      0.00  -9999.00
     1   2005    365    4600.0       3.2       7.6      0.77      2.00      0.00  -9999.00
