*-----------------------------------------------------------------------------* 
           CNWG_34.met            51.48   -3.55   69.72
* Date created:  08-Aug-2019     Author: K Coleman 
* 
* NIL VALUE       -9999 
* Source:   data provided by M. Semenov 
*  
* Latitude:    51.48 Longitude:    -3.55 Altitude:    69.72
* 
* Column  Daily value 
* 1       station number 
* 2       year 
* 3       day 
* 4       irradiation                   (kJ m-2 d-1) 
* 5       minimum temperature           (degrees Celsius) 
* 6       maximum temperature           (degrees Celsius) 
* 7       early morning vapour pressure (kPa)             
* 8       mean wind speed (height: 2 m?) (m s-1)          
* 9       precipitation                 (mm d-1)          
* 10      sunshine                      (hrs)             
 		Jday	RAD	    TMIN	TMAX	 VAP	wind	RAIN	SUN  
               kj/m2	°C	    °C	     kPa	m/s	    mm	    hrs 
   51.48  69.72
     1   2005      1    4100.0       0.8       9.7      0.65      2.00      0.00  -9999.00
     1   2005      2    1800.0       0.9      10.8      0.65      2.00      3.90  -9999.00
     1   2005      3    1700.0       9.3      11.8      1.17      2.00      0.70  -9999.00
     1   2005      4    1900.0       1.6       9.7      0.69      2.00     30.80  -9999.00
     1   2005      5    4600.0      -1.6      10.9      0.54      2.00      0.00  -9999.00
     1   2005      6    4900.0       5.5      10.9      0.90      2.00      0.00  -9999.00
     1   2005      7    4100.0       6.2       9.3      0.95      2.00      0.00  -9999.00
     1   2005      8    2200.0       2.8      10.6      0.75      2.00      8.10  -9999.00
     1   2005      9    3500.0       3.3       9.9      0.77      2.00      2.90  -9999.00
     1   2005     10    2100.0       3.8       5.8      0.80      2.00      0.00  -9999.00
     1   2005     11    3200.0       2.6       4.6      0.74      2.00      0.00  -9999.00
     1   2005     12    3100.0       6.1       8.1      0.94      2.00      0.20  -9999.00
     1   2005     13    2900.0       8.6       9.3      1.12      2.00     14.00  -9999.00
     1   2005     14    5400.0       6.8       8.8      0.99      2.00      1.90  -9999.00
     1   2005     15    1600.0       0.4       8.8      0.63      2.00      3.80  -9999.00
     1   2005     16    2100.0      -0.6       7.4      0.58      2.00      3.80  -9999.00
     1   2005     17    2100.0      -0.3       1.0      0.60      2.00      0.50  -9999.00
     1   2005     18    5700.0       8.6       8.8      1.12      2.00      1.50  -9999.00
     1   2005     19     900.0       6.7       9.4      0.98      2.00      9.30  -9999.00
     1   2005     20    2000.0       5.6       9.7      0.91      2.00      0.20  -9999.00
     1   2005     21    1900.0      -3.8       9.8      0.46      2.00      2.60  -9999.00
     1   2005     22     900.0       7.5       9.6      1.04      2.00      2.10  -9999.00
     1   2005     23    2500.0       5.9       7.9      0.93      2.00      4.80  -9999.00
     1   2005     24    4900.0       5.1       7.8      0.88      2.00      0.40  -9999.00
     1   2005     25    2800.0       5.6       7.6      0.91      2.00      0.00  -9999.00
     1   2005     26    3000.0       6.2       7.9      0.95      2.00      0.50  -9999.00
     1   2005     27    3700.0       2.4       7.7      0.73      2.00      0.30  -9999.00
     1   2005     28    4300.0       5.2       6.3      0.88      2.00      2.10  -9999.00
     1   2005     29    2100.0       6.9       9.3      0.99      2.00      0.10  -9999.00
     1   2005     30    2800.0       2.6       4.6      0.74      2.00      2.10  -9999.00
     1   2005     31    4000.0       8.0      11.1      1.07      2.00      0.20  -9999.00
     1   2005     32    2600.0       8.1      10.1      1.08      2.00      0.20  -9999.00
     1   2005     33    3900.0       7.7       9.4      1.05      2.00     11.00  -9999.00
     1   2005     34    4300.0       4.8       9.3      0.86      2.00      4.20  -9999.00
     1   2005     35    3500.0       1.2       6.8      0.67      2.00      0.20  -9999.00
     1   2005     36    3100.0       3.2      10.5      0.77      2.00      0.20  -9999.00
     1   2005     37    6700.0       6.7       9.6      0.98      2.00      5.80  -9999.00
     1   2005     38    5700.0       3.5       5.5      0.78      2.00      1.70  -9999.00
     1   2005     39    3500.0       3.3       9.8      0.77      2.00      1.40  -9999.00
     1   2005     40    3600.0      -3.0      -2.2      0.49      2.00      0.00  -9999.00
     1   2005     41    6700.0       3.4      10.4      0.78      2.00      0.00  -9999.00
     1   2005     42    5100.0      -1.0       5.4      0.57      2.00      0.00  -9999.00
     1   2005     43    6400.0       6.1       9.2      0.94      2.00      9.90  -9999.00
     1   2005     44    6100.0       3.7      10.6      0.80      2.00      9.00  -9999.00
     1   2005     45    6900.0       7.7      10.5      1.05      2.00      3.20  -9999.00
     1   2005     46    9100.0      -7.5       8.8      0.35      2.00      0.00  -9999.00
     1   2005     47    8900.0       0.7       8.2      0.64      2.00      0.00  -9999.00
     1   2005     48    6600.0       4.6      11.4      0.85      2.00      0.80  -9999.00
     1   2005     49    2200.0      -1.5       7.1      0.55      2.00      3.90  -9999.00
     1   2005     50    3000.0      -0.3       2.7      0.60      2.00      0.00  -9999.00
     1   2005     51    9300.0       1.5      10.5      0.68      2.00      0.00  -9999.00
     1   2005     52    8900.0      -3.3       5.6      0.48      2.00      0.00  -9999.00
     1   2005     53    2300.0       1.8       4.5      0.70      2.00      0.00  -9999.00
     1   2005     54    3500.0       2.3       4.9      0.72      2.00      0.10  -9999.00
     1   2005     55    2200.0       5.3       9.3      0.89      2.00      7.90  -9999.00
     1   2005     56    3400.0       5.3       7.7      0.89      2.00      2.60  -9999.00
     1   2005     57    3300.0       6.9       7.3      0.99      2.00      5.20  -9999.00
     1   2005     58    4000.0       4.2      10.4      0.82      2.00      0.10  -9999.00
     1   2005     59    5900.0       8.1       9.0      1.08      2.00      0.60  -9999.00
     1   2005     60    6400.0       5.7      11.7      0.92      2.00      0.90  -9999.00
     1   2005     61    9500.0       3.8       8.7      0.80      2.00      0.60  -9999.00
     1   2005     62    3900.0       6.5      10.9      0.97      2.00      1.40  -9999.00
     1   2005     63   12600.0      -1.0       8.6      0.57      2.00      0.00  -9999.00
     1   2005     64    5100.0       0.3       4.5      0.62      2.00      0.00  -9999.00
     1   2005     65    4200.0       3.6      12.0      0.79      2.00      0.00  -9999.00
     1   2005     66    9400.0       0.0       5.2      0.61      2.00      0.00  -9999.00
     1   2005     67    7300.0       7.9      10.0      1.07      2.00      3.90  -9999.00
     1   2005     68   10900.0       7.2       9.0      1.02      2.00      0.00  -9999.00
     1   2005     69    5000.0       4.5       6.5      0.84      2.00      0.00  -9999.00
     1   2005     70    9500.0       7.0       9.5      1.00      2.00      0.60  -9999.00
     1   2005     71    8700.0       5.8      12.6      0.92      2.00      0.50  -9999.00
     1   2005     72    5000.0       1.0      10.4      0.66      2.00      1.80  -9999.00
     1   2005     73    3200.0       5.0      14.6      0.87      2.00      0.60  -9999.00
     1   2005     74   11100.0      -3.6       6.2      0.47      2.00      0.00  -9999.00
     1   2005     75   11800.0       7.2      10.4      1.02      2.00      3.00  -9999.00
     1   2005     76    6000.0       7.2      10.2      1.02      2.00      0.00  -9999.00
     1   2005     77    2900.0       6.5      11.5      0.97      2.00      1.70  -9999.00
     1   2005     78    4300.0       1.8       9.8      0.70      2.00      8.30  -9999.00
     1   2005     79    9300.0       6.9       9.4      0.99      2.00      0.10  -9999.00
     1   2005     80    7800.0       3.2      10.1      0.77      2.00     31.00  -9999.00
     1   2005     81    9800.0       4.4       6.4      0.84      2.00      0.90  -9999.00
     1   2005     82   11000.0       6.3      10.1      0.95      2.00      3.20  -9999.00
     1   2005     83    5500.0       9.2      10.6      1.16      2.00     19.60  -9999.00
     1   2005     84    7300.0      -0.9      11.2      0.57      2.00      0.00  -9999.00
     1   2005     85   12200.0       5.3      11.5      0.89      2.00     15.30  -9999.00
     1   2005     86   12300.0       5.4      11.4      0.90      2.00      0.20  -9999.00
     1   2005     87    7200.0       4.0       4.8      0.81      2.00      0.50  -9999.00
     1   2005     88   15100.0       6.0      12.1      0.93      2.00     16.50  -9999.00
     1   2005     89    5000.0       6.4      12.6      0.96      2.00      0.10  -9999.00
     1   2005     90    9000.0       7.4      11.5      1.03      2.00      0.20  -9999.00
     1   2005     91    2800.0       0.8      12.4      0.65      2.00      1.40  -9999.00
     1   2005     92    8400.0       4.9      11.9      0.87      2.00      9.20  -9999.00
     1   2005     93    8000.0       3.8      12.7      0.80      2.00      8.60  -9999.00
     1   2005     94    8000.0       3.9       8.7      0.81      2.00      7.10  -9999.00
     1   2005     95    9200.0       4.0      10.0      0.81      2.00      8.90  -9999.00
     1   2005     96   18700.0      -1.3       8.6      0.56      2.00      0.00  -9999.00
     1   2005     97   16500.0       9.5      11.6      1.19      2.00      0.00  -9999.00
     1   2005     98   11400.0       3.0      11.9      0.76      2.00      2.00  -9999.00
     1   2005     99   16300.0       8.9       9.3      1.14      2.00      0.40  -9999.00
     1   2005    100   11400.0       3.8      14.6      0.80      2.00      0.20  -9999.00
     1   2005    101   11100.0       7.3       9.6      1.02      2.00      0.00  -9999.00
     1   2005    102    6700.0       1.6      10.8      0.69      2.00     12.00  -9999.00
     1   2005    103   10500.0       3.7      10.1      0.80      2.00      0.80  -9999.00
     1   2005    104   19700.0       0.5      13.8      0.63      2.00      4.30  -9999.00
     1   2005    105   15300.0       5.0      14.0      0.87      2.00      0.00  -9999.00
     1   2005    106   17000.0       7.8      11.7      1.06      2.00      0.00  -9999.00
     1   2005    107   12000.0       4.3      11.1      0.83      2.00      2.20  -9999.00
     1   2005    108   17700.0       4.1      11.4      0.82      2.00      0.00  -9999.00
     1   2005    109   16700.0       3.1      16.2      0.76      2.00      0.00  -9999.00
     1   2005    110   20800.0       6.4      14.4      0.96      2.00      0.00  -9999.00
     1   2005    111   14300.0       8.1       9.9      1.08      2.00      4.70  -9999.00
     1   2005    112    8000.0       5.5       8.4      0.90      2.00      3.20  -9999.00
     1   2005    113   16800.0       8.1      15.9      1.08      2.00      0.00  -9999.00
     1   2005    114   18500.0      10.0      11.7      1.23      2.00      0.00  -9999.00
     1   2005    115   21600.0       5.6      19.6      0.91      2.00      0.00  -9999.00
     1   2005    116   13000.0       3.0      10.2      0.76      2.00      0.00  -9999.00
     1   2005    117   21700.0       6.4      11.5      0.96      2.00      0.00  -9999.00
     1   2005    118   17800.0       4.6      13.3      0.85      2.00      0.00  -9999.00
     1   2005    119   13000.0       1.5      13.5      0.68      2.00      2.40  -9999.00
     1   2005    120   14400.0       7.9      12.1      1.07      2.00      0.10  -9999.00
     1   2005    121   16400.0       6.4      12.8      0.96      2.00      0.20  -9999.00
     1   2005    122    4400.0       3.5      12.9      0.78      2.00      0.90  -9999.00
     1   2005    123    7800.0       3.7      12.3      0.80      2.00      2.10  -9999.00
     1   2005    124    3800.0       4.5      15.5      0.84      2.00      0.90  -9999.00
     1   2005    125    9100.0       6.9      10.6      0.99      2.00     19.10  -9999.00
     1   2005    126   18400.0       6.7      12.0      0.98      2.00      7.90  -9999.00
     1   2005    127   17600.0       2.1      19.3      0.71      2.00      0.30  -9999.00
     1   2005    128   10800.0       9.8      11.8      1.21      2.00      0.10  -9999.00
     1   2005    129   14100.0       9.7      17.5      1.20      2.00      0.00  -9999.00
     1   2005    130   20100.0       4.3      13.1      0.83      2.00     11.20  -9999.00
     1   2005    131   26200.0       5.1      19.0      0.88      2.00      0.00  -9999.00
     1   2005    132    7900.0      10.9      17.3      1.30      2.00      0.10  -9999.00
     1   2005    133    8200.0       1.3      11.9      0.67      2.00      0.10  -9999.00
     1   2005    134   22000.0       8.6      20.3      1.12      2.00      0.00  -9999.00
     1   2005    135    9900.0       1.4      17.2      0.68      2.00      0.00  -9999.00
     1   2005    136   17500.0       8.0      13.9      1.07      2.00      0.70  -9999.00
     1   2005    137   15700.0      12.8      14.7      1.48      2.00      0.10  -9999.00
     1   2005    138   13900.0      12.5      16.2      1.45      2.00      3.10  -9999.00
     1   2005    139    8800.0       9.9      12.5      1.22      2.00      0.10  -9999.00
     1   2005    140   18800.0       3.4      17.4      0.78      2.00      6.30  -9999.00
     1   2005    141   28500.0      10.6      15.8      1.28      2.00      0.00  -9999.00
     1   2005    142   17300.0      14.7      20.2      1.67      2.00      0.00  -9999.00
     1   2005    143   19700.0       2.6      15.6      0.74      2.00      0.00  -9999.00
     1   2005    144   26900.0       8.3      18.6      1.09      2.00      0.00  -9999.00
     1   2005    145   24800.0      10.6      18.4      1.28      2.00      0.00  -9999.00
     1   2005    146   12000.0      10.9      16.3      1.30      2.00      3.30  -9999.00
     1   2005    147   17300.0      10.5      25.0      1.27      2.00      0.00  -9999.00
     1   2005    148   13400.0       8.9      21.3      1.14      2.00      0.00  -9999.00
     1   2005    149   19900.0       7.6      18.7      1.04      2.00      0.00  -9999.00
     1   2005    150   20200.0       5.0      19.9      0.87      2.00      0.10  -9999.00
     1   2005    151   19300.0      11.0      16.7      1.31      2.00      3.50  -9999.00
     1   2005    152   17000.0       5.5      15.9      0.90      2.00      0.00  -9999.00
     1   2005    153   23300.0       9.0      15.4      1.15      2.00      0.00  -9999.00
     1   2005    154   10700.0      11.7      13.4      1.37      2.00      1.10  -9999.00
     1   2005    155   12100.0       8.3      16.8      1.09      2.00      3.40  -9999.00
     1   2005    156   18100.0      10.3      16.3      1.25      2.00     14.10  -9999.00
     1   2005    157   12700.0       9.7      15.1      1.20      2.00      0.00  -9999.00
     1   2005    158    9000.0       9.2      18.9      1.16      2.00      0.00  -9999.00
     1   2005    159   20900.0       8.0      15.8      1.07      2.00      0.00  -9999.00
     1   2005    160   23700.0      10.6      17.5      1.28      2.00      0.00  -9999.00
     1   2005    161   18600.0       4.4      18.7      0.84      2.00      0.00  -9999.00
     1   2005    162   26600.0      14.8      18.8      1.68      2.00      0.00  -9999.00
     1   2005    163   26900.0      11.1      16.8      1.32      2.00      0.00  -9999.00
     1   2005    164   20200.0      11.3      14.8      1.34      2.00      0.80  -9999.00
     1   2005    165   17700.0       7.1      14.1      1.01      2.00      0.40  -9999.00
     1   2005    166   20700.0      10.7      13.9      1.29      2.00      0.50  -9999.00
     1   2005    167   16200.0       8.5      18.1      1.11      2.00      0.00  -9999.00
     1   2005    168   23500.0      10.7      24.8      1.29      2.00      0.00  -9999.00
     1   2005    169   26600.0      11.3      25.1      1.34      2.00      0.00  -9999.00
     1   2005    170   15100.0       8.0      18.9      1.07      2.00      0.00  -9999.00
     1   2005    171   17000.0      10.7      17.6      1.29      2.00      0.00  -9999.00
     1   2005    172   19700.0       8.1      20.3      1.08      2.00      0.00  -9999.00
     1   2005    173   17900.0      13.4      17.6      1.54      2.00      0.00  -9999.00
     1   2005    174   20300.0      11.6      20.7      1.37      2.00      0.00  -9999.00
     1   2005    175   13000.0      12.2      22.8      1.42      2.00      0.00  -9999.00
     1   2005    176   20600.0      11.5      16.6      1.36      2.00      0.00  -9999.00
     1   2005    177   11200.0       9.0      22.2      1.15      2.00      0.00  -9999.00
     1   2005    178   29300.0       9.4      15.3      1.18      2.00      0.00  -9999.00
     1   2005    179   23200.0      11.2      22.2      1.33      2.00      0.00  -9999.00
     1   2005    180   27600.0      16.1      21.3      1.83      2.00      0.00  -9999.00
     1   2005    181   20900.0      11.3      26.2      1.34      2.00      0.00  -9999.00
     1   2005    182   17600.0      12.9      17.0      1.49      2.00      8.30  -9999.00
     1   2005    183   14200.0      13.1      15.5      1.51      2.00      7.00  -9999.00
     1   2005    184    8500.0       7.2      16.1      1.02      2.00      0.60  -9999.00
     1   2005    185   19800.0      14.0      19.5      1.60      2.00      0.00  -9999.00
     1   2005    186   11000.0      13.1      17.7      1.51      2.00      3.20  -9999.00
     1   2005    187   18700.0      11.7      25.8      1.37      2.00      0.00  -9999.00
     1   2005    188   23200.0      12.3      18.2      1.43      2.00      0.30  -9999.00
     1   2005    189   24800.0      14.1      19.9      1.61      2.00      0.00  -9999.00
     1   2005    190   13800.0      12.4      15.6      1.44      2.00      3.80  -9999.00
     1   2005    191   13900.0       9.7      19.0      1.20      2.00      6.50  -9999.00
     1   2005    192   21400.0      11.9      18.4      1.39      2.00      0.60  -9999.00
     1   2005    193   16600.0      10.1      21.1      1.24      2.00      0.00  -9999.00
     1   2005    194   10200.0      10.6      20.2      1.28      2.00      7.30  -9999.00
     1   2005    195   14000.0      14.8      16.9      1.68      2.00      0.10  -9999.00
     1   2005    196   10700.0      11.5      19.3      1.36      2.00      0.00  -9999.00
     1   2005    197    4300.0      10.0      20.9      1.23      2.00      0.90  -9999.00
     1   2005    198   12000.0      14.0      16.8      1.60      2.00      8.90  -9999.00
     1   2005    199   18200.0       7.3      17.3      1.02      2.00      0.80  -9999.00
     1   2005    200   15400.0      10.8      23.5      1.29      2.00      0.00  -9999.00
     1   2005    201   21100.0      15.3      18.8      1.74      2.00     15.00  -9999.00
     1   2005    202   14900.0      11.3      21.0      1.34      2.00      1.00  -9999.00
     1   2005    203   17200.0       7.2      26.2      1.02      2.00      0.00  -9999.00
     1   2005    204   12500.0      12.3      25.1      1.43      2.00      4.90  -9999.00
     1   2005    205   17900.0      15.6      16.3      1.77      2.00      1.40  -9999.00
     1   2005    206   23400.0      14.9      18.2      1.69      2.00      3.30  -9999.00
     1   2005    207   13100.0      12.8      22.1      1.48      2.00      0.30  -9999.00
     1   2005    208    9500.0       8.2      18.4      1.09      2.00      0.00  -9999.00
     1   2005    209   15600.0      12.6      19.6      1.46      2.00      0.00  -9999.00
     1   2005    210    4000.0      14.2      16.2      1.62      2.00      0.10  -9999.00
     1   2005    211    8200.0      10.7      25.0      1.29      2.00      0.00  -9999.00
     1   2005    212   17300.0      13.9      20.1      1.59      2.00      0.00  -9999.00
     1   2005    213   25300.0      12.7      25.2      1.47      2.00      1.30  -9999.00
     1   2005    214    8500.0      13.1      20.6      1.51      2.00      0.10  -9999.00
     1   2005    215   23900.0      10.7      24.8      1.29      2.00      0.00  -9999.00
     1   2005    216    6100.0      10.0      20.1      1.23      2.00      2.50  -9999.00
     1   2005    217   16800.0      13.7      16.7      1.57      2.00      0.70  -9999.00
     1   2005    218   16900.0      15.0      18.8      1.70      2.00      1.00  -9999.00
     1   2005    219   18400.0      10.6      19.8      1.28      2.00     11.70  -9999.00
     1   2005    220   11200.0      15.1      20.4      1.72      2.00      1.10  -9999.00
     1   2005    221   13200.0       7.5      17.0      1.04      2.00      0.00  -9999.00
     1   2005    222   14600.0      16.9      23.5      1.92      2.00      0.00  -9999.00
     1   2005    223   20500.0      16.5      20.1      1.88      2.00      0.10  -9999.00
     1   2005    224    7600.0      15.5      18.6      1.76      2.00      8.60  -9999.00
     1   2005    225   19700.0      13.3      18.3      1.53      2.00      0.00  -9999.00
     1   2005    226   22100.0      13.8      15.8      1.58      2.00      0.10  -9999.00
     1   2005    227   13800.0      11.4      17.5      1.35      2.00      7.40  -9999.00
     1   2005    228    9100.0      14.6      22.1      1.66      2.00      4.40  -9999.00
     1   2005    229   16300.0      16.1      20.4      1.83      2.00      0.30  -9999.00
     1   2005    230   10200.0      12.5      19.6      1.45      2.00      0.40  -9999.00
     1   2005    231   17400.0      14.4      22.5      1.64      2.00      0.00  -9999.00
     1   2005    232   12700.0      13.4      16.5      1.54      2.00      1.80  -9999.00
     1   2005    233   15800.0      12.1      17.8      1.41      2.00      1.70  -9999.00
     1   2005    234    5600.0      14.1      15.3      1.61      2.00      0.10  -9999.00
     1   2005    235   11900.0      13.5      18.4      1.55      2.00      1.40  -9999.00
     1   2005    236   15200.0      14.3      18.4      1.63      2.00      0.00  -9999.00
     1   2005    237   12700.0      17.1      19.4      1.95      2.00      0.30  -9999.00
     1   2005    238    8600.0      16.3      18.3      1.85      2.00      0.10  -9999.00
     1   2005    239   16200.0      12.3      16.1      1.43      2.00      0.00  -9999.00
     1   2005    240   13700.0      11.6      20.5      1.37      2.00      6.10  -9999.00
     1   2005    241   12800.0      11.3      18.2      1.34      2.00      0.00  -9999.00
     1   2005    242   11500.0      13.9      19.3      1.59      2.00      0.00  -9999.00
     1   2005    243   13300.0      13.9      17.7      1.59      2.00      4.80  -9999.00
     1   2005    244    9900.0      14.4      18.9      1.64      2.00      0.20  -9999.00
     1   2005    245    8100.0      11.8      18.4      1.38      2.00      6.20  -9999.00
     1   2005    246   19100.0      10.6      17.4      1.28      2.00     15.40  -9999.00
     1   2005    247   17000.0      11.0      16.1      1.31      2.00      6.20  -9999.00
     1   2005    248   10200.0      11.9      21.3      1.39      2.00      0.10  -9999.00
     1   2005    249   17200.0      12.2      22.5      1.42      2.00      0.00  -9999.00
     1   2005    250   14600.0      13.1      19.9      1.51      2.00      0.00  -9999.00
     1   2005    251    9300.0      16.0      19.8      1.82      2.00      0.00  -9999.00
     1   2005    252   15600.0      12.7      15.8      1.47      2.00      5.00  -9999.00
     1   2005    253   14300.0      13.2      19.4      1.52      2.00      0.00  -9999.00
     1   2005    254   12100.0       7.5      23.6      1.04      2.00      0.60  -9999.00
     1   2005    255   10700.0       9.5      16.0      1.19      2.00      3.00  -9999.00
     1   2005    256   14900.0      15.4      15.9      1.75      2.00      1.00  -9999.00
     1   2005    257   12400.0       8.8      15.8      1.13      2.00      0.00  -9999.00
     1   2005    258   13900.0      13.9      15.9      1.59      2.00      0.00  -9999.00
     1   2005    259    8600.0       7.3      19.9      1.02      2.00      0.00  -9999.00
     1   2005    260    5700.0      13.5      16.9      1.55      2.00      0.00  -9999.00
     1   2005    261   12500.0       9.3      16.0      1.17      2.00      0.00  -9999.00
     1   2005    262    8200.0       9.6      15.7      1.20      2.00      0.10  -9999.00
     1   2005    263    6400.0       9.7      17.1      1.20      2.00      1.80  -9999.00
     1   2005    264    7500.0      12.9      16.8      1.49      2.00      0.10  -9999.00
     1   2005    265    9900.0      12.5      15.6      1.45      2.00      0.20  -9999.00
     1   2005    266    5000.0      11.6      15.1      1.37      2.00      1.60  -9999.00
     1   2005    267    9100.0       7.7      16.5      1.05      2.00      0.30  -9999.00
     1   2005    268    8400.0       9.5      16.3      1.19      2.00      0.10  -9999.00
     1   2005    269   13300.0      10.6      16.2      1.28      2.00      2.10  -9999.00
     1   2005    270    6900.0      12.5      16.9      1.45      2.00      4.50  -9999.00
     1   2005    271   12700.0      10.5      19.6      1.27      2.00      4.50  -9999.00
     1   2005    272    6500.0      10.0      12.8      1.23      2.00      2.20  -9999.00
     1   2005    273    8100.0       7.0      15.4      1.00      2.00      0.80  -9999.00
     1   2005    274    8100.0       9.3      20.5      1.17      2.00      0.00  -9999.00
     1   2005    275    8000.0      10.1      13.8      1.24      2.00      0.00  -9999.00
     1   2005    276   10300.0       4.2      17.1      0.82      2.00      0.00  -9999.00
     1   2005    277   11500.0       8.8      13.0      1.13      2.00      0.00  -9999.00
     1   2005    278    9600.0      10.2      16.5      1.24      2.00      0.00  -9999.00
     1   2005    279   11700.0       9.1      13.9      1.16      2.00      0.00  -9999.00
     1   2005    280    9400.0       7.3      16.8      1.02      2.00      0.00  -9999.00
     1   2005    281    5400.0       2.1      12.9      0.71      2.00      0.00  -9999.00
     1   2005    282    8700.0       9.8      10.6      1.21      2.00      0.00  -9999.00
     1   2005    283    3200.0      10.8      15.8      1.29      2.00      7.30  -9999.00
     1   2005    284   10700.0      14.0      14.9      1.60      2.00      0.10  -9999.00
     1   2005    285    6000.0       7.6      12.2      1.04      2.00     12.40  -9999.00
     1   2005    286    7900.0      10.6      17.0      1.28      2.00      3.90  -9999.00
     1   2005    287    2800.0       5.3      14.3      0.89      2.00      0.10  -9999.00
     1   2005    288    3300.0       9.0      20.0      1.15      2.00      0.80  -9999.00
     1   2005    289    6000.0       9.0      16.8      1.15      2.00      0.90  -9999.00
     1   2005    290    6500.0      13.1      15.1      1.51      2.00      0.10  -9999.00
     1   2005    291    5800.0       7.9      15.7      1.07      2.00      7.80  -9999.00
     1   2005    292    5900.0       3.5      15.6      0.78      2.00      0.20  -9999.00
     1   2005    293    6700.0      11.6      11.8      1.37      2.00      0.80  -9999.00
     1   2005    294    7000.0       6.0      13.9      0.93      2.00      1.80  -9999.00
     1   2005    295    8500.0      13.8      15.6      1.58      2.00      2.30  -9999.00
     1   2005    296    4300.0       6.2      12.8      0.95      2.00      0.00  -9999.00
     1   2005    297    3400.0       4.1      16.3      0.82      2.00      0.00  -9999.00
     1   2005    298    5900.0       6.8      12.1      0.99      2.00      0.00  -9999.00
     1   2005    299    9200.0       1.0       8.0      0.66      2.00      0.00  -9999.00
     1   2005    300    3400.0       8.4      13.7      1.10      2.00      2.90  -9999.00
     1   2005    301    2000.0       2.7      10.3      0.74      2.00      0.80  -9999.00
     1   2005    302    5200.0       6.8      15.0      0.99      2.00     28.50  -9999.00
     1   2005    303    3000.0       6.7      12.6      0.98      2.00     36.40  -9999.00
     1   2005    304    3300.0       2.5      12.8      0.73      2.00      5.00  -9999.00
     1   2005    305    8200.0       4.3      14.0      0.83      2.00     18.90  -9999.00
     1   2005    306    3200.0       7.0      10.3      1.00      2.00      3.10  -9999.00
     1   2005    307    2400.0       6.7       9.2      0.98      2.00      0.50  -9999.00
     1   2005    308    4800.0       4.4      11.7      0.84      2.00      0.00  -9999.00
     1   2005    309    6100.0       5.6      11.3      0.91      2.00     28.70  -9999.00
     1   2005    310    2400.0       3.6       9.0      0.79      2.00      0.00  -9999.00
     1   2005    311    4500.0       2.6      10.3      0.74      2.00      0.00  -9999.00
     1   2005    312    2400.0       1.7       9.8      0.69      2.00      5.20  -9999.00
     1   2005    313    1200.0      10.4      12.4      1.26      2.00      0.40  -9999.00
     1   2005    314    2500.0       0.9      12.3      0.65      2.00      6.40  -9999.00
     1   2005    315    2900.0       5.0       7.0      0.87      2.00      0.00  -9999.00
     1   2005    316    3000.0       5.5      13.0      0.90      2.00      0.00  -9999.00
     1   2005    317    6300.0       4.3      11.5      0.83      2.00      0.00  -9999.00
     1   2005    318    4300.0       0.5       9.4      0.63      2.00      0.00  -9999.00
     1   2005    319    2400.0       0.1      13.0      0.62      2.00      0.00  -9999.00
     1   2005    320    6200.0       4.8       8.8      0.86      2.00      0.00  -9999.00
     1   2005    321    4200.0       3.5       5.5      0.78      2.00      0.00  -9999.00
     1   2005    322    3100.0       2.3      12.1      0.72      2.00      0.00  -9999.00
     1   2005    323    3200.0       4.0      14.0      0.81      2.00      0.50  -9999.00
     1   2005    324    1600.0       7.9       9.9      1.07      2.00      3.00  -9999.00
     1   2005    325    1900.0       6.4      11.0      0.96      2.00      2.10  -9999.00
     1   2005    326    5000.0       5.6       7.6      0.91      2.00      0.00  -9999.00
     1   2005    327    4600.0       4.5      10.8      0.84      2.00      0.00  -9999.00
     1   2005    328    2700.0       4.1      10.1      0.82      2.00      3.10  -9999.00
     1   2005    329    1900.0       4.7      11.7      0.85      2.00     14.90  -9999.00
     1   2005    330    1400.0       5.0       7.2      0.87      2.00      2.10  -9999.00
     1   2005    331    4500.0       0.2      12.6      0.62      2.00      0.00  -9999.00
     1   2005    332    4800.0       3.8       8.1      0.80      2.00      0.00  -9999.00
     1   2005    333    2400.0       6.0       9.8      0.93      2.00      2.20  -9999.00
     1   2005    334    1900.0      10.4      12.4      1.26      2.00      2.70  -9999.00
     1   2005    335    3600.0       8.9      12.1      1.14      2.00      1.00  -9999.00
     1   2005    336    1700.0       6.6       7.2      0.97      2.00      0.30  -9999.00
     1   2005    337     700.0       4.3      12.1      0.83      2.00     28.00  -9999.00
     1   2005    338    1500.0       5.9      11.8      0.93      2.00      0.00  -9999.00
     1   2005    339    2000.0       3.1       7.2      0.76      2.00      0.00  -9999.00
     1   2005    340    2300.0      -4.6       6.3      0.43      2.00      0.00  -9999.00
     1   2005    341    3300.0      -1.2      12.4      0.56      2.00      0.00  -9999.00
     1   2005    342    2700.0       1.8      10.7      0.70      2.00      0.00  -9999.00
     1   2005    343    1000.0      -2.9       8.2      0.49      2.00      0.00  -9999.00
     1   2005    344    3800.0      -3.9       9.3      0.46      2.00      0.00  -9999.00
     1   2005    345    1700.0       1.9       3.4      0.70      2.00      0.00  -9999.00
     1   2005    346    3300.0      -0.5       7.1      0.59      2.00      0.00  -9999.00
     1   2005    347    2500.0       2.5       4.5      0.73      2.00      0.10  -9999.00
     1   2005    348    1500.0       5.3      10.6      0.89      2.00      0.10  -9999.00
     1   2005    349    2900.0       2.2      13.5      0.72      2.00      3.00  -9999.00
     1   2005    350     700.0       9.8      13.1      1.21      2.00      2.00  -9999.00
     1   2005    351    1600.0       9.2      11.2      1.16      2.00      0.30  -9999.00
     1   2005    352    1100.0      -1.6      10.1      0.54      2.00      6.50  -9999.00
     1   2005    353    1700.0       7.9       9.9      1.07      2.00      7.60  -9999.00
     1   2005    354    1000.0       6.5      10.0      0.97      2.00      8.80  -9999.00
     1   2005    355    1400.0       2.4       4.4      0.73      2.00      8.10  -9999.00
     1   2005    356    1800.0       0.1       6.5      0.62      2.00      0.30  -9999.00
     1   2005    357    2000.0       6.8      11.6      0.99      2.00      6.30  -9999.00
     1   2005    358    3000.0       8.5       9.8      1.11      2.00      6.50  -9999.00
     1   2005    359    1500.0       5.4       7.4      0.90      2.00      0.00  -9999.00
     1   2005    360    1500.0       7.1      12.3      1.01      2.00      0.30  -9999.00
     1   2005    361    1500.0       4.7      11.3      0.85      2.00      8.10  -9999.00
     1   2005    362    2200.0       2.0       3.6      0.71      2.00      6.60  -9999.00
     1   2005    363    2200.0       6.7       8.7      0.98      2.00      0.30  -9999.00
     1   2005    364    2600.0       9.7      10.4      1.20      2.00     11.70  -9999.00
     1   2005    365     800.0       5.5       9.7      0.90      2.00      3.80  -9999.00
