*-----------------------------------------------------------------------------* 
           CNWG_45.met            51.48   -3.55   69.72
* Date created:  08-Aug-2019     Author: K Coleman 
* 
* NIL VALUE       -9999 
* Source:   data provided by M. Semenov 
*  
* Latitude:    51.48 Longitude:    -3.55 Altitude:    69.72
* 
* Column  Daily value 
* 1       station number 
* 2       year 
* 3       day 
* 4       irradiation                   (kJ m-2 d-1) 
* 5       minimum temperature           (degrees Celsius) 
* 6       maximum temperature           (degrees Celsius) 
* 7       early morning vapour pressure (kPa)             
* 8       mean wind speed (height: 2 m?) (m s-1)          
* 9       precipitation                 (mm d-1)          
* 10      sunshine                      (hrs)             
 		Jday	RAD	    TMIN	TMAX	 VAP	wind	RAIN	SUN  
               kj/m2	°C	    °C	     kPa	m/s	    mm	    hrs 
   51.48  69.72
     1   2005      1    3300.0       4.1       9.6      0.82      2.00      0.20  -9999.00
     1   2005      2    2200.0       4.3       6.3      0.83      2.00      1.00  -9999.00
     1   2005      3    4700.0       3.7       8.0      0.80      2.00      0.00  -9999.00
     1   2005      4    3800.0       0.5       5.0      0.63      2.00      0.00  -9999.00
     1   2005      5    2000.0      -0.9       2.0      0.57      2.00      0.00  -9999.00
     1   2005      6     700.0       5.8       7.8      0.92      2.00      0.00  -9999.00
     1   2005      7    3900.0      -3.2      -1.2      0.48      2.00      0.00  -9999.00
     1   2005      8    4300.0      -0.2       9.7      0.60      2.00      0.00  -9999.00
     1   2005      9     900.0       6.9       7.6      0.99      2.00      0.00  -9999.00
     1   2005     10    3300.0       6.8       8.8      0.99      2.00      0.00  -9999.00
     1   2005     11    2300.0       6.5       8.5      0.97      2.00      0.00  -9999.00
     1   2005     12    4400.0       3.3       5.3      0.77      2.00      0.00  -9999.00
     1   2005     13    2000.0       1.1       9.3      0.66      2.00      0.00  -9999.00
     1   2005     14    1100.0       2.3       4.3      0.72      2.00      0.00  -9999.00
     1   2005     15    3900.0       2.7       4.7      0.74      2.00      0.00  -9999.00
     1   2005     16    2700.0       1.5       8.9      0.68      2.00      0.40  -9999.00
     1   2005     17     800.0       6.8      11.1      0.99      2.00      9.30  -9999.00
     1   2005     18     800.0       5.3       7.2      0.89      2.00      1.20  -9999.00
     1   2005     19    4300.0       8.8       8.8      1.13      2.00      0.00  -9999.00
     1   2005     20    1500.0       7.6       8.8      1.04      2.00     12.90  -9999.00
     1   2005     21    1900.0       1.2       8.2      0.67      2.00      0.00  -9999.00
     1   2005     22    4600.0       3.1       3.6      0.76      2.00     14.20  -9999.00
     1   2005     23    2700.0      -0.7       7.9      0.58      2.00     12.70  -9999.00
     1   2005     24    3600.0       6.7       8.9      0.98      2.00     11.90  -9999.00
     1   2005     25    1000.0       6.3       8.0      0.95      2.00      3.70  -9999.00
     1   2005     26    1000.0       1.0       9.9      0.66      2.00     10.70  -9999.00
     1   2005     27    3600.0       4.5      11.2      0.84      2.00      1.20  -9999.00
     1   2005     28    2500.0      -0.4       8.1      0.59      2.00      4.40  -9999.00
     1   2005     29    4000.0       4.2      10.1      0.82      2.00      0.50  -9999.00
     1   2005     30    1000.0       3.4       9.1      0.78      2.00      0.10  -9999.00
     1   2005     31    5300.0      -1.2       7.9      0.56      2.00      0.50  -9999.00
     1   2005     32    7100.0       4.4      12.5      0.84      2.00      0.90  -9999.00
     1   2005     33    4400.0       3.4       9.7      0.78      2.00      4.50  -9999.00
     1   2005     34    4400.0       5.2       8.5      0.88      2.00      5.20  -9999.00
     1   2005     35    4700.0       3.8      10.5      0.80      2.00      1.00  -9999.00
     1   2005     36    2400.0       4.9       7.9      0.87      2.00      1.40  -9999.00
     1   2005     37    2500.0       1.7       5.8      0.69      2.00      0.00  -9999.00
     1   2005     38    1900.0      -0.6       1.0      0.58      2.00     13.90  -9999.00
     1   2005     39    3800.0      -0.7       1.3      0.58      2.00      0.00  -9999.00
     1   2005     40    5000.0       3.1      10.5      0.76      2.00      9.60  -9999.00
     1   2005     41    3300.0       2.7       8.6      0.74      2.00      0.00  -9999.00
     1   2005     42    5200.0      -0.9       8.4      0.57      2.00      2.70  -9999.00
     1   2005     43    2700.0       5.7       7.6      0.92      2.00      3.00  -9999.00
     1   2005     44    9000.0      -0.6      10.5      0.58      2.00      0.00  -9999.00
     1   2005     45    3600.0      -2.5       6.9      0.51      2.00      0.00  -9999.00
     1   2005     46    8200.0      -0.4       4.6      0.59      2.00      0.00  -9999.00
     1   2005     47    4300.0       8.7      12.1      1.12      2.00      0.80  -9999.00
     1   2005     48    5200.0       5.3       7.3      0.89      2.00      0.10  -9999.00
     1   2005     49    5400.0       7.0      11.2      1.00      2.00      0.90  -9999.00
     1   2005     50    5600.0       0.2       9.7      0.62      2.00      0.10  -9999.00
     1   2005     51    8700.0       5.5       7.0      0.90      2.00      0.30  -9999.00
     1   2005     52    9400.0      -2.4       8.3      0.51      2.00      0.00  -9999.00
     1   2005     53    8300.0       1.1       3.1      0.66      2.00      0.00  -9999.00
     1   2005     54    5500.0       1.0       5.6      0.66      2.00      0.00  -9999.00
     1   2005     55   10500.0      -1.4       7.8      0.55      2.00      0.00  -9999.00
     1   2005     56    6900.0      -6.1      10.5      0.39      2.00      0.00  -9999.00
     1   2005     57    3800.0       3.8      11.5      0.80      2.00      0.00  -9999.00
     1   2005     58    9900.0       2.7       6.0      0.74      2.00      0.00  -9999.00
     1   2005     59    4300.0       1.8       5.3      0.70      2.00      0.00  -9999.00
     1   2005     60    7300.0       2.9      10.4      0.75      2.00      0.00  -9999.00
     1   2005     61    9700.0       2.6       8.4      0.74      2.00      0.00  -9999.00
     1   2005     62    8500.0      -0.7       9.2      0.58      2.00      7.00  -9999.00
     1   2005     63    4400.0       5.2      11.8      0.88      2.00      0.30  -9999.00
     1   2005     64   11200.0       5.7       7.7      0.92      2.00      0.30  -9999.00
     1   2005     65    7900.0       5.8       9.4      0.92      2.00      0.20  -9999.00
     1   2005     66   13200.0      -0.2       9.2      0.60      2.00      8.80  -9999.00
     1   2005     67    7700.0      -2.1       7.1      0.52      2.00      4.20  -9999.00
     1   2005     68    8000.0       1.9      10.4      0.70      2.00      0.00  -9999.00
     1   2005     69    2500.0       5.2       9.4      0.88      2.00      3.50  -9999.00
     1   2005     70    7500.0       2.7      11.5      0.74      2.00      4.20  -9999.00
     1   2005     71    5200.0       7.6      10.2      1.04      2.00      4.00  -9999.00
     1   2005     72    5200.0       7.0       7.0      1.00      2.00      0.10  -9999.00
     1   2005     73    4700.0       8.0       8.9      1.07      2.00      7.60  -9999.00
     1   2005     74   13400.0       3.2      11.8      0.77      2.00      0.50  -9999.00
     1   2005     75    9500.0      -1.1      11.8      0.56      2.00      0.10  -9999.00
     1   2005     76    6200.0       4.8       6.8      0.86      2.00      0.80  -9999.00
     1   2005     77    8300.0       5.4       7.4      0.90      2.00      0.70  -9999.00
     1   2005     78    7000.0       0.5      10.9      0.63      2.00      8.40  -9999.00
     1   2005     79    3700.0       1.8       9.0      0.70      2.00      0.30  -9999.00
     1   2005     80   14300.0       6.6      11.6      0.97      2.00      3.20  -9999.00
     1   2005     81    8500.0       4.0       5.8      0.81      2.00      2.90  -9999.00
     1   2005     82   14600.0       7.1       9.8      1.01      2.00      0.80  -9999.00
     1   2005     83   11100.0      -0.3       9.9      0.60      2.00      0.00  -9999.00
     1   2005     84   15400.0      -0.5      13.6      0.59      2.00      0.00  -9999.00
     1   2005     85    6600.0       6.5       9.5      0.97      2.00      0.20  -9999.00
     1   2005     86    7200.0       5.0      10.9      0.87      2.00      2.00  -9999.00
     1   2005     87    8200.0       2.7       8.6      0.74      2.00      4.30  -9999.00
     1   2005     88   11400.0       6.7      13.4      0.98      2.00      0.80  -9999.00
     1   2005     89    2700.0       5.4      12.1      0.90      2.00     12.60  -9999.00
     1   2005     90    7200.0       8.6      10.6      1.12      2.00      1.70  -9999.00
     1   2005     91   13000.0       1.9      12.0      0.70      2.00      0.00  -9999.00
     1   2005     92    9700.0       2.6      11.8      0.74      2.00      0.00  -9999.00
     1   2005     93   12500.0       6.5       8.4      0.97      2.00      0.00  -9999.00
     1   2005     94    5500.0       8.7      14.1      1.12      2.00      0.00  -9999.00
     1   2005     95    7800.0       6.8      14.3      0.99      2.00      0.00  -9999.00
     1   2005     96   16100.0       5.1      15.9      0.88      2.00      0.00  -9999.00
     1   2005     97   15300.0       4.3      12.0      0.83      2.00      0.00  -9999.00
     1   2005     98   20500.0       2.1      10.9      0.71      2.00      0.00  -9999.00
     1   2005     99   14200.0      -0.9      12.6      0.57      2.00      0.00  -9999.00
     1   2005    100    9800.0       2.8      12.0      0.75      2.00      0.00  -9999.00
     1   2005    101   10700.0       5.5      11.5      0.90      2.00      0.00  -9999.00
     1   2005    102   21400.0       2.3      16.0      0.72      2.00      0.00  -9999.00
     1   2005    103   20500.0       5.5      14.3      0.90      2.00      0.00  -9999.00
     1   2005    104   21000.0       4.6      11.4      0.85      2.00      0.00  -9999.00
     1   2005    105   21800.0       1.1      18.4      0.66      2.00      0.00  -9999.00
     1   2005    106   19100.0       2.8      17.9      0.75      2.00      0.00  -9999.00
     1   2005    107   19200.0       7.2      14.2      1.02      2.00      0.00  -9999.00
     1   2005    108    4600.0       5.1      24.1      0.88      2.00      0.00  -9999.00
     1   2005    109   12300.0       1.9      15.9      0.70      2.00      3.20  -9999.00
     1   2005    110    8400.0       2.8      11.9      0.75      2.00      0.00  -9999.00
     1   2005    111   13600.0       5.4      11.6      0.90      2.00      1.60  -9999.00
     1   2005    112    9600.0       5.9      11.6      0.93      2.00      8.10  -9999.00
     1   2005    113    8100.0       8.9      12.7      1.14      2.00      1.50  -9999.00
     1   2005    114   16700.0       3.7       9.9      0.80      2.00      4.90  -9999.00
     1   2005    115    6600.0       5.9      12.4      0.93      2.00      1.10  -9999.00
     1   2005    116   13800.0       7.7       8.4      1.05      2.00      0.80  -9999.00
     1   2005    117   13600.0       6.2      12.8      0.95      2.00      0.00  -9999.00
     1   2005    118   10600.0       4.0      10.4      0.81      2.00     10.20  -9999.00
     1   2005    119   11500.0       4.0      13.6      0.81      2.00      0.30  -9999.00
     1   2005    120   19900.0       6.1       7.6      0.94      2.00      0.00  -9999.00
     1   2005    121   14100.0      10.3      15.8      1.25      2.00      0.00  -9999.00
     1   2005    122   22100.0       7.6      18.4      1.04      2.00      0.00  -9999.00
     1   2005    123   13500.0       1.4      15.5      0.68      2.00      0.00  -9999.00
     1   2005    124   18000.0       9.7      16.3      1.20      2.00      0.00  -9999.00
     1   2005    125   21000.0       3.8      17.5      0.80      2.00      0.00  -9999.00
     1   2005    126   13000.0       3.4      15.1      0.78      2.00      0.00  -9999.00
     1   2005    127   10600.0       8.0      10.0      1.07      2.00      2.20  -9999.00
     1   2005    128   13800.0       8.3      16.9      1.09      2.00      0.00  -9999.00
     1   2005    129   17900.0       3.7      16.0      0.80      2.00      0.00  -9999.00
     1   2005    130    8500.0       5.7      14.3      0.92      2.00     20.10  -9999.00
     1   2005    131    9400.0       7.7      10.9      1.05      2.00      5.80  -9999.00
     1   2005    132   22200.0       6.8      14.1      0.99      2.00      6.70  -9999.00
     1   2005    133    7600.0       6.8      14.2      0.99      2.00      0.10  -9999.00
     1   2005    134    4000.0       4.6      12.9      0.85      2.00      0.10  -9999.00
     1   2005    135   12200.0       6.3      17.9      0.95      2.00      0.00  -9999.00
     1   2005    136    8000.0      10.5      13.5      1.27      2.00      4.50  -9999.00
     1   2005    137   16500.0       9.9      14.9      1.22      2.00      0.00  -9999.00
     1   2005    138    9400.0       6.2      13.5      0.95      2.00      0.10  -9999.00
     1   2005    139    8200.0      12.8      14.8      1.48      2.00      0.00  -9999.00
     1   2005    140   10900.0       2.4      14.6      0.73      2.00      0.00  -9999.00
     1   2005    141   23900.0       6.9      14.0      0.99      2.00      0.00  -9999.00
     1   2005    142   19400.0       7.2      12.8      1.02      2.00      0.00  -9999.00
     1   2005    143    8500.0       4.3      12.6      0.83      2.00      7.40  -9999.00
     1   2005    144   11900.0       5.4      14.4      0.90      2.00      0.10  -9999.00
     1   2005    145    8300.0       7.7      13.1      1.05      2.00      8.50  -9999.00
     1   2005    146   12500.0       7.3      14.9      1.02      2.00      1.20  -9999.00
     1   2005    147   16700.0       5.6      16.8      0.91      2.00      0.00  -9999.00
     1   2005    148   14100.0      13.8      16.9      1.58      2.00      0.10  -9999.00
     1   2005    149   11300.0      11.2      19.3      1.33      2.00      0.00  -9999.00
     1   2005    150   18300.0      11.5      12.3      1.36      2.00      4.60  -9999.00
     1   2005    151   14500.0      10.6      13.4      1.28      2.00      1.80  -9999.00
     1   2005    152   25200.0       9.6      12.9      1.20      2.00      4.20  -9999.00
     1   2005    153   16300.0      12.0      15.0      1.40      2.00      0.30  -9999.00
     1   2005    154   15100.0       7.9      15.5      1.07      2.00      0.00  -9999.00
     1   2005    155   14500.0      11.1      16.9      1.32      2.00      0.40  -9999.00
     1   2005    156   21500.0      10.9      19.9      1.30      2.00      3.30  -9999.00
     1   2005    157   28200.0       9.1      20.6      1.16      2.00      4.70  -9999.00
     1   2005    158   22100.0       7.8      14.0      1.06      2.00      0.00  -9999.00
     1   2005    159   25900.0      10.0      14.9      1.23      2.00      0.00  -9999.00
     1   2005    160    9200.0       7.5      15.1      1.04      2.00      6.60  -9999.00
     1   2005    161   22700.0      10.8      17.6      1.29      2.00      0.80  -9999.00
     1   2005    162   15000.0       8.8      17.7      1.13      2.00      5.00  -9999.00
     1   2005    163   12500.0      12.8      17.9      1.48      2.00     16.30  -9999.00
     1   2005    164    9600.0       8.4      15.7      1.10      2.00      1.60  -9999.00
     1   2005    165    8400.0      12.3      15.5      1.43      2.00      0.90  -9999.00
     1   2005    166   22100.0       8.6      15.6      1.12      2.00      0.50  -9999.00
     1   2005    167    9000.0      10.9      14.9      1.30      2.00      1.00  -9999.00
     1   2005    168   11000.0      13.3      17.6      1.53      2.00      0.60  -9999.00
     1   2005    169   19800.0      11.5      18.2      1.36      2.00      7.60  -9999.00
     1   2005    170   13300.0      13.3      20.7      1.53      2.00      0.00  -9999.00
     1   2005    171   15800.0      10.9      17.2      1.30      2.00      0.00  -9999.00
     1   2005    172   21600.0       9.2      15.0      1.16      2.00      0.00  -9999.00
     1   2005    173   18900.0      10.3      21.7      1.25      2.00      0.00  -9999.00
     1   2005    174   22800.0      13.4      25.9      1.54      2.00      0.00  -9999.00
     1   2005    175   29800.0       8.3      15.6      1.09      2.00      0.00  -9999.00
     1   2005    176   18500.0      14.1      16.4      1.61      2.00      0.00  -9999.00
     1   2005    177   28700.0      14.6      15.1      1.66      2.00      0.00  -9999.00
     1   2005    178   18500.0      14.9      18.3      1.69      2.00      0.00  -9999.00
     1   2005    179   24700.0       9.3      21.7      1.17      2.00      0.00  -9999.00
     1   2005    180   16400.0       9.7      19.7      1.20      2.00      0.00  -9999.00
     1   2005    181   19000.0      12.4      18.1      1.44      2.00      0.00  -9999.00
     1   2005    182   10400.0       8.8      24.7      1.13      2.00      0.90  -9999.00
     1   2005    183    4400.0      13.0      16.5      1.50      2.00      7.20  -9999.00
     1   2005    184   16900.0      11.4      20.2      1.35      2.00      0.00  -9999.00
     1   2005    185   26600.0      11.6      20.3      1.37      2.00      0.00  -9999.00
     1   2005    186   23600.0      13.3      19.2      1.53      2.00      0.00  -9999.00
     1   2005    187   29600.0      15.1      21.6      1.72      2.00      0.00  -9999.00
     1   2005    188   16300.0      11.5      19.9      1.36      2.00      0.00  -9999.00
     1   2005    189   22400.0      14.9      23.9      1.69      2.00      0.00  -9999.00
     1   2005    190   18700.0      14.0      20.5      1.60      2.00      0.00  -9999.00
     1   2005    191   21700.0      14.3      23.6      1.63      2.00      0.00  -9999.00
     1   2005    192   24400.0      16.3      21.2      1.85      2.00      0.00  -9999.00
     1   2005    193   27500.0       9.1      24.7      1.16      2.00      0.00  -9999.00
     1   2005    194   17100.0      17.1      17.6      1.95      2.00      2.70  -9999.00
     1   2005    195   21700.0      16.0      23.6      1.82      2.00      0.00  -9999.00
     1   2005    196    7200.0      13.0      17.2      1.50      2.00      0.10  -9999.00
     1   2005    197   19900.0      11.7      20.6      1.37      2.00      7.60  -9999.00
     1   2005    198   19700.0      10.5      18.5      1.27      2.00      3.00  -9999.00
     1   2005    199   12400.0      10.5      20.2      1.27      2.00      0.90  -9999.00
     1   2005    200   15200.0      16.0      18.0      1.82      2.00      0.50  -9999.00
     1   2005    201   18700.0      15.0      19.0      1.70      2.00      4.10  -9999.00
     1   2005    202   26500.0      15.4      19.5      1.75      2.00      3.00  -9999.00
     1   2005    203   14900.0      12.4      23.7      1.44      2.00      0.00  -9999.00
     1   2005    204   23200.0      14.7      23.1      1.67      2.00      1.20  -9999.00
     1   2005    205   20000.0      11.0      18.0      1.31      2.00      0.20  -9999.00
     1   2005    206    9900.0      12.9      21.0      1.49      2.00      0.00  -9999.00
     1   2005    207   16000.0      10.9      18.9      1.30      2.00      0.00  -9999.00
     1   2005    208   16500.0      13.9      23.6      1.59      2.00      0.00  -9999.00
     1   2005    209   20600.0      13.2      25.4      1.52      2.00      0.00  -9999.00
     1   2005    210   15700.0      14.2      21.5      1.62      2.00      0.00  -9999.00
     1   2005    211   20400.0      13.8      19.0      1.58      2.00     11.10  -9999.00
     1   2005    212   15400.0      12.3      18.5      1.43      2.00      0.00  -9999.00
     1   2005    213   20500.0      12.7      19.4      1.47      2.00      0.00  -9999.00
     1   2005    214   14200.0      12.3      21.3      1.43      2.00      0.00  -9999.00
     1   2005    215   16700.0      10.4      25.6      1.26      2.00      0.00  -9999.00
     1   2005    216   12700.0      15.0      18.5      1.70      2.00      0.00  -9999.00
     1   2005    217   15600.0      13.8      27.7      1.58      2.00      0.00  -9999.00
     1   2005    218   18300.0      14.1      21.7      1.61      2.00      0.00  -9999.00
     1   2005    219   15600.0      12.1      18.1      1.41      2.00     14.10  -9999.00
     1   2005    220   17000.0      11.8      16.5      1.38      2.00     62.20  -9999.00
     1   2005    221   11900.0      11.2      20.5      1.33      2.00      1.90  -9999.00
     1   2005    222   14000.0      15.8      19.2      1.79      2.00      0.90  -9999.00
     1   2005    223   12700.0      15.9      20.1      1.81      2.00      0.10  -9999.00
     1   2005    224   14100.0      11.8      18.9      1.38      2.00      0.80  -9999.00
     1   2005    225    9800.0      11.4      21.1      1.35      2.00      7.70  -9999.00
     1   2005    226   20100.0      13.6      19.3      1.56      2.00      0.00  -9999.00
     1   2005    227   13100.0      10.3      20.4      1.25      2.00      0.10  -9999.00
     1   2005    228    7200.0       9.8      18.3      1.21      2.00      0.10  -9999.00
     1   2005    229   13200.0      16.1      18.1      1.83      2.00      4.60  -9999.00
     1   2005    230   13300.0      14.6      19.2      1.66      2.00      0.10  -9999.00
     1   2005    231    4400.0      11.3      18.2      1.34      2.00      2.00  -9999.00
     1   2005    232   16400.0      10.6      20.2      1.28      2.00      0.00  -9999.00
     1   2005    233   23100.0      10.1      22.7      1.24      2.00      0.00  -9999.00
     1   2005    234   23100.0      12.0      17.9      1.40      2.00      0.00  -9999.00
     1   2005    235   15500.0       9.7      19.5      1.20      2.00      0.00  -9999.00
     1   2005    236   20200.0      14.7      18.5      1.67      2.00      0.00  -9999.00
     1   2005    237   14200.0       6.1      20.0      0.94      2.00      0.00  -9999.00
     1   2005    238   20100.0      10.2      16.6      1.24      2.00      0.00  -9999.00
     1   2005    239   12500.0      13.6      22.4      1.56      2.00      5.40  -9999.00
     1   2005    240   11100.0      11.9      16.9      1.39      2.00      0.40  -9999.00
     1   2005    241   13500.0      13.2      16.1      1.52      2.00     10.30  -9999.00
     1   2005    242   16200.0      14.8      17.1      1.68      2.00      1.70  -9999.00
     1   2005    243   18800.0      12.2      17.5      1.42      2.00      0.00  -9999.00
     1   2005    244   15100.0      11.9      16.4      1.39      2.00      0.10  -9999.00
     1   2005    245   12000.0      13.9      17.4      1.59      2.00      1.20  -9999.00
     1   2005    246    8500.0       9.5      18.8      1.19      2.00      0.10  -9999.00
     1   2005    247    4700.0      12.6      18.5      1.46      2.00      0.10  -9999.00
     1   2005    248   13500.0      10.5      16.8      1.27      2.00      1.80  -9999.00
     1   2005    249   11800.0      13.0      18.7      1.50      2.00      0.00  -9999.00
     1   2005    250   16500.0      12.8      20.9      1.48      2.00      0.10  -9999.00
     1   2005    251    9800.0       7.4      15.7      1.03      2.00      9.50  -9999.00
     1   2005    252   11600.0      12.6      18.4      1.46      2.00     29.80  -9999.00
     1   2005    253    7900.0       9.8      14.4      1.21      2.00      0.20  -9999.00
     1   2005    254    7900.0      12.4      18.0      1.44      2.00      6.00  -9999.00
     1   2005    255   13200.0      10.0      18.3      1.23      2.00      0.00  -9999.00
     1   2005    256   11600.0      16.5      18.0      1.88      2.00      0.60  -9999.00
     1   2005    257   14500.0      13.4      17.5      1.54      2.00      0.10  -9999.00
     1   2005    258    9300.0      10.7      18.7      1.29      2.00      5.90  -9999.00
     1   2005    259   11300.0       8.2      14.5      1.09      2.00      0.70  -9999.00
     1   2005    260   16900.0      13.8      20.0      1.58      2.00      0.00  -9999.00
     1   2005    261   15400.0      10.6      16.7      1.28      2.00      0.00  -9999.00
     1   2005    262   13900.0      10.1      15.7      1.24      2.00      0.00  -9999.00
     1   2005    263    9100.0      14.8      16.8      1.68      2.00      0.10  -9999.00
     1   2005    264    6500.0       7.7      17.5      1.05      2.00      0.00  -9999.00
     1   2005    265   10300.0      12.6      17.8      1.46      2.00      1.50  -9999.00
     1   2005    266    4600.0      10.0      16.7      1.23      2.00      0.10  -9999.00
     1   2005    267    7200.0      13.4      17.9      1.54      2.00      5.40  -9999.00
     1   2005    268    4200.0      14.5      16.2      1.65      2.00      0.20  -9999.00
     1   2005    269   10300.0      12.0      14.4      1.40      2.00      0.00  -9999.00
     1   2005    270    4200.0      11.3      13.3      1.34      2.00      0.30  -9999.00
     1   2005    271    2200.0       6.8      16.6      0.99      2.00      0.30  -9999.00
     1   2005    272    9600.0       7.0      14.9      1.00      2.00      0.00  -9999.00
     1   2005    273    6500.0       9.4      17.3      1.18      2.00      0.10  -9999.00
     1   2005    274    5500.0      11.7      15.9      1.37      2.00     18.00  -9999.00
     1   2005    275    4900.0      14.0      18.2      1.60      2.00      0.00  -9999.00
     1   2005    276    6000.0      10.8      13.0      1.29      2.00      0.00  -9999.00
     1   2005    277    9700.0       6.8      15.8      0.99      2.00      0.00  -9999.00
     1   2005    278    9100.0       5.5      11.1      0.90      2.00      0.00  -9999.00
     1   2005    279   10500.0       9.9      12.7      1.22      2.00      5.70  -9999.00
     1   2005    280    7600.0       4.2      16.3      0.82      2.00      0.10  -9999.00
     1   2005    281    5300.0       6.9      18.4      0.99      2.00      2.80  -9999.00
     1   2005    282    5700.0      10.5      12.5      1.27      2.00      0.80  -9999.00
     1   2005    283    8700.0       8.6      18.8      1.12      2.00      0.00  -9999.00
     1   2005    284    8300.0      10.0      14.5      1.23      2.00      0.00  -9999.00
     1   2005    285    8900.0       0.9      15.7      0.65      2.00      0.00  -9999.00
     1   2005    286    3600.0       8.4      17.5      1.10      2.00      4.50  -9999.00
     1   2005    287    9000.0      12.5      15.2      1.45      2.00      0.00  -9999.00
     1   2005    288    3900.0      10.4      13.7      1.26      2.00      8.00  -9999.00
     1   2005    289   10400.0      14.0      15.9      1.60      2.00     20.40  -9999.00
     1   2005    290    4500.0       6.1      10.9      0.94      2.00      0.50  -9999.00
     1   2005    291    6400.0      12.4      15.7      1.44      2.00      0.20  -9999.00
     1   2005    292    2300.0      10.0      14.9      1.23      2.00     13.50  -9999.00
     1   2005    293    4700.0      11.2      14.7      1.33      2.00     15.50  -9999.00
     1   2005    294    4900.0      10.1      11.8      1.24      2.00      0.30  -9999.00
     1   2005    295    4500.0       4.5       9.8      0.84      2.00      1.00  -9999.00
     1   2005    296    7000.0       4.1      13.3      0.82      2.00     14.40  -9999.00
     1   2005    297    7700.0      10.4      12.4      1.26      2.00      0.20  -9999.00
     1   2005    298    3600.0       4.7      13.3      0.85      2.00      1.70  -9999.00
     1   2005    299    6900.0       9.4      13.9      1.18      2.00      1.00  -9999.00
     1   2005    300    6100.0       8.7      10.0      1.12      2.00      5.70  -9999.00
     1   2005    301    3500.0      12.0      16.4      1.40      2.00      5.10  -9999.00
     1   2005    302    2100.0      13.0      13.2      1.50      2.00      0.60  -9999.00
     1   2005    303    7500.0      10.3      15.7      1.25      2.00      0.10  -9999.00
     1   2005    304    4800.0      14.0      14.9      1.60      2.00      0.40  -9999.00
     1   2005    305    6000.0       2.7      12.1      0.74      2.00      0.40  -9999.00
     1   2005    306    2400.0       6.1      10.1      0.94      2.00      0.00  -9999.00
     1   2005    307    3300.0       6.2      10.6      0.95      2.00      0.00  -9999.00
     1   2005    308    5600.0       7.5      12.3      1.04      2.00      9.10  -9999.00
     1   2005    309    2300.0       3.8      16.0      0.80      2.00     11.10  -9999.00
     1   2005    310    4800.0       2.9      15.4      0.75      2.00      3.00  -9999.00
     1   2005    311    2100.0       8.6      10.8      1.12      2.00      2.80  -9999.00
     1   2005    312    4800.0       6.9       8.9      0.99      2.00      2.10  -9999.00
     1   2005    313    2000.0       3.5      13.9      0.78      2.00      1.00  -9999.00
     1   2005    314    7000.0       7.7      11.7      1.05      2.00     15.00  -9999.00
     1   2005    315    2400.0      10.4      13.6      1.26      2.00      2.10  -9999.00
     1   2005    316    4200.0       6.2      12.3      0.95      2.00      2.10  -9999.00
     1   2005    317    3000.0       6.4      12.7      0.96      2.00      1.10  -9999.00
     1   2005    318    2100.0       3.2      11.7      0.77      2.00      1.10  -9999.00
     1   2005    319    4100.0       7.2       8.4      1.02      2.00      1.60  -9999.00
     1   2005    320    4900.0       3.5      11.9      0.78      2.00      4.10  -9999.00
     1   2005    321     900.0       7.8      11.5      1.06      2.00      0.70  -9999.00
     1   2005    322    1400.0      10.0      10.5      1.23      2.00      9.00  -9999.00
     1   2005    323    1400.0       9.5      10.0      1.19      2.00      1.80  -9999.00
     1   2005    324    1300.0       4.4       9.9      0.84      2.00      6.30  -9999.00
     1   2005    325    4800.0       8.2      11.4      1.09      2.00      2.40  -9999.00
     1   2005    326    3100.0       6.4       8.1      0.96      2.00      1.50  -9999.00
     1   2005    327    2700.0       9.5       9.8      1.19      2.00      1.50  -9999.00
     1   2005    328    2700.0       8.2      10.2      1.09      2.00      0.20  -9999.00
     1   2005    329    2300.0       5.3       6.1      0.89      2.00      2.00  -9999.00
     1   2005    330    1800.0       6.8      11.5      0.99      2.00      0.20  -9999.00
     1   2005    331    4000.0       7.2      13.4      1.02      2.00      0.30  -9999.00
     1   2005    332    1000.0       2.3      13.4      0.72      2.00      9.70  -9999.00
     1   2005    333    3700.0       5.9       9.2      0.93      2.00      2.40  -9999.00
     1   2005    334    4000.0       3.5       5.5      0.78      2.00      2.50  -9999.00
     1   2005    335    3900.0       0.3       7.8      0.62      2.00      0.10  -9999.00
     1   2005    336    1900.0       3.6      12.9      0.79      2.00      0.10  -9999.00
     1   2005    337    2900.0       7.2       8.0      1.02      2.00      0.00  -9999.00
     1   2005    338    2100.0       2.8      10.1      0.75      2.00      3.40  -9999.00
     1   2005    339    1700.0       4.5      10.8      0.84      2.00      0.40  -9999.00
     1   2005    340    3500.0       0.4       6.1      0.63      2.00      0.00  -9999.00
     1   2005    341    2700.0       4.6       9.9      0.85      2.00      0.10  -9999.00
     1   2005    342    3800.0      -3.3       6.6      0.48      2.00      0.00  -9999.00
     1   2005    343    3400.0       5.7      10.3      0.92      2.00      0.00  -9999.00
     1   2005    344    3300.0       2.6       4.4      0.74      2.00      0.00  -9999.00
     1   2005    345    1600.0       3.5       6.3      0.78      2.00      0.00  -9999.00
     1   2005    346    2600.0       2.5       6.2      0.73      2.00      0.00  -9999.00
     1   2005    347    1300.0       1.7       7.0      0.69      2.00      0.00  -9999.00
     1   2005    348    1500.0       2.5      12.7      0.73      2.00      1.20  -9999.00
     1   2005    349    1300.0       0.0       4.7      0.61      2.00      7.60  -9999.00
     1   2005    350     900.0       1.7      10.1      0.69      2.00      0.00  -9999.00
     1   2005    351    3500.0      -0.8       0.0      0.58      2.00      0.00  -9999.00
     1   2005    352    1400.0       3.0       4.5      0.76      2.00      3.50  -9999.00
     1   2005    353    1500.0       5.2       9.7      0.88      2.00      5.70  -9999.00
     1   2005    354    2000.0       5.0       7.9      0.87      2.00      0.80  -9999.00
     1   2005    355    1800.0       3.9       5.9      0.81      2.00      0.30  -9999.00
     1   2005    356    1400.0       9.3       9.6      1.17      2.00     11.90  -9999.00
     1   2005    357    4500.0       5.8       9.9      0.92      2.00      0.50  -9999.00
     1   2005    358    2300.0       8.6      12.4      1.12      2.00      9.80  -9999.00
     1   2005    359    2200.0      -1.3       2.0      0.56      2.00      0.00  -9999.00
     1   2005    360    2000.0       0.5       8.5      0.63      2.00      0.10  -9999.00
     1   2005    361    3100.0       3.5       5.5      0.78      2.00      8.40  -9999.00
     1   2005    362    1500.0       8.1      10.1      1.08      2.00      8.40  -9999.00
     1   2005    363    1400.0       4.9       6.9      0.87      2.00      3.70  -9999.00
     1   2005    364    2000.0       3.7       8.3      0.80      2.00     11.60  -9999.00
     1   2005    365    2000.0       6.2       8.3      0.95      2.00     18.40  -9999.00
