*-----------------------------------------------------------------------------* 
           CNWG_169.met           51.48   -3.55   69.72
* Date created:  08-Aug-2019     Author: K Coleman 
* 
* NIL VALUE       -9999 
* Source:   data provided by M. Semenov 
*  
* Latitude:    51.48 Longitude:    -3.55 Altitude:    69.72
* 
* Column  Daily value 
* 1       station number 
* 2       year 
* 3       day 
* 4       irradiation                   (kJ m-2 d-1) 
* 5       minimum temperature           (degrees Celsius) 
* 6       maximum temperature           (degrees Celsius) 
* 7       early morning vapour pressure (kPa)             
* 8       mean wind speed (height: 2 m?) (m s-1)          
* 9       precipitation                 (mm d-1)          
* 10      sunshine                      (hrs)             
 		Jday	RAD	    TMIN	TMAX	 VAP	wind	RAIN	SUN  
               kj/m2	°C	    °C	     kPa	m/s	    mm	    hrs 
   51.48  69.72
     1   2005      1    2700.0       3.7       8.7      0.80      2.00      2.80  -9999.00
     1   2005      2    2400.0       8.8      10.3      1.13      2.00      6.40  -9999.00
     1   2005      3    3300.0       1.3       1.9      0.67      2.00      0.00  -9999.00
     1   2005      4    2200.0       0.4       6.5      0.63      2.00      0.00  -9999.00
     1   2005      5    3100.0       4.4       6.4      0.84      2.00      0.00  -9999.00
     1   2005      6    2100.0       8.2      10.4      1.09      2.00      0.60  -9999.00
     1   2005      7    4600.0       9.0      11.0      1.15      2.00      3.90  -9999.00
     1   2005      8    1600.0       5.5       9.4      0.90      2.00      1.00  -9999.00
     1   2005      9    1000.0       1.6       9.5      0.69      2.00      1.40  -9999.00
     1   2005     10    4800.0       3.6      11.8      0.79      2.00      0.90  -9999.00
     1   2005     11    2700.0       3.6       9.9      0.79      2.00      3.80  -9999.00
     1   2005     12    1200.0       7.2      10.0      1.02      2.00      0.60  -9999.00
     1   2005     13    2700.0       6.6       7.4      0.97      2.00      6.20  -9999.00
     1   2005     14    3000.0      -4.7       6.6      0.43      2.00      4.00  -9999.00
     1   2005     15    1700.0       6.1       8.1      0.94      2.00      3.20  -9999.00
     1   2005     16    3100.0       2.7       4.7      0.74      2.00      6.00  -9999.00
     1   2005     17    3100.0       5.6       7.6      0.91      2.00      2.70  -9999.00
     1   2005     18    1500.0      -0.7       9.4      0.58      2.00      0.30  -9999.00
     1   2005     19    2700.0       2.1       8.4      0.71      2.00      0.00  -9999.00
     1   2005     20    4400.0       8.9       9.4      1.14      2.00      9.30  -9999.00
     1   2005     21    3700.0       0.0       9.9      0.61      2.00      0.00  -9999.00
     1   2005     22    1300.0       3.3       3.9      0.77      2.00      0.00  -9999.00
     1   2005     23    1500.0       4.4       8.8      0.84      2.00      1.00  -9999.00
     1   2005     24    5200.0       0.0       8.5      0.61      2.00      4.10  -9999.00
     1   2005     25     900.0       2.3       9.1      0.72      2.00      0.00  -9999.00
     1   2005     26    6100.0      -3.9       9.5      0.46      2.00      0.00  -9999.00
     1   2005     27    5200.0       3.6       7.2      0.79      2.00      0.00  -9999.00
     1   2005     28    4000.0       5.2      10.7      0.88      2.00      0.50  -9999.00
     1   2005     29    2400.0       3.9      10.3      0.81      2.00      5.80  -9999.00
     1   2005     30    2700.0      -0.4      12.0      0.59      2.00      2.00  -9999.00
     1   2005     31    3500.0       5.6       7.6      0.91      2.00      9.40  -9999.00
     1   2005     32    5600.0       8.4      10.7      1.10      2.00      0.20  -9999.00
     1   2005     33    2600.0      10.4      10.8      1.26      2.00      0.50  -9999.00
     1   2005     34    5100.0       2.7       4.7      0.74      2.00      0.00  -9999.00
     1   2005     35    2800.0       7.4       9.4      1.03      2.00      6.30  -9999.00
     1   2005     36    3600.0       4.9      11.4      0.87      2.00      3.20  -9999.00
     1   2005     37    6500.0       6.5       7.2      0.97      2.00      0.10  -9999.00
     1   2005     38    7000.0       3.0      10.0      0.76      2.00      0.00  -9999.00
     1   2005     39    4100.0      -2.7       7.3      0.50      2.00      0.00  -9999.00
     1   2005     40    3700.0       4.7       7.9      0.85      2.00      4.90  -9999.00
     1   2005     41    2100.0       3.7      11.6      0.80      2.00      0.60  -9999.00
     1   2005     42    6800.0      -1.0       9.6      0.57      2.00      0.20  -9999.00
     1   2005     43    7400.0       2.9       4.7      0.75      2.00     21.60  -9999.00
     1   2005     44    3000.0       5.3      11.0      0.89      2.00      0.30  -9999.00
     1   2005     45    3300.0       3.0      12.3      0.76      2.00      3.20  -9999.00
     1   2005     46    2900.0       2.5       7.6      0.73      2.00      3.00  -9999.00
     1   2005     47    6100.0       8.9      10.9      1.14      2.00      0.10  -9999.00
     1   2005     48    2300.0       7.9       8.9      1.07      2.00      0.90  -9999.00
     1   2005     49    2500.0       3.8       5.8      0.80      2.00      4.40  -9999.00
     1   2005     50    5100.0       5.5       6.1      0.90      2.00      0.10  -9999.00
     1   2005     51    4200.0       5.8       8.9      0.92      2.00      4.50  -9999.00
     1   2005     52    8600.0       4.4      11.3      0.84      2.00     21.70  -9999.00
     1   2005     53    5700.0       3.5      11.0      0.78      2.00      0.00  -9999.00
     1   2005     54    4300.0       3.5       9.3      0.78      2.00      0.00  -9999.00
     1   2005     55    5500.0       4.5       7.7      0.84      2.00      5.10  -9999.00
     1   2005     56    8200.0       1.1       3.1      0.66      2.00      0.00  -9999.00
     1   2005     57    2400.0       4.7       6.7      0.85      2.00      0.30  -9999.00
     1   2005     58    8100.0      -1.0      10.4      0.57      2.00      0.80  -9999.00
     1   2005     59    6400.0       0.3       9.7      0.62      2.00      4.60  -9999.00
     1   2005     60    7600.0       2.6      14.1      0.74      2.00      8.80  -9999.00
     1   2005     61   10300.0       3.2       9.5      0.77      2.00      1.60  -9999.00
     1   2005     62    9900.0      -2.2       3.8      0.52      2.00      0.00  -9999.00
     1   2005     63    7900.0       3.2      13.2      0.77      2.00      0.00  -9999.00
     1   2005     64    9100.0      -3.7      12.6      0.46      2.00      0.00  -9999.00
     1   2005     65    4200.0       6.3       9.3      0.95      2.00      6.00  -9999.00
     1   2005     66   10200.0       4.6       9.0      0.85      2.00      7.90  -9999.00
     1   2005     67    4600.0       5.3      10.5      0.89      2.00      2.00  -9999.00
     1   2005     68    4300.0      -1.1       2.1      0.56      2.00      6.00  -9999.00
     1   2005     69    6400.0       3.2      12.0      0.77      2.00      0.70  -9999.00
     1   2005     70    7800.0       5.3       8.7      0.89      2.00      0.80  -9999.00
     1   2005     71    9800.0       8.2      11.6      1.09      2.00      0.00  -9999.00
     1   2005     72    3900.0       7.0       7.7      1.00      2.00      2.30  -9999.00
     1   2005     73    4900.0       3.9       5.7      0.81      2.00      3.90  -9999.00
     1   2005     74    3200.0       2.1      10.9      0.71      2.00      1.90  -9999.00
     1   2005     75    7200.0       3.8       8.1      0.80      2.00      0.40  -9999.00
     1   2005     76   11800.0       4.0       7.7      0.81      2.00      5.30  -9999.00
     1   2005     77    7300.0       5.4       9.0      0.90      2.00      0.40  -9999.00
     1   2005     78    5800.0       6.0      12.8      0.93      2.00      0.00  -9999.00
     1   2005     79    8200.0       7.4       7.7      1.03      2.00      0.10  -9999.00
     1   2005     80    5900.0       3.7      10.6      0.80      2.00      0.80  -9999.00
     1   2005     81    6100.0       4.3       9.6      0.83      2.00      2.20  -9999.00
     1   2005     82   12300.0       7.3      10.7      1.02      2.00      0.40  -9999.00
     1   2005     83    5700.0      -1.8       7.7      0.54      2.00      0.00  -9999.00
     1   2005     84    5100.0       7.3       9.2      1.02      2.00      0.90  -9999.00
     1   2005     85   16500.0       5.7      12.3      0.92      2.00      0.00  -9999.00
     1   2005     86   10800.0       2.5       6.4      0.73      2.00      0.00  -9999.00
     1   2005     87    5600.0       4.0      11.7      0.81      2.00      0.00  -9999.00
     1   2005     88    5900.0       0.7      12.6      0.64      2.00      0.00  -9999.00
     1   2005     89   12700.0       2.1      12.6      0.71      2.00      0.00  -9999.00
     1   2005     90   17200.0       8.0      10.0      1.07      2.00      0.00  -9999.00
     1   2005     91   10900.0       0.1      14.0      0.62      2.00      0.00  -9999.00
     1   2005     92   15700.0       0.8      11.8      0.65      2.00      0.00  -9999.00
     1   2005     93   18000.0       2.7      11.2      0.74      2.00      0.00  -9999.00
     1   2005     94   10500.0       2.2      11.0      0.72      2.00      0.00  -9999.00
     1   2005     95   16400.0      -0.5       8.4      0.59      2.00      0.00  -9999.00
     1   2005     96    2900.0       6.2      10.4      0.95      2.00      1.70  -9999.00
     1   2005     97   12600.0       1.8      15.0      0.70      2.00      1.30  -9999.00
     1   2005     98   10300.0       4.9      14.0      0.87      2.00      2.10  -9999.00
     1   2005     99    6300.0       6.0      12.8      0.93      2.00      3.80  -9999.00
     1   2005    100   13500.0       0.9       9.3      0.65      2.00     18.60  -9999.00
     1   2005    101    5300.0       4.3      12.9      0.83      2.00      1.40  -9999.00
     1   2005    102   13700.0       8.6      11.1      1.12      2.00      9.60  -9999.00
     1   2005    103   10500.0       8.0      12.6      1.07      2.00      1.30  -9999.00
     1   2005    104    9500.0       2.1       9.8      0.71      2.00      3.10  -9999.00
     1   2005    105   13100.0       8.0       9.1      1.07      2.00      9.90  -9999.00
     1   2005    106   17400.0       6.1       9.3      0.94      2.00      1.30  -9999.00
     1   2005    107   19600.0       5.8      13.8      0.92      2.00      0.00  -9999.00
     1   2005    108   15000.0       4.2      14.5      0.82      2.00     14.20  -9999.00
     1   2005    109   13500.0       3.4      13.6      0.78      2.00      1.50  -9999.00
     1   2005    110   11200.0       5.2       9.1      0.88      2.00      0.80  -9999.00
     1   2005    111    9600.0       8.7      12.3      1.12      2.00      1.10  -9999.00
     1   2005    112   15800.0       3.5      12.2      0.78      2.00      0.00  -9999.00
     1   2005    113   19900.0       0.3       8.9      0.62      2.00      0.00  -9999.00
     1   2005    114   14900.0       0.9       9.8      0.65      2.00      0.00  -9999.00
     1   2005    115   11100.0       8.1      14.6      1.08      2.00      0.00  -9999.00
     1   2005    116   21300.0       6.7      21.6      0.98      2.00      0.00  -9999.00
     1   2005    117   20100.0       9.9      11.3      1.22      2.00      0.00  -9999.00
     1   2005    118   24700.0       5.5       9.3      0.90      2.00      0.00  -9999.00
     1   2005    119   15800.0       0.7      16.1      0.64      2.00      0.00  -9999.00
     1   2005    120   17900.0       6.0      10.1      0.93      2.00     22.00  -9999.00
     1   2005    121    5800.0       2.7      11.0      0.74      2.00      2.90  -9999.00
     1   2005    122   11100.0       8.4      10.7      1.10      2.00      1.60  -9999.00
     1   2005    123   10200.0       5.9      11.3      0.93      2.00      0.10  -9999.00
     1   2005    124   16900.0       7.7       9.2      1.05      2.00      8.00  -9999.00
     1   2005    125   23000.0       6.6      11.6      0.97      2.00     12.90  -9999.00
     1   2005    126   13100.0       6.3      12.5      0.95      2.00      0.10  -9999.00
     1   2005    127   14900.0       4.7      16.8      0.85      2.00      1.30  -9999.00
     1   2005    128   16900.0       5.4      12.2      0.90      2.00      6.40  -9999.00
     1   2005    129   17400.0       7.6      12.3      1.04      2.00      0.10  -9999.00
     1   2005    130    9000.0       5.0      16.9      0.87      2.00      1.20  -9999.00
     1   2005    131   15800.0       5.6      18.7      0.91      2.00      4.40  -9999.00
     1   2005    132   20000.0       7.5      18.3      1.04      2.00      0.00  -9999.00
     1   2005    133    6900.0      11.3      12.4      1.34      2.00      2.30  -9999.00
     1   2005    134   24300.0       7.3      16.9      1.02      2.00      0.00  -9999.00
     1   2005    135   12000.0       8.0      24.0      1.07      2.00      0.00  -9999.00
     1   2005    136   19800.0       6.0      20.6      0.93      2.00      0.00  -9999.00
     1   2005    137   23400.0       8.1      21.7      1.08      2.00      0.00  -9999.00
     1   2005    138   11200.0       7.5      15.9      1.04      2.00      1.60  -9999.00
     1   2005    139   11300.0       8.3      15.1      1.09      2.00      4.80  -9999.00
     1   2005    140    7600.0       6.8      11.7      0.99      2.00      2.00  -9999.00
     1   2005    141   21600.0      10.3      14.9      1.25      2.00      0.00  -9999.00
     1   2005    142    8000.0       4.2      17.4      0.82      2.00      0.00  -9999.00
     1   2005    143   17500.0      10.8      14.3      1.29      2.00      0.00  -9999.00
     1   2005    144   18900.0      12.3      23.8      1.43      2.00      0.00  -9999.00
     1   2005    145    8800.0       7.9      17.9      1.07      2.00      0.00  -9999.00
     1   2005    146   20800.0       8.7      24.0      1.12      2.00      0.00  -9999.00
     1   2005    147   26700.0       9.0      23.7      1.15      2.00      0.00  -9999.00
     1   2005    148   25800.0       4.5      14.1      0.84      2.00      0.30  -9999.00
     1   2005    149   22300.0      12.3      19.8      1.43      2.00      0.00  -9999.00
     1   2005    150   12700.0       7.8      15.4      1.06      2.00      0.00  -9999.00
     1   2005    151   27300.0       9.5      23.6      1.19      2.00      0.00  -9999.00
     1   2005    152   17700.0       4.1      13.7      0.82      2.00      0.10  -9999.00
     1   2005    153    8500.0       8.4      12.8      1.10      2.00      0.30  -9999.00
     1   2005    154   17500.0       5.5      16.2      0.90      2.00      0.10  -9999.00
     1   2005    155   14500.0       6.3      16.2      0.95      2.00      4.50  -9999.00
     1   2005    156   18700.0       5.8      16.1      0.92      2.00      0.80  -9999.00
     1   2005    157   14800.0      10.1      15.9      1.24      2.00      2.30  -9999.00
     1   2005    158   22300.0      11.1      18.6      1.32      2.00      0.00  -9999.00
     1   2005    159   27700.0       4.7      21.7      0.85      2.00      0.00  -9999.00
     1   2005    160   10600.0      11.8      17.6      1.38      2.00      3.50  -9999.00
     1   2005    161   16800.0      15.6      16.1      1.77      2.00      0.10  -9999.00
     1   2005    162   21600.0       9.8      15.1      1.21      2.00      0.10  -9999.00
     1   2005    163   17100.0       7.1      14.3      1.01      2.00      2.60  -9999.00
     1   2005    164   21300.0       5.0      18.4      0.87      2.00      4.10  -9999.00
     1   2005    165   19600.0       8.3      22.2      1.09      2.00      0.10  -9999.00
     1   2005    166    4500.0      11.9      16.6      1.39      2.00      6.80  -9999.00
     1   2005    167   19000.0       7.2      17.2      1.02      2.00      0.90  -9999.00
     1   2005    168   17900.0      13.8      21.6      1.58      2.00      0.10  -9999.00
     1   2005    169   15500.0       5.9      25.6      0.93      2.00      3.00  -9999.00
     1   2005    170   23700.0      10.7      17.6      1.29      2.00      0.00  -9999.00
     1   2005    171   13400.0      11.7      16.7      1.37      2.00      0.80  -9999.00
     1   2005    172   17400.0      10.5      21.6      1.27      2.00      0.00  -9999.00
     1   2005    173   20800.0       9.6      17.2      1.20      2.00      7.90  -9999.00
     1   2005    174   20000.0      10.3      19.1      1.25      2.00      0.00  -9999.00
     1   2005    175   11400.0      13.0      15.5      1.50      2.00      0.60  -9999.00
     1   2005    176   12900.0      12.5      15.6      1.45      2.00      1.90  -9999.00
     1   2005    177   13700.0       7.9      17.6      1.07      2.00      0.80  -9999.00
     1   2005    178   15000.0      14.2      17.1      1.62      2.00      1.60  -9999.00
     1   2005    179   17500.0      11.6      20.0      1.37      2.00      0.20  -9999.00
     1   2005    180   17700.0      10.1      15.2      1.24      2.00      0.10  -9999.00
     1   2005    181   15100.0      10.7      15.9      1.29      2.00      2.20  -9999.00
     1   2005    182   22400.0       8.7      27.6      1.12      2.00      0.00  -9999.00
     1   2005    183   14400.0       7.3      16.6      1.02      2.00      2.30  -9999.00
     1   2005    184   16800.0      14.7      16.5      1.67      2.00     32.80  -9999.00
     1   2005    185   15600.0       7.5      18.2      1.04      2.00      0.00  -9999.00
     1   2005    186    7900.0      11.0      20.9      1.31      2.00      0.70  -9999.00
     1   2005    187   20700.0      12.2      21.0      1.42      2.00      6.70  -9999.00
     1   2005    188   27300.0      14.6      22.6      1.66      2.00      0.80  -9999.00
     1   2005    189    7300.0      13.2      16.9      1.52      2.00      0.90  -9999.00
     1   2005    190   27800.0      10.2      17.0      1.24      2.00      0.00  -9999.00
     1   2005    191    4400.0      12.9      22.2      1.49      2.00      6.20  -9999.00
     1   2005    192   10700.0      12.3      15.6      1.43      2.00      0.60  -9999.00
     1   2005    193   17900.0      11.8      21.7      1.38      2.00      0.00  -9999.00
     1   2005    194   24500.0      11.8      20.0      1.38      2.00      0.00  -9999.00
     1   2005    195   25000.0       8.4      14.6      1.10      2.00     14.70  -9999.00
     1   2005    196   13900.0      12.0      20.5      1.40      2.00      1.00  -9999.00
     1   2005    197   18300.0      14.9      17.7      1.69      2.00      0.10  -9999.00
     1   2005    198    9200.0      10.9      24.2      1.30      2.00      0.00  -9999.00
     1   2005    199    7300.0      10.1      20.0      1.24      2.00      3.00  -9999.00
     1   2005    200   10100.0      11.8      18.7      1.38      2.00     13.10  -9999.00
     1   2005    201   23700.0      13.4      19.8      1.54      2.00      0.00  -9999.00
     1   2005    202   17400.0      12.6      25.2      1.46      2.00      5.80  -9999.00
     1   2005    203   21600.0      11.3      21.2      1.34      2.00      0.00  -9999.00
     1   2005    204   15200.0      14.6      17.9      1.66      2.00      0.80  -9999.00
     1   2005    205   21100.0      11.0      29.5      1.31      2.00      0.00  -9999.00
     1   2005    206   18600.0      12.7      20.1      1.47      2.00      0.50  -9999.00
     1   2005    207   15500.0      13.6      20.8      1.56      2.00      0.00  -9999.00
     1   2005    208    8200.0      15.7      19.6      1.78      2.00     11.90  -9999.00
     1   2005    209   24800.0      14.8      21.6      1.68      2.00      0.00  -9999.00
     1   2005    210   22000.0      10.6      20.3      1.28      2.00      0.00  -9999.00
     1   2005    211   23700.0       9.3      22.6      1.17      2.00      0.00  -9999.00
     1   2005    212   24100.0      13.5      29.4      1.55      2.00      0.00  -9999.00
     1   2005    213   21200.0      16.6      19.0      1.89      2.00      0.00  -9999.00
     1   2005    214   12700.0      13.0      21.7      1.50      2.00      0.10  -9999.00
     1   2005    215   21400.0      14.7      20.7      1.67      2.00      0.00  -9999.00
     1   2005    216   12100.0      12.9      20.0      1.49      2.00      0.60  -9999.00
     1   2005    217    5200.0       9.3      23.0      1.17      2.00      0.10  -9999.00
     1   2005    218   15700.0      13.6      15.9      1.56      2.00      6.50  -9999.00
     1   2005    219   12900.0       9.8      22.0      1.21      2.00      0.00  -9999.00
     1   2005    220    8800.0      12.7      20.4      1.47      2.00      4.80  -9999.00
     1   2005    221   21400.0      14.2      19.8      1.62      2.00      0.00  -9999.00
     1   2005    222   19900.0      14.1      17.4      1.61      2.00      0.10  -9999.00
     1   2005    223   18200.0      12.4      20.3      1.44      2.00      3.50  -9999.00
     1   2005    224   17900.0      12.6      27.4      1.46      2.00      0.00  -9999.00
     1   2005    225   16100.0      11.3      24.3      1.34      2.00      0.00  -9999.00
     1   2005    226   19800.0      11.2      21.5      1.33      2.00      0.00  -9999.00
     1   2005    227   20700.0      13.8      21.3      1.58      2.00      0.10  -9999.00
     1   2005    228   10200.0      11.9      24.2      1.39      2.00      4.90  -9999.00
     1   2005    229   14300.0      10.1      19.0      1.24      2.00      2.70  -9999.00
     1   2005    230   14800.0      15.7      21.4      1.78      2.00      0.00  -9999.00
     1   2005    231   21100.0      11.2      22.4      1.33      2.00      0.00  -9999.00
     1   2005    232   23000.0      15.3      21.6      1.74      2.00      0.00  -9999.00
     1   2005    233   17400.0      15.5      26.0      1.76      2.00      0.00  -9999.00
     1   2005    234   21900.0      12.9      18.9      1.49      2.00      2.90  -9999.00
     1   2005    235   13000.0      13.2      21.4      1.52      2.00      0.10  -9999.00
     1   2005    236   10200.0       9.9      17.4      1.22      2.00      0.10  -9999.00
     1   2005    237   10400.0      16.4      18.8      1.86      2.00      1.90  -9999.00
     1   2005    238   13500.0      15.7      19.3      1.78      2.00      8.00  -9999.00
     1   2005    239   11400.0      15.3      18.7      1.74      2.00      6.10  -9999.00
     1   2005    240   12300.0      14.8      16.6      1.68      2.00      0.10  -9999.00
     1   2005    241   13100.0      15.1      17.7      1.72      2.00      0.00  -9999.00
     1   2005    242    9000.0      13.0      18.3      1.50      2.00      3.70  -9999.00
     1   2005    243   11300.0      15.0      20.1      1.70      2.00      3.70  -9999.00
     1   2005    244   11100.0      11.7      15.8      1.37      2.00      0.20  -9999.00
     1   2005    245    6800.0      12.9      16.0      1.49      2.00      2.90  -9999.00
     1   2005    246   14000.0      14.5      17.3      1.65      2.00      3.00  -9999.00
     1   2005    247   14700.0      12.6      18.0      1.46      2.00      5.00  -9999.00
     1   2005    248    9800.0      14.9      17.8      1.69      2.00      5.80  -9999.00
     1   2005    249    6400.0       9.0      17.2      1.15      2.00     20.00  -9999.00
     1   2005    250   11000.0       9.7      17.9      1.20      2.00      0.40  -9999.00
     1   2005    251   13900.0       8.6      19.8      1.12      2.00      0.00  -9999.00
     1   2005    252   17700.0       9.4      21.8      1.18      2.00      0.00  -9999.00
     1   2005    253    5600.0      12.5      19.0      1.45      2.00      6.70  -9999.00
     1   2005    254    6200.0      11.1      15.8      1.32      2.00      2.50  -9999.00
     1   2005    255   14000.0      12.5      16.1      1.45      2.00      3.30  -9999.00
     1   2005    256   15500.0      13.6      15.7      1.56      2.00      0.30  -9999.00
     1   2005    257    9700.0      10.6      18.6      1.28      2.00     11.50  -9999.00
     1   2005    258   12500.0      12.7      18.8      1.47      2.00     20.90  -9999.00
     1   2005    259    8900.0      12.7      19.5      1.47      2.00     12.10  -9999.00
     1   2005    260    7800.0       8.5      21.7      1.11      2.00      5.00  -9999.00
     1   2005    261    2500.0      11.9      15.3      1.39      2.00      0.20  -9999.00
     1   2005    262   10800.0       4.7      18.0      0.85      2.00      0.00  -9999.00
     1   2005    263   12700.0      14.1      17.5      1.61      2.00      0.00  -9999.00
     1   2005    264   10200.0      10.3      19.4      1.25      2.00      0.00  -9999.00
     1   2005    265   11100.0       9.5      17.8      1.19      2.00      0.00  -9999.00
     1   2005    266   10700.0       2.0      17.8      0.71      2.00      0.00  -9999.00
     1   2005    267    9900.0      11.7      18.7      1.37      2.00      0.00  -9999.00
     1   2005    268   10600.0       3.0      14.1      0.76      2.00      0.00  -9999.00
     1   2005    269   15200.0       4.7      20.8      0.85      2.00      0.00  -9999.00
     1   2005    270   10400.0      14.1      15.5      1.61      2.00      9.90  -9999.00
     1   2005    271   12100.0       7.1      18.6      1.01      2.00      0.20  -9999.00
     1   2005    272   13900.0      10.7      18.8      1.29      2.00      0.00  -9999.00
     1   2005    273   13600.0       6.6      17.5      0.97      2.00     10.00  -9999.00
     1   2005    274    6200.0       9.3      16.2      1.17      2.00      5.00  -9999.00
     1   2005    275    7200.0       7.5      12.1      1.04      2.00      3.90  -9999.00
     1   2005    276   12100.0       6.5      17.6      0.97      2.00      0.00  -9999.00
     1   2005    277    9400.0       4.5      18.3      0.84      2.00      0.00  -9999.00
     1   2005    278   12200.0       1.3      17.7      0.67      2.00      0.00  -9999.00
     1   2005    279   10500.0       7.2      11.5      1.02      2.00      0.00  -9999.00
     1   2005    280    6500.0      12.2      14.0      1.42      2.00      3.30  -9999.00
     1   2005    281    7700.0       9.3      19.8      1.17      2.00      0.00  -9999.00
     1   2005    282    6100.0       8.6      11.5      1.12      2.00      0.00  -9999.00
     1   2005    283    3700.0       8.6      14.5      1.12      2.00      4.90  -9999.00
     1   2005    284    3400.0      10.4      16.4      1.26      2.00      0.10  -9999.00
     1   2005    285    8000.0      12.5      12.9      1.45      2.00      0.80  -9999.00
     1   2005    286    5100.0      11.8      13.8      1.38      2.00      0.10  -9999.00
     1   2005    287    2200.0      12.4      14.9      1.44      2.00      0.20  -9999.00
     1   2005    288    3600.0       7.9      14.8      1.07      2.00      5.20  -9999.00
     1   2005    289    7700.0       6.9      15.0      0.99      2.00      8.70  -9999.00
     1   2005    290    7600.0       9.6      14.2      1.20      2.00      6.40  -9999.00
     1   2005    291    7200.0      11.9      15.5      1.39      2.00      0.10  -9999.00
     1   2005    292    4100.0      10.6      12.6      1.28      2.00      0.80  -9999.00
     1   2005    293    6200.0       8.4      14.5      1.10      2.00      0.00  -9999.00
     1   2005    294    3800.0       5.4      15.1      0.90      2.00      0.00  -9999.00
     1   2005    295    7800.0       9.5      10.0      1.19      2.00      0.00  -9999.00
     1   2005    296    3900.0       4.0      16.6      0.81      2.00      0.00  -9999.00
     1   2005    297    2900.0      13.8      15.8      1.58      2.00      6.60  -9999.00
     1   2005    298    4400.0       4.7      11.2      0.85      2.00      0.00  -9999.00
     1   2005    299    5800.0      12.4      14.4      1.44      2.00     12.40  -9999.00
     1   2005    300    8400.0       7.4      14.8      1.03      2.00      0.00  -9999.00
     1   2005    301    2500.0       4.6      12.1      0.85      2.00      0.00  -9999.00
     1   2005    302    4700.0       9.1      11.1      1.16      2.00      9.00  -9999.00
     1   2005    303    5700.0      11.6      14.3      1.37      2.00      6.30  -9999.00
     1   2005    304    3100.0       8.9      13.9      1.14      2.00      0.10  -9999.00
     1   2005    305    2700.0       5.9      12.5      0.93      2.00      4.10  -9999.00
     1   2005    306    1900.0       0.4      14.6      0.63      2.00      0.30  -9999.00
     1   2005    307    2800.0       9.1      12.4      1.16      2.00      2.10  -9999.00
     1   2005    308    6300.0       9.1      11.9      1.16      2.00      0.00  -9999.00
     1   2005    309    6100.0       5.0       8.4      0.87      2.00      0.00  -9999.00
     1   2005    310    2500.0       6.4      12.4      0.96      2.00      0.50  -9999.00
     1   2005    311    2900.0       3.9      11.3      0.81      2.00      0.20  -9999.00
     1   2005    312    1100.0      10.1      14.8      1.24      2.00      9.80  -9999.00
     1   2005    313    3200.0      -0.1      13.5      0.61      2.00     11.70  -9999.00
     1   2005    314    4400.0       9.6      11.7      1.20      2.00      0.00  -9999.00
     1   2005    315    2200.0       6.0      11.3      0.93      2.00      0.00  -9999.00
     1   2005    316    2300.0       7.5       9.3      1.04      2.00     11.90  -9999.00
     1   2005    317    3100.0       7.8       8.5      1.06      2.00      9.80  -9999.00
     1   2005    318    2100.0       7.8      12.2      1.06      2.00      0.00  -9999.00
     1   2005    319    4600.0       8.9      10.9      1.14      2.00      0.80  -9999.00
     1   2005    320    2600.0       9.7      10.0      1.20      2.00      4.10  -9999.00
     1   2005    321    1600.0       6.7      12.2      0.98      2.00      2.90  -9999.00
     1   2005    322    4800.0       8.0      10.8      1.07      2.00      0.00  -9999.00
     1   2005    323    5400.0       0.8       8.8      0.65      2.00      0.00  -9999.00
     1   2005    324    4300.0       5.5       6.0      0.90      2.00      0.00  -9999.00
     1   2005    325    1700.0      -0.3       8.3      0.60      2.00      4.20  -9999.00
     1   2005    326    4100.0       2.4       7.2      0.73      2.00      0.00  -9999.00
     1   2005    327    2300.0       0.2      10.4      0.62      2.00      1.70  -9999.00
     1   2005    328    2400.0       4.6       5.8      0.85      2.00     13.00  -9999.00
     1   2005    329    5000.0       4.3       4.3      0.83      2.00      0.00  -9999.00
     1   2005    330    2900.0      -0.2       4.7      0.60      2.00      0.00  -9999.00
     1   2005    331    2200.0       7.6       9.9      1.04      2.00      2.90  -9999.00
     1   2005    332    4900.0       8.4       9.5      1.10      2.00      0.00  -9999.00
     1   2005    333    5100.0       6.8       9.2      0.99      2.00      0.20  -9999.00
     1   2005    334    3800.0      -0.4       5.7      0.59      2.00      0.00  -9999.00
     1   2005    335    2600.0       2.1       3.6      0.71      2.00      0.00  -9999.00
     1   2005    336    4700.0       4.9       6.9      0.87      2.00      0.00  -9999.00
     1   2005    337    2800.0      -1.2      12.8      0.56      2.00      0.00  -9999.00
     1   2005    338    1500.0       4.1       6.1      0.82      2.00      0.00  -9999.00
     1   2005    339    1500.0       6.3      11.3      0.95      2.00      0.80  -9999.00
     1   2005    340    3800.0       5.5       7.3      0.90      2.00      0.10  -9999.00
     1   2005    341    3200.0      -1.3       8.0      0.56      2.00      2.30  -9999.00
     1   2005    342    2400.0       5.0       6.8      0.87      2.00      0.30  -9999.00
     1   2005    343    2200.0       5.3       7.3      0.89      2.00      0.10  -9999.00
     1   2005    344    2400.0      10.3      11.4      1.25      2.00      0.10  -9999.00
     1   2005    345    2600.0      10.7      11.7      1.29      2.00      0.30  -9999.00
     1   2005    346     900.0      11.3      11.6      1.34      2.00      2.30  -9999.00
     1   2005    347    3600.0       5.1       6.2      0.88      2.00      0.00  -9999.00
     1   2005    348    2400.0      -0.4      10.9      0.59      2.00      0.00  -9999.00
     1   2005    349    1900.0       4.8      11.2      0.86      2.00      3.20  -9999.00
     1   2005    350    1600.0       3.8       5.8      0.80      2.00     13.60  -9999.00
     1   2005    351    2400.0       4.3       9.6      0.83      2.00      0.00  -9999.00
     1   2005    352     700.0       5.1       7.1      0.88      2.00      0.00  -9999.00
     1   2005    353    3900.0       0.6       7.9      0.64      2.00      0.00  -9999.00
     1   2005    354    1500.0       8.7      11.3      1.12      2.00      9.70  -9999.00
     1   2005    355    2200.0       1.5      10.1      0.68      2.00      0.10  -9999.00
     1   2005    356    2900.0       0.1      10.8      0.62      2.00      2.80  -9999.00
     1   2005    357    1500.0      -1.0       5.1      0.57      2.00      0.00  -9999.00
     1   2005    358    1600.0       7.6       9.6      1.04      2.00      2.60  -9999.00
     1   2005    359    2000.0      -2.0       8.6      0.53      2.00      0.00  -9999.00
     1   2005    360    1500.0      -0.2       8.7      0.60      2.00     19.20  -9999.00
     1   2005    361    4400.0       1.7       3.7      0.69      2.00      0.30  -9999.00
     1   2005    362    4500.0       6.3      12.3      0.95      2.00      4.10  -9999.00
     1   2005    363    3100.0       6.2       8.2      0.95      2.00      3.50  -9999.00
     1   2005    364    3600.0       5.5       7.0      0.90      2.00      0.00  -9999.00
     1   2005    365    1300.0       6.5       8.1      0.97      2.00      0.00  -9999.00
