*-----------------------------------------------------------------------------* 
           CNWG_267.met           51.48   -3.55   69.72
* Date created:  08-Aug-2019     Author: K Coleman 
* 
* NIL VALUE       -9999 
* Source:   data provided by M. Semenov 
*  
* Latitude:    51.48 Longitude:    -3.55 Altitude:    69.72
* 
* Column  Daily value 
* 1       station number 
* 2       year 
* 3       day 
* 4       irradiation                   (kJ m-2 d-1) 
* 5       minimum temperature           (degrees Celsius) 
* 6       maximum temperature           (degrees Celsius) 
* 7       early morning vapour pressure (kPa)             
* 8       mean wind speed (height: 2 m?) (m s-1)          
* 9       precipitation                 (mm d-1)          
* 10      sunshine                      (hrs)             
 		Jday	RAD	    TMIN	TMAX	 VAP	wind	RAIN	SUN  
               kj/m2	°C	    °C	     kPa	m/s	    mm	    hrs 
   51.48  69.72
     1   2005      1    3700.0       0.6       7.0      0.64      2.00      0.80  -9999.00
     1   2005      2    2100.0       6.7       9.1      0.98      2.00      2.10  -9999.00
     1   2005      3    1200.0      -3.0       9.2      0.49      2.00      1.10  -9999.00
     1   2005      4    2100.0       3.0       9.5      0.76      2.00      0.30  -9999.00
     1   2005      5    3600.0       2.0       4.2      0.71      2.00      0.00  -9999.00
     1   2005      6    2600.0       3.1       5.1      0.76      2.00      0.00  -9999.00
     1   2005      7    4900.0      -2.0       4.3      0.53      2.00      0.00  -9999.00
     1   2005      8    1700.0       1.3       4.1      0.67      2.00      0.00  -9999.00
     1   2005      9    3800.0       4.7      12.0      0.85      2.00      0.00  -9999.00
     1   2005     10    4500.0       1.0       9.1      0.66      2.00      0.00  -9999.00
     1   2005     11    4700.0       5.8       7.8      0.92      2.00      0.00  -9999.00
     1   2005     12    5200.0       2.1       9.0      0.71      2.00      0.00  -9999.00
     1   2005     13    5300.0       7.9      10.4      1.07      2.00      0.00  -9999.00
     1   2005     14    2600.0       4.5       6.4      0.84      2.00      0.00  -9999.00
     1   2005     15    4400.0       0.4       7.5      0.63      2.00      0.00  -9999.00
     1   2005     16    4600.0       0.2       9.9      0.62      2.00      0.00  -9999.00
     1   2005     17    5600.0       2.5       2.9      0.73      2.00      0.00  -9999.00
     1   2005     18    2400.0       2.4       8.6      0.73      2.00      2.00  -9999.00
     1   2005     19    2200.0       3.2       5.2      0.77      2.00     25.70  -9999.00
     1   2005     20    2500.0      -3.7       4.9      0.46      2.00      1.10  -9999.00
     1   2005     21     900.0       5.1       7.1      0.88      2.00      0.00  -9999.00
     1   2005     22    2100.0       5.1       7.3      0.88      2.00      3.40  -9999.00
     1   2005     23    1700.0       1.4       4.3      0.68      2.00      0.00  -9999.00
     1   2005     24    2000.0       8.5      10.6      1.11      2.00     14.60  -9999.00
     1   2005     25    1000.0       1.8       6.6      0.70      2.00      0.60  -9999.00
     1   2005     26    3800.0       0.2       8.0      0.62      2.00      0.00  -9999.00
     1   2005     27    2400.0       4.0       8.8      0.81      2.00     19.50  -9999.00
     1   2005     28    2100.0       6.7      11.0      0.98      2.00     15.80  -9999.00
     1   2005     29    3700.0       5.0       6.7      0.87      2.00      1.10  -9999.00
     1   2005     30    3900.0       3.2       9.4      0.77      2.00     13.00  -9999.00
     1   2005     31    5600.0       2.8       9.7      0.75      2.00      1.40  -9999.00
     1   2005     32    1800.0       2.0       4.0      0.71      2.00      0.00  -9999.00
     1   2005     33    7200.0       2.7       8.6      0.74      2.00      0.00  -9999.00
     1   2005     34    4500.0      -1.9       8.1      0.53      2.00      0.00  -9999.00
     1   2005     35    3700.0       2.2       4.2      0.72      2.00      0.00  -9999.00
     1   2005     36    3200.0       3.4      10.5      0.78      2.00      0.30  -9999.00
     1   2005     37    1500.0      -1.7      10.2      0.54      2.00      2.00  -9999.00
     1   2005     38    3500.0       6.6      10.5      0.97      2.00      6.90  -9999.00
     1   2005     39    4400.0      -0.5       3.6      0.59      2.00      7.70  -9999.00
     1   2005     40    5200.0       5.1      12.6      0.88      2.00      0.30  -9999.00
     1   2005     41    5200.0       3.5       5.5      0.78      2.00      0.80  -9999.00
     1   2005     42    6600.0       5.1       9.1      0.88      2.00      0.20  -9999.00
     1   2005     43    6100.0       2.2       9.6      0.72      2.00      0.80  -9999.00
     1   2005     44    6600.0      -3.1       8.7      0.49      2.00      0.80  -9999.00
     1   2005     45    7300.0      -4.2      15.1      0.45      2.00      0.00  -9999.00
     1   2005     46    4600.0      -3.9       5.4      0.46      2.00      0.00  -9999.00
     1   2005     47    3200.0       1.4       3.4      0.68      2.00      0.00  -9999.00
     1   2005     48    7700.0       6.4       8.4      0.96      2.00      2.90  -9999.00
     1   2005     49    5800.0       3.1      10.4      0.76      2.00      0.90  -9999.00
     1   2005     50    7600.0       5.9       9.8      0.93      2.00      0.00  -9999.00
     1   2005     51    3200.0       5.9       6.7      0.93      2.00      0.00  -9999.00
     1   2005     52    9200.0       6.6       9.3      0.97      2.00      0.00  -9999.00
     1   2005     53   10600.0      -2.5       8.5      0.51      2.00      0.00  -9999.00
     1   2005     54    7600.0      -0.3       1.7      0.60      2.00      0.00  -9999.00
     1   2005     55    4100.0       0.0       6.8      0.61      2.00      0.00  -9999.00
     1   2005     56   11200.0      -2.1       6.7      0.52      2.00      0.00  -9999.00
     1   2005     57    5500.0       5.6       8.4      0.91      2.00      0.40  -9999.00
     1   2005     58    3500.0       6.9      10.5      0.99      2.00      0.60  -9999.00
     1   2005     59    6600.0       7.7      12.2      1.05      2.00     14.60  -9999.00
     1   2005     60    4200.0       6.4       7.7      0.96      2.00      0.10  -9999.00
     1   2005     61    4300.0       7.9       9.6      1.07      2.00      4.70  -9999.00
     1   2005     62    7400.0      -1.5       8.7      0.55      2.00      0.00  -9999.00
     1   2005     63    9100.0       4.1      10.2      0.82      2.00      0.00  -9999.00
     1   2005     64    2300.0      -2.0      11.0      0.53      2.00      2.80  -9999.00
     1   2005     65    7800.0       4.2       9.6      0.82      2.00     14.10  -9999.00
     1   2005     66    5600.0       5.8       9.1      0.92      2.00     14.00  -9999.00
     1   2005     67    8300.0       7.7      10.0      1.05      2.00      0.60  -9999.00
     1   2005     68    7300.0       7.9       9.9      1.07      2.00      0.60  -9999.00
     1   2005     69    4700.0       5.1       9.6      0.88      2.00      0.80  -9999.00
     1   2005     70    9100.0       8.0      10.0      1.07      2.00      0.30  -9999.00
     1   2005     71    8600.0       4.5       9.3      0.84      2.00      1.50  -9999.00
     1   2005     72    7100.0       9.4      12.1      1.18      2.00      6.70  -9999.00
     1   2005     73    6000.0       3.5      12.2      0.78      2.00      7.70  -9999.00
     1   2005     74   11000.0       4.9      10.8      0.87      2.00      4.90  -9999.00
     1   2005     75    4600.0       8.0      10.6      1.07      2.00      0.00  -9999.00
     1   2005     76    9600.0       3.5       9.4      0.78      2.00      2.10  -9999.00
     1   2005     77    4700.0       3.6       7.6      0.79      2.00      0.40  -9999.00
     1   2005     78    9200.0       6.0       8.3      0.93      2.00      0.30  -9999.00
     1   2005     79   11100.0       2.9      10.0      0.75      2.00      0.30  -9999.00
     1   2005     80   11300.0       9.0       9.1      1.15      2.00      0.00  -9999.00
     1   2005     81    4300.0       4.3       8.7      0.83      2.00      4.30  -9999.00
     1   2005     82   11600.0       2.8       9.9      0.75      2.00      0.90  -9999.00
     1   2005     83    9100.0       4.1       9.3      0.82      2.00      0.00  -9999.00
     1   2005     84    6700.0       3.7      10.6      0.80      2.00      0.30  -9999.00
     1   2005     85    4000.0       2.6      10.0      0.74      2.00      5.20  -9999.00
     1   2005     86    9500.0       0.6       6.9      0.64      2.00      0.00  -9999.00
     1   2005     87    9100.0       6.5      10.9      0.97      2.00      0.00  -9999.00
     1   2005     88    2700.0       2.8      10.8      0.75      2.00      1.80  -9999.00
     1   2005     89    9900.0       8.9      14.1      1.14      2.00      0.00  -9999.00
     1   2005     90    7900.0       9.1      10.7      1.16      2.00      0.10  -9999.00
     1   2005     91   14400.0       4.4       9.9      0.84      2.00      0.50  -9999.00
     1   2005     92   12500.0       2.2       9.5      0.72      2.00      0.00  -9999.00
     1   2005     93    8500.0       4.5       6.5      0.84      2.00      0.90  -9999.00
     1   2005     94    6100.0       6.7      10.9      0.98      2.00      0.40  -9999.00
     1   2005     95   15500.0       7.0      13.4      1.00      2.00      0.00  -9999.00
     1   2005     96   15500.0      -1.2      11.2      0.56      2.00      0.00  -9999.00
     1   2005     97    8600.0      -0.1      11.9      0.61      2.00      3.20  -9999.00
     1   2005     98   15500.0       0.2      10.4      0.62      2.00      0.00  -9999.00
     1   2005     99   11800.0       5.5      17.4      0.90      2.00      0.00  -9999.00
     1   2005    100   10300.0       8.5      12.9      1.11      2.00      2.00  -9999.00
     1   2005    101   20000.0       0.2      11.2      0.62      2.00      0.00  -9999.00
     1   2005    102   18200.0      -1.4      15.9      0.55      2.00      0.00  -9999.00
     1   2005    103   20500.0       3.6      13.1      0.79      2.00      0.00  -9999.00
     1   2005    104   13000.0       3.7      14.9      0.80      2.00      0.00  -9999.00
     1   2005    105    5000.0       0.2      10.4      0.62      2.00      0.40  -9999.00
     1   2005    106   14900.0       5.9      12.3      0.93      2.00      6.10  -9999.00
     1   2005    107   14700.0       3.3       9.8      0.77      2.00      8.00  -9999.00
     1   2005    108   11000.0       1.4      13.1      0.68      2.00      0.00  -9999.00
     1   2005    109    8300.0       7.1      14.8      1.01      2.00      1.10  -9999.00
     1   2005    110   22600.0       2.9      11.9      0.75      2.00      0.00  -9999.00
     1   2005    111   20500.0       5.8      12.4      0.92      2.00      0.00  -9999.00
     1   2005    112   14800.0       4.6       8.2      0.85      2.00      0.00  -9999.00
     1   2005    113   18600.0       0.4       8.6      0.63      2.00      0.00  -9999.00
     1   2005    114   20800.0      -0.1      12.5      0.61      2.00      0.00  -9999.00
     1   2005    115   20400.0       3.2      12.2      0.77      2.00      0.00  -9999.00
     1   2005    116   14800.0       6.5       8.5      0.97      2.00      0.00  -9999.00
     1   2005    117   19900.0       1.5      11.6      0.68      2.00      0.00  -9999.00
     1   2005    118   21000.0      -0.2      12.6      0.60      2.00      0.00  -9999.00
     1   2005    119   20500.0       9.8      11.8      1.21      2.00      0.00  -9999.00
     1   2005    120   19400.0      12.5      12.9      1.45      2.00      0.00  -9999.00
     1   2005    121   14100.0       0.2      14.7      0.62      2.00      0.90  -9999.00
     1   2005    122    7800.0       0.8      11.5      0.65      2.00      2.00  -9999.00
     1   2005    123   11300.0      10.5      18.6      1.27      2.00      0.90  -9999.00
     1   2005    124   11200.0       8.4      14.3      1.10      2.00      6.60  -9999.00
     1   2005    125   10100.0       2.3      16.6      0.72      2.00      0.00  -9999.00
     1   2005    126   21200.0       6.9      13.7      0.99      2.00      0.00  -9999.00
     1   2005    127    8100.0       5.9      13.3      0.93      2.00      0.00  -9999.00
     1   2005    128   17200.0       7.4      15.1      1.03      2.00      5.60  -9999.00
     1   2005    129   17400.0       8.0      11.4      1.07      2.00      7.30  -9999.00
     1   2005    130   14300.0       5.8       9.4      0.92      2.00      0.00  -9999.00
     1   2005    131   19900.0       7.5      14.1      1.04      2.00      2.70  -9999.00
     1   2005    132   14900.0       8.5      17.7      1.11      2.00      4.50  -9999.00
     1   2005    133   14300.0       9.1      18.7      1.16      2.00      0.10  -9999.00
     1   2005    134   19300.0      10.1      15.0      1.24      2.00      6.50  -9999.00
     1   2005    135   23000.0      11.2      13.4      1.33      2.00      0.00  -9999.00
     1   2005    136   15700.0       8.1      16.7      1.08      2.00      0.10  -9999.00
     1   2005    137   16900.0       9.2      19.2      1.16      2.00      0.70  -9999.00
     1   2005    138   19100.0      12.6      13.2      1.46      2.00      1.50  -9999.00
     1   2005    139   15500.0      10.5      14.1      1.27      2.00      0.10  -9999.00
     1   2005    140   13800.0      10.4      14.5      1.26      2.00     10.90  -9999.00
     1   2005    141   28500.0      10.1      20.7      1.24      2.00      0.00  -9999.00
     1   2005    142   17300.0       8.7      13.0      1.12      2.00      0.40  -9999.00
     1   2005    143   25500.0       7.5      15.0      1.04      2.00      0.00  -9999.00
     1   2005    144    9300.0      13.2      15.8      1.52      2.00      0.00  -9999.00
     1   2005    145   16900.0      10.3      14.6      1.25      2.00      0.00  -9999.00
     1   2005    146   25800.0      11.8      25.0      1.38      2.00      0.00  -9999.00
     1   2005    147   19800.0       7.5      13.0      1.04      2.00      0.00  -9999.00
     1   2005    148    9600.0       7.4      15.9      1.03      2.00      0.00  -9999.00
     1   2005    149   23700.0       8.9      17.8      1.14      2.00      0.00  -9999.00
     1   2005    150   23900.0       8.4      14.9      1.10      2.00      1.90  -9999.00
     1   2005    151   13300.0       5.4      16.8      0.90      2.00     15.60  -9999.00
     1   2005    152   17000.0       7.7      17.6      1.05      2.00     11.10  -9999.00
     1   2005    153    9800.0      12.0      18.5      1.40      2.00      7.60  -9999.00
     1   2005    154   11800.0       6.1      15.4      0.94      2.00      0.10  -9999.00
     1   2005    155   15600.0      12.7      15.2      1.47      2.00      0.10  -9999.00
     1   2005    156   10200.0       9.4      16.0      1.18      2.00      5.10  -9999.00
     1   2005    157   13200.0      12.1      14.2      1.41      2.00      1.50  -9999.00
     1   2005    158   13700.0      12.6      19.4      1.46      2.00      0.10  -9999.00
     1   2005    159   18100.0      10.2      15.3      1.24      2.00     21.90  -9999.00
     1   2005    160   12800.0       8.8      17.8      1.13      2.00      0.10  -9999.00
     1   2005    161   13300.0       7.8      15.3      1.06      2.00      9.70  -9999.00
     1   2005    162   28500.0       7.0      17.9      1.00      2.00      4.50  -9999.00
     1   2005    163   30300.0      14.2      16.0      1.62      2.00      0.00  -9999.00
     1   2005    164   16700.0      16.2      17.8      1.84      2.00      0.10  -9999.00
     1   2005    165   18300.0      12.7      14.6      1.47      2.00      0.00  -9999.00
     1   2005    166    8300.0      14.6      15.9      1.66      2.00      0.30  -9999.00
     1   2005    167   21100.0       3.1      18.6      0.76      2.00      0.40  -9999.00
     1   2005    168   18600.0      13.1      15.8      1.51      2.00      0.00  -9999.00
     1   2005    169   12000.0       8.2      15.4      1.09      2.00      0.10  -9999.00
     1   2005    170   11800.0      15.0      17.0      1.70      2.00      0.10  -9999.00
     1   2005    171   13100.0      11.9      14.5      1.39      2.00      0.60  -9999.00
     1   2005    172   15200.0      11.2      18.0      1.33      2.00      0.80  -9999.00
     1   2005    173   25000.0      11.8      16.6      1.38      2.00      0.00  -9999.00
     1   2005    174   23000.0       5.7      18.0      0.92      2.00      0.00  -9999.00
     1   2005    175   20900.0      12.5      22.9      1.45      2.00      0.00  -9999.00
     1   2005    176   16100.0       9.4      16.9      1.18      2.00      0.00  -9999.00
     1   2005    177   23700.0       6.8      19.7      0.99      2.00      0.00  -9999.00
     1   2005    178   18300.0       9.7      17.6      1.20      2.00      0.00  -9999.00
     1   2005    179   29000.0      15.3      18.6      1.74      2.00      0.00  -9999.00
     1   2005    180   18500.0      12.9      19.0      1.49      2.00      0.00  -9999.00
     1   2005    181   29700.0       8.7      24.3      1.12      2.00      0.00  -9999.00
     1   2005    182   28200.0       9.8      25.6      1.21      2.00      0.00  -9999.00
     1   2005    183   27700.0      12.9      19.6      1.49      2.00      0.00  -9999.00
     1   2005    184   26200.0      17.0      20.9      1.94      2.00      0.00  -9999.00
     1   2005    185   17500.0      10.5      25.6      1.27      2.00      0.00  -9999.00
     1   2005    186   20600.0      12.0      16.8      1.40      2.00      1.30  -9999.00
     1   2005    187   17000.0      10.1      22.2      1.24      2.00      0.00  -9999.00
     1   2005    188   23600.0      10.2      24.4      1.24      2.00      0.00  -9999.00
     1   2005    189   19500.0       6.4      28.2      0.96      2.00      0.00  -9999.00
     1   2005    190   20600.0      14.2      20.5      1.62      2.00      0.00  -9999.00
     1   2005    191   26800.0      12.0      22.2      1.40      2.00      0.00  -9999.00
     1   2005    192   18200.0       9.4      27.1      1.18      2.00      0.00  -9999.00
     1   2005    193   10200.0      11.7      18.0      1.37      2.00      0.00  -9999.00
     1   2005    194   20000.0      13.6      24.4      1.56      2.00      0.00  -9999.00
     1   2005    195   25800.0      10.1      18.3      1.24      2.00      0.00  -9999.00
     1   2005    196   22200.0      12.5      21.4      1.45      2.00      0.00  -9999.00
     1   2005    197   26600.0      15.7      23.2      1.78      2.00      0.00  -9999.00
     1   2005    198   13000.0      12.7      17.5      1.47      2.00      0.00  -9999.00
     1   2005    199   12400.0      17.6      25.9      2.01      2.00      0.00  -9999.00
     1   2005    200   20700.0      16.7      18.7      1.90      2.00      0.00  -9999.00
     1   2005    201   27600.0       9.5      18.1      1.19      2.00      3.00  -9999.00
     1   2005    202   27400.0      12.5      23.7      1.45      2.00      0.00  -9999.00
     1   2005    203   23300.0       7.6      19.7      1.04      2.00      0.00  -9999.00
     1   2005    204   26100.0      12.5      28.9      1.45      2.00      0.00  -9999.00
     1   2005    205   14800.0       7.3      17.2      1.02      2.00      5.90  -9999.00
     1   2005    206   16300.0      15.1      16.7      1.72      2.00     19.00  -9999.00
     1   2005    207   14900.0      12.7      18.2      1.47      2.00      0.00  -9999.00
     1   2005    208   18200.0      12.1      21.4      1.41      2.00      0.10  -9999.00
     1   2005    209   15300.0      13.8      26.3      1.58      2.00      0.00  -9999.00
     1   2005    210   12900.0      13.1      17.5      1.51      2.00     11.20  -9999.00
     1   2005    211    8700.0      13.5      26.4      1.55      2.00      0.10  -9999.00
     1   2005    212   10200.0      14.3      17.9      1.63      2.00      0.70  -9999.00
     1   2005    213   11300.0      11.8      29.4      1.38      2.00      0.10  -9999.00
     1   2005    214    8900.0      16.1      19.5      1.83      2.00      0.50  -9999.00
     1   2005    215   11800.0      13.5      18.4      1.55      2.00      5.30  -9999.00
     1   2005    216   23200.0      13.9      18.4      1.59      2.00      0.00  -9999.00
     1   2005    217   10700.0      10.8      21.5      1.29      2.00      0.20  -9999.00
     1   2005    218   19700.0      10.8      27.9      1.29      2.00      0.00  -9999.00
     1   2005    219   18700.0      11.6      21.0      1.37      2.00      0.00  -9999.00
     1   2005    220   19600.0      14.7      19.9      1.67      2.00      0.00  -9999.00
     1   2005    221   18200.0      13.1      23.8      1.51      2.00      0.00  -9999.00
     1   2005    222   13800.0      17.6      19.1      2.01      2.00      0.00  -9999.00
     1   2005    223   12700.0      17.0      17.7      1.94      2.00      0.70  -9999.00
     1   2005    224   18300.0      15.6      26.3      1.77      2.00      0.00  -9999.00
     1   2005    225   18000.0      16.6      22.9      1.89      2.00      0.00  -9999.00
     1   2005    226   16600.0      16.5      21.5      1.88      2.00      0.00  -9999.00
     1   2005    227   13500.0      13.0      19.2      1.50      2.00      0.00  -9999.00
     1   2005    228   11400.0      15.7      19.0      1.78      2.00      0.00  -9999.00
     1   2005    229    8100.0      13.2      19.2      1.52      2.00      7.50  -9999.00
     1   2005    230    9700.0      11.4      15.5      1.35      2.00      0.50  -9999.00
     1   2005    231   10600.0      15.2      19.1      1.73      2.00     18.50  -9999.00
     1   2005    232   15800.0      18.1      19.0      2.08      2.00      0.70  -9999.00
     1   2005    233   12200.0      11.5      18.4      1.36      2.00      3.80  -9999.00
     1   2005    234   22700.0      10.8      19.1      1.29      2.00      0.00  -9999.00
     1   2005    235   16800.0      13.4      18.4      1.54      2.00      0.00  -9999.00
     1   2005    236   15300.0       7.5      18.4      1.04      2.00      0.00  -9999.00
     1   2005    237   20500.0      12.7      18.3      1.47      2.00      0.00  -9999.00
     1   2005    238   18000.0       8.0      27.7      1.07      2.00      0.00  -9999.00
     1   2005    239   12300.0      11.4      19.9      1.35      2.00      0.00  -9999.00
     1   2005    240   14100.0      12.3      21.7      1.43      2.00      0.00  -9999.00
     1   2005    241   21600.0      15.8      19.9      1.79      2.00      0.00  -9999.00
     1   2005    242   13300.0      15.4      16.8      1.75      2.00      0.00  -9999.00
     1   2005    243   13600.0       9.2      18.8      1.16      2.00      0.00  -9999.00
     1   2005    244   15000.0      14.4      18.8      1.64      2.00      0.00  -9999.00
     1   2005    245    5500.0       9.6      21.9      1.20      2.00     19.10  -9999.00
     1   2005    246   12200.0      14.7      20.7      1.67      2.00      2.50  -9999.00
     1   2005    247    9700.0      12.8      18.1      1.48      2.00      0.10  -9999.00
     1   2005    248    6100.0      12.8      20.7      1.48      2.00      0.10  -9999.00
     1   2005    249   16300.0      14.1      22.9      1.61      2.00      0.00  -9999.00
     1   2005    250    9000.0      14.0      18.7      1.60      2.00      2.50  -9999.00
     1   2005    251   11200.0       8.5      16.3      1.11      2.00      0.00  -9999.00
     1   2005    252   11800.0       6.9      19.8      0.99      2.00      0.00  -9999.00
     1   2005    253   14000.0      14.2      16.8      1.62      2.00      0.00  -9999.00
     1   2005    254   10300.0      14.7      20.1      1.67      2.00      0.20  -9999.00
     1   2005    255   12400.0       6.8      21.7      0.99      2.00      0.00  -9999.00
     1   2005    256   14700.0      10.7      15.1      1.29      2.00      0.00  -9999.00
     1   2005    257    6200.0      14.3      20.1      1.63      2.00      6.80  -9999.00
     1   2005    258   10900.0      11.9      19.3      1.39      2.00      2.70  -9999.00
     1   2005    259    7700.0       8.5      16.3      1.11      2.00      4.90  -9999.00
     1   2005    260    5700.0      11.7      15.6      1.37      2.00      0.20  -9999.00
     1   2005    261    6900.0      13.9      17.5      1.59      2.00     12.80  -9999.00
     1   2005    262   10100.0       6.0      16.5      0.93      2.00      4.60  -9999.00
     1   2005    263    9200.0      13.1      16.7      1.51      2.00      1.40  -9999.00
     1   2005    264   10600.0      10.2      18.5      1.24      2.00      0.10  -9999.00
     1   2005    265    7800.0      10.3      15.0      1.25      2.00      0.50  -9999.00
     1   2005    266    6900.0       9.6      11.8      1.20      2.00      5.20  -9999.00
     1   2005    267   10500.0      12.1      19.0      1.41      2.00      0.20  -9999.00
     1   2005    268    4100.0      12.1      17.3      1.41      2.00     12.60  -9999.00
     1   2005    269    7900.0       6.5      16.3      0.97      2.00      3.90  -9999.00
     1   2005    270   11600.0      10.3      14.9      1.25      2.00      0.10  -9999.00
     1   2005    271    4000.0      15.7      18.6      1.78      2.00      0.70  -9999.00
     1   2005    272    5300.0       3.8      16.4      0.80      2.00      0.10  -9999.00
     1   2005    273    8300.0       7.9      17.4      1.07      2.00      0.00  -9999.00
     1   2005    274   10300.0       6.2      13.8      0.95      2.00      0.00  -9999.00
     1   2005    275    7700.0       4.1      16.4      0.82      2.00      0.70  -9999.00
     1   2005    276    9000.0      12.3      16.4      1.43      2.00      1.30  -9999.00
     1   2005    277    5800.0      12.9      17.8      1.49      2.00      6.10  -9999.00
     1   2005    278    4500.0      12.0      14.4      1.40      2.00      1.40  -9999.00
     1   2005    279    5700.0       2.1      15.1      0.71      2.00      8.30  -9999.00
     1   2005    280    6200.0      14.3      16.4      1.63      2.00      0.00  -9999.00
     1   2005    281    6500.0      10.3      15.1      1.25      2.00      3.90  -9999.00
     1   2005    282    8500.0       7.3      13.2      1.02      2.00     28.10  -9999.00
     1   2005    283    5500.0      10.0      13.6      1.23      2.00      2.80  -9999.00
     1   2005    284    6500.0       2.5      15.4      0.73      2.00      1.20  -9999.00
     1   2005    285    3500.0       7.5      17.5      1.04      2.00      0.20  -9999.00
     1   2005    286    4400.0       5.0      14.2      0.87      2.00      0.10  -9999.00
     1   2005    287    4500.0       2.1      16.3      0.71      2.00      0.80  -9999.00
     1   2005    288    3800.0       4.2      12.1      0.82      2.00     10.10  -9999.00
     1   2005    289    6500.0       9.0      11.7      1.15      2.00      0.00  -9999.00
     1   2005    290    6600.0       7.1      13.3      1.01      2.00      0.00  -9999.00
     1   2005    291    7800.0      10.5      10.8      1.27      2.00      0.00  -9999.00
     1   2005    292    3300.0       8.8      16.2      1.13      2.00      0.00  -9999.00
     1   2005    293    8300.0       8.3      10.0      1.09      2.00      0.00  -9999.00
     1   2005    294   10000.0       5.7      10.9      0.92      2.00      0.00  -9999.00
     1   2005    295    8600.0       8.3      15.0      1.09      2.00      0.00  -9999.00
     1   2005    296    6300.0       7.0      11.8      1.00      2.00      0.00  -9999.00
     1   2005    297    3000.0       5.2       9.9      0.88      2.00      0.00  -9999.00
     1   2005    298    7300.0       9.9      16.9      1.22      2.00     12.60  -9999.00
     1   2005    299    6400.0      10.8      13.9      1.29      2.00      1.10  -9999.00
     1   2005    300    3300.0      11.5      13.9      1.36      2.00     15.10  -9999.00
     1   2005    301    3000.0       8.0      13.8      1.07      2.00     27.50  -9999.00
     1   2005    302    4600.0       2.7      13.1      0.74      2.00      0.20  -9999.00
     1   2005    303    5000.0       8.7      13.5      1.12      2.00      0.00  -9999.00
     1   2005    304    2500.0       2.1      11.8      0.71      2.00      9.40  -9999.00
     1   2005    305    5100.0       9.7      13.5      1.20      2.00     12.50  -9999.00
     1   2005    306    1200.0      11.2      13.3      1.33      2.00     13.20  -9999.00
     1   2005    307    4600.0       4.3       6.8      0.83      2.00      0.00  -9999.00
     1   2005    308    5800.0       4.4      10.5      0.84      2.00      0.00  -9999.00
     1   2005    309    3600.0       8.1       9.8      1.08      2.00      0.30  -9999.00
     1   2005    310    2400.0       4.1      11.6      0.82      2.00      0.60  -9999.00
     1   2005    311    5500.0       7.8      12.7      1.06      2.00      0.00  -9999.00
     1   2005    312    2100.0       8.1      10.1      1.08      2.00      1.60  -9999.00
     1   2005    313    2400.0       3.4      12.5      0.78      2.00      0.00  -9999.00
     1   2005    314    2300.0       3.1      11.1      0.76      2.00      0.00  -9999.00
     1   2005    315    6400.0       6.5      11.4      0.97      2.00      0.00  -9999.00
     1   2005    316    3600.0       3.1       9.4      0.76      2.00      0.00  -9999.00
     1   2005    317    2800.0       6.7      10.5      0.98      2.00      0.00  -9999.00
     1   2005    318    3200.0       1.1       8.7      0.66      2.00      2.20  -9999.00
     1   2005    319    5700.0       7.4       8.1      1.03      2.00      0.00  -9999.00
     1   2005    320    3900.0      -0.9       8.7      0.57      2.00      4.50  -9999.00
     1   2005    321    3900.0       0.0      14.4      0.61      2.00      1.90  -9999.00
     1   2005    322    3500.0       2.1      13.0      0.71      2.00      0.50  -9999.00
     1   2005    323    3800.0       4.9       6.9      0.87      2.00      2.50  -9999.00
     1   2005    324    5500.0       6.9       8.9      0.99      2.00      0.00  -9999.00
     1   2005    325    1800.0       5.9       9.7      0.93      2.00     10.50  -9999.00
     1   2005    326    4100.0       0.7       8.2      0.64      2.00      0.30  -9999.00
     1   2005    327    2300.0       4.4      11.6      0.84      2.00      9.10  -9999.00
     1   2005    328    1800.0       9.3       9.5      1.17      2.00      0.00  -9999.00
     1   2005    329    5500.0       6.6       8.6      0.97      2.00      0.00  -9999.00
     1   2005    330    4300.0       6.0       8.0      0.93      2.00      0.00  -9999.00
     1   2005    331    2100.0       5.0       6.6      0.87      2.00      0.50  -9999.00
     1   2005    332     900.0       4.3       9.7      0.83      2.00      0.20  -9999.00
     1   2005    333    1900.0       1.7       9.7      0.69      2.00      9.20  -9999.00
     1   2005    334    1200.0       4.2       6.3      0.82      2.00      0.00  -9999.00
     1   2005    335    3400.0       3.5      11.4      0.78      2.00      0.00  -9999.00
     1   2005    336    4000.0       2.4      11.0      0.73      2.00      0.00  -9999.00
     1   2005    337    2300.0       7.6      10.3      1.04      2.00      5.30  -9999.00
     1   2005    338    3100.0       5.3       7.7      0.89      2.00      0.10  -9999.00
     1   2005    339    3200.0      -1.4       8.1      0.55      2.00      0.00  -9999.00
     1   2005    340     700.0       0.8       3.3      0.65      2.00      0.00  -9999.00
     1   2005    341    4500.0       3.3       4.0      0.77      2.00      0.00  -9999.00
     1   2005    342    1200.0       8.8      10.4      1.13      2.00      0.90  -9999.00
     1   2005    343    3300.0       2.2       8.7      0.72      2.00      0.80  -9999.00
     1   2005    344     700.0       7.0       9.9      1.00      2.00      1.70  -9999.00
     1   2005    345    3600.0       8.2      13.3      1.09      2.00      3.80  -9999.00
     1   2005    346    1800.0       6.7      10.3      0.98      2.00      6.30  -9999.00
     1   2005    347    1500.0       6.5      10.1      0.97      2.00      0.10  -9999.00
     1   2005    348    2100.0       3.3      13.5      0.77      2.00      5.00  -9999.00
     1   2005    349    1800.0       1.9      12.6      0.70      2.00      0.10  -9999.00
     1   2005    350    2900.0       1.7       7.9      0.69      2.00      0.00  -9999.00
     1   2005    351    1400.0       8.9       9.0      1.14      2.00      1.60  -9999.00
     1   2005    352    3000.0       4.3       6.3      0.83      2.00      0.10  -9999.00
     1   2005    353    1500.0       4.8       9.2      0.86      2.00      5.50  -9999.00
     1   2005    354     700.0       0.0       5.8      0.61      2.00      0.00  -9999.00
     1   2005    355    1500.0       4.8       8.1      0.86      2.00      4.20  -9999.00
     1   2005    356    1800.0       8.5      10.5      1.11      2.00     14.10  -9999.00
     1   2005    357     800.0       1.1       5.0      0.66      2.00      0.40  -9999.00
     1   2005    358    4500.0       0.1       3.8      0.62      2.00      0.00  -9999.00
     1   2005    359    2000.0       4.2       4.7      0.82      2.00      0.00  -9999.00
     1   2005    360    1200.0       0.7      10.2      0.64      2.00     12.80  -9999.00
     1   2005    361    1900.0       5.9       9.3      0.93      2.00      2.70  -9999.00
     1   2005    362    1400.0       8.7      11.4      1.12      2.00      3.50  -9999.00
     1   2005    363    2600.0       0.4       7.7      0.63      2.00      4.00  -9999.00
     1   2005    364    1000.0       7.6       9.6      1.04      2.00      3.90  -9999.00
     1   2005    365     700.0       5.5       7.6      0.90      2.00      0.00  -9999.00
