*-----------------------------------------------------------------------------* 
           CNWG_47.met            51.48   -3.55   69.72
* Date created:  08-Aug-2019     Author: K Coleman 
* 
* NIL VALUE       -9999 
* Source:   data provided by M. Semenov 
*  
* Latitude:    51.48 Longitude:    -3.55 Altitude:    69.72
* 
* Column  Daily value 
* 1       station number 
* 2       year 
* 3       day 
* 4       irradiation                   (kJ m-2 d-1) 
* 5       minimum temperature           (degrees Celsius) 
* 6       maximum temperature           (degrees Celsius) 
* 7       early morning vapour pressure (kPa)             
* 8       mean wind speed (height: 2 m?) (m s-1)          
* 9       precipitation                 (mm d-1)          
* 10      sunshine                      (hrs)             
 		Jday	RAD	    TMIN	TMAX	 VAP	wind	RAIN	SUN  
               kj/m2	°C	    °C	     kPa	m/s	    mm	    hrs 
   51.48  69.72
     1   2005      1    4000.0       4.0      11.0      0.81      2.00      0.00  -9999.00
     1   2005      2    4700.0      -6.8       8.8      0.37      2.00      0.00  -9999.00
     1   2005      3    2500.0      -1.4       4.6      0.55      2.00     13.70  -9999.00
     1   2005      4    3300.0      -0.2       1.8      0.60      2.00      1.00  -9999.00
     1   2005      5    1700.0       2.9       4.9      0.75      2.00      6.10  -9999.00
     1   2005      6    1100.0      -0.3       8.8      0.60      2.00      0.00  -9999.00
     1   2005      7    2300.0       0.0      12.8      0.61      2.00      0.40  -9999.00
     1   2005      8    2900.0       8.5      12.0      1.11      2.00      1.30  -9999.00
     1   2005      9    1900.0       8.2      10.2      1.09      2.00     10.20  -9999.00
     1   2005     10    5100.0       2.4      10.6      0.73      2.00      2.10  -9999.00
     1   2005     11    3200.0       3.1      10.7      0.76      2.00     11.00  -9999.00
     1   2005     12    1700.0       8.0      12.5      1.07      2.00      6.20  -9999.00
     1   2005     13    3900.0       1.7       8.4      0.69      2.00      6.60  -9999.00
     1   2005     14    2500.0      -2.0       5.9      0.53      2.00      0.00  -9999.00
     1   2005     15    1200.0       0.9       1.9      0.65      2.00      0.00  -9999.00
     1   2005     16    2200.0       1.0      10.4      0.66      2.00      0.00  -9999.00
     1   2005     17    4000.0       0.8       1.7      0.65      2.00      0.00  -9999.00
     1   2005     18    3200.0      -4.2       7.7      0.45      2.00      0.00  -9999.00
     1   2005     19    3400.0       0.7      10.4      0.64      2.00      0.40  -9999.00
     1   2005     20     900.0      -3.1       4.0      0.49      2.00      0.00  -9999.00
     1   2005     21    4600.0      -0.4       6.5      0.59      2.00      3.60  -9999.00
     1   2005     22    2400.0       1.4       8.3      0.68      2.00      2.10  -9999.00
     1   2005     23    1900.0      -2.2       4.3      0.52      2.00      0.00  -9999.00
     1   2005     24    5200.0       1.3       3.3      0.67      2.00      0.00  -9999.00
     1   2005     25    3700.0      -2.7       8.9      0.50      2.00      0.00  -9999.00
     1   2005     26    4700.0      -2.0      11.8      0.53      2.00      0.00  -9999.00
     1   2005     27    6600.0       6.0       8.0      0.93      2.00      0.00  -9999.00
     1   2005     28    5500.0       6.4       8.8      0.96      2.00      6.00  -9999.00
     1   2005     29    4200.0       3.4      11.0      0.78      2.00      0.40  -9999.00
     1   2005     30    2500.0       5.9      11.5      0.93      2.00      0.40  -9999.00
     1   2005     31    3600.0       4.9      10.6      0.87      2.00      6.70  -9999.00
     1   2005     32    3300.0      -1.6      10.0      0.54      2.00      5.00  -9999.00
     1   2005     33    5100.0       3.6       5.6      0.79      2.00      6.50  -9999.00
     1   2005     34    6200.0       5.2       8.0      0.88      2.00      7.00  -9999.00
     1   2005     35    3400.0       8.0       9.0      1.07      2.00      0.50  -9999.00
     1   2005     36    4600.0       1.6      11.6      0.69      2.00      1.00  -9999.00
     1   2005     37    2200.0       5.2       8.8      0.88      2.00      3.90  -9999.00
     1   2005     38    2900.0      -3.8       9.2      0.46      2.00      2.90  -9999.00
     1   2005     39    4100.0       5.5       7.5      0.90      2.00      0.40  -9999.00
     1   2005     40    2400.0       8.0      10.0      1.07      2.00      0.20  -9999.00
     1   2005     41    6300.0       6.7       7.8      0.98      2.00      0.00  -9999.00
     1   2005     42    3400.0       1.6       8.6      0.69      2.00      0.00  -9999.00
     1   2005     43    8800.0       0.0       2.0      0.61      2.00      0.00  -9999.00
     1   2005     44    2500.0       6.7      10.4      0.98      2.00      1.50  -9999.00
     1   2005     45    3700.0       3.9      10.8      0.81      2.00      3.80  -9999.00
     1   2005     46    2900.0      -1.9      11.0      0.53      2.00      0.70  -9999.00
     1   2005     47    6500.0      -0.9       9.3      0.57      2.00      0.00  -9999.00
     1   2005     48    5000.0      -3.1      11.7      0.49      2.00      0.00  -9999.00
     1   2005     49    9800.0       3.7       6.8      0.80      2.00      8.70  -9999.00
     1   2005     50    6900.0       9.4      10.8      1.18      2.00      3.20  -9999.00
     1   2005     51    6500.0       3.6       6.8      0.79      2.00      0.70  -9999.00
     1   2005     52    3800.0       5.0       6.0      0.87      2.00      4.60  -9999.00
     1   2005     53    7800.0       1.5       3.5      0.68      2.00     20.10  -9999.00
     1   2005     54    6500.0      -0.5       2.2      0.59      2.00      0.00  -9999.00
     1   2005     55    9500.0       5.0      11.0      0.87      2.00     13.30  -9999.00
     1   2005     56    5000.0       0.5       4.7      0.63      2.00      7.90  -9999.00
     1   2005     57    6100.0       3.7       6.2      0.80      2.00      6.00  -9999.00
     1   2005     58    8000.0       7.0       9.0      1.00      2.00      0.90  -9999.00
     1   2005     59    7200.0      -1.3      13.3      0.56      2.00      0.00  -9999.00
     1   2005     60    3600.0      -1.2       9.2      0.56      2.00      0.00  -9999.00
     1   2005     61    6600.0       3.7       5.7      0.80      2.00      0.00  -9999.00
     1   2005     62    8500.0       1.4       9.1      0.68      2.00      0.00  -9999.00
     1   2005     63    8100.0      -1.1       6.0      0.56      2.00      0.00  -9999.00
     1   2005     64    5000.0       3.4      10.4      0.78      2.00      6.10  -9999.00
     1   2005     65   13000.0       2.0      11.1      0.71      2.00      0.00  -9999.00
     1   2005     66    6900.0       4.4       9.0      0.84      2.00      3.60  -9999.00
     1   2005     67    5400.0       2.7       9.8      0.74      2.00      0.20  -9999.00
     1   2005     68    6800.0       1.1       7.7      0.66      2.00      1.10  -9999.00
     1   2005     69    7400.0       7.4      11.7      1.03      2.00      8.00  -9999.00
     1   2005     70    4200.0       1.0       2.5      0.66      2.00      0.10  -9999.00
     1   2005     71   11800.0       2.8      16.6      0.75      2.00      0.00  -9999.00
     1   2005     72    9600.0       5.1      10.5      0.88      2.00      0.00  -9999.00
     1   2005     73    9000.0       9.4       9.4      1.18      2.00      2.90  -9999.00
     1   2005     74   13600.0       7.2       9.9      1.02      2.00      0.00  -9999.00
     1   2005     75    9200.0       5.3      10.9      0.89      2.00     18.40  -9999.00
     1   2005     76    4700.0       1.5      14.6      0.68      2.00      0.00  -9999.00
     1   2005     77   10800.0       7.2       9.5      1.02      2.00      0.00  -9999.00
     1   2005     78    7200.0       9.4      10.2      1.18      2.00      4.90  -9999.00
     1   2005     79    9600.0       3.2       9.5      0.77      2.00      0.50  -9999.00
     1   2005     80    9900.0       5.2      10.4      0.88      2.00      1.90  -9999.00
     1   2005     81    9900.0      -1.4       7.1      0.55      2.00      0.00  -9999.00
     1   2005     82    5200.0       5.1      12.0      0.88      2.00      1.40  -9999.00
     1   2005     83    7600.0       5.5      10.0      0.90      2.00      4.60  -9999.00
     1   2005     84    8800.0       7.0      11.3      1.00      2.00      0.20  -9999.00
     1   2005     85   11500.0      -0.7      11.3      0.58      2.00      0.00  -9999.00
     1   2005     86   13300.0       2.9       7.8      0.75      2.00      0.00  -9999.00
     1   2005     87    5900.0       2.9       6.7      0.75      2.00      0.00  -9999.00
     1   2005     88    6700.0      -1.9      13.0      0.53      2.00      0.00  -9999.00
     1   2005     89   17700.0       3.1       4.9      0.76      2.00     10.00  -9999.00
     1   2005     90    7500.0       3.5      10.1      0.78      2.00      0.10  -9999.00
     1   2005     91   10800.0       7.1       8.7      1.01      2.00      0.40  -9999.00
     1   2005     92   13400.0       9.0       9.4      1.15      2.00      1.00  -9999.00
     1   2005     93   11500.0       5.4       9.8      0.90      2.00      0.00  -9999.00
     1   2005     94   13300.0       2.9       9.6      0.75      2.00      0.00  -9999.00
     1   2005     95   19800.0       6.7      10.5      0.98      2.00      0.00  -9999.00
     1   2005     96    9600.0       4.7      12.4      0.85      2.00      2.20  -9999.00
     1   2005     97    6700.0       4.8       9.7      0.86      2.00     12.50  -9999.00
     1   2005     98   15000.0       4.2      12.3      0.82      2.00      0.40  -9999.00
     1   2005     99   14600.0       7.3       8.1      1.02      2.00      3.30  -9999.00
     1   2005    100   19400.0       2.7      16.3      0.74      2.00      0.00  -9999.00
     1   2005    101   20200.0       1.7      10.1      0.69      2.00      0.00  -9999.00
     1   2005    102   18500.0       4.9       9.8      0.87      2.00      0.00  -9999.00
     1   2005    103   20800.0       0.3      10.2      0.62      2.00      0.00  -9999.00
     1   2005    104   14300.0       7.5      12.7      1.04      2.00      0.50  -9999.00
     1   2005    105   12000.0       9.0      12.2      1.15      2.00      9.00  -9999.00
     1   2005    106   17300.0       9.6      11.6      1.20      2.00     13.20  -9999.00
     1   2005    107   20200.0       5.7      14.2      0.92      2.00      0.00  -9999.00
     1   2005    108    8100.0       5.0      15.2      0.87      2.00      1.00  -9999.00
     1   2005    109    7100.0       7.3      11.3      1.02      2.00      1.10  -9999.00
     1   2005    110   15500.0       5.1      11.9      0.88      2.00      0.00  -9999.00
     1   2005    111    7900.0       1.5      11.4      0.68      2.00      4.60  -9999.00
     1   2005    112   14800.0       0.7      11.4      0.64      2.00      3.10  -9999.00
     1   2005    113   15500.0       9.6      10.6      1.20      2.00      4.90  -9999.00
     1   2005    114   17700.0       7.0       8.4      1.00      2.00     10.10  -9999.00
     1   2005    115    6600.0       8.7      13.2      1.12      2.00     13.70  -9999.00
     1   2005    116    8500.0       0.4      12.3      0.63      2.00      7.70  -9999.00
     1   2005    117   11900.0       6.9      12.5      0.99      2.00     10.60  -9999.00
     1   2005    118    7300.0       4.6      12.0      0.85      2.00      1.10  -9999.00
     1   2005    119   11700.0      10.0      14.0      1.23      2.00      0.40  -9999.00
     1   2005    120   12100.0       4.8       7.7      0.86      2.00      0.50  -9999.00
     1   2005    121   16500.0       2.7      12.9      0.74      2.00      9.20  -9999.00
     1   2005    122   14100.0       2.7      23.1      0.74      2.00      0.00  -9999.00
     1   2005    123   13800.0       4.2      12.4      0.82      2.00      3.40  -9999.00
     1   2005    124   19500.0       1.3      12.8      0.67      2.00      3.30  -9999.00
     1   2005    125   16300.0       7.1      14.1      1.01      2.00      0.90  -9999.00
     1   2005    126    8800.0       0.8      14.6      0.65      2.00      5.10  -9999.00
     1   2005    127   13100.0       8.7       9.8      1.12      2.00      0.10  -9999.00
     1   2005    128    5700.0       4.7      13.0      0.85      2.00      2.80  -9999.00
     1   2005    129   16200.0       7.3      14.3      1.02      2.00      7.80  -9999.00
     1   2005    130   17100.0       8.7      14.2      1.12      2.00      1.80  -9999.00
     1   2005    131   21000.0       7.6      12.8      1.04      2.00      0.80  -9999.00
     1   2005    132    7700.0       3.0      11.0      0.76      2.00      0.10  -9999.00
     1   2005    133   11300.0       8.5      11.4      1.11      2.00      0.80  -9999.00
     1   2005    134    9700.0       9.9      14.1      1.22      2.00      0.10  -9999.00
     1   2005    135   12900.0       3.5      15.2      0.78      2.00      5.70  -9999.00
     1   2005    136   19000.0       9.3      18.5      1.17      2.00      0.00  -9999.00
     1   2005    137    9700.0       9.7      16.2      1.20      2.00     10.60  -9999.00
     1   2005    138   15000.0       8.1      14.3      1.08      2.00      1.80  -9999.00
     1   2005    139   20600.0      10.8      13.3      1.29      2.00      2.40  -9999.00
     1   2005    140   23800.0       7.3      14.1      1.02      2.00      0.90  -9999.00
     1   2005    141   15600.0      10.2      15.8      1.24      2.00      5.30  -9999.00
     1   2005    142    9100.0       9.0      15.6      1.15      2.00      0.20  -9999.00
     1   2005    143   12200.0       7.9      14.4      1.07      2.00      8.30  -9999.00
     1   2005    144   18400.0       9.4      16.8      1.18      2.00      0.00  -9999.00
     1   2005    145   13300.0       7.0      20.3      1.00      2.00      0.00  -9999.00
     1   2005    146   21600.0       8.4      18.5      1.10      2.00      0.50  -9999.00
     1   2005    147   27500.0       8.7      14.5      1.12      2.00      0.00  -9999.00
     1   2005    148   18400.0       6.0      19.5      0.93      2.00      7.60  -9999.00
     1   2005    149    8700.0      10.9      15.3      1.30      2.00      5.00  -9999.00
     1   2005    150   23000.0       9.6      16.5      1.20      2.00      3.60  -9999.00
     1   2005    151   21400.0      11.1      13.3      1.32      2.00      0.10  -9999.00
     1   2005    152   21600.0       9.4      16.6      1.18      2.00      3.20  -9999.00
     1   2005    153    5100.0      11.3      12.9      1.34      2.00      1.00  -9999.00
     1   2005    154   19400.0      10.7      17.4      1.29      2.00      6.40  -9999.00
     1   2005    155   18500.0       9.1      13.7      1.16      2.00     15.20  -9999.00
     1   2005    156   22700.0      11.2      21.4      1.33      2.00      0.00  -9999.00
     1   2005    157   20000.0       5.4      16.4      0.90      2.00      0.00  -9999.00
     1   2005    158   23700.0      10.1      15.1      1.24      2.00      0.20  -9999.00
     1   2005    159   18800.0      14.5      16.5      1.65      2.00     12.10  -9999.00
     1   2005    160   25300.0      10.1      23.5      1.24      2.00      0.00  -9999.00
     1   2005    161   12100.0      10.0      22.0      1.23      2.00      0.50  -9999.00
     1   2005    162   24800.0      10.6      13.2      1.28      2.00      4.00  -9999.00
     1   2005    163   12700.0       8.7      15.7      1.12      2.00      7.80  -9999.00
     1   2005    164   11200.0       7.3      19.2      1.02      2.00      4.10  -9999.00
     1   2005    165   18500.0       9.1      20.7      1.16      2.00      2.90  -9999.00
     1   2005    166   16400.0      11.8      13.2      1.38      2.00      4.10  -9999.00
     1   2005    167   14900.0      13.1      20.4      1.51      2.00      3.70  -9999.00
     1   2005    168   19200.0       4.0      20.8      0.81      2.00      0.00  -9999.00
     1   2005    169   21600.0      13.5      15.5      1.55      2.00      0.80  -9999.00
     1   2005    170   15800.0      12.8      15.6      1.48      2.00      0.10  -9999.00
     1   2005    171   12500.0       5.5      22.5      0.90      2.00      1.80  -9999.00
     1   2005    172   21100.0      14.2      14.3      1.62      2.00      0.40  -9999.00
     1   2005    173   21500.0      14.3      15.1      1.63      2.00      0.00  -9999.00
     1   2005    174   14400.0      11.7      16.0      1.37      2.00      3.70  -9999.00
     1   2005    175   27100.0      12.0      21.7      1.40      2.00      0.00  -9999.00
     1   2005    176   21000.0      17.6      18.6      2.01      2.00      0.00  -9999.00
     1   2005    177   20900.0       9.1      22.8      1.16      2.00      0.00  -9999.00
     1   2005    178   22900.0      11.5      20.1      1.36      2.00      0.00  -9999.00
     1   2005    179   15700.0      12.0      16.6      1.40      2.00      0.00  -9999.00
     1   2005    180   25400.0       8.8      15.5      1.13      2.00      0.00  -9999.00
     1   2005    181   27300.0       9.8      25.8      1.21      2.00      0.00  -9999.00
     1   2005    182   20200.0       9.9      22.7      1.22      2.00      0.00  -9999.00
     1   2005    183   24300.0      12.2      25.6      1.42      2.00      0.00  -9999.00
     1   2005    184   22500.0       5.3      17.6      0.89      2.00     14.10  -9999.00
     1   2005    185   22800.0      11.9      17.7      1.39      2.00      3.50  -9999.00
     1   2005    186   23800.0      15.5      16.2      1.76      2.00      0.00  -9999.00
     1   2005    187   23900.0      15.0      24.0      1.70      2.00      0.00  -9999.00
     1   2005    188    9400.0      11.2      22.5      1.33      2.00      0.00  -9999.00
     1   2005    189   16300.0      11.2      26.5      1.33      2.00      0.00  -9999.00
     1   2005    190   12400.0      13.2      21.3      1.52      2.00      0.00  -9999.00
     1   2005    191   24200.0       9.8      16.5      1.21      2.00      0.00  -9999.00
     1   2005    192   14900.0      12.9      17.0      1.49      2.00      0.30  -9999.00
     1   2005    193   25500.0      11.2      20.8      1.33      2.00      0.00  -9999.00
     1   2005    194   12600.0      13.6      21.1      1.56      2.00      0.10  -9999.00
     1   2005    195   11300.0      11.9      14.7      1.39      2.00      0.20  -9999.00
     1   2005    196   18800.0      13.9      25.1      1.59      2.00      0.00  -9999.00
     1   2005    197   26200.0      16.5      16.8      1.88      2.00      0.00  -9999.00
     1   2005    198   19300.0      18.0      22.0      2.06      2.00      0.00  -9999.00
     1   2005    199   18000.0      11.6      21.5      1.37      2.00      0.00  -9999.00
     1   2005    200   17700.0      14.9      27.0      1.69      2.00      0.00  -9999.00
     1   2005    201   17200.0      15.5      20.8      1.76      2.00      0.10  -9999.00
     1   2005    202    9400.0      12.8      22.3      1.48      2.00     11.10  -9999.00
     1   2005    203   23700.0      17.2      27.4      1.96      2.00      0.00  -9999.00
     1   2005    204   25300.0      12.5      21.7      1.45      2.00      0.90  -9999.00
     1   2005    205   24500.0      13.8      17.4      1.58      2.00      0.20  -9999.00
     1   2005    206   23300.0       9.8      18.9      1.21      2.00      4.20  -9999.00
     1   2005    207   17400.0      13.7      19.0      1.57      2.00      0.00  -9999.00
     1   2005    208   24600.0      14.6      26.2      1.66      2.00      0.00  -9999.00
     1   2005    209   18500.0      14.5      21.2      1.65      2.00      0.00  -9999.00
     1   2005    210   23500.0       7.8      20.0      1.06      2.00      0.00  -9999.00
     1   2005    211   23800.0      14.5      17.3      1.65      2.00      0.00  -9999.00
     1   2005    212   22100.0      13.3      16.9      1.53      2.00      0.00  -9999.00
     1   2005    213   14600.0      13.6      19.5      1.56      2.00      0.00  -9999.00
     1   2005    214   17400.0      15.4      19.7      1.75      2.00      0.00  -9999.00
     1   2005    215   20800.0      11.5      24.4      1.36      2.00      0.00  -9999.00
     1   2005    216   13100.0      15.0      22.4      1.70      2.00      0.00  -9999.00
     1   2005    217   18200.0      14.1      20.8      1.61      2.00      0.00  -9999.00
     1   2005    218   18300.0      11.8      16.9      1.38      2.00      0.00  -9999.00
     1   2005    219   16500.0      11.5      15.5      1.36      2.00      0.00  -9999.00
     1   2005    220   14900.0      11.4      18.2      1.35      2.00      0.10  -9999.00
     1   2005    221   19500.0      12.7      20.1      1.47      2.00      0.20  -9999.00
     1   2005    222   20100.0      11.9      19.4      1.39      2.00      1.00  -9999.00
     1   2005    223   18700.0      11.9      17.8      1.39      2.00      0.60  -9999.00
     1   2005    224   18900.0       7.2      25.5      1.02      2.00      0.00  -9999.00
     1   2005    225   24900.0      16.1      25.3      1.83      2.00      0.00  -9999.00
     1   2005    226   17900.0      14.1      21.6      1.61      2.00      9.30  -9999.00
     1   2005    227   15500.0      13.0      19.4      1.50      2.00      0.10  -9999.00
     1   2005    228   21300.0      10.6      20.6      1.28      2.00      0.00  -9999.00
     1   2005    229   17800.0      12.0      18.1      1.40      2.00      3.40  -9999.00
     1   2005    230    9800.0      13.5      20.5      1.55      2.00      0.70  -9999.00
     1   2005    231    9000.0       9.5      17.9      1.19      2.00      0.40  -9999.00
     1   2005    232   15100.0       8.3      18.3      1.09      2.00      9.50  -9999.00
     1   2005    233   11800.0      12.0      20.6      1.40      2.00      2.50  -9999.00
     1   2005    234   16200.0      12.9      20.1      1.49      2.00      8.50  -9999.00
     1   2005    235    9500.0      14.2      20.5      1.62      2.00      2.00  -9999.00
     1   2005    236   19300.0      10.7      22.7      1.29      2.00      1.70  -9999.00
     1   2005    237   15700.0       9.2      18.2      1.16      2.00      0.00  -9999.00
     1   2005    238    7300.0      14.1      16.4      1.61      2.00      1.90  -9999.00
     1   2005    239    3200.0      14.2      16.6      1.62      2.00      0.10  -9999.00
     1   2005    240   13300.0      13.3      17.8      1.53      2.00      0.10  -9999.00
     1   2005    241   14100.0      15.7      17.4      1.78      2.00      0.00  -9999.00
     1   2005    242   19600.0      10.6      22.8      1.28      2.00      0.00  -9999.00
     1   2005    243   13600.0      11.3      18.2      1.34      2.00      0.00  -9999.00
     1   2005    244   18900.0      15.8      16.8      1.79      2.00      0.00  -9999.00
     1   2005    245   11900.0      16.0      18.9      1.82      2.00      0.70  -9999.00
     1   2005    246   16600.0       9.2      18.3      1.16      2.00      0.00  -9999.00
     1   2005    247   16900.0      14.4      16.4      1.64      2.00      2.70  -9999.00
     1   2005    248   18100.0      13.7      25.9      1.57      2.00      0.00  -9999.00
     1   2005    249    6500.0      10.2      19.5      1.24      2.00      0.80  -9999.00
     1   2005    250   13900.0       9.6      19.0      1.20      2.00      1.50  -9999.00
     1   2005    251    7200.0       8.5      23.0      1.11      2.00      0.70  -9999.00
     1   2005    252   18900.0      16.0      19.3      1.82      2.00      0.00  -9999.00
     1   2005    253    8600.0      14.8      21.1      1.68      2.00      4.30  -9999.00
     1   2005    254   10800.0       9.3      21.7      1.17      2.00      2.00  -9999.00
     1   2005    255   15100.0       8.4      19.6      1.10      2.00      0.00  -9999.00
     1   2005    256    7700.0       8.2      18.2      1.09      2.00      0.70  -9999.00
     1   2005    257    5400.0      10.6      18.1      1.28      2.00      3.50  -9999.00
     1   2005    258   12100.0      14.0      18.1      1.60      2.00      0.20  -9999.00
     1   2005    259   11800.0      10.4      15.3      1.26      2.00      0.10  -9999.00
     1   2005    260   11000.0      10.7      16.6      1.29      2.00      5.40  -9999.00
     1   2005    261   10300.0      14.3      17.7      1.63      2.00     14.00  -9999.00
     1   2005    262   11900.0       9.8      19.4      1.21      2.00      0.30  -9999.00
     1   2005    263   11800.0       8.1      16.6      1.08      2.00      4.90  -9999.00
     1   2005    264    5900.0      12.8      15.3      1.48      2.00      2.40  -9999.00
     1   2005    265    9800.0      12.7      14.4      1.47      2.00      4.20  -9999.00
     1   2005    266   10700.0      13.9      17.4      1.59      2.00      0.70  -9999.00
     1   2005    267    7400.0       8.1      14.8      1.08      2.00      0.10  -9999.00
     1   2005    268    8400.0      10.4      16.9      1.26      2.00      0.20  -9999.00
     1   2005    269    8600.0      13.7      15.9      1.57      2.00     10.50  -9999.00
     1   2005    270    5900.0       6.7      14.3      0.98      2.00      0.00  -9999.00
     1   2005    271    5400.0       8.5      13.2      1.11      2.00      0.00  -9999.00
     1   2005    272   10200.0      11.5      18.1      1.36      2.00      0.00  -9999.00
     1   2005    273   10800.0      15.8      19.5      1.79      2.00      0.00  -9999.00
     1   2005    274    7500.0       2.2      15.7      0.72      2.00      0.00  -9999.00
     1   2005    275   12600.0       8.3      21.3      1.09      2.00      0.00  -9999.00
     1   2005    276    6800.0      12.9      14.6      1.49      2.00      1.80  -9999.00
     1   2005    277    3700.0       9.5      17.9      1.19      2.00     13.50  -9999.00
     1   2005    278    6200.0      12.9      15.5      1.49      2.00      5.40  -9999.00
     1   2005    279    6100.0       3.9      16.1      0.81      2.00      0.00  -9999.00
     1   2005    280    7700.0      10.9      14.3      1.30      2.00      6.10  -9999.00
     1   2005    281    8700.0      12.8      13.0      1.48      2.00      0.60  -9999.00
     1   2005    282    6700.0      11.6      15.7      1.37      2.00      4.40  -9999.00
     1   2005    283    5000.0       6.6      10.4      0.97      2.00     15.00  -9999.00
     1   2005    284    4100.0      12.8      16.2      1.48      2.00      2.00  -9999.00
     1   2005    285   10900.0       7.6      13.2      1.04      2.00      0.00  -9999.00
     1   2005    286    7400.0       9.1      12.5      1.16      2.00      0.00  -9999.00
     1   2005    287    4200.0      10.8      14.3      1.29      2.00      0.00  -9999.00
     1   2005    288    9500.0       8.5      10.3      1.11      2.00      0.00  -9999.00
     1   2005    289    5400.0       6.7      11.9      0.98      2.00      0.10  -9999.00
     1   2005    290    8800.0       4.9      13.5      0.87      2.00      0.00  -9999.00
     1   2005    291    3400.0       7.9      10.4      1.07      2.00      0.00  -9999.00
     1   2005    292    7800.0       9.9      14.9      1.22      2.00      0.00  -9999.00
     1   2005    293    7900.0      10.7      10.7      1.29      2.00      0.00  -9999.00
     1   2005    294    7400.0      12.6      14.0      1.46      2.00      0.00  -9999.00
     1   2005    295    3700.0       8.1      11.5      1.08      2.00      0.00  -9999.00
     1   2005    296    8100.0       8.5      14.7      1.11      2.00      0.00  -9999.00
     1   2005    297    6500.0       1.7      14.6      0.69      2.00      0.00  -9999.00
     1   2005    298    3300.0       5.5       5.8      0.90      2.00      2.50  -9999.00
     1   2005    299    4000.0       8.3      16.1      1.09      2.00      0.00  -9999.00
     1   2005    300    2700.0       9.0      15.8      1.15      2.00      9.40  -9999.00
     1   2005    301    5400.0      11.4      17.4      1.35      2.00      8.10  -9999.00
     1   2005    302    4000.0       7.5      16.7      1.04      2.00      1.40  -9999.00
     1   2005    303    4000.0      12.2      14.9      1.42      2.00      1.60  -9999.00
     1   2005    304    5700.0       6.4      15.1      0.96      2.00     13.00  -9999.00
     1   2005    305    6600.0       7.5      14.1      1.04      2.00      0.00  -9999.00
     1   2005    306    6000.0       9.3      11.3      1.17      2.00      0.00  -9999.00
     1   2005    307    3300.0       4.8       7.1      0.86      2.00      0.00  -9999.00
     1   2005    308    4500.0       4.1      10.0      0.82      2.00      0.00  -9999.00
     1   2005    309    2600.0       7.4      13.4      1.03      2.00      1.00  -9999.00
     1   2005    310    2500.0       6.4      15.6      0.96      2.00      0.40  -9999.00
     1   2005    311    1100.0       7.8      15.0      1.06      2.00      0.20  -9999.00
     1   2005    312    4800.0       9.0       9.8      1.15      2.00      2.20  -9999.00
     1   2005    313    3000.0      10.6      11.0      1.28      2.00      0.00  -9999.00
     1   2005    314    2600.0      13.0      13.4      1.50      2.00      0.50  -9999.00
     1   2005    315    1800.0       2.9      12.4      0.75      2.00      4.70  -9999.00
     1   2005    316    5900.0       4.6       7.7      0.85      2.00      9.90  -9999.00
     1   2005    317    4200.0       5.8       7.8      0.92      2.00      0.30  -9999.00
     1   2005    318    3200.0       8.9      11.0      1.14      2.00      4.20  -9999.00
     1   2005    319    3300.0       4.7       9.7      0.85      2.00      0.80  -9999.00
     1   2005    320    3200.0       9.3      11.3      1.17      2.00      0.30  -9999.00
     1   2005    321    4800.0       3.8      12.0      0.80      2.00      1.10  -9999.00
     1   2005    322    4900.0       1.5      13.9      0.68      2.00      0.00  -9999.00
     1   2005    323    3600.0       1.4      13.7      0.68      2.00      0.00  -9999.00
     1   2005    324    2300.0       5.8       9.0      0.92      2.00      0.50  -9999.00
     1   2005    325    2900.0       2.8      11.4      0.75      2.00     11.00  -9999.00
     1   2005    326    3100.0       3.1      12.8      0.76      2.00      0.50  -9999.00
     1   2005    327    3100.0       5.2      12.5      0.88      2.00      6.10  -9999.00
     1   2005    328    3200.0       6.1       8.6      0.94      2.00     21.80  -9999.00
     1   2005    329    4300.0       2.0       4.3      0.71      2.00      0.00  -9999.00
     1   2005    330    3900.0       3.2       7.7      0.77      2.00      0.00  -9999.00
     1   2005    331    5300.0       1.1      10.7      0.66      2.00      0.00  -9999.00
     1   2005    332    1700.0       3.6       8.5      0.79      2.00      2.60  -9999.00
     1   2005    333    1000.0       1.3      13.9      0.67      2.00      0.70  -9999.00
     1   2005    334    2900.0       0.5      12.0      0.63      2.00      2.00  -9999.00
     1   2005    335    3100.0       8.2      10.2      1.09      2.00      0.10  -9999.00
     1   2005    336    2300.0       4.8       6.8      0.86      2.00      8.00  -9999.00
     1   2005    337    2600.0      -3.6       9.5      0.47      2.00      0.00  -9999.00
     1   2005    338     700.0       8.0      10.5      1.07      2.00     17.40  -9999.00
     1   2005    339    2500.0       4.7      11.8      0.85      2.00      1.50  -9999.00
     1   2005    340    1900.0       4.9      12.0      0.87      2.00      1.00  -9999.00
     1   2005    341    2500.0       8.0      12.9      1.07      2.00      7.10  -9999.00
     1   2005    342    1500.0       6.5       8.5      0.97      2.00      0.10  -9999.00
     1   2005    343     700.0       3.9      10.3      0.81      2.00      0.10  -9999.00
     1   2005    344    2300.0       6.3      13.9      0.95      2.00      1.40  -9999.00
     1   2005    345    2000.0       2.9       3.0      0.75      2.00      0.00  -9999.00
     1   2005    346    2100.0       4.5       4.6      0.84      2.00      0.00  -9999.00
     1   2005    347    2800.0      -1.0       4.2      0.57      2.00      0.00  -9999.00
     1   2005    348    1400.0       4.9      10.2      0.87      2.00      6.30  -9999.00
     1   2005    349    3800.0       6.4       7.5      0.96      2.00      0.00  -9999.00
     1   2005    350    2400.0       5.1       8.1      0.88      2.00      2.60  -9999.00
     1   2005    351    2100.0       6.0      12.0      0.93      2.00      0.70  -9999.00
     1   2005    352    1500.0      -1.7       5.9      0.54      2.00      6.00  -9999.00
     1   2005    353    2400.0       3.2       5.2      0.77      2.00     23.90  -9999.00
     1   2005    354    2700.0       2.9       8.1      0.75      2.00      0.40  -9999.00
     1   2005    355    1700.0       4.1      11.1      0.82      2.00      1.40  -9999.00
     1   2005    356    1400.0       3.0      10.8      0.76      2.00      7.00  -9999.00
     1   2005    357    1300.0      -1.1       4.5      0.56      2.00      1.30  -9999.00
     1   2005    358    1500.0       3.1       9.9      0.76      2.00      0.90  -9999.00
     1   2005    359    1500.0      -0.7       5.7      0.58      2.00      5.80  -9999.00
     1   2005    360     700.0       5.0      11.1      0.87      2.00      0.10  -9999.00
     1   2005    361    2100.0       7.2       9.2      1.02      2.00      0.00  -9999.00
     1   2005    362    1600.0       9.0      11.0      1.15      2.00      1.70  -9999.00
     1   2005    363    1600.0      -0.5       7.0      0.59      2.00      5.30  -9999.00
     1   2005    364    2600.0       7.0      12.7      1.00      2.00      0.40  -9999.00
     1   2005    365    1900.0       0.8       8.5      0.65      2.00     19.00  -9999.00
