*-----------------------------------------------------------------------------* 
           CNWG_175.met           51.48   -3.55   69.72
* Date created:  08-Aug-2019     Author: K Coleman 
* 
* NIL VALUE       -9999 
* Source:   data provided by M. Semenov 
*  
* Latitude:    51.48 Longitude:    -3.55 Altitude:    69.72
* 
* Column  Daily value 
* 1       station number 
* 2       year 
* 3       day 
* 4       irradiation                   (kJ m-2 d-1) 
* 5       minimum temperature           (degrees Celsius) 
* 6       maximum temperature           (degrees Celsius) 
* 7       early morning vapour pressure (kPa)             
* 8       mean wind speed (height: 2 m?) (m s-1)          
* 9       precipitation                 (mm d-1)          
* 10      sunshine                      (hrs)             
 		Jday	RAD	    TMIN	TMAX	 VAP	wind	RAIN	SUN  
               kj/m2	°C	    °C	     kPa	m/s	    mm	    hrs 
   51.48  69.72
     1   2005      1    2600.0       4.7       6.2      0.85      2.00      0.00  -9999.00
     1   2005      2    4700.0       0.7       5.7      0.64      2.00      0.00  -9999.00
     1   2005      3    2300.0       1.9       3.9      0.70      2.00      0.00  -9999.00
     1   2005      4     700.0       7.0       9.7      1.00      2.00      1.40  -9999.00
     1   2005      5    1500.0       5.2       9.6      0.88      2.00      0.80  -9999.00
     1   2005      6    1900.0       8.3      10.3      1.09      2.00      0.50  -9999.00
     1   2005      7    4000.0       1.7       9.6      0.69      2.00      2.80  -9999.00
     1   2005      8    2600.0      -2.1      13.4      0.52      2.00      4.70  -9999.00
     1   2005      9    3600.0      -0.3       8.3      0.60      2.00      0.00  -9999.00
     1   2005     10    1700.0      -2.9       1.5      0.49      2.00      0.00  -9999.00
     1   2005     11    1700.0       7.1       9.8      1.01      2.00      0.60  -9999.00
     1   2005     12    2100.0       6.2       8.2      0.95      2.00      0.00  -9999.00
     1   2005     13     800.0      -0.4       9.8      0.59      2.00      4.90  -9999.00
     1   2005     14    3400.0       3.5       5.6      0.78      2.00      1.20  -9999.00
     1   2005     15     800.0       6.4       8.4      0.96      2.00      1.70  -9999.00
     1   2005     16    4400.0       2.6       8.0      0.74      2.00      0.00  -9999.00
     1   2005     17    3400.0       7.4       8.7      1.03      2.00      0.30  -9999.00
     1   2005     18    1900.0       1.9      10.7      0.70      2.00      0.40  -9999.00
     1   2005     19    4100.0       5.2       7.2      0.88      2.00      2.40  -9999.00
     1   2005     20    2000.0       0.6       7.5      0.64      2.00      0.00  -9999.00
     1   2005     21    5900.0       3.0       6.3      0.76      2.00      0.00  -9999.00
     1   2005     22    1900.0       5.5       9.7      0.90      2.00      7.70  -9999.00
     1   2005     23    4500.0       5.3       7.3      0.89      2.00     11.30  -9999.00
     1   2005     24    2000.0       8.3       9.4      1.09      2.00      6.80  -9999.00
     1   2005     25    3400.0       2.1       9.4      0.71      2.00      0.20  -9999.00
     1   2005     26    1700.0       1.5       6.6      0.68      2.00      0.20  -9999.00
     1   2005     27    3900.0       7.1       8.5      1.01      2.00      2.00  -9999.00
     1   2005     28    3000.0       6.8      10.9      0.99      2.00      0.40  -9999.00
     1   2005     29    2800.0       3.7      11.6      0.80      2.00      2.90  -9999.00
     1   2005     30    5800.0      -6.6       1.6      0.37      2.00      0.00  -9999.00
     1   2005     31    2900.0       4.2      10.1      0.82      2.00      3.70  -9999.00
     1   2005     32    2100.0      -0.6       4.4      0.58      2.00      1.30  -9999.00
     1   2005     33    1100.0       5.0       8.2      0.87      2.00      2.20  -9999.00
     1   2005     34    5200.0       7.4       9.4      1.03      2.00      1.50  -9999.00
     1   2005     35    2400.0       5.9      10.1      0.93      2.00      0.90  -9999.00
     1   2005     36    5400.0       4.7       9.6      0.85      2.00      0.40  -9999.00
     1   2005     37    2800.0       6.9      11.5      0.99      2.00      0.60  -9999.00
     1   2005     38    2600.0       5.0       5.4      0.87      2.00      5.20  -9999.00
     1   2005     39    6000.0      -0.4       6.9      0.59      2.00      0.20  -9999.00
     1   2005     40    4300.0       3.6       8.0      0.79      2.00     11.20  -9999.00
     1   2005     41    2700.0       4.0       6.6      0.81      2.00      8.20  -9999.00
     1   2005     42    1300.0      -0.5       8.6      0.59      2.00      0.10  -9999.00
     1   2005     43    5500.0       4.9       6.4      0.87      2.00      1.10  -9999.00
     1   2005     44    6000.0       2.5      10.9      0.73      2.00      0.10  -9999.00
     1   2005     45    7000.0      -1.5       9.9      0.55      2.00      0.30  -9999.00
     1   2005     46    4200.0       1.4       8.2      0.68      2.00      3.50  -9999.00
     1   2005     47    2700.0       1.4       9.9      0.68      2.00     14.80  -9999.00
     1   2005     48    2700.0       4.2       6.2      0.82      2.00      1.30  -9999.00
     1   2005     49    5500.0       1.0       3.0      0.66      2.00      0.10  -9999.00
     1   2005     50    6100.0      -0.5       9.6      0.59      2.00      0.50  -9999.00
     1   2005     51    7200.0       5.0       9.5      0.87      2.00      0.50  -9999.00
     1   2005     52    3600.0      -5.8       9.7      0.40      2.00     14.60  -9999.00
     1   2005     53    7000.0      -3.8      11.1      0.46      2.00      0.10  -9999.00
     1   2005     54    6300.0       5.5       8.3      0.90      2.00      0.10  -9999.00
     1   2005     55    4900.0       6.9       9.1      0.99      2.00      4.70  -9999.00
     1   2005     56    7700.0       2.6       2.9      0.74      2.00      0.00  -9999.00
     1   2005     57    4000.0       7.1       7.6      1.01      2.00      0.00  -9999.00
     1   2005     58   10100.0      -5.8      11.2      0.40      2.00      0.00  -9999.00
     1   2005     59    7400.0       4.2       9.9      0.82      2.00      0.00  -9999.00
     1   2005     60    7500.0      -5.5       9.7      0.41      2.00      0.00  -9999.00
     1   2005     61    8000.0       3.0       5.0      0.76      2.00      0.00  -9999.00
     1   2005     62    9000.0       2.7       4.7      0.74      2.00      0.00  -9999.00
     1   2005     63   11900.0       5.0       7.0      0.87      2.00      0.00  -9999.00
     1   2005     64    2300.0       3.2      10.2      0.77      2.00     24.00  -9999.00
     1   2005     65    6100.0       6.3      11.1      0.95      2.00      3.10  -9999.00
     1   2005     66    8000.0      10.4      11.8      1.26      2.00      5.50  -9999.00
     1   2005     67    2000.0       4.4       6.4      0.84      2.00      1.30  -9999.00
     1   2005     68    8500.0      -3.1       8.2      0.49      2.00      0.00  -9999.00
     1   2005     69   10900.0      -0.2      11.0      0.60      2.00      0.00  -9999.00
     1   2005     70   10500.0       4.7      11.4      0.85      2.00     19.10  -9999.00
     1   2005     71   13900.0       4.5       6.5      0.84      2.00      0.00  -9999.00
     1   2005     72    4900.0       4.7       8.9      0.85      2.00      0.00  -9999.00
     1   2005     73    9100.0       4.8      11.6      0.86      2.00      0.00  -9999.00
     1   2005     74    9000.0       1.7       9.2      0.69      2.00      0.00  -9999.00
     1   2005     75    5600.0       3.3       5.3      0.77      2.00      3.10  -9999.00
     1   2005     76    4500.0       0.1      11.7      0.62      2.00      0.00  -9999.00
     1   2005     77    4300.0       3.5      10.9      0.78      2.00      2.80  -9999.00
     1   2005     78   14400.0       4.2       6.2      0.82      2.00      0.00  -9999.00
     1   2005     79    9200.0       3.8      10.7      0.80      2.00      1.80  -9999.00
     1   2005     80    5900.0       7.1      13.8      1.01      2.00      0.00  -9999.00
     1   2005     81    8400.0       3.1       9.7      0.76      2.00      0.00  -9999.00
     1   2005     82    9300.0      -0.8      16.7      0.58      2.00      0.00  -9999.00
     1   2005     83    3000.0      -0.9       8.9      0.57      2.00      0.00  -9999.00
     1   2005     84    9700.0       0.6      11.6      0.64      2.00      0.00  -9999.00
     1   2005     85   12200.0       6.2       7.8      0.95      2.00      0.00  -9999.00
     1   2005     86   15400.0       2.0      10.1      0.71      2.00      0.00  -9999.00
     1   2005     87   12900.0       4.3      11.9      0.83      2.00      0.00  -9999.00
     1   2005     88   12200.0       0.3      14.2      0.62      2.00      0.00  -9999.00
     1   2005     89   18400.0       4.4      10.9      0.84      2.00      0.70  -9999.00
     1   2005     90   18200.0       5.4       6.1      0.90      2.00      0.00  -9999.00
     1   2005     91    8700.0       5.7       7.5      0.92      2.00      6.90  -9999.00
     1   2005     92   14500.0       5.9      10.4      0.93      2.00      6.90  -9999.00
     1   2005     93    7400.0       4.5       8.8      0.84      2.00     12.80  -9999.00
     1   2005     94   11400.0       9.1      10.4      1.16      2.00     20.00  -9999.00
     1   2005     95    5600.0      -1.8      11.8      0.54      2.00      0.20  -9999.00
     1   2005     96   13200.0       3.1       9.5      0.76      2.00      0.50  -9999.00
     1   2005     97    8100.0       8.3      12.9      1.09      2.00      0.00  -9999.00
     1   2005     98   14700.0       0.9      10.0      0.65      2.00      0.00  -9999.00
     1   2005     99    8600.0       4.0      10.6      0.81      2.00      1.10  -9999.00
     1   2005    100    7100.0       6.0       9.4      0.93      2.00      0.00  -9999.00
     1   2005    101    7100.0       3.0       8.8      0.76      2.00      1.40  -9999.00
     1   2005    102    3100.0       4.4      10.9      0.84      2.00      2.80  -9999.00
     1   2005    103   21600.0       7.0      12.2      1.00      2.00      0.00  -9999.00
     1   2005    104   15100.0       2.3      10.8      0.72      2.00      0.00  -9999.00
     1   2005    105   11300.0       8.4      12.3      1.10      2.00      3.10  -9999.00
     1   2005    106    3300.0      -1.3      14.6      0.56      2.00      0.70  -9999.00
     1   2005    107   14100.0       4.5       9.6      0.84      2.00      1.20  -9999.00
     1   2005    108   13400.0       1.9      10.6      0.70      2.00      0.60  -9999.00
     1   2005    109   11200.0       7.1      10.4      1.01      2.00      3.40  -9999.00
     1   2005    110   18800.0       9.3       9.4      1.17      2.00     11.40  -9999.00
     1   2005    111   14300.0       4.4      17.7      0.84      2.00      0.00  -9999.00
     1   2005    112   11400.0       5.8      16.5      0.92      2.00      0.50  -9999.00
     1   2005    113    7100.0       4.6       7.6      0.85      2.00      0.40  -9999.00
     1   2005    114   10800.0       8.8      10.8      1.13      2.00      0.60  -9999.00
     1   2005    115   13200.0       8.9      12.6      1.14      2.00      3.00  -9999.00
     1   2005    116   16700.0       7.3      11.8      1.02      2.00      7.50  -9999.00
     1   2005    117   19100.0      10.4      13.0      1.26      2.00      0.40  -9999.00
     1   2005    118   18300.0       5.3      10.9      0.89      2.00      1.00  -9999.00
     1   2005    119   19200.0       8.2      15.6      1.09      2.00     10.30  -9999.00
     1   2005    120   17800.0       9.9      15.6      1.22      2.00      0.00  -9999.00
     1   2005    121   17100.0       7.6      16.4      1.04      2.00      0.00  -9999.00
     1   2005    122   19000.0       8.4      12.2      1.10      2.00      0.00  -9999.00
     1   2005    123   19100.0       6.0      16.2      0.93      2.00      0.00  -9999.00
     1   2005    124   17700.0       7.3      19.5      1.02      2.00      0.00  -9999.00
     1   2005    125   22000.0      11.5      21.5      1.36      2.00      0.00  -9999.00
     1   2005    126   15300.0       1.3      11.8      0.67      2.00      4.40  -9999.00
     1   2005    127   19400.0       7.2      14.3      1.02      2.00      0.20  -9999.00
     1   2005    128   15800.0      10.7      14.2      1.29      2.00      1.00  -9999.00
     1   2005    129   23900.0       2.8      17.3      0.75      2.00      0.00  -9999.00
     1   2005    130   16500.0       4.8      13.8      0.86      2.00      0.00  -9999.00
     1   2005    131   13300.0       6.8      20.7      0.99      2.00      7.80  -9999.00
     1   2005    132   12400.0       6.0      16.5      0.93      2.00      0.20  -9999.00
     1   2005    133   13300.0      12.6      13.4      1.46      2.00      0.70  -9999.00
     1   2005    134   22900.0      13.4      16.9      1.54      2.00      0.00  -9999.00
     1   2005    135   16200.0       7.8      20.9      1.06      2.00      0.00  -9999.00
     1   2005    136   20000.0      11.2      22.4      1.33      2.00      0.00  -9999.00
     1   2005    137   22000.0       8.6      15.8      1.12      2.00      0.00  -9999.00
     1   2005    138   16000.0       6.5      14.3      0.97      2.00      1.70  -9999.00
     1   2005    139   14400.0       6.5      18.7      0.97      2.00      0.00  -9999.00
     1   2005    140   28100.0       9.8      16.6      1.21      2.00      0.00  -9999.00
     1   2005    141   16900.0       9.0      14.1      1.15      2.00      5.70  -9999.00
     1   2005    142   19700.0       8.4      16.6      1.10      2.00      0.20  -9999.00
     1   2005    143   24200.0      10.3      12.9      1.25      2.00      0.00  -9999.00
     1   2005    144   16100.0       4.5      14.8      0.84      2.00      0.10  -9999.00
     1   2005    145   10100.0      10.5      17.8      1.27      2.00     34.90  -9999.00
     1   2005    146   15000.0       4.5      16.4      0.84      2.00      0.00  -9999.00
     1   2005    147   11000.0       9.5      20.4      1.19      2.00      0.10  -9999.00
     1   2005    148   21200.0      11.6      20.1      1.37      2.00      0.00  -9999.00
     1   2005    149   11700.0       4.3      20.2      0.83      2.00      0.00  -9999.00
     1   2005    150   18200.0       5.0      20.6      0.87      2.00      0.00  -9999.00
     1   2005    151   27100.0       6.7      15.3      0.98      2.00      0.00  -9999.00
     1   2005    152   25600.0       8.8      11.1      1.13      2.00      2.90  -9999.00
     1   2005    153    8600.0       8.9      17.1      1.14      2.00      0.20  -9999.00
     1   2005    154   18500.0       9.4      16.7      1.18      2.00     11.00  -9999.00
     1   2005    155    9600.0       4.3      14.8      0.83      2.00      4.80  -9999.00
     1   2005    156   10200.0       7.5      16.1      1.04      2.00      5.00  -9999.00
     1   2005    157   23700.0       7.1      17.3      1.01      2.00      0.00  -9999.00
     1   2005    158   14200.0       8.4      23.5      1.10      2.00      0.00  -9999.00
     1   2005    159   27100.0      11.5      15.0      1.36      2.00      0.00  -9999.00
     1   2005    160   21300.0      10.9      19.0      1.30      2.00      0.00  -9999.00
     1   2005    161   11900.0      12.3      17.6      1.43      2.00      0.60  -9999.00
     1   2005    162   15600.0      11.7      15.5      1.37      2.00      0.70  -9999.00
     1   2005    163   22700.0       9.4      17.5      1.18      2.00      0.00  -9999.00
     1   2005    164   13300.0      13.4      21.5      1.54      2.00      0.00  -9999.00
     1   2005    165   25100.0       8.3      16.6      1.09      2.00      0.00  -9999.00
     1   2005    166   10400.0       8.2      15.1      1.09      2.00      0.00  -9999.00
     1   2005    167   26700.0      13.6      20.1      1.56      2.00      0.00  -9999.00
     1   2005    168   15000.0      10.8      20.6      1.29      2.00      0.00  -9999.00
     1   2005    169   29200.0      10.3      19.5      1.25      2.00      0.00  -9999.00
     1   2005    170   21300.0      12.0      18.0      1.40      2.00      0.00  -9999.00
     1   2005    171   26600.0      13.9      16.3      1.59      2.00      0.00  -9999.00
     1   2005    172   10300.0       7.6      21.5      1.04      2.00      0.00  -9999.00
     1   2005    173   17300.0      14.2      15.6      1.62      2.00      0.00  -9999.00
     1   2005    174   26600.0      13.7      26.3      1.57      2.00      0.00  -9999.00
     1   2005    175   18600.0      12.0      24.0      1.40      2.00      0.00  -9999.00
     1   2005    176   19300.0      13.8      15.5      1.58      2.00      0.00  -9999.00
     1   2005    177   26300.0      14.0      24.4      1.60      2.00      0.00  -9999.00
     1   2005    178   13800.0      13.7      15.4      1.57      2.00      0.30  -9999.00
     1   2005    179   16500.0      13.8      18.4      1.58      2.00      3.00  -9999.00
     1   2005    180   24600.0      16.6      17.5      1.89      2.00      0.00  -9999.00
     1   2005    181   21000.0      11.2      22.3      1.33      2.00      0.00  -9999.00
     1   2005    182   29700.0      10.3      20.2      1.25      2.00      0.00  -9999.00
     1   2005    183   16900.0      14.6      27.2      1.66      2.00      0.00  -9999.00
     1   2005    184    9600.0      13.8      22.9      1.58      2.00      0.00  -9999.00
     1   2005    185   27100.0      12.5      21.3      1.45      2.00      0.00  -9999.00
     1   2005    186   17800.0      12.0      21.5      1.40      2.00      0.00  -9999.00
     1   2005    187   18200.0      12.1      24.6      1.41      2.00      0.00  -9999.00
     1   2005    188   11200.0      10.8      20.6      1.29      2.00      3.90  -9999.00
     1   2005    189    9400.0      12.7      19.8      1.47      2.00     19.00  -9999.00
     1   2005    190   17100.0       7.6      18.6      1.04      2.00      0.10  -9999.00
     1   2005    191   13500.0      14.4      18.5      1.64      2.00     14.30  -9999.00
     1   2005    192   24300.0      16.4      18.2      1.86      2.00      0.00  -9999.00
     1   2005    193   19600.0      13.4      16.7      1.54      2.00      3.00  -9999.00
     1   2005    194   28200.0       9.4      25.2      1.18      2.00      0.00  -9999.00
     1   2005    195   26100.0      12.6      20.3      1.46      2.00      0.00  -9999.00
     1   2005    196    9700.0      13.1      20.9      1.51      2.00      0.90  -9999.00
     1   2005    197   13300.0      15.9      17.0      1.81      2.00     14.10  -9999.00
     1   2005    198   20800.0      13.9      18.2      1.59      2.00      2.20  -9999.00
     1   2005    199   15000.0      17.6      18.4      2.01      2.00      2.20  -9999.00
     1   2005    200   18400.0      13.1      23.0      1.51      2.00      0.00  -9999.00
     1   2005    201   11100.0       9.8      15.3      1.21      2.00      3.70  -9999.00
     1   2005    202   10500.0      12.6      19.6      1.46      2.00      3.00  -9999.00
     1   2005    203   20900.0      12.4      19.8      1.44      2.00      3.80  -9999.00
     1   2005    204   24800.0      13.9      15.9      1.59      2.00      0.60  -9999.00
     1   2005    205   20100.0      17.5      18.0      2.00      2.00     13.80  -9999.00
     1   2005    206   18400.0      11.0      19.3      1.31      2.00      0.10  -9999.00
     1   2005    207   18200.0      14.4      18.3      1.64      2.00      0.00  -9999.00
     1   2005    208   25000.0      12.0      19.8      1.40      2.00      0.00  -9999.00
     1   2005    209   23200.0      13.3      18.3      1.53      2.00      0.80  -9999.00
     1   2005    210   13900.0      16.8      21.6      1.91      2.00      6.00  -9999.00
     1   2005    211   13200.0       8.8      20.7      1.13      2.00      5.60  -9999.00
     1   2005    212    9400.0      14.8      20.0      1.68      2.00      5.70  -9999.00
     1   2005    213   15300.0      12.4      20.7      1.44      2.00      9.70  -9999.00
     1   2005    214   21500.0      11.2      23.8      1.33      2.00      0.00  -9999.00
     1   2005    215   26500.0      15.8      18.4      1.79      2.00      0.00  -9999.00
     1   2005    216    5700.0      11.1      18.0      1.32      2.00      5.70  -9999.00
     1   2005    217    6700.0      14.3      22.5      1.63      2.00      0.30  -9999.00
     1   2005    218    4200.0       9.4      16.6      1.18      2.00     19.50  -9999.00
     1   2005    219   19600.0      13.9      20.9      1.59      2.00      0.00  -9999.00
     1   2005    220   10200.0      14.4      18.0      1.64      2.00     20.70  -9999.00
     1   2005    221    7600.0      16.1      21.1      1.83      2.00      4.40  -9999.00
     1   2005    222   10200.0      11.3      17.6      1.34      2.00      5.20  -9999.00
     1   2005    223   15300.0      10.4      23.9      1.26      2.00      1.30  -9999.00
     1   2005    224   11000.0      12.4      28.2      1.44      2.00     17.10  -9999.00
     1   2005    225   13800.0      12.0      17.5      1.40      2.00      2.30  -9999.00
     1   2005    226   20200.0      13.2      20.7      1.52      2.00     10.20  -9999.00
     1   2005    227   14200.0      11.7      15.8      1.37      2.00      1.40  -9999.00
     1   2005    228    9600.0      17.1      18.4      1.95      2.00      0.10  -9999.00
     1   2005    229    7200.0       9.5      20.6      1.19      2.00     14.80  -9999.00
     1   2005    230   10900.0      13.1      20.1      1.51      2.00      6.50  -9999.00
     1   2005    231   17300.0      15.0      18.1      1.70      2.00      0.10  -9999.00
     1   2005    232    9400.0      13.2      19.8      1.52      2.00     19.60  -9999.00
     1   2005    233   17500.0      14.8      20.8      1.68      2.00      2.00  -9999.00
     1   2005    234   21700.0      12.8      21.1      1.48      2.00      0.00  -9999.00
     1   2005    235   16600.0      14.9      22.5      1.69      2.00      0.00  -9999.00
     1   2005    236    5200.0      10.3      17.7      1.25      2.00      0.10  -9999.00
     1   2005    237   12700.0      10.4      16.9      1.26      2.00      2.60  -9999.00
     1   2005    238   15500.0      11.5      27.9      1.36      2.00      0.00  -9999.00
     1   2005    239   16100.0       9.6      18.3      1.20      2.00      0.00  -9999.00
     1   2005    240   16200.0      11.4      16.2      1.35      2.00      0.00  -9999.00
     1   2005    241   17000.0      14.5      20.2      1.65      2.00      0.00  -9999.00
     1   2005    242   12600.0      16.6      21.2      1.89      2.00      0.00  -9999.00
     1   2005    243   20500.0      14.1      21.8      1.61      2.00      0.00  -9999.00
     1   2005    244   14200.0      10.5      21.1      1.27      2.00      0.00  -9999.00
     1   2005    245   10800.0      13.4      20.5      1.54      2.00      3.50  -9999.00
     1   2005    246    9800.0      11.0      22.6      1.31      2.00      5.70  -9999.00
     1   2005    247    3500.0      16.0      19.4      1.82      2.00      0.20  -9999.00
     1   2005    248   14700.0      10.2      19.1      1.24      2.00      0.00  -9999.00
     1   2005    249   10700.0      12.6      18.4      1.46      2.00      0.00  -9999.00
     1   2005    250    5300.0       6.0      19.2      0.93      2.00      1.80  -9999.00
     1   2005    251   16800.0      11.9      16.5      1.39      2.00      0.00  -9999.00
     1   2005    252    6900.0      11.7      15.5      1.37      2.00      5.60  -9999.00
     1   2005    253   12900.0      12.9      17.0      1.49      2.00      6.60  -9999.00
     1   2005    254   10800.0      12.6      22.9      1.46      2.00      4.60  -9999.00
     1   2005    255    8500.0      14.2      17.6      1.62      2.00     50.70  -9999.00
     1   2005    256    6800.0      13.1      17.2      1.51      2.00      3.10  -9999.00
     1   2005    257    7700.0       8.1      19.4      1.08      2.00      0.00  -9999.00
     1   2005    258   10600.0       9.5      18.5      1.19      2.00      0.10  -9999.00
     1   2005    259   12100.0      11.9      17.8      1.39      2.00     10.70  -9999.00
     1   2005    260   11100.0      12.2      15.3      1.42      2.00     12.90  -9999.00
     1   2005    261   12400.0       7.8      16.3      1.06      2.00      0.10  -9999.00
     1   2005    262   14200.0      11.0      17.1      1.31      2.00      0.10  -9999.00
     1   2005    263    8400.0      15.1      18.2      1.72      2.00      0.30  -9999.00
     1   2005    264   11300.0      11.7      13.6      1.37      2.00      0.70  -9999.00
     1   2005    265   11000.0       9.8      17.2      1.21      2.00      0.30  -9999.00
     1   2005    266    9100.0       7.6      15.8      1.04      2.00      7.20  -9999.00
     1   2005    267    7200.0      10.8      15.9      1.29      2.00      6.30  -9999.00
     1   2005    268    5200.0       7.8      17.2      1.06      2.00     47.30  -9999.00
     1   2005    269   13200.0       8.3      15.4      1.09      2.00      2.70  -9999.00
     1   2005    270    7700.0       8.4      17.5      1.10      2.00      0.00  -9999.00
     1   2005    271    8600.0       7.7      14.3      1.05      2.00      0.00  -9999.00
     1   2005    272    8300.0      10.9      16.8      1.30      2.00      0.00  -9999.00
     1   2005    273   10300.0       5.2      18.2      0.88      2.00      0.00  -9999.00
     1   2005    274    8000.0       9.7      14.6      1.20      2.00      1.30  -9999.00
     1   2005    275    4900.0       4.8      17.6      0.86      2.00      0.40  -9999.00
     1   2005    276    9500.0       7.5      20.1      1.04      2.00      5.50  -9999.00
     1   2005    277    7800.0      13.3      15.1      1.53      2.00     10.20  -9999.00
     1   2005    278    8800.0       6.1      20.4      0.94      2.00     10.40  -9999.00
     1   2005    279   11400.0       8.0      16.2      1.07      2.00      0.00  -9999.00
     1   2005    280    9700.0       6.8      16.0      0.99      2.00      0.00  -9999.00
     1   2005    281    7800.0      12.6      17.9      1.46      2.00     14.40  -9999.00
     1   2005    282    4800.0      13.8      14.0      1.58      2.00      0.10  -9999.00
     1   2005    283    7400.0      12.2      17.0      1.42      2.00      5.00  -9999.00
     1   2005    284    6400.0       8.1      16.2      1.08      2.00      0.00  -9999.00
     1   2005    285    9800.0       7.2      13.3      1.02      2.00      0.00  -9999.00
     1   2005    286    8900.0       3.6      12.5      0.79      2.00      0.00  -9999.00
     1   2005    287    9000.0       8.5      14.4      1.11      2.00      0.00  -9999.00
     1   2005    288    8300.0       7.1      12.1      1.01      2.00      0.00  -9999.00
     1   2005    289    8500.0       8.8      14.4      1.13      2.00      0.00  -9999.00
     1   2005    290    5300.0      11.8      14.8      1.38      2.00      0.00  -9999.00
     1   2005    291    7900.0       6.7      16.7      0.98      2.00      0.00  -9999.00
     1   2005    292    5100.0       5.1      14.1      0.88      2.00      0.00  -9999.00
     1   2005    293    2600.0       4.0       9.6      0.81      2.00      5.40  -9999.00
     1   2005    294    6800.0      10.3      14.0      1.25      2.00      0.00  -9999.00
     1   2005    295    4600.0      10.6      13.9      1.28      2.00      0.00  -9999.00
     1   2005    296    3000.0       7.7      16.1      1.05      2.00      0.00  -9999.00
     1   2005    297    3400.0      -1.4      10.5      0.55      2.00      0.00  -9999.00
     1   2005    298    4200.0       5.5      12.1      0.90      2.00      0.80  -9999.00
     1   2005    299    9200.0       4.2      14.0      0.82      2.00      0.00  -9999.00
     1   2005    300    9000.0       6.0       8.9      0.93      2.00      0.00  -9999.00
     1   2005    301    3100.0       8.1      14.1      1.08      2.00      0.00  -9999.00
     1   2005    302    3300.0       3.4      14.2      0.78      2.00      0.00  -9999.00
     1   2005    303    7300.0      11.4      13.4      1.35      2.00      0.00  -9999.00
     1   2005    304    6100.0      11.0      13.0      1.31      2.00      0.00  -9999.00
     1   2005    305    3000.0      -2.5       9.3      0.51      2.00      0.00  -9999.00
     1   2005    306    2700.0       5.9      12.0      0.93      2.00      0.00  -9999.00
     1   2005    307    6800.0       3.6       9.2      0.79      2.00      0.00  -9999.00
     1   2005    308    3500.0       2.2      10.7      0.72      2.00      0.00  -9999.00
     1   2005    309    4300.0       6.0       9.1      0.93      2.00      0.00  -9999.00
     1   2005    310    6300.0       5.5      12.3      0.90      2.00      0.00  -9999.00
     1   2005    311    2100.0      11.0      12.3      1.31      2.00      0.90  -9999.00
     1   2005    312    2100.0       0.9       9.4      0.65      2.00      0.00  -9999.00
     1   2005    313    7100.0      12.6      13.6      1.46      2.00      4.80  -9999.00
     1   2005    314    6100.0       9.3      12.1      1.17      2.00      0.00  -9999.00
     1   2005    315    2800.0       2.2      13.7      0.72      2.00      0.00  -9999.00
     1   2005    316    2200.0      12.4      13.8      1.44      2.00      0.50  -9999.00
     1   2005    317    2900.0       5.6      13.7      0.91      2.00     16.30  -9999.00
     1   2005    318    1600.0       0.8      10.6      0.65      2.00      0.00  -9999.00
     1   2005    319    3200.0       1.6       7.6      0.69      2.00      0.00  -9999.00
     1   2005    320    3300.0       6.2       8.2      0.95      2.00      5.90  -9999.00
     1   2005    321    6200.0       9.7      11.7      1.20      2.00      0.30  -9999.00
     1   2005    322    4900.0       2.0       8.6      0.71      2.00      1.10  -9999.00
     1   2005    323     900.0       5.4      12.2      0.90      2.00      0.90  -9999.00
     1   2005    324    3800.0       3.5      12.2      0.78      2.00      0.20  -9999.00
     1   2005    325    3500.0       7.0       8.5      1.00      2.00      1.10  -9999.00
     1   2005    326    2100.0       8.6      10.6      1.12      2.00      8.30  -9999.00
     1   2005    327    4000.0       1.7      14.1      0.69      2.00      5.60  -9999.00
     1   2005    328    4400.0      -0.1      12.7      0.61      2.00      0.60  -9999.00
     1   2005    329    1800.0       8.8      10.8      1.13      2.00      3.00  -9999.00
     1   2005    330    1500.0       6.3      11.4      0.95      2.00      3.00  -9999.00
     1   2005    331    1900.0       8.7      14.1      1.12      2.00      3.30  -9999.00
     1   2005    332    2800.0       3.2      12.9      0.77      2.00      0.40  -9999.00
     1   2005    333    1800.0       0.3       9.6      0.62      2.00      0.00  -9999.00
     1   2005    334    4000.0       6.8       8.8      0.99      2.00      0.00  -9999.00
     1   2005    335    2100.0       4.9       8.8      0.87      2.00      7.30  -9999.00
     1   2005    336    2800.0       4.9      11.3      0.87      2.00      0.40  -9999.00
     1   2005    337    1000.0       9.3      11.2      1.17      2.00      0.00  -9999.00
     1   2005    338    3300.0       6.7      10.4      0.98      2.00      3.90  -9999.00
     1   2005    339    1500.0       5.4       7.8      0.90      2.00      3.70  -9999.00
     1   2005    340    3200.0       0.3       7.0      0.62      2.00      0.00  -9999.00
     1   2005    341    2700.0       3.5      10.0      0.78      2.00      0.00  -9999.00
     1   2005    342    2200.0       4.9      11.2      0.87      2.00      5.20  -9999.00
     1   2005    343    1500.0       2.8      10.1      0.75      2.00      8.30  -9999.00
     1   2005    344    2400.0      -1.6      10.1      0.54      2.00     13.10  -9999.00
     1   2005    345    2200.0       8.8      10.8      1.13      2.00      0.10  -9999.00
     1   2005    346    4300.0       8.3      10.8      1.09      2.00      5.90  -9999.00
     1   2005    347    2700.0      -3.1       3.6      0.49      2.00      3.20  -9999.00
     1   2005    348    2100.0       4.9       6.7      0.87      2.00      4.50  -9999.00
     1   2005    349    2400.0       3.7       7.0      0.80      2.00      0.20  -9999.00
     1   2005    350    3300.0       4.4       8.8      0.84      2.00      0.00  -9999.00
     1   2005    351    1900.0       4.1       6.1      0.82      2.00      1.50  -9999.00
     1   2005    352    1300.0       5.6      12.1      0.91      2.00      8.10  -9999.00
     1   2005    353    1400.0      -0.3       7.4      0.60      2.00      0.20  -9999.00
     1   2005    354    2500.0       4.9       5.4      0.87      2.00      0.90  -9999.00
     1   2005    355    2700.0       0.5       7.0      0.63      2.00      3.00  -9999.00
     1   2005    356    3800.0       4.5       6.5      0.84      2.00      0.00  -9999.00
     1   2005    357     800.0       0.8       7.8      0.65      2.00      7.60  -9999.00
     1   2005    358    2600.0       9.8      10.7      1.21      2.00      1.40  -9999.00
     1   2005    359    1900.0       6.2       7.1      0.95      2.00      2.20  -9999.00
     1   2005    360    1500.0      -0.4       3.3      0.59      2.00      0.00  -9999.00
     1   2005    361    2900.0       0.2       8.9      0.62      2.00      2.90  -9999.00
     1   2005    362    1800.0       7.2      12.4      1.02      2.00     12.50  -9999.00
     1   2005    363    2500.0       4.6       7.1      0.85      2.00      9.10  -9999.00
     1   2005    364    2200.0       5.6       8.0      0.91      2.00      1.40  -9999.00
     1   2005    365     900.0       0.9       9.9      0.65      2.00      4.00  -9999.00
