*-----------------------------------------------------------------------------* 
           CNWG_124.met           51.48   -3.55   69.72
* Date created:  08-Aug-2019     Author: K Coleman 
* 
* NIL VALUE       -9999 
* Source:   data provided by M. Semenov 
*  
* Latitude:    51.48 Longitude:    -3.55 Altitude:    69.72
* 
* Column  Daily value 
* 1       station number 
* 2       year 
* 3       day 
* 4       irradiation                   (kJ m-2 d-1) 
* 5       minimum temperature           (degrees Celsius) 
* 6       maximum temperature           (degrees Celsius) 
* 7       early morning vapour pressure (kPa)             
* 8       mean wind speed (height: 2 m?) (m s-1)          
* 9       precipitation                 (mm d-1)          
* 10      sunshine                      (hrs)             
 		Jday	RAD	    TMIN	TMAX	 VAP	wind	RAIN	SUN  
               kj/m2	°C	    °C	     kPa	m/s	    mm	    hrs 
   51.48  69.72
     1   2005      1    2400.0       3.4       5.4      0.78      2.00      0.00  -9999.00
     1   2005      2    3100.0      -0.9       9.6      0.57      2.00      2.40  -9999.00
     1   2005      3    3600.0       9.0      11.3      1.15      2.00      2.00  -9999.00
     1   2005      4    1600.0       3.0       7.5      0.76      2.00      0.90  -9999.00
     1   2005      5    1700.0       6.4      10.6      0.96      2.00      1.20  -9999.00
     1   2005      6    3000.0       9.4      11.4      1.18      2.00      1.00  -9999.00
     1   2005      7    1600.0       6.4      12.0      0.96      2.00      0.90  -9999.00
     1   2005      8    3600.0      -0.3      11.2      0.60      2.00      3.70  -9999.00
     1   2005      9    2500.0       4.2       9.6      0.82      2.00      9.90  -9999.00
     1   2005     10     800.0       0.4       9.7      0.63      2.00      0.30  -9999.00
     1   2005     11    2300.0       5.3      10.7      0.89      2.00      4.30  -9999.00
     1   2005     12    1200.0       5.5      12.3      0.90      2.00      1.00  -9999.00
     1   2005     13    2500.0       6.0       8.0      0.93      2.00      1.10  -9999.00
     1   2005     14    1800.0       8.5      10.5      1.11      2.00      0.20  -9999.00
     1   2005     15    1600.0       1.2       9.8      0.67      2.00      0.50  -9999.00
     1   2005     16    2000.0       4.7       9.2      0.85      2.00      2.90  -9999.00
     1   2005     17    3200.0       0.7       8.7      0.64      2.00      0.00  -9999.00
     1   2005     18    1700.0       7.1      12.5      1.01      2.00      4.60  -9999.00
     1   2005     19    1900.0       1.5       4.1      0.68      2.00      3.00  -9999.00
     1   2005     20    3200.0       5.7       8.3      0.92      2.00      1.00  -9999.00
     1   2005     21    3700.0       0.5       6.3      0.63      2.00      0.00  -9999.00
     1   2005     22     900.0       2.3      10.3      0.72      2.00      0.30  -9999.00
     1   2005     23    4500.0       7.5      10.3      1.04      2.00      0.60  -9999.00
     1   2005     24    5300.0       6.4      10.6      0.96      2.00      1.00  -9999.00
     1   2005     25    2000.0       4.9       8.7      0.87      2.00      5.20  -9999.00
     1   2005     26    3300.0       0.7       9.1      0.64      2.00     23.90  -9999.00
     1   2005     27    3300.0       2.9       9.1      0.75      2.00      5.60  -9999.00
     1   2005     28    5900.0       0.6       6.6      0.64      2.00     19.30  -9999.00
     1   2005     29    4000.0       3.2      11.6      0.77      2.00      0.20  -9999.00
     1   2005     30    1900.0       1.1       9.0      0.66      2.00      0.90  -9999.00
     1   2005     31    4600.0       2.4       3.5      0.73      2.00      0.20  -9999.00
     1   2005     32    2700.0       4.3      12.2      0.83      2.00      1.70  -9999.00
     1   2005     33    3400.0       4.0      10.9      0.81      2.00      0.80  -9999.00
     1   2005     34    2500.0       4.0       9.5      0.81      2.00      4.80  -9999.00
     1   2005     35    6600.0      -0.2       9.5      0.60      2.00      0.00  -9999.00
     1   2005     36    4500.0       2.8       9.7      0.75      2.00      8.00  -9999.00
     1   2005     37    2200.0       2.1       4.1      0.71      2.00      2.00  -9999.00
     1   2005     38    6800.0       6.9       8.7      0.99      2.00      0.00  -9999.00
     1   2005     39    8200.0      -4.5       6.1      0.44      2.00      0.00  -9999.00
     1   2005     40    6200.0       0.2       5.8      0.62      2.00      0.00  -9999.00
     1   2005     41    8500.0       0.4       2.4      0.63      2.00      0.00  -9999.00
     1   2005     42    7900.0       4.5       6.5      0.84      2.00      0.00  -9999.00
     1   2005     43    3500.0       3.9       5.9      0.81      2.00      0.00  -9999.00
     1   2005     44    6100.0       6.9      10.0      0.99      2.00      0.00  -9999.00
     1   2005     45    3500.0       1.0      10.8      0.66      2.00      0.00  -9999.00
     1   2005     46    9300.0       3.2      11.0      0.77      2.00      0.00  -9999.00
     1   2005     47    2800.0       0.2       2.2      0.62      2.00      0.00  -9999.00
     1   2005     48    1700.0      -2.0       8.9      0.53      2.00      0.00  -9999.00
     1   2005     49    2700.0       3.8       5.8      0.80      2.00      3.80  -9999.00
     1   2005     50    7800.0       2.1       6.5      0.71      2.00      0.00  -9999.00
     1   2005     51    9000.0       3.5       9.7      0.78      2.00      0.00  -9999.00
     1   2005     52    7500.0       6.2      12.9      0.95      2.00      0.00  -9999.00
     1   2005     53    3600.0      -0.3      11.5      0.60      2.00      0.30  -9999.00
     1   2005     54    5000.0       8.6       9.6      1.12      2.00     23.10  -9999.00
     1   2005     55    5000.0       2.7       8.7      0.74      2.00      9.90  -9999.00
     1   2005     56    2800.0       7.0       8.5      1.00      2.00      0.10  -9999.00
     1   2005     57    3100.0       3.6       9.0      0.79      2.00      0.90  -9999.00
     1   2005     58    5600.0      -1.0      10.8      0.57      2.00      2.50  -9999.00
     1   2005     59    3700.0      10.1      10.9      1.24      2.00     11.70  -9999.00
     1   2005     60    6400.0       5.1      11.1      0.88      2.00      0.40  -9999.00
     1   2005     61    8600.0       4.2       8.2      0.82      2.00      0.90  -9999.00
     1   2005     62   12400.0       3.2      10.8      0.77      2.00      0.00  -9999.00
     1   2005     63    6700.0      -2.6       8.4      0.50      2.00     18.00  -9999.00
     1   2005     64    9200.0       7.2       9.6      1.02      2.00      2.30  -9999.00
     1   2005     65    6800.0       5.7       7.4      0.92      2.00      4.20  -9999.00
     1   2005     66    2500.0       5.6      14.9      0.91      2.00      0.30  -9999.00
     1   2005     67   11800.0       4.5       4.7      0.84      2.00      1.90  -9999.00
     1   2005     68    6700.0       3.8       8.7      0.80      2.00      0.90  -9999.00
     1   2005     69    6400.0       4.7      10.0      0.85      2.00      0.70  -9999.00
     1   2005     70    4800.0       1.6      15.0      0.69      2.00      0.30  -9999.00
     1   2005     71    5000.0       6.1       9.8      0.94      2.00      1.90  -9999.00
     1   2005     72    2700.0       6.7       9.6      0.98      2.00      3.70  -9999.00
     1   2005     73    8500.0       5.4      10.3      0.90      2.00      0.30  -9999.00
     1   2005     74    6100.0       0.6      10.0      0.64      2.00      0.00  -9999.00
     1   2005     75    7500.0       4.1       6.1      0.82      2.00      2.90  -9999.00
     1   2005     76    7600.0       4.3      12.6      0.83      2.00      9.10  -9999.00
     1   2005     77    6700.0      -0.6       8.5      0.58      2.00      0.10  -9999.00
     1   2005     78   14600.0       3.9      11.8      0.81      2.00      0.00  -9999.00
     1   2005     79    9800.0       1.4      11.5      0.68      2.00      2.90  -9999.00
     1   2005     80    9300.0       7.8       8.5      1.06      2.00      4.20  -9999.00
     1   2005     81    8100.0       4.5       9.3      0.84      2.00      0.20  -9999.00
     1   2005     82    5200.0       5.1       7.0      0.88      2.00      0.30  -9999.00
     1   2005     83   12700.0       2.4       4.7      0.73      2.00      0.00  -9999.00
     1   2005     84    9400.0       2.7       6.8      0.74      2.00      0.00  -9999.00
     1   2005     85   13800.0       3.5       6.4      0.78      2.00      0.20  -9999.00
     1   2005     86   15100.0       9.2      12.4      1.16      2.00      0.20  -9999.00
     1   2005     87    8800.0      -1.0       9.8      0.57      2.00      0.10  -9999.00
     1   2005     88   16800.0       0.7      10.4      0.64      2.00      0.00  -9999.00
     1   2005     89   15500.0       3.6      12.0      0.79      2.00      0.20  -9999.00
     1   2005     90   16300.0       7.1      12.1      1.01      2.00      0.00  -9999.00
     1   2005     91   18100.0       4.0      11.9      0.81      2.00      0.00  -9999.00
     1   2005     92    8900.0       7.1      10.5      1.01      2.00      0.00  -9999.00
     1   2005     93    6700.0       4.6       9.9      0.85      2.00      0.00  -9999.00
     1   2005     94   19600.0       6.9       8.9      0.99      2.00      0.00  -9999.00
     1   2005     95   16900.0      -0.1      13.6      0.61      2.00      0.00  -9999.00
     1   2005     96    9300.0       1.0       9.2      0.66      2.00      3.60  -9999.00
     1   2005     97   11500.0       8.7      10.5      1.12      2.00      0.20  -9999.00
     1   2005     98   15400.0       4.1       9.3      0.82      2.00      0.00  -9999.00
     1   2005     99   11600.0       3.1      11.0      0.76      2.00      0.40  -9999.00
     1   2005    100   17900.0       1.0      12.3      0.66      2.00      6.50  -9999.00
     1   2005    101   11100.0       8.3       9.7      1.09      2.00      1.10  -9999.00
     1   2005    102    7600.0       5.6      11.3      0.91      2.00      0.40  -9999.00
     1   2005    103   19200.0       8.4      13.5      1.10      2.00      3.10  -9999.00
     1   2005    104   19400.0       6.7      16.5      0.98      2.00      0.00  -9999.00
     1   2005    105   22000.0       7.8       9.7      1.06      2.00      0.00  -9999.00
     1   2005    106   20900.0       6.1      12.8      0.94      2.00      0.00  -9999.00
     1   2005    107   12700.0       6.5      14.9      0.97      2.00      3.30  -9999.00
     1   2005    108   20300.0       8.9       9.7      1.14      2.00      1.20  -9999.00
     1   2005    109   10900.0       5.9      10.8      0.93      2.00      4.40  -9999.00
     1   2005    110   11500.0       8.0      15.3      1.07      2.00      0.50  -9999.00
     1   2005    111   17800.0       4.2      12.1      0.82      2.00      4.40  -9999.00
     1   2005    112   11200.0       4.9      10.9      0.87      2.00     10.00  -9999.00
     1   2005    113   12000.0       3.1       6.4      0.76      2.00     12.50  -9999.00
     1   2005    114   19000.0       7.3       9.3      1.02      2.00      6.30  -9999.00
     1   2005    115   16000.0       3.5      13.2      0.78      2.00      0.00  -9999.00
     1   2005    116   16800.0       6.2      10.8      0.95      2.00      0.00  -9999.00
     1   2005    117   22900.0      -1.2      14.9      0.56      2.00      0.00  -9999.00
     1   2005    118    7200.0       2.9      11.7      0.75      2.00      3.30  -9999.00
     1   2005    119   23100.0       9.2      13.6      1.16      2.00      0.00  -9999.00
     1   2005    120   16100.0       2.1      16.8      0.71      2.00      0.00  -9999.00
     1   2005    121   18200.0       0.5      16.5      0.63      2.00      0.00  -9999.00
     1   2005    122    7000.0       6.8      17.6      0.99      2.00      0.00  -9999.00
     1   2005    123    8000.0       3.0      13.8      0.76      2.00      0.00  -9999.00
     1   2005    124   12800.0      10.5      20.9      1.27      2.00      0.00  -9999.00
     1   2005    125   22900.0       4.8      14.2      0.86      2.00      0.00  -9999.00
     1   2005    126   25900.0       5.1      13.9      0.88      2.00      0.00  -9999.00
     1   2005    127   25200.0       4.9      13.1      0.87      2.00      0.00  -9999.00
     1   2005    128   20100.0       6.0      15.1      0.93      2.00      0.00  -9999.00
     1   2005    129    8900.0       7.5      14.1      1.04      2.00      2.80  -9999.00
     1   2005    130   11700.0      12.1      16.2      1.41      2.00      0.20  -9999.00
     1   2005    131   23100.0      12.4      17.5      1.44      2.00      0.00  -9999.00
     1   2005    132    9700.0       2.5      18.7      0.73      2.00      0.00  -9999.00
     1   2005    133   14200.0      10.0      16.6      1.23      2.00      0.00  -9999.00
     1   2005    134   14800.0       6.5      15.6      0.97      2.00      0.00  -9999.00
     1   2005    135   13400.0       8.6      12.0      1.12      2.00      0.00  -9999.00
     1   2005    136   17000.0      11.0      12.0      1.31      2.00      0.00  -9999.00
     1   2005    137   27200.0       5.4      16.3      0.90      2.00      0.00  -9999.00
     1   2005    138   22200.0      11.2      18.8      1.33      2.00      0.00  -9999.00
     1   2005    139   16800.0       8.0      25.3      1.07      2.00      0.00  -9999.00
     1   2005    140   12500.0      14.7      20.5      1.67      2.00      0.00  -9999.00
     1   2005    141   20400.0      10.8      18.9      1.29      2.00      0.00  -9999.00
     1   2005    142   24100.0      10.5      19.0      1.27      2.00      0.00  -9999.00
     1   2005    143   25900.0      11.8      18.6      1.38      2.00      0.00  -9999.00
     1   2005    144   24700.0       9.4      17.7      1.18      2.00      0.00  -9999.00
     1   2005    145   16200.0       7.0      14.9      1.00      2.00      0.10  -9999.00
     1   2005    146   17000.0       4.0      16.1      0.81      2.00      0.00  -9999.00
     1   2005    147   13400.0      10.3      18.4      1.25      2.00      0.10  -9999.00
     1   2005    148   16700.0      13.2      15.8      1.52      2.00      3.40  -9999.00
     1   2005    149   16900.0      10.5      16.7      1.27      2.00     13.50  -9999.00
     1   2005    150   17200.0      10.4      13.8      1.26      2.00      6.20  -9999.00
     1   2005    151   19700.0      12.3      17.8      1.43      2.00      6.60  -9999.00
     1   2005    152    7500.0      12.1      16.4      1.41      2.00      0.10  -9999.00
     1   2005    153   23900.0       6.3      15.7      0.95      2.00      0.00  -9999.00
     1   2005    154    9200.0       8.5      11.1      1.11      2.00      0.10  -9999.00
     1   2005    155   20700.0      11.2      15.6      1.33      2.00      0.80  -9999.00
     1   2005    156   13100.0      11.4      14.8      1.35      2.00      1.80  -9999.00
     1   2005    157   11400.0      10.0      15.4      1.23      2.00      0.30  -9999.00
     1   2005    158   28100.0       9.8      19.0      1.21      2.00      0.00  -9999.00
     1   2005    159   28400.0       6.1      20.4      0.94      2.00      0.00  -9999.00
     1   2005    160   30100.0      12.5      22.6      1.45      2.00      0.00  -9999.00
     1   2005    161   16100.0       3.5      21.0      0.78      2.00      0.00  -9999.00
     1   2005    162   20100.0      15.9      20.7      1.81      2.00      0.00  -9999.00
     1   2005    163   25600.0       9.2      18.9      1.16      2.00      0.00  -9999.00
     1   2005    164   19900.0      10.0      16.4      1.23      2.00      0.00  -9999.00
     1   2005    165   20400.0      10.2      22.8      1.24      2.00      0.00  -9999.00
     1   2005    166   22500.0       8.6      20.2      1.12      2.00      0.00  -9999.00
     1   2005    167   14400.0       9.2      16.8      1.16      2.00      0.00  -9999.00
     1   2005    168   30400.0      10.2      18.9      1.24      2.00      0.00  -9999.00
     1   2005    169   19700.0      10.2      18.4      1.24      2.00      0.00  -9999.00
     1   2005    170   11400.0      11.7      23.6      1.37      2.00      0.00  -9999.00
     1   2005    171   14500.0       9.0      21.3      1.15      2.00      0.00  -9999.00
     1   2005    172   21200.0      11.3      18.4      1.34      2.00      0.00  -9999.00
     1   2005    173   15400.0      11.6      18.8      1.37      2.00      0.00  -9999.00
     1   2005    174   11800.0      13.6      17.2      1.56      2.00      6.60  -9999.00
     1   2005    175   21300.0      11.7      13.9      1.37      2.00      8.30  -9999.00
     1   2005    176    9400.0       9.2      14.2      1.16      2.00      0.70  -9999.00
     1   2005    177   20800.0       9.9      22.0      1.22      2.00      0.00  -9999.00
     1   2005    178   16400.0      12.8      25.5      1.48      2.00      1.60  -9999.00
     1   2005    179   28000.0      12.2      24.4      1.42      2.00      0.00  -9999.00
     1   2005    180   23900.0      14.7      23.9      1.67      2.00      0.00  -9999.00
     1   2005    181   20100.0      15.6      20.3      1.77      2.00      0.00  -9999.00
     1   2005    182   25900.0      11.5      20.1      1.36      2.00      0.00  -9999.00
     1   2005    183   21800.0       8.5      19.3      1.11      2.00      0.00  -9999.00
     1   2005    184   14100.0      12.3      17.2      1.43      2.00      0.00  -9999.00
     1   2005    185   21300.0      14.1      17.9      1.61      2.00      2.30  -9999.00
     1   2005    186   23700.0      12.4      22.0      1.44      2.00      0.00  -9999.00
     1   2005    187    7100.0      11.5      18.9      1.36      2.00      6.20  -9999.00
     1   2005    188   21900.0      13.0      23.7      1.50      2.00      0.00  -9999.00
     1   2005    189   23500.0      10.5      18.8      1.27      2.00      0.00  -9999.00
     1   2005    190   25000.0      15.6      22.5      1.77      2.00      0.00  -9999.00
     1   2005    191   25500.0      13.1      22.8      1.51      2.00      0.00  -9999.00
     1   2005    192   25600.0      14.9      24.1      1.69      2.00      0.00  -9999.00
     1   2005    193   12700.0      16.1      21.1      1.83      2.00      0.00  -9999.00
     1   2005    194   27500.0      15.5      27.5      1.76      2.00      0.00  -9999.00
     1   2005    195   29100.0      11.6      15.6      1.37      2.00      0.00  -9999.00
     1   2005    196   19100.0      12.1      22.2      1.41      2.00      0.00  -9999.00
     1   2005    197   20300.0      10.9      21.9      1.30      2.00      0.00  -9999.00
     1   2005    198   20100.0      17.9      29.3      2.05      2.00      0.00  -9999.00
     1   2005    199   16400.0      10.7      18.6      1.29      2.00      0.00  -9999.00
     1   2005    200   27600.0      13.5      18.2      1.55      2.00      0.00  -9999.00
     1   2005    201   25900.0      14.3      24.9      1.63      2.00      0.00  -9999.00
     1   2005    202   17900.0      11.1      27.0      1.32      2.00      0.00  -9999.00
     1   2005    203   27800.0      13.4      18.7      1.54      2.00      0.00  -9999.00
     1   2005    204   24200.0      15.6      24.0      1.77      2.00      0.00  -9999.00
     1   2005    205   15300.0      11.3      17.4      1.34      2.00      3.90  -9999.00
     1   2005    206   15700.0      10.2      17.8      1.24      2.00      0.20  -9999.00
     1   2005    207   13600.0      14.9      21.6      1.69      2.00      4.70  -9999.00
     1   2005    208   23800.0      12.9      18.9      1.49      2.00      1.30  -9999.00
     1   2005    209   24500.0      13.3      15.7      1.53      2.00      0.00  -9999.00
     1   2005    210   12400.0      14.8      25.1      1.68      2.00      0.10  -9999.00
     1   2005    211   22900.0      13.9      21.7      1.59      2.00      0.00  -9999.00
     1   2005    212   24400.0      13.8      21.3      1.58      2.00      0.00  -9999.00
     1   2005    213   17100.0      11.4      19.9      1.35      2.00      0.00  -9999.00
     1   2005    214   26300.0      10.6      20.8      1.28      2.00      0.00  -9999.00
     1   2005    215   17400.0      13.9      15.9      1.59      2.00      3.10  -9999.00
     1   2005    216   13700.0      14.3      18.3      1.63      2.00     18.80  -9999.00
     1   2005    217    8500.0      14.6      20.8      1.66      2.00      6.40  -9999.00
     1   2005    218    8800.0      16.4      19.2      1.86      2.00     10.50  -9999.00
     1   2005    219    8700.0      11.8      23.1      1.38      2.00      3.20  -9999.00
     1   2005    220   11400.0      13.2      19.4      1.52      2.00      1.10  -9999.00
     1   2005    221   12200.0       8.7      16.5      1.12      2.00      0.20  -9999.00
     1   2005    222   21400.0      16.0      22.3      1.82      2.00     59.10  -9999.00
     1   2005    223   11000.0      10.5      20.2      1.27      2.00      0.10  -9999.00
     1   2005    224    7400.0      11.2      18.1      1.33      2.00      0.10  -9999.00
     1   2005    225    7300.0      15.3      19.3      1.74      2.00      3.50  -9999.00
     1   2005    226   10800.0      13.1      20.2      1.51      2.00      0.00  -9999.00
     1   2005    227   10000.0      15.1      18.6      1.72      2.00      0.10  -9999.00
     1   2005    228   24300.0      12.4      20.2      1.44      2.00      0.00  -9999.00
     1   2005    229   19600.0      14.7      19.3      1.67      2.00      0.60  -9999.00
     1   2005    230   19000.0       8.6      21.8      1.12      2.00      0.00  -9999.00
     1   2005    231   19400.0      10.9      21.1      1.30      2.00     24.10  -9999.00
     1   2005    232   10100.0      11.5      19.0      1.36      2.00     10.50  -9999.00
     1   2005    233    9700.0      13.5      24.1      1.55      2.00      0.20  -9999.00
     1   2005    234   12500.0      13.1      24.4      1.51      2.00      0.50  -9999.00
     1   2005    235    6800.0      13.0      17.4      1.50      2.00      1.00  -9999.00
     1   2005    236   16500.0      15.1      17.1      1.72      2.00      0.50  -9999.00
     1   2005    237    9000.0      10.8      21.4      1.29      2.00      4.60  -9999.00
     1   2005    238   13600.0      13.1      18.2      1.51      2.00      0.10  -9999.00
     1   2005    239   20700.0      15.4      22.5      1.75      2.00      0.00  -9999.00
     1   2005    240   11400.0      13.3      20.3      1.53      2.00      0.00  -9999.00
     1   2005    241   15900.0      10.5      18.7      1.27      2.00      0.00  -9999.00
     1   2005    242   12400.0      12.2      23.3      1.42      2.00      0.00  -9999.00
     1   2005    243   11800.0      14.9      19.2      1.69      2.00      0.20  -9999.00
     1   2005    244   12500.0       7.8      20.3      1.06      2.00      0.00  -9999.00
     1   2005    245    8600.0      13.5      16.7      1.55      2.00      2.50  -9999.00
     1   2005    246   12000.0      10.7      20.1      1.29      2.00      0.00  -9999.00
     1   2005    247    8500.0      12.5      17.3      1.45      2.00      0.50  -9999.00
     1   2005    248   18300.0       9.7      19.6      1.20      2.00      7.90  -9999.00
     1   2005    249    6000.0       9.0      20.2      1.15      2.00      0.10  -9999.00
     1   2005    250    6100.0      10.7      16.1      1.29      2.00      0.10  -9999.00
     1   2005    251   10600.0       6.7      16.1      0.98      2.00      0.00  -9999.00
     1   2005    252   16600.0       8.4      17.3      1.10      2.00      0.00  -9999.00
     1   2005    253   11600.0      12.0      20.3      1.40      2.00      0.00  -9999.00
     1   2005    254    7700.0      11.7      19.1      1.37      2.00      0.00  -9999.00
     1   2005    255   14600.0      11.7      20.6      1.37      2.00      0.00  -9999.00
     1   2005    256    5700.0       9.6      24.5      1.20      2.00      0.00  -9999.00
     1   2005    257   12500.0      11.5      15.3      1.36      2.00      0.00  -9999.00
     1   2005    258   16500.0       9.3      18.9      1.17      2.00      0.00  -9999.00
     1   2005    259   15100.0      12.5      17.9      1.45      2.00      0.00  -9999.00
     1   2005    260   14200.0      11.7      15.2      1.37      2.00      0.00  -9999.00
     1   2005    261   11200.0       9.2      15.5      1.16      2.00      0.00  -9999.00
     1   2005    262   11800.0      12.7      17.9      1.47      2.00      6.80  -9999.00
     1   2005    263   10000.0      14.1      20.1      1.61      2.00      0.10  -9999.00
     1   2005    264   15800.0       9.1      15.7      1.16      2.00      4.40  -9999.00
     1   2005    265    7100.0      13.1      21.1      1.51      2.00      2.70  -9999.00
     1   2005    266   10500.0      10.6      15.5      1.28      2.00      0.70  -9999.00
     1   2005    267    4800.0      13.4      17.8      1.54      2.00      2.60  -9999.00
     1   2005    268   14700.0      12.9      19.4      1.49      2.00      0.00  -9999.00
     1   2005    269   11400.0       8.9      19.9      1.14      2.00      0.00  -9999.00
     1   2005    270    4900.0       6.5      17.0      0.97      2.00      9.00  -9999.00
     1   2005    271    7400.0       9.3      16.1      1.17      2.00      3.80  -9999.00
     1   2005    272   14500.0      13.1      17.5      1.51      2.00      0.00  -9999.00
     1   2005    273    4800.0       3.2      20.9      0.77      2.00      0.00  -9999.00
     1   2005    274    8000.0      14.0      17.9      1.60      2.00     14.70  -9999.00
     1   2005    275    7100.0      10.1      13.8      1.24      2.00      0.10  -9999.00
     1   2005    276   11300.0      11.4      13.4      1.35      2.00      0.10  -9999.00
     1   2005    277    6400.0      12.7      16.4      1.47      2.00     12.60  -9999.00
     1   2005    278    9900.0       8.3      15.5      1.09      2.00      3.30  -9999.00
     1   2005    279   13000.0       9.4      14.8      1.18      2.00      0.00  -9999.00
     1   2005    280    6000.0      13.6      13.9      1.56      2.00      0.00  -9999.00
     1   2005    281    8600.0       6.4      19.8      0.96      2.00      0.00  -9999.00
     1   2005    282    5400.0       6.6      15.8      0.97      2.00      0.00  -9999.00
     1   2005    283    5300.0       7.4      15.0      1.03      2.00      0.00  -9999.00
     1   2005    284   10500.0      11.1      13.1      1.32      2.00      0.00  -9999.00
     1   2005    285    9700.0      11.6      12.5      1.37      2.00      0.00  -9999.00
     1   2005    286    5400.0       4.4      17.9      0.84      2.00      0.00  -9999.00
     1   2005    287    8800.0      12.3      15.4      1.43      2.00      0.00  -9999.00
     1   2005    288    4100.0      12.9      13.8      1.49      2.00      5.00  -9999.00
     1   2005    289    5100.0      14.3      16.5      1.63      2.00      2.50  -9999.00
     1   2005    290    8400.0      11.7      14.5      1.37      2.00      0.10  -9999.00
     1   2005    291    4500.0       6.5      16.1      0.97      2.00      5.10  -9999.00
     1   2005    292    7800.0      12.2      14.2      1.42      2.00     25.80  -9999.00
     1   2005    293    8700.0       8.2      14.1      1.09      2.00      1.30  -9999.00
     1   2005    294    3900.0       3.3       8.6      0.77      2.00      6.70  -9999.00
     1   2005    295    2600.0      10.1      12.1      1.24      2.00      5.10  -9999.00
     1   2005    296    9700.0       7.6      14.9      1.04      2.00      0.00  -9999.00
     1   2005    297    4000.0       7.4      15.2      1.03      2.00      0.00  -9999.00
     1   2005    298    6400.0      11.9      12.8      1.39      2.00      3.20  -9999.00
     1   2005    299    1700.0       3.4      13.9      0.78      2.00      0.60  -9999.00
     1   2005    300    6900.0       7.2      17.1      1.02      2.00      0.00  -9999.00
     1   2005    301    5800.0      11.4      11.7      1.35      2.00      0.00  -9999.00
     1   2005    302    3800.0       7.3      14.6      1.02      2.00      0.30  -9999.00
     1   2005    303    2700.0       3.5      14.1      0.78      2.00      0.00  -9999.00
     1   2005    304    6200.0       4.3      12.6      0.83      2.00      0.00  -9999.00
     1   2005    305    6900.0       3.4      12.6      0.78      2.00      0.00  -9999.00
     1   2005    306    4600.0       6.4      13.7      0.96      2.00      0.00  -9999.00
     1   2005    307    1200.0       6.3      13.3      0.95      2.00      0.80  -9999.00
     1   2005    308    6700.0       1.6      10.8      0.69      2.00      0.00  -9999.00
     1   2005    309    4100.0       2.2      14.6      0.72      2.00     22.70  -9999.00
     1   2005    310    5100.0      13.3      15.9      1.53      2.00      7.30  -9999.00
     1   2005    311    4600.0       5.5       7.0      0.90      2.00      0.30  -9999.00
     1   2005    312    3000.0       6.6       8.6      0.97      2.00      2.20  -9999.00
     1   2005    313    4000.0      -3.6       5.8      0.47      2.00      0.00  -9999.00
     1   2005    314    7000.0       1.4       9.3      0.68      2.00      0.00  -9999.00
     1   2005    315    6800.0       2.8      10.3      0.75      2.00     10.50  -9999.00
     1   2005    316    6700.0       6.9       8.9      0.99      2.00      0.00  -9999.00
     1   2005    317    4300.0       8.3      10.3      1.09      2.00      2.50  -9999.00
     1   2005    318    5900.0       7.2      11.5      1.02      2.00     20.70  -9999.00
     1   2005    319    1900.0       5.3      12.2      0.89      2.00      7.60  -9999.00
     1   2005    320    6300.0       1.7      14.8      0.69      2.00      1.70  -9999.00
     1   2005    321    5400.0       3.2       6.4      0.77      2.00      1.60  -9999.00
     1   2005    322    4700.0       6.5      12.9      0.97      2.00      6.00  -9999.00
     1   2005    323    2200.0       7.9      12.5      1.07      2.00      0.30  -9999.00
     1   2005    324    2700.0       6.2      12.3      0.95      2.00      5.50  -9999.00
     1   2005    325    3100.0       1.5      11.8      0.68      2.00      0.50  -9999.00
     1   2005    326    3400.0       4.4      13.7      0.84      2.00      2.00  -9999.00
     1   2005    327    2700.0       5.6      13.4      0.91      2.00      1.90  -9999.00
     1   2005    328    1600.0       6.8      11.3      0.99      2.00      5.00  -9999.00
     1   2005    329    1600.0       8.0      10.0      1.07      2.00      4.60  -9999.00
     1   2005    330    1900.0      -0.4      11.7      0.59      2.00      2.80  -9999.00
     1   2005    331    1800.0       6.0       9.3      0.93      2.00      0.80  -9999.00
     1   2005    332    4700.0       2.0      10.8      0.71      2.00      4.20  -9999.00
     1   2005    333    1700.0       9.2       9.9      1.16      2.00      1.00  -9999.00
     1   2005    334    3100.0       7.1       9.0      1.01      2.00      0.00  -9999.00
     1   2005    335    2000.0       6.0       8.5      0.93      2.00      0.00  -9999.00
     1   2005    336    4100.0      -0.1       9.3      0.61      2.00      2.30  -9999.00
     1   2005    337    1500.0       6.7       8.7      0.98      2.00     13.20  -9999.00
     1   2005    338    2500.0       1.9       7.5      0.70      2.00      6.00  -9999.00
     1   2005    339    1900.0       0.1      13.1      0.62      2.00      5.40  -9999.00
     1   2005    340    1000.0       3.3      12.5      0.77      2.00      0.30  -9999.00
     1   2005    341    2200.0       6.4      11.5      0.96      2.00      2.20  -9999.00
     1   2005    342    2300.0       0.8       9.8      0.65      2.00      0.00  -9999.00
     1   2005    343    2500.0       3.1       8.8      0.76      2.00      0.00  -9999.00
     1   2005    344    4600.0       1.8       5.5      0.70      2.00      0.00  -9999.00
     1   2005    345    1400.0       8.4      11.3      1.10      2.00      7.50  -9999.00
     1   2005    346    2600.0       5.8      11.3      0.92      2.00      2.10  -9999.00
     1   2005    347    1400.0       2.9      10.4      0.75      2.00      0.00  -9999.00
     1   2005    348    1900.0      -0.1       6.4      0.61      2.00      0.00  -9999.00
     1   2005    349    2500.0       9.6      13.1      1.20      2.00      3.70  -9999.00
     1   2005    350    2500.0      -6.6      -4.6      0.37      2.00      7.10  -9999.00
     1   2005    351    3900.0       1.5       3.7      0.68      2.00      0.00  -9999.00
     1   2005    352    1400.0       9.6      12.3      1.20      2.00     12.20  -9999.00
     1   2005    353    1700.0       6.9       7.7      0.99      2.00      5.20  -9999.00
     1   2005    354    1800.0       8.8       8.9      1.13      2.00      8.00  -9999.00
     1   2005    355    1400.0       1.3       8.5      0.67      2.00     12.50  -9999.00
     1   2005    356    2100.0       2.2       7.7      0.72      2.00      2.10  -9999.00
     1   2005    357    2600.0       0.8       4.4      0.65      2.00      4.10  -9999.00
     1   2005    358    1700.0       4.5      11.0      0.84      2.00      0.80  -9999.00
     1   2005    359    1500.0       2.9       8.7      0.75      2.00      0.30  -9999.00
     1   2005    360    1500.0       1.5      10.1      0.68      2.00      0.60  -9999.00
     1   2005    361    2800.0      -0.4       9.2      0.59      2.00      1.60  -9999.00
     1   2005    362    1500.0       7.9       9.6      1.07      2.00      2.40  -9999.00
     1   2005    363    1500.0       7.6      10.8      1.04      2.00      0.20  -9999.00
     1   2005    364    1300.0       9.1      11.1      1.16      2.00      3.70  -9999.00
     1   2005    365    1000.0       4.8       4.8      0.86      2.00      0.80  -9999.00
