*-----------------------------------------------------------------------------* 
           CNWG_182.met           51.48   -3.55   69.72
* Date created:  08-Aug-2019     Author: K Coleman 
* 
* NIL VALUE       -9999 
* Source:   data provided by M. Semenov 
*  
* Latitude:    51.48 Longitude:    -3.55 Altitude:    69.72
* 
* Column  Daily value 
* 1       station number 
* 2       year 
* 3       day 
* 4       irradiation                   (kJ m-2 d-1) 
* 5       minimum temperature           (degrees Celsius) 
* 6       maximum temperature           (degrees Celsius) 
* 7       early morning vapour pressure (kPa)             
* 8       mean wind speed (height: 2 m?) (m s-1)          
* 9       precipitation                 (mm d-1)          
* 10      sunshine                      (hrs)             
 		Jday	RAD	    TMIN	TMAX	 VAP	wind	RAIN	SUN  
               kj/m2	°C	    °C	     kPa	m/s	    mm	    hrs 
   51.48  69.72
     1   2005      1    4700.0       6.6      12.7      0.97      2.00      0.40  -9999.00
     1   2005      2    3100.0       7.5       9.0      1.04      2.00      1.80  -9999.00
     1   2005      3    2400.0       3.0       4.6      0.76      2.00      1.60  -9999.00
     1   2005      4    3600.0       1.0       3.0      0.66      2.00      0.30  -9999.00
     1   2005      5    2500.0       9.4      11.8      1.18      2.00     12.80  -9999.00
     1   2005      6    1600.0       2.2       7.3      0.72      2.00      9.10  -9999.00
     1   2005      7    1100.0       5.0      12.1      0.87      2.00      0.50  -9999.00
     1   2005      8    2400.0       0.2       3.6      0.62      2.00     10.40  -9999.00
     1   2005      9    1100.0       2.1       5.4      0.71      2.00      2.20  -9999.00
     1   2005     10    1700.0       7.1       8.1      1.01      2.00      2.90  -9999.00
     1   2005     11    1700.0       8.3      11.1      1.09      2.00     10.00  -9999.00
     1   2005     12    2600.0       2.3       8.7      0.72      2.00      0.30  -9999.00
     1   2005     13    2500.0       2.3       8.1      0.72      2.00      4.00  -9999.00
     1   2005     14    1900.0       2.1      10.1      0.71      2.00      5.60  -9999.00
     1   2005     15     800.0       6.2       8.9      0.95      2.00      0.00  -9999.00
     1   2005     16    3400.0       4.2       8.6      0.82      2.00      4.00  -9999.00
     1   2005     17    1800.0       6.3       8.3      0.95      2.00      0.00  -9999.00
     1   2005     18    2700.0      -2.9       8.7      0.49      2.00      0.00  -9999.00
     1   2005     19    3200.0       1.6       4.1      0.69      2.00      0.00  -9999.00
     1   2005     20    1700.0       6.7       8.7      0.98      2.00      0.00  -9999.00
     1   2005     21    3700.0      -1.7       9.1      0.54      2.00      0.00  -9999.00
     1   2005     22    1500.0       1.5       4.8      0.68      2.00      0.00  -9999.00
     1   2005     23    3700.0       5.0       7.8      0.87      2.00      0.00  -9999.00
     1   2005     24    4900.0      -0.4       7.8      0.59      2.00      0.00  -9999.00
     1   2005     25    3400.0       3.7       6.7      0.80      2.00      0.00  -9999.00
     1   2005     26    5700.0       2.3       4.3      0.72      2.00      0.00  -9999.00
     1   2005     27    4600.0       5.2       7.2      0.88      2.00      3.30  -9999.00
     1   2005     28    6000.0       6.9      11.3      0.99      2.00      2.30  -9999.00
     1   2005     29    2600.0      -1.7       6.8      0.54      2.00      0.00  -9999.00
     1   2005     30    3000.0       2.5       9.2      0.73      2.00      5.90  -9999.00
     1   2005     31    2700.0       6.7       7.6      0.98      2.00     11.00  -9999.00
     1   2005     32    5700.0       5.9       6.3      0.93      2.00      9.80  -9999.00
     1   2005     33    2200.0       1.3       8.1      0.67      2.00      6.70  -9999.00
     1   2005     34    4100.0       1.6       5.1      0.69      2.00      5.50  -9999.00
     1   2005     35    7000.0       5.1       8.3      0.88      2.00      0.40  -9999.00
     1   2005     36    3100.0       5.5       9.0      0.90      2.00     17.60  -9999.00
     1   2005     37    4500.0       5.1       7.1      0.88      2.00      7.70  -9999.00
     1   2005     38    2400.0       1.9       9.2      0.70      2.00      0.90  -9999.00
     1   2005     39    6400.0       6.1       9.7      0.94      2.00      0.70  -9999.00
     1   2005     40    6600.0       5.9       8.6      0.93      2.00      1.10  -9999.00
     1   2005     41    4600.0       3.4       7.9      0.78      2.00      0.40  -9999.00
     1   2005     42    4500.0      -2.7       5.2      0.50      2.00      0.00  -9999.00
     1   2005     43    6700.0       7.7      11.7      1.05      2.00      1.60  -9999.00
     1   2005     44    4100.0      -0.1       7.9      0.61      2.00      1.30  -9999.00
     1   2005     45    4200.0      -4.0       8.7      0.45      2.00      9.20  -9999.00
     1   2005     46    4300.0       8.9       9.5      1.14      2.00      4.60  -9999.00
     1   2005     47    2500.0       1.1       7.4      0.66      2.00      0.00  -9999.00
     1   2005     48    3200.0       3.7       8.0      0.80      2.00      2.10  -9999.00
     1   2005     49    6900.0       1.2       5.2      0.67      2.00      3.60  -9999.00
     1   2005     50    9700.0       7.1       9.6      1.01      2.00      0.00  -9999.00
     1   2005     51    2300.0       3.1       8.9      0.76      2.00      1.40  -9999.00
     1   2005     52    3500.0       7.5      11.1      1.04      2.00      1.30  -9999.00
     1   2005     53    2200.0      -0.8       9.6      0.58      2.00      0.90  -9999.00
     1   2005     54    3300.0       3.7       9.1      0.80      2.00      0.50  -9999.00
     1   2005     55    6500.0       0.7       7.7      0.64      2.00     18.20  -9999.00
     1   2005     56    6400.0       2.9      11.2      0.75      2.00      1.80  -9999.00
     1   2005     57    6300.0       7.0      10.3      1.00      2.00     11.50  -9999.00
     1   2005     58    9000.0       5.9       8.3      0.93      2.00      1.90  -9999.00
     1   2005     59   11800.0       7.0       9.8      1.00      2.00     11.40  -9999.00
     1   2005     60    9000.0       0.0      10.7      0.61      2.00      4.00  -9999.00
     1   2005     61    6700.0       7.6       9.6      1.04      2.00      0.10  -9999.00
     1   2005     62    9100.0       2.7       9.7      0.74      2.00      4.00  -9999.00
     1   2005     63    9200.0       9.0       9.8      1.15      2.00     22.60  -9999.00
     1   2005     64   12200.0      -1.5      17.2      0.55      2.00      0.00  -9999.00
     1   2005     65    1900.0       1.9       8.8      0.70      2.00      1.90  -9999.00
     1   2005     66    7400.0       0.7       8.1      0.64      2.00      0.00  -9999.00
     1   2005     67    2000.0       4.4      12.2      0.84      2.00      0.70  -9999.00
     1   2005     68    4800.0       4.9       6.9      0.87      2.00      0.20  -9999.00
     1   2005     69   11400.0       8.9      11.6      1.14      2.00      0.00  -9999.00
     1   2005     70    6000.0      -1.0      11.7      0.57      2.00      0.00  -9999.00
     1   2005     71   10700.0       7.2       9.9      1.02      2.00      0.00  -9999.00
     1   2005     72   10800.0       6.8       8.8      0.99      2.00      0.00  -9999.00
     1   2005     73    4400.0      -0.4       7.3      0.59      2.00      0.20  -9999.00
     1   2005     74    9400.0       1.2      11.8      0.67      2.00      1.50  -9999.00
     1   2005     75    5300.0       3.7       5.7      0.80      2.00      0.50  -9999.00
     1   2005     76   10200.0       4.6       7.3      0.85      2.00      0.90  -9999.00
     1   2005     77   10200.0       6.7       9.2      0.98      2.00      0.30  -9999.00
     1   2005     78    9500.0       1.4      12.9      0.68      2.00      0.00  -9999.00
     1   2005     79   14900.0       4.7      11.2      0.85      2.00      4.20  -9999.00
     1   2005     80    4900.0       6.4      11.1      0.96      2.00      1.90  -9999.00
     1   2005     81    8500.0       0.7      10.7      0.64      2.00      4.90  -9999.00
     1   2005     82    5600.0       9.0      14.2      1.15      2.00      3.20  -9999.00
     1   2005     83   10100.0       3.9       9.0      0.81      2.00      0.00  -9999.00
     1   2005     84    9800.0       6.5       8.5      0.97      2.00      0.00  -9999.00
     1   2005     85    8100.0       9.0      13.9      1.15      2.00      3.60  -9999.00
     1   2005     86    3200.0       5.4      13.3      0.90      2.00      0.90  -9999.00
     1   2005     87    9600.0      -1.0      14.4      0.57      2.00      0.00  -9999.00
     1   2005     88   16700.0       4.1       7.0      0.82      2.00      0.00  -9999.00
     1   2005     89    6900.0       1.8      18.4      0.70      2.00      0.00  -9999.00
     1   2005     90   12100.0       6.6      10.1      0.97      2.00      0.00  -9999.00
     1   2005     91   14500.0       5.5       9.6      0.90      2.00      0.00  -9999.00
     1   2005     92   18000.0       1.2      13.5      0.67      2.00      0.00  -9999.00
     1   2005     93   19300.0       6.1      12.3      0.94      2.00      0.00  -9999.00
     1   2005     94   10000.0       8.8      18.2      1.13      2.00      0.00  -9999.00
     1   2005     95   14800.0       1.4      10.4      0.68      2.00      0.00  -9999.00
     1   2005     96   16400.0       2.6      13.5      0.74      2.00      0.00  -9999.00
     1   2005     97   19600.0       3.8      20.8      0.80      2.00      0.00  -9999.00
     1   2005     98    8300.0       4.5      12.5      0.84      2.00      1.90  -9999.00
     1   2005     99   13700.0       2.5       9.6      0.73      2.00      2.30  -9999.00
     1   2005    100   11800.0       7.7      12.1      1.05      2.00      2.50  -9999.00
     1   2005    101   10600.0       7.8      11.8      1.06      2.00      4.40  -9999.00
     1   2005    102   15400.0       4.8      10.8      0.86      2.00      0.00  -9999.00
     1   2005    103    8500.0       3.0      12.9      0.76      2.00      0.60  -9999.00
     1   2005    104    3900.0       8.6      12.3      1.12      2.00     22.30  -9999.00
     1   2005    105    9400.0       4.9       6.7      0.87      2.00      1.40  -9999.00
     1   2005    106   11900.0       7.7      14.9      1.05      2.00      0.50  -9999.00
     1   2005    107   14500.0       2.0      16.8      0.71      2.00      0.00  -9999.00
     1   2005    108   11100.0       3.3       9.9      0.77      2.00      0.00  -9999.00
     1   2005    109   11300.0       5.8      12.3      0.92      2.00     18.10  -9999.00
     1   2005    110   16400.0       1.7      11.9      0.69      2.00      0.00  -9999.00
     1   2005    111   10700.0       4.0       5.6      0.81      2.00      5.00  -9999.00
     1   2005    112   17200.0       4.9      14.0      0.87      2.00      0.00  -9999.00
     1   2005    113    9400.0       5.0      12.2      0.87      2.00      2.40  -9999.00
     1   2005    114    8400.0       7.0      14.7      1.00      2.00      3.50  -9999.00
     1   2005    115   16000.0       2.9      15.6      0.75      2.00      0.00  -9999.00
     1   2005    116   14500.0      10.2      12.4      1.24      2.00      0.10  -9999.00
     1   2005    117   11200.0       1.3      12.5      0.67      2.00      0.40  -9999.00
     1   2005    118    6000.0       9.8      11.8      1.21      2.00      1.00  -9999.00
     1   2005    119   17100.0       6.2      13.1      0.95      2.00      0.20  -9999.00
     1   2005    120   18500.0       6.4      13.2      0.96      2.00      0.00  -9999.00
     1   2005    121   18600.0       4.3      12.2      0.83      2.00      0.00  -9999.00
     1   2005    122   13000.0       7.9      12.0      1.07      2.00      0.00  -9999.00
     1   2005    123    6100.0       5.5      18.2      0.90      2.00      0.00  -9999.00
     1   2005    124   11300.0       9.6      20.1      1.20      2.00      0.00  -9999.00
     1   2005    125   14200.0       6.9      18.0      0.99      2.00      0.00  -9999.00
     1   2005    126   12900.0       9.5      12.0      1.19      2.00      0.00  -9999.00
     1   2005    127   22700.0      11.7      16.5      1.37      2.00      0.00  -9999.00
     1   2005    128    5900.0       8.0      16.6      1.07      2.00      4.90  -9999.00
     1   2005    129   14600.0      11.0      18.9      1.31      2.00      0.00  -9999.00
     1   2005    130   22800.0       1.8      22.0      0.70      2.00      0.00  -9999.00
     1   2005    131   15800.0       7.2      14.8      1.02      2.00      0.00  -9999.00
     1   2005    132   23200.0      11.0      11.5      1.31      2.00      0.00  -9999.00
     1   2005    133   20800.0       5.7      15.4      0.92      2.00      0.00  -9999.00
     1   2005    134    9700.0       5.7      13.3      0.92      2.00     20.60  -9999.00
     1   2005    135   24000.0       9.0      14.9      1.15      2.00      0.00  -9999.00
     1   2005    136   20100.0      10.4      12.3      1.26      2.00      2.60  -9999.00
     1   2005    137   15700.0      10.6      14.4      1.28      2.00      0.00  -9999.00
     1   2005    138   21400.0       6.1      17.3      0.94      2.00      0.00  -9999.00
     1   2005    139   23100.0       7.1      14.2      1.01      2.00      0.00  -9999.00
     1   2005    140   19000.0       9.6      18.3      1.20      2.00      0.00  -9999.00
     1   2005    141    8400.0       8.1      11.8      1.08      2.00      5.90  -9999.00
     1   2005    142   16300.0      11.0      12.2      1.31      2.00      3.50  -9999.00
     1   2005    143    6000.0      10.8      13.6      1.29      2.00      0.90  -9999.00
     1   2005    144   27900.0      11.5      18.7      1.36      2.00      0.00  -9999.00
     1   2005    145   23400.0      11.5      21.9      1.36      2.00      0.00  -9999.00
     1   2005    146   17600.0      12.1      16.6      1.41      2.00      0.00  -9999.00
     1   2005    147   24300.0       3.9      13.0      0.81      2.00      0.00  -9999.00
     1   2005    148   29200.0      15.6      18.5      1.77      2.00      0.00  -9999.00
     1   2005    149   26700.0      11.6      15.6      1.37      2.00      0.00  -9999.00
     1   2005    150   29000.0       9.4      15.7      1.18      2.00      0.00  -9999.00
     1   2005    151   19400.0       4.6      18.9      0.85      2.00      0.00  -9999.00
     1   2005    152   25500.0      13.2      22.7      1.52      2.00      0.00  -9999.00
     1   2005    153   23600.0       8.0      26.6      1.07      2.00      0.00  -9999.00
     1   2005    154   21600.0      10.5      16.1      1.27      2.00      0.00  -9999.00
     1   2005    155   27700.0      10.4      17.7      1.26      2.00      0.00  -9999.00
     1   2005    156   17400.0      11.5      14.0      1.36      2.00      3.10  -9999.00
     1   2005    157   28900.0       7.0      19.2      1.00      2.00      0.00  -9999.00
     1   2005    158   12800.0      10.9      15.5      1.30      2.00      0.00  -9999.00
     1   2005    159   11700.0      11.6      11.9      1.37      2.00     13.40  -9999.00
     1   2005    160   19100.0       9.0      14.7      1.15      2.00      0.00  -9999.00
     1   2005    161   18400.0       7.0      15.7      1.00      2.00      0.00  -9999.00
     1   2005    162   12800.0       3.5      14.5      0.78      2.00      0.00  -9999.00
     1   2005    163   25700.0      11.6      17.2      1.37      2.00      0.00  -9999.00
     1   2005    164   15000.0      11.5      16.8      1.36      2.00      5.40  -9999.00
     1   2005    165   12100.0      13.1      14.9      1.51      2.00      5.90  -9999.00
     1   2005    166    9800.0      12.7      18.5      1.47      2.00      2.80  -9999.00
     1   2005    167   14500.0       9.7      18.6      1.20      2.00      0.80  -9999.00
     1   2005    168   16400.0      12.2      16.2      1.42      2.00      5.30  -9999.00
     1   2005    169   12700.0       9.3      16.8      1.17      2.00     25.70  -9999.00
     1   2005    170   19100.0      12.6      16.1      1.46      2.00      0.90  -9999.00
     1   2005    171    9000.0      10.8      18.2      1.29      2.00      6.50  -9999.00
     1   2005    172   13200.0      11.3      18.6      1.34      2.00      4.00  -9999.00
     1   2005    173   23100.0      10.3      21.9      1.25      2.00      0.90  -9999.00
     1   2005    174   11800.0       4.0      16.9      0.81      2.00      0.30  -9999.00
     1   2005    175   22800.0       4.8      18.0      0.86      2.00      7.30  -9999.00
     1   2005    176   13300.0      14.1      16.5      1.61      2.00      0.00  -9999.00
     1   2005    177    9100.0      12.3      14.7      1.43      2.00      1.40  -9999.00
     1   2005    178   18600.0      12.8      15.7      1.48      2.00      0.80  -9999.00
     1   2005    179   21000.0      13.6      16.0      1.56      2.00      0.90  -9999.00
     1   2005    180   12500.0      11.6      18.3      1.37      2.00      6.50  -9999.00
     1   2005    181    4500.0      17.1      18.7      1.95      2.00     19.00  -9999.00
     1   2005    182    9700.0      13.9      17.9      1.59      2.00      0.50  -9999.00
     1   2005    183   12300.0      14.8      19.9      1.68      2.00      0.10  -9999.00
     1   2005    184   26000.0      13.6      20.7      1.56      2.00      0.00  -9999.00
     1   2005    185   16300.0      15.1      18.3      1.72      2.00      1.30  -9999.00
     1   2005    186   28800.0      11.9      29.7      1.39      2.00      0.00  -9999.00
     1   2005    187   16100.0      13.8      15.7      1.58      2.00      3.80  -9999.00
     1   2005    188    9200.0      14.1      29.3      1.61      2.00      0.00  -9999.00
     1   2005    189   15800.0      13.9      24.1      1.59      2.00      0.00  -9999.00
     1   2005    190   27100.0      10.9      27.0      1.30      2.00      0.00  -9999.00
     1   2005    191   23400.0      10.9      20.4      1.30      2.00      0.00  -9999.00
     1   2005    192   15400.0      14.6      25.7      1.66      2.00     18.30  -9999.00
     1   2005    193   15100.0      11.1      23.1      1.32      2.00      0.00  -9999.00
     1   2005    194   15000.0      15.1      18.9      1.72      2.00      1.50  -9999.00
     1   2005    195   23700.0      11.3      18.3      1.34      2.00      0.00  -9999.00
     1   2005    196   12900.0      12.8      18.0      1.48      2.00      0.60  -9999.00
     1   2005    197   25000.0      13.4      19.9      1.54      2.00      7.50  -9999.00
     1   2005    198   17200.0      13.0      17.0      1.50      2.00      1.10  -9999.00
     1   2005    199   16300.0      11.5      20.6      1.36      2.00      1.00  -9999.00
     1   2005    200   21600.0      13.1      18.7      1.51      2.00      0.00  -9999.00
     1   2005    201   19900.0      13.8      17.8      1.58      2.00      0.00  -9999.00
     1   2005    202   13600.0      14.9      21.2      1.69      2.00      3.50  -9999.00
     1   2005    203   17700.0      14.2      21.2      1.62      2.00     26.00  -9999.00
     1   2005    204   21900.0      13.6      15.7      1.56      2.00     19.60  -9999.00
     1   2005    205   12200.0      14.8      17.0      1.68      2.00      1.60  -9999.00
     1   2005    206   15300.0      12.5      17.4      1.45      2.00      5.90  -9999.00
     1   2005    207   15900.0      10.5      20.5      1.27      2.00      0.00  -9999.00
     1   2005    208   21500.0      14.2      15.9      1.62      2.00     16.20  -9999.00
     1   2005    209   18000.0      14.3      19.3      1.63      2.00      0.50  -9999.00
     1   2005    210   14300.0      15.7      21.0      1.78      2.00      0.30  -9999.00
     1   2005    211   10100.0      15.5      18.6      1.76      2.00      2.50  -9999.00
     1   2005    212    8500.0      12.7      17.8      1.47      2.00      0.30  -9999.00
     1   2005    213   19300.0      15.7      18.5      1.78      2.00     10.40  -9999.00
     1   2005    214   19100.0       7.6      18.7      1.04      2.00      0.00  -9999.00
     1   2005    215   22600.0      10.7      25.6      1.29      2.00      0.00  -9999.00
     1   2005    216   20100.0      12.3      18.5      1.43      2.00      0.00  -9999.00
     1   2005    217   21100.0      11.5      22.1      1.36      2.00      0.00  -9999.00
     1   2005    218   11200.0      15.5      17.2      1.76      2.00      4.90  -9999.00
     1   2005    219   17900.0      13.9      25.1      1.59      2.00      0.00  -9999.00
     1   2005    220   19000.0       9.2      25.4      1.16      2.00      0.00  -9999.00
     1   2005    221   13100.0      14.0      17.7      1.60      2.00      0.70  -9999.00
     1   2005    222   18200.0       9.9      24.3      1.22      2.00     14.90  -9999.00
     1   2005    223   15700.0      10.7      25.1      1.29      2.00      0.00  -9999.00
     1   2005    224   10800.0      13.0      16.6      1.50      2.00      0.90  -9999.00
     1   2005    225   17800.0      11.5      25.3      1.36      2.00      0.00  -9999.00
     1   2005    226   12100.0       9.8      19.8      1.21      2.00      3.30  -9999.00
     1   2005    227    9800.0      11.6      18.5      1.37      2.00      0.60  -9999.00
     1   2005    228   13600.0       9.9      16.6      1.22      2.00      0.40  -9999.00
     1   2005    229   20900.0      13.2      20.2      1.52      2.00      0.80  -9999.00
     1   2005    230    8500.0      13.5      17.4      1.55      2.00      0.00  -9999.00
     1   2005    231   20800.0      13.8      25.5      1.58      2.00      0.00  -9999.00
     1   2005    232   11400.0      11.8      18.4      1.38      2.00      0.00  -9999.00
     1   2005    233   12700.0      16.4      18.4      1.86      2.00      0.00  -9999.00
     1   2005    234   16600.0      16.8      19.3      1.91      2.00      0.00  -9999.00
     1   2005    235   20500.0      13.3      24.1      1.53      2.00      0.00  -9999.00
     1   2005    236   11000.0      12.9      20.0      1.49      2.00      0.40  -9999.00
     1   2005    237   10500.0       9.1      18.0      1.16      2.00      2.50  -9999.00
     1   2005    238   12100.0      14.2      17.5      1.62      2.00      3.90  -9999.00
     1   2005    239   15600.0      14.1      18.3      1.61      2.00     11.90  -9999.00
     1   2005    240    8200.0      13.2      16.9      1.52      2.00      1.80  -9999.00
     1   2005    241    7600.0      14.9      16.0      1.69      2.00      2.20  -9999.00
     1   2005    242   13200.0      12.6      17.6      1.46      2.00      4.10  -9999.00
     1   2005    243   13000.0      11.7      19.3      1.37      2.00      0.10  -9999.00
     1   2005    244   17300.0       7.8      15.2      1.06      2.00      0.00  -9999.00
     1   2005    245   11600.0      16.9      20.7      1.92      2.00      0.00  -9999.00
     1   2005    246   17600.0      13.7      19.4      1.57      2.00      0.00  -9999.00
     1   2005    247   13000.0      11.6      19.9      1.37      2.00      0.00  -9999.00
     1   2005    248   18900.0      12.7      20.0      1.47      2.00      2.70  -9999.00
     1   2005    249   12300.0      10.3      19.7      1.25      2.00      0.00  -9999.00
     1   2005    250   14200.0      10.6      16.6      1.28      2.00      0.00  -9999.00
     1   2005    251    8200.0      12.6      19.6      1.46      2.00      0.60  -9999.00
     1   2005    252    5800.0       9.8      19.6      1.21      2.00      5.90  -9999.00
     1   2005    253   11600.0      10.9      15.7      1.30      2.00      0.20  -9999.00
     1   2005    254    5800.0      13.5      16.9      1.55      2.00      0.40  -9999.00
     1   2005    255   13400.0       6.9      22.5      0.99      2.00      0.00  -9999.00
     1   2005    256   16200.0       4.4      14.2      0.84      2.00      0.00  -9999.00
     1   2005    257   10600.0       9.8      23.3      1.21      2.00      0.00  -9999.00
     1   2005    258   12800.0      12.1      18.6      1.41      2.00      0.00  -9999.00
     1   2005    259   13300.0       6.9      18.2      0.99      2.00      0.00  -9999.00
     1   2005    260   11500.0       9.2      15.5      1.16      2.00     13.70  -9999.00
     1   2005    261   17000.0      10.6      18.2      1.28      2.00      0.00  -9999.00
     1   2005    262   10000.0      11.5      15.6      1.36      2.00      0.10  -9999.00
     1   2005    263   15100.0       9.9      20.3      1.22      2.00      0.00  -9999.00
     1   2005    264    6600.0       6.9      15.2      0.99      2.00      0.00  -9999.00
     1   2005    265    5800.0      12.9      14.2      1.49      2.00      0.30  -9999.00
     1   2005    266   15900.0       8.0      17.3      1.07      2.00     11.90  -9999.00
     1   2005    267    5000.0      11.8      15.5      1.38      2.00      9.10  -9999.00
     1   2005    268    9000.0       7.4      16.7      1.03      2.00      0.00  -9999.00
     1   2005    269    6700.0      11.1      17.6      1.32      2.00      0.00  -9999.00
     1   2005    270    7700.0      12.8      19.1      1.48      2.00      0.00  -9999.00
     1   2005    271   14600.0       7.2      15.9      1.02      2.00      0.00  -9999.00
     1   2005    272   13900.0       5.4      17.6      0.90      2.00      0.00  -9999.00
     1   2005    273   11900.0      11.7      15.4      1.37      2.00      0.00  -9999.00
     1   2005    274   12000.0      11.0      21.5      1.31      2.00      8.00  -9999.00
     1   2005    275    5400.0      13.1      17.7      1.51      2.00     12.70  -9999.00
     1   2005    276    7200.0       9.7      15.1      1.20      2.00      0.10  -9999.00
     1   2005    277    8000.0       9.5      15.6      1.19      2.00      6.00  -9999.00
     1   2005    278    2200.0      13.0      16.2      1.50      2.00     15.60  -9999.00
     1   2005    279   12100.0       9.8      18.3      1.21      2.00      9.60  -9999.00
     1   2005    280    8000.0      11.7      18.3      1.37      2.00     11.50  -9999.00
     1   2005    281    7000.0      11.7      13.9      1.37      2.00      1.50  -9999.00
     1   2005    282   10000.0       8.0      17.0      1.07      2.00      5.20  -9999.00
     1   2005    283    9300.0       6.8      15.5      0.99      2.00      2.00  -9999.00
     1   2005    284    3900.0      12.1      17.3      1.41      2.00      0.80  -9999.00
     1   2005    285    2700.0      12.7      12.8      1.47      2.00      0.10  -9999.00
     1   2005    286    6300.0      12.0      12.7      1.40      2.00      0.80  -9999.00
     1   2005    287    4700.0      15.1      15.5      1.72      2.00      0.30  -9999.00
     1   2005    288    4400.0      13.5      17.3      1.55      2.00      4.90  -9999.00
     1   2005    289    4200.0      14.2      16.4      1.62      2.00      0.40  -9999.00
     1   2005    290    5600.0      11.9      14.9      1.39      2.00      4.90  -9999.00
     1   2005    291    8300.0      12.1      14.1      1.41      2.00     16.80  -9999.00
     1   2005    292   10100.0       3.4      11.6      0.78      2.00      0.00  -9999.00
     1   2005    293    9600.0       6.2      14.7      0.95      2.00      0.00  -9999.00
     1   2005    294    6600.0       7.5      17.4      1.04      2.00      0.00  -9999.00
     1   2005    295    6300.0       8.6      14.7      1.12      2.00      0.00  -9999.00
     1   2005    296    9000.0       1.6      13.8      0.69      2.00      0.00  -9999.00
     1   2005    297    2300.0      12.0      18.1      1.40      2.00      0.00  -9999.00
     1   2005    298    9000.0       8.5      14.2      1.11      2.00      0.00  -9999.00
     1   2005    299    5600.0      13.2      16.0      1.52      2.00      5.70  -9999.00
     1   2005    300    9000.0       5.2      15.7      0.88      2.00      0.30  -9999.00
     1   2005    301    7900.0       6.8      13.6      0.99      2.00      0.90  -9999.00
     1   2005    302    3900.0       8.0      10.0      1.07      2.00      3.00  -9999.00
     1   2005    303    3200.0       8.8      12.5      1.13      2.00      0.70  -9999.00
     1   2005    304    7000.0       6.8      13.9      0.99      2.00      0.00  -9999.00
     1   2005    305    3500.0       9.2      13.8      1.16      2.00      0.40  -9999.00
     1   2005    306    3800.0      11.9      12.9      1.39      2.00      2.80  -9999.00
     1   2005    307    4000.0       3.0      16.3      0.76      2.00      4.70  -9999.00
     1   2005    308    3500.0       4.0      12.9      0.81      2.00      0.00  -9999.00
     1   2005    309    3400.0       7.2      11.7      1.02      2.00      0.00  -9999.00
     1   2005    310    3400.0       2.2       6.4      0.72      2.00      0.00  -9999.00
     1   2005    311    7300.0       7.0       7.4      1.00      2.00      0.00  -9999.00
     1   2005    312    6200.0       5.6      14.7      0.91      2.00      0.00  -9999.00
     1   2005    313    4800.0       5.2       9.4      0.88      2.00      0.00  -9999.00
     1   2005    314    4200.0       5.6      10.2      0.91      2.00      0.00  -9999.00
     1   2005    315    6800.0       2.7       9.4      0.74      2.00      0.00  -9999.00
     1   2005    316    5600.0       4.3      10.7      0.83      2.00      0.00  -9999.00
     1   2005    317    5300.0       6.0      13.0      0.93      2.00      0.00  -9999.00
     1   2005    318    6100.0       3.4      13.2      0.78      2.00      0.00  -9999.00
     1   2005    319    2100.0       8.4       8.9      1.10      2.00      0.00  -9999.00
     1   2005    320    2100.0       9.0      11.0      1.15      2.00      0.00  -9999.00
     1   2005    321    2900.0       0.6      10.5      0.64      2.00      0.00  -9999.00
     1   2005    322    2400.0       8.9       9.6      1.14      2.00      0.00  -9999.00
     1   2005    323    3700.0       6.4      11.5      0.96      2.00      0.00  -9999.00
     1   2005    324    1800.0       7.3      11.4      1.02      2.00      0.00  -9999.00
     1   2005    325    3800.0      -3.1       9.7      0.49      2.00      0.00  -9999.00
     1   2005    326    1700.0       7.5      13.6      1.04      2.00      0.40  -9999.00
     1   2005    327    2200.0       5.3      12.6      0.89      2.00      0.30  -9999.00
     1   2005    328    3800.0       0.1       8.2      0.62      2.00      0.00  -9999.00
     1   2005    329     800.0       4.2       9.9      0.82      2.00     14.30  -9999.00
     1   2005    330    4700.0       7.4      11.6      1.03      2.00      0.50  -9999.00
     1   2005    331    1700.0       3.1      13.8      0.76      2.00      0.50  -9999.00
     1   2005    332    1700.0       4.0       4.5      0.81      2.00      0.90  -9999.00
     1   2005    333    1800.0       3.7       8.3      0.80      2.00      0.00  -9999.00
     1   2005    334    1500.0       1.3      10.3      0.67      2.00      0.00  -9999.00
     1   2005    335    2000.0       6.8       8.8      0.99      2.00      0.00  -9999.00
     1   2005    336    2700.0      -0.2       1.8      0.60      2.00      0.30  -9999.00
     1   2005    337    1600.0       8.9      11.3      1.14      2.00      6.00  -9999.00
     1   2005    338    3100.0      -2.4      11.9      0.51      2.00      2.10  -9999.00
     1   2005    339    1000.0       8.7      14.0      1.12      2.00      0.30  -9999.00
     1   2005    340    2000.0      -0.4       9.6      0.59      2.00      0.00  -9999.00
     1   2005    341    2700.0      -0.6      11.2      0.58      2.00      0.00  -9999.00
     1   2005    342    1500.0       4.8       9.9      0.86      2.00     13.80  -9999.00
     1   2005    343    1600.0       0.8       3.7      0.65      2.00      0.00  -9999.00
     1   2005    344    1500.0       8.4      10.5      1.10      2.00      0.00  -9999.00
     1   2005    345    1500.0      10.6      10.8      1.28      2.00     10.40  -9999.00
     1   2005    346    2200.0       4.9       6.9      0.87      2.00      0.00  -9999.00
     1   2005    347    1000.0       4.6      11.5      0.85      2.00      1.50  -9999.00
     1   2005    348    1500.0      -2.9      11.4      0.49      2.00      0.00  -9999.00
     1   2005    349    2300.0       6.2      11.1      0.95      2.00      0.30  -9999.00
     1   2005    350    1600.0       4.0      10.2      0.81      2.00      2.40  -9999.00
     1   2005    351    1500.0       3.1      11.3      0.76      2.00      0.80  -9999.00
     1   2005    352    1700.0       3.1       9.9      0.76      2.00      0.10  -9999.00
     1   2005    353    1300.0       4.6       5.8      0.85      2.00      9.50  -9999.00
     1   2005    354    1500.0      -2.2       9.7      0.52      2.00     18.80  -9999.00
     1   2005    355     700.0       4.8      12.0      0.86      2.00      0.10  -9999.00
     1   2005    356    2000.0      -0.4       6.7      0.59      2.00      0.00  -9999.00
     1   2005    357    1600.0       6.5       8.5      0.97      2.00     10.20  -9999.00
     1   2005    358    2700.0       5.2       7.2      0.88      2.00      1.10  -9999.00
     1   2005    359     700.0       3.0       5.0      0.76      2.00      6.60  -9999.00
     1   2005    360    2600.0       2.1       8.7      0.71      2.00      0.30  -9999.00
     1   2005    361    3400.0      -2.2       9.0      0.52      2.00      0.00  -9999.00
     1   2005    362    2500.0       7.7      10.0      1.05      2.00     11.50  -9999.00
     1   2005    363    1000.0       0.7      10.1      0.64      2.00      1.60  -9999.00
     1   2005    364    3500.0      -0.9       6.6      0.57      2.00      0.00  -9999.00
     1   2005    365    3200.0      -2.5       2.1      0.51      2.00      0.00  -9999.00
