*-----------------------------------------------------------------------------* 
           CNWG_3.met             51.48   -3.55   69.72
* Date created:  08-Aug-2019     Author: K Coleman 
* 
* NIL VALUE       -9999 
* Source:   data provided by M. Semenov 
*  
* Latitude:    51.48 Longitude:    -3.55 Altitude:    69.72
* 
* Column  Daily value 
* 1       station number 
* 2       year 
* 3       day 
* 4       irradiation                   (kJ m-2 d-1) 
* 5       minimum temperature           (degrees Celsius) 
* 6       maximum temperature           (degrees Celsius) 
* 7       early morning vapour pressure (kPa)             
* 8       mean wind speed (height: 2 m?) (m s-1)          
* 9       precipitation                 (mm d-1)          
* 10      sunshine                      (hrs)             
 		Jday	RAD	    TMIN	TMAX	 VAP	wind	RAIN	SUN  
               kj/m2	°C	    °C	     kPa	m/s	    mm	    hrs 
   51.48  69.72
     1   2005      1    2600.0       3.5       9.8      0.78      2.00      0.00  -9999.00
     1   2005      2     700.0       4.5       7.2      0.84      2.00      0.00  -9999.00
     1   2005      3    2300.0       2.3       7.5      0.72      2.00      0.00  -9999.00
     1   2005      4    2900.0      -0.1       7.5      0.61      2.00      0.00  -9999.00
     1   2005      5    2100.0       5.0      11.6      0.87      2.00      1.60  -9999.00
     1   2005      6    1700.0       5.2       9.2      0.88      2.00     18.20  -9999.00
     1   2005      7    1500.0       5.8      12.1      0.92      2.00      2.80  -9999.00
     1   2005      8    4400.0       7.8       9.8      1.06      2.00      9.10  -9999.00
     1   2005      9    1900.0       8.7       9.0      1.12      2.00      0.20  -9999.00
     1   2005     10    1300.0       2.2      10.0      0.72      2.00      6.80  -9999.00
     1   2005     11    3500.0       2.3       5.8      0.72      2.00      3.50  -9999.00
     1   2005     12    1800.0       2.0       8.0      0.71      2.00      0.20  -9999.00
     1   2005     13    3800.0       6.3       9.2      0.95      2.00      0.80  -9999.00
     1   2005     14    1800.0       0.4       2.3      0.63      2.00      0.00  -9999.00
     1   2005     15    1900.0       3.4       5.4      0.78      2.00      0.30  -9999.00
     1   2005     16    4500.0       3.0       8.9      0.76      2.00      0.00  -9999.00
     1   2005     17    5600.0       2.4       9.3      0.73      2.00      0.00  -9999.00
     1   2005     18     800.0       5.0       6.9      0.87      2.00     12.80  -9999.00
     1   2005     19    3400.0       2.2       5.2      0.72      2.00      4.80  -9999.00
     1   2005     20    4900.0       6.5      12.6      0.97      2.00      0.30  -9999.00
     1   2005     21    2100.0       9.2       9.5      1.16      2.00      0.20  -9999.00
     1   2005     22    1300.0       7.4      11.1      1.03      2.00      0.20  -9999.00
     1   2005     23    3000.0       5.6       7.6      0.91      2.00     14.10  -9999.00
     1   2005     24    5400.0       6.1      10.7      0.94      2.00      4.50  -9999.00
     1   2005     25    4900.0       7.2      10.5      1.02      2.00      2.10  -9999.00
     1   2005     26    6500.0       6.2       9.3      0.95      2.00      4.80  -9999.00
     1   2005     27    6000.0       7.2      11.9      1.02      2.00     12.20  -9999.00
     1   2005     28    2500.0       4.8       7.7      0.86      2.00     17.90  -9999.00
     1   2005     29    2300.0      -0.4       1.8      0.59      2.00      3.90  -9999.00
     1   2005     30    4900.0       5.8       9.0      0.92      2.00     25.00  -9999.00
     1   2005     31    3400.0      -0.1       6.3      0.61      2.00      4.60  -9999.00
     1   2005     32    4000.0       6.5       9.3      0.97      2.00      2.30  -9999.00
     1   2005     33    5600.0      -0.9       7.8      0.57      2.00      0.00  -9999.00
     1   2005     34    6100.0       3.6       5.6      0.79      2.00      0.00  -9999.00
     1   2005     35    3000.0      -1.4       5.3      0.55      2.00      0.00  -9999.00
     1   2005     36    1800.0      -2.4       9.9      0.51      2.00      0.00  -9999.00
     1   2005     37    4100.0       1.0       4.5      0.66      2.00      0.00  -9999.00
     1   2005     38    6700.0       7.7       9.7      1.05      2.00      4.60  -9999.00
     1   2005     39    8200.0       6.1       8.1      0.94      2.00      0.00  -9999.00
     1   2005     40    7400.0       2.7       4.2      0.74      2.00      0.00  -9999.00
     1   2005     41    4800.0      -4.6      10.2      0.43      2.00      0.00  -9999.00
     1   2005     42    5900.0       4.6      12.9      0.85      2.00      0.00  -9999.00
     1   2005     43    4600.0       0.7       0.8      0.64      2.00      0.00  -9999.00
     1   2005     44    8300.0      -2.2      10.4      0.52      2.00      0.00  -9999.00
     1   2005     45    7700.0       1.8       9.7      0.70      2.00      0.00  -9999.00
     1   2005     46    4500.0       0.7       2.7      0.64      2.00      0.00  -9999.00
     1   2005     47    8400.0      -0.7      13.9      0.58      2.00      0.00  -9999.00
     1   2005     48    6000.0       1.0       5.5      0.66      2.00      0.00  -9999.00
     1   2005     49    6800.0      -3.5       4.6      0.47      2.00      0.00  -9999.00
     1   2005     50    5900.0       7.0       9.0      1.00      2.00      6.60  -9999.00
     1   2005     51    2800.0       6.7       8.5      0.98      2.00      3.30  -9999.00
     1   2005     52    7900.0      -1.5       9.6      0.55      2.00      0.40  -9999.00
     1   2005     53    7700.0       5.5       9.8      0.90      2.00      1.10  -9999.00
     1   2005     54    4500.0       1.4       4.3      0.68      2.00      0.80  -9999.00
     1   2005     55    3500.0       3.6       8.1      0.79      2.00      2.30  -9999.00
     1   2005     56    6400.0       4.6       7.4      0.85      2.00      1.50  -9999.00
     1   2005     57    6500.0      -0.2       7.8      0.60      2.00     15.20  -9999.00
     1   2005     58    4600.0       7.0       8.2      1.00      2.00      6.90  -9999.00
     1   2005     59    6100.0       9.2      10.8      1.16      2.00      2.30  -9999.00
     1   2005     60    5200.0       2.0       7.3      0.71      2.00      1.10  -9999.00
     1   2005     61   12100.0       7.1      13.4      1.01      2.00      0.00  -9999.00
     1   2005     62    5500.0       6.0       9.4      0.93      2.00      0.40  -9999.00
     1   2005     63   10900.0       3.7       5.7      0.80      2.00      0.00  -9999.00
     1   2005     64    7100.0       1.3       9.3      0.67      2.00      1.60  -9999.00
     1   2005     65   11400.0       2.7       5.4      0.74      2.00      7.30  -9999.00
     1   2005     66    5900.0       3.2      12.1      0.77      2.00      0.00  -9999.00
     1   2005     67    5300.0       2.4       6.4      0.73      2.00      0.00  -9999.00
     1   2005     68    3500.0       5.6      12.1      0.91      2.00      0.00  -9999.00
     1   2005     69   10300.0      -3.2      10.3      0.48      2.00      0.00  -9999.00
     1   2005     70    5300.0      -2.9      10.9      0.49      2.00      0.00  -9999.00
     1   2005     71    7500.0       7.5       9.6      1.04      2.00      0.00  -9999.00
     1   2005     72    7800.0      -0.5      13.4      0.59      2.00      0.00  -9999.00
     1   2005     73   14800.0       3.4       9.3      0.78      2.00      0.00  -9999.00
     1   2005     74    4100.0       2.1      10.8      0.71      2.00      5.70  -9999.00
     1   2005     75   11600.0       5.2       5.4      0.88      2.00      0.00  -9999.00
     1   2005     76   11700.0       3.9      11.8      0.81      2.00      0.00  -9999.00
     1   2005     77   15700.0       3.0      11.2      0.76      2.00      0.00  -9999.00
     1   2005     78    9400.0       4.7      13.0      0.85      2.00      0.00  -9999.00
     1   2005     79    8100.0       4.7       6.7      0.85      2.00      0.00  -9999.00
     1   2005     80    9400.0      -1.7      14.4      0.54      2.00      0.00  -9999.00
     1   2005     81    9700.0       0.2      10.3      0.62      2.00      0.00  -9999.00
     1   2005     82   11500.0       6.9       9.5      0.99      2.00      0.90  -9999.00
     1   2005     83    9700.0       2.1      10.8      0.71      2.00      0.10  -9999.00
     1   2005     84    5600.0       4.2       9.1      0.82      2.00      2.00  -9999.00
     1   2005     85    6100.0       7.0       9.2      1.00      2.00      6.80  -9999.00
     1   2005     86   12500.0       5.1       8.3      0.88      2.00      0.80  -9999.00
     1   2005     87    3700.0       5.2       9.3      0.88      2.00      4.40  -9999.00
     1   2005     88    9200.0       0.0      14.2      0.61      2.00      0.00  -9999.00
     1   2005     89    7700.0       3.8       9.8      0.80      2.00      0.00  -9999.00
     1   2005     90   10900.0       4.0      10.5      0.81      2.00      0.00  -9999.00
     1   2005     91   10300.0       3.1       9.7      0.76      2.00      4.50  -9999.00
     1   2005     92   12500.0       8.0      11.1      1.07      2.00      3.40  -9999.00
     1   2005     93    5700.0       0.1      15.8      0.62      2.00      5.60  -9999.00
     1   2005     94    7800.0      -1.5      12.1      0.55      2.00      0.20  -9999.00
     1   2005     95    2900.0       6.2      19.5      0.95      2.00      0.30  -9999.00
     1   2005     96    6900.0       5.2       6.5      0.88      2.00      0.50  -9999.00
     1   2005     97   11200.0       1.6      16.9      0.69      2.00      1.00  -9999.00
     1   2005     98    8000.0       7.2      14.9      1.02      2.00      0.00  -9999.00
     1   2005     99   16100.0       0.2      14.4      0.62      2.00      0.00  -9999.00
     1   2005    100   14800.0       7.2      10.8      1.02      2.00      0.00  -9999.00
     1   2005    101   21200.0       6.5       8.5      0.97      2.00      0.00  -9999.00
     1   2005    102   17700.0       2.6      13.0      0.74      2.00      0.00  -9999.00
     1   2005    103    7000.0       2.2      12.3      0.72      2.00      0.00  -9999.00
     1   2005    104   19700.0       7.5      11.4      1.04      2.00      0.00  -9999.00
     1   2005    105   16200.0      -0.5      14.0      0.59      2.00      0.00  -9999.00
     1   2005    106   15200.0       2.9      14.5      0.75      2.00      0.00  -9999.00
     1   2005    107    9300.0       2.5      11.6      0.73      2.00      3.30  -9999.00
     1   2005    108   21000.0       1.5      12.5      0.68      2.00      0.40  -9999.00
     1   2005    109   16300.0       3.9       8.1      0.81      2.00      0.50  -9999.00
     1   2005    110    9500.0       7.4       7.5      1.03      2.00      0.00  -9999.00
     1   2005    111    7700.0       8.6      11.5      1.12      2.00      0.20  -9999.00
     1   2005    112   21100.0       7.3      14.1      1.02      2.00      0.00  -9999.00
     1   2005    113   16500.0       6.5      10.3      0.97      2.00      0.00  -9999.00
     1   2005    114   18700.0       4.0      15.2      0.81      2.00      0.00  -9999.00
     1   2005    115    8500.0       8.2      12.3      1.09      2.00      2.80  -9999.00
     1   2005    116   17000.0      11.5      14.0      1.36      2.00      0.00  -9999.00
     1   2005    117    7300.0      10.3      11.2      1.25      2.00      5.00  -9999.00
     1   2005    118    5800.0       8.7       9.7      1.12      2.00      0.40  -9999.00
     1   2005    119   18000.0       3.7      14.2      0.80      2.00      0.00  -9999.00
     1   2005    120   11500.0       6.1      11.7      0.94      2.00      4.90  -9999.00
     1   2005    121   18600.0       4.3       9.3      0.83      2.00      0.00  -9999.00
     1   2005    122    6100.0       3.9      12.2      0.81      2.00      0.00  -9999.00
     1   2005    123   22800.0       1.6      15.4      0.69      2.00      0.00  -9999.00
     1   2005    124   25900.0       7.8      15.9      1.06      2.00      0.00  -9999.00
     1   2005    125   24400.0       3.0      20.1      0.76      2.00      0.00  -9999.00
     1   2005    126   19600.0       3.1      13.0      0.76      2.00      0.00  -9999.00
     1   2005    127   20700.0       8.7      21.2      1.12      2.00      0.00  -9999.00
     1   2005    128   21900.0      10.9      13.0      1.30      2.00      0.00  -9999.00
     1   2005    129   11700.0       8.7      13.1      1.12      2.00      3.10  -9999.00
     1   2005    130   13100.0       6.9      15.8      0.99      2.00      0.10  -9999.00
     1   2005    131   18000.0       6.6      17.4      0.97      2.00      0.00  -9999.00
     1   2005    132   18400.0       7.2      10.7      1.02      2.00      0.00  -9999.00
     1   2005    133   27300.0      10.6      13.6      1.28      2.00      0.00  -9999.00
     1   2005    134   15000.0      11.0      15.1      1.31      2.00      0.00  -9999.00
     1   2005    135   26000.0       2.7      10.7      0.74      2.00      0.00  -9999.00
     1   2005    136   16500.0       5.0      17.6      0.87      2.00      0.00  -9999.00
     1   2005    137    8000.0      11.4      20.9      1.35      2.00      0.00  -9999.00
     1   2005    138   22000.0       2.3      22.2      0.72      2.00      0.00  -9999.00
     1   2005    139   24800.0       4.7      19.4      0.85      2.00      0.00  -9999.00
     1   2005    140   10800.0       6.5      13.0      0.97      2.00      0.00  -9999.00
     1   2005    141   25600.0       9.6      15.1      1.20      2.00      0.00  -9999.00
     1   2005    142   25300.0       7.7      14.3      1.05      2.00      0.00  -9999.00
     1   2005    143   17500.0      10.0      15.1      1.23      2.00      0.00  -9999.00
     1   2005    144   25600.0       6.7      22.7      0.98      2.00      0.00  -9999.00
     1   2005    145   15000.0       6.3      17.5      0.95      2.00      0.10  -9999.00
     1   2005    146   11700.0       8.3      13.9      1.09      2.00      2.50  -9999.00
     1   2005    147   17800.0      10.1      14.0      1.24      2.00      0.10  -9999.00
     1   2005    148   18400.0       4.2      11.8      0.82      2.00      0.10  -9999.00
     1   2005    149   12400.0      11.1      14.5      1.32      2.00     12.40  -9999.00
     1   2005    150   23200.0       3.6      12.1      0.79      2.00      0.00  -9999.00
     1   2005    151   18500.0      11.5      15.9      1.36      2.00      2.90  -9999.00
     1   2005    152    9500.0       5.7      17.4      0.92      2.00      0.00  -9999.00
     1   2005    153   12700.0       9.4      13.1      1.18      2.00      2.00  -9999.00
     1   2005    154   23100.0       5.4      17.1      0.90      2.00      2.00  -9999.00
     1   2005    155   15400.0      12.7      12.7      1.47      2.00      0.30  -9999.00
     1   2005    156    9600.0       9.8      17.3      1.21      2.00      0.20  -9999.00
     1   2005    157    9000.0       8.9      18.3      1.14      2.00      0.60  -9999.00
     1   2005    158   20000.0      10.7      14.3      1.29      2.00      0.40  -9999.00
     1   2005    159   14600.0       7.2      15.7      1.02      2.00      2.00  -9999.00
     1   2005    160   24400.0       9.8      22.4      1.21      2.00      0.00  -9999.00
     1   2005    161   23800.0       9.9      15.2      1.22      2.00      0.00  -9999.00
     1   2005    162   29500.0      14.0      15.0      1.60      2.00      0.00  -9999.00
     1   2005    163   19800.0      14.7      18.4      1.67      2.00      0.00  -9999.00
     1   2005    164   23600.0      10.3      15.8      1.25      2.00      0.00  -9999.00
     1   2005    165   26400.0       8.9      19.6      1.14      2.00      0.00  -9999.00
     1   2005    166   29700.0      11.3      14.4      1.34      2.00      0.00  -9999.00
     1   2005    167   26600.0       6.4      15.7      0.96      2.00      0.00  -9999.00
     1   2005    168   28000.0       6.8      15.8      0.99      2.00      0.00  -9999.00
     1   2005    169   26800.0      11.4      16.5      1.35      2.00      0.00  -9999.00
     1   2005    170   13100.0      11.2      15.0      1.33      2.00      1.70  -9999.00
     1   2005    171   23200.0      11.0      17.3      1.31      2.00      0.10  -9999.00
     1   2005    172    9000.0      12.1      24.1      1.41      2.00      0.80  -9999.00
     1   2005    173   28900.0      11.4      21.8      1.35      2.00      0.00  -9999.00
     1   2005    174    8500.0      10.0      17.4      1.23      2.00      1.00  -9999.00
     1   2005    175   24400.0      12.5      17.9      1.45      2.00      0.00  -9999.00
     1   2005    176   17000.0      13.9      21.9      1.59      2.00      0.00  -9999.00
     1   2005    177   15800.0      10.4      20.7      1.26      2.00      7.70  -9999.00
     1   2005    178   20400.0      12.4      20.8      1.44      2.00      4.40  -9999.00
     1   2005    179   13400.0      14.3      21.9      1.63      2.00      0.00  -9999.00
     1   2005    180   21000.0      11.9      19.1      1.39      2.00      1.60  -9999.00
     1   2005    181   22500.0      11.7      17.8      1.37      2.00     14.80  -9999.00
     1   2005    182   22700.0      12.7      19.9      1.47      2.00      0.10  -9999.00
     1   2005    183   18100.0       9.8      15.5      1.21      2.00      0.70  -9999.00
     1   2005    184   19000.0      18.7      19.2      2.16      2.00      0.00  -9999.00
     1   2005    185   14500.0      10.2      26.9      1.24      2.00      0.00  -9999.00
     1   2005    186   15900.0      11.0      17.1      1.31      2.00      7.40  -9999.00
     1   2005    187   11900.0      14.1      17.9      1.61      2.00      3.80  -9999.00
     1   2005    188   16100.0      15.1      17.5      1.72      2.00      4.70  -9999.00
     1   2005    189   15500.0      14.0      28.5      1.60      2.00      1.40  -9999.00
     1   2005    190   21100.0       7.1      27.6      1.01      2.00      0.00  -9999.00
     1   2005    191    6400.0      12.3      17.2      1.43      2.00      0.20  -9999.00
     1   2005    192   19800.0      13.7      18.7      1.57      2.00      4.00  -9999.00
     1   2005    193   18900.0      12.9      16.4      1.49      2.00      0.00  -9999.00
     1   2005    194   22400.0      14.0      20.3      1.60      2.00      0.30  -9999.00
     1   2005    195   23800.0      13.8      17.2      1.58      2.00      1.10  -9999.00
     1   2005    196   24500.0      12.6      19.6      1.46      2.00     15.00  -9999.00
     1   2005    197   15600.0      15.9      25.4      1.81      2.00      4.90  -9999.00
     1   2005    198   11600.0      13.6      17.3      1.56      2.00      0.90  -9999.00
     1   2005    199   16600.0      12.5      20.8      1.45      2.00      0.80  -9999.00
     1   2005    200   28000.0      14.2      25.9      1.62      2.00      0.00  -9999.00
     1   2005    201   18700.0      10.8      20.6      1.29      2.00      0.00  -9999.00
     1   2005    202   23500.0      15.1      28.1      1.72      2.00      0.00  -9999.00
     1   2005    203   10500.0      12.5      29.3      1.45      2.00      0.90  -9999.00
     1   2005    204   14600.0      11.5      28.6      1.36      2.00      0.00  -9999.00
     1   2005    205   28200.0      13.7      18.3      1.57      2.00      0.00  -9999.00
     1   2005    206    9700.0      14.4      24.0      1.64      2.00      4.00  -9999.00
     1   2005    207   15600.0      15.2      16.7      1.73      2.00      0.10  -9999.00
     1   2005    208   18600.0      12.9      20.0      1.49      2.00      0.10  -9999.00
     1   2005    209   14200.0      12.1      19.1      1.41      2.00      0.10  -9999.00
     1   2005    210   20300.0      14.8      19.6      1.68      2.00      0.00  -9999.00
     1   2005    211   24500.0      10.3      15.6      1.25      2.00      0.00  -9999.00
     1   2005    212   21300.0      16.1      19.8      1.83      2.00      1.10  -9999.00
     1   2005    213   13400.0      15.3      15.7      1.74      2.00      5.90  -9999.00
     1   2005    214   21700.0      11.0      23.9      1.31      2.00      0.00  -9999.00
     1   2005    215   16000.0      14.3      20.5      1.63      2.00     14.60  -9999.00
     1   2005    216    8700.0      11.7      19.3      1.37      2.00      2.60  -9999.00
     1   2005    217   11700.0      15.2      18.2      1.73      2.00     14.10  -9999.00
     1   2005    218   20600.0      15.9      28.2      1.81      2.00      0.00  -9999.00
     1   2005    219   16600.0      11.7      21.2      1.37      2.00      0.00  -9999.00
     1   2005    220   24700.0       9.7      20.7      1.20      2.00      0.00  -9999.00
     1   2005    221   21500.0      12.8      22.8      1.48      2.00      0.00  -9999.00
     1   2005    222    9400.0      14.0      22.4      1.60      2.00      0.20  -9999.00
     1   2005    223   20600.0      12.1      16.5      1.41      2.00      0.00  -9999.00
     1   2005    224   20200.0      15.6      21.4      1.77      2.00      0.00  -9999.00
     1   2005    225    8300.0      12.7      21.1      1.47      2.00      0.00  -9999.00
     1   2005    226   19400.0      10.6      19.1      1.28      2.00      0.00  -9999.00
     1   2005    227   12500.0      16.6      19.7      1.89      2.00      0.00  -9999.00
     1   2005    228    8500.0      10.9      26.7      1.30      2.00      0.50  -9999.00
     1   2005    229    5200.0      13.1      19.2      1.51      2.00      0.20  -9999.00
     1   2005    230    6800.0      11.7      19.5      1.37      2.00      2.90  -9999.00
     1   2005    231   20600.0      13.0      20.0      1.50      2.00     28.80  -9999.00
     1   2005    232   15600.0      15.1      18.2      1.72      2.00      1.90  -9999.00
     1   2005    233   12800.0      16.0      18.9      1.82      2.00      1.80  -9999.00
     1   2005    234   10800.0      15.8      25.4      1.79      2.00     31.90  -9999.00
     1   2005    235   18500.0      13.0      17.3      1.50      2.00      3.60  -9999.00
     1   2005    236   10200.0      13.7      23.0      1.57      2.00      0.70  -9999.00
     1   2005    237   19400.0      13.4      19.1      1.54      2.00      0.00  -9999.00
     1   2005    238   16000.0      16.1      20.8      1.83      2.00     30.40  -9999.00
     1   2005    239    7300.0      12.7      22.6      1.47      2.00      0.10  -9999.00
     1   2005    240   18100.0      15.3      17.3      1.74      2.00     11.00  -9999.00
     1   2005    241   10900.0       8.8      19.6      1.13      2.00      9.70  -9999.00
     1   2005    242   13400.0       9.1      24.1      1.16      2.00      0.00  -9999.00
     1   2005    243   11400.0      12.8      17.1      1.48      2.00      0.00  -9999.00
     1   2005    244    8200.0      10.0      18.8      1.23      2.00      0.00  -9999.00
     1   2005    245   13200.0       9.6      18.3      1.20      2.00      0.00  -9999.00
     1   2005    246   20500.0      16.3      19.1      1.85      2.00      0.00  -9999.00
     1   2005    247   14900.0      10.2      22.1      1.24      2.00      0.00  -9999.00
     1   2005    248    6600.0      10.5      22.5      1.27      2.00      0.00  -9999.00
     1   2005    249    4400.0      13.1      18.0      1.51      2.00      0.10  -9999.00
     1   2005    250   10400.0      12.1      15.0      1.41      2.00      0.00  -9999.00
     1   2005    251   13600.0       7.7      19.0      1.05      2.00      1.00  -9999.00
     1   2005    252   15000.0      10.6      17.4      1.28      2.00      0.00  -9999.00
     1   2005    253   17100.0      14.7      20.3      1.67      2.00      0.00  -9999.00
     1   2005    254   13000.0      10.9      20.2      1.30      2.00      0.00  -9999.00
     1   2005    255   18100.0      11.9      14.3      1.39      2.00      0.00  -9999.00
     1   2005    256    8100.0      14.7      17.9      1.67      2.00      0.00  -9999.00
     1   2005    257   14800.0      10.7      17.5      1.29      2.00      0.00  -9999.00
     1   2005    258    9400.0       7.9      15.9      1.07      2.00      0.00  -9999.00
     1   2005    259   16100.0       9.3      19.1      1.17      2.00      0.00  -9999.00
     1   2005    260   14800.0       9.7      14.6      1.20      2.00      0.00  -9999.00
     1   2005    261    3400.0      11.0      15.9      1.31      2.00      0.50  -9999.00
     1   2005    262    8100.0      14.3      16.3      1.63      2.00     14.90  -9999.00
     1   2005    263   10300.0       8.2      16.0      1.09      2.00     11.00  -9999.00
     1   2005    264   15400.0      10.6      19.5      1.28      2.00      0.00  -9999.00
     1   2005    265   16000.0      11.1      15.1      1.32      2.00      0.70  -9999.00
     1   2005    266    8200.0       9.6      17.1      1.20      2.00     12.00  -9999.00
     1   2005    267    7300.0       7.8      16.9      1.06      2.00      2.70  -9999.00
     1   2005    268   14200.0      14.2      14.7      1.62      2.00      0.00  -9999.00
     1   2005    269    9800.0       9.4      19.8      1.18      2.00      0.10  -9999.00
     1   2005    270    9200.0      11.0      18.1      1.31      2.00     48.70  -9999.00
     1   2005    271    4800.0       9.3      14.2      1.17      2.00      3.50  -9999.00
     1   2005    272    7000.0      13.5      16.2      1.55      2.00      0.10  -9999.00
     1   2005    273    5700.0      12.6      15.9      1.46      2.00     12.60  -9999.00
     1   2005    274    7900.0      10.8      20.8      1.29      2.00      5.80  -9999.00
     1   2005    275    5000.0      12.3      14.3      1.43      2.00     14.90  -9999.00
     1   2005    276    8800.0       5.3      16.0      0.89      2.00      1.30  -9999.00
     1   2005    277    9200.0      12.4      14.5      1.44      2.00      0.40  -9999.00
     1   2005    278    3600.0       9.9      16.8      1.22      2.00      9.80  -9999.00
     1   2005    279   12300.0       2.5      14.6      0.73      2.00      0.00  -9999.00
     1   2005    280    8800.0       6.6      14.1      0.97      2.00      0.00  -9999.00
     1   2005    281   12500.0       9.4      14.7      1.18      2.00      0.00  -9999.00
     1   2005    282    9700.0      11.4      12.1      1.35      2.00      0.00  -9999.00
     1   2005    283    2300.0      11.4      15.6      1.35      2.00     10.50  -9999.00
     1   2005    284    5200.0       0.3      15.3      0.62      2.00     17.50  -9999.00
     1   2005    285    2900.0       6.6      20.3      0.97      2.00      0.20  -9999.00
     1   2005    286    9700.0      10.8      14.5      1.29      2.00      8.90  -9999.00
     1   2005    287    8700.0       2.5      17.7      0.73      2.00      0.00  -9999.00
     1   2005    288    6300.0      11.8      13.0      1.38      2.00      0.00  -9999.00
     1   2005    289    8100.0       8.3      11.1      1.09      2.00      0.00  -9999.00
     1   2005    290    3400.0       8.8      16.6      1.13      2.00      0.00  -9999.00
     1   2005    291    6900.0       6.7      19.3      0.98      2.00      0.00  -9999.00
     1   2005    292    7300.0      10.2      12.0      1.24      2.00      0.00  -9999.00
     1   2005    293    4400.0       8.7      16.5      1.12      2.00      0.00  -9999.00
     1   2005    294    8800.0       8.7      10.2      1.12      2.00      0.00  -9999.00
     1   2005    295    3500.0      11.4      18.6      1.35      2.00     18.70  -9999.00
     1   2005    296    6300.0       4.9      12.5      0.87      2.00      0.40  -9999.00
     1   2005    297    5900.0       9.5      11.5      1.19      2.00     26.70  -9999.00
     1   2005    298    5100.0       8.7      16.4      1.12      2.00      0.10  -9999.00
     1   2005    299    5600.0       8.6      15.0      1.12      2.00      0.10  -9999.00
     1   2005    300    6500.0      10.6      15.5      1.28      2.00      0.10  -9999.00
     1   2005    301    3900.0      10.0      16.1      1.23      2.00     14.90  -9999.00
     1   2005    302    7200.0      11.1      12.8      1.32      2.00      1.20  -9999.00
     1   2005    303    3300.0       2.5      17.2      0.73      2.00      0.10  -9999.00
     1   2005    304    5000.0       4.0      14.6      0.81      2.00      6.30  -9999.00
     1   2005    305    5600.0      11.2      14.1      1.33      2.00      2.40  -9999.00
     1   2005    306    5000.0       5.0      13.9      0.87      2.00      1.00  -9999.00
     1   2005    307    4100.0       5.7      11.6      0.92      2.00      7.30  -9999.00
     1   2005    308    3300.0       6.2       7.6      0.95      2.00     16.10  -9999.00
     1   2005    309    5900.0       7.7      14.8      1.05      2.00      0.00  -9999.00
     1   2005    310    4500.0       6.6       8.6      0.97      2.00      1.70  -9999.00
     1   2005    311    5800.0       7.4      10.2      1.03      2.00      1.10  -9999.00
     1   2005    312    2400.0       9.8      11.7      1.21      2.00      4.80  -9999.00
     1   2005    313    2400.0      11.5      12.4      1.36      2.00      0.30  -9999.00
     1   2005    314    5900.0       4.1       9.3      0.82      2.00      0.00  -9999.00
     1   2005    315    2700.0       9.3      10.7      1.17      2.00      0.00  -9999.00
     1   2005    316    5200.0       5.2      12.4      0.88      2.00      2.10  -9999.00
     1   2005    317    2300.0       7.1       7.2      1.01      2.00      3.90  -9999.00
     1   2005    318    5400.0       6.5       8.5      0.97      2.00      0.00  -9999.00
     1   2005    319    1600.0       8.3      13.1      1.09      2.00      4.60  -9999.00
     1   2005    320    4900.0       6.2      12.0      0.95      2.00     22.60  -9999.00
     1   2005    321    3100.0       1.1      14.0      0.66      2.00      4.50  -9999.00
     1   2005    322    3300.0       2.4       9.6      0.73      2.00      0.00  -9999.00
     1   2005    323    2100.0       0.2       9.7      0.62      2.00      0.00  -9999.00
     1   2005    324    2300.0      10.3      12.3      1.25      2.00      4.40  -9999.00
     1   2005    325    3900.0       7.5       9.5      1.04      2.00      0.50  -9999.00
     1   2005    326    3300.0       8.3      14.8      1.09      2.00      0.90  -9999.00
     1   2005    327    2200.0      10.3      12.3      1.25      2.00      5.80  -9999.00
     1   2005    328    3200.0       6.1      13.5      0.94      2.00     13.70  -9999.00
     1   2005    329    1900.0       5.2      11.9      0.88      2.00      2.90  -9999.00
     1   2005    330     800.0       7.8       9.1      1.06      2.00      5.50  -9999.00
     1   2005    331    3600.0       8.4      10.1      1.10      2.00      4.70  -9999.00
     1   2005    332    2700.0       7.0      13.8      1.00      2.00      0.60  -9999.00
     1   2005    333    2200.0       5.9      13.3      0.93      2.00      5.00  -9999.00
     1   2005    334     900.0      -0.1      11.2      0.61      2.00      4.40  -9999.00
     1   2005    335    1700.0       9.0      10.5      1.15      2.00      3.40  -9999.00
     1   2005    336    1700.0       4.9       9.9      0.87      2.00      0.10  -9999.00
     1   2005    337    3100.0       7.5       8.0      1.04      2.00      2.10  -9999.00
     1   2005    338    1100.0       2.9       8.5      0.75      2.00      0.70  -9999.00
     1   2005    339    1200.0       0.8       7.8      0.65      2.00      1.90  -9999.00
     1   2005    340    1500.0       4.4       7.8      0.84      2.00     20.50  -9999.00
     1   2005    341    2900.0       3.1      11.8      0.76      2.00      8.30  -9999.00
     1   2005    342    2600.0       7.7       9.7      1.05      2.00      0.80  -9999.00
     1   2005    343    3300.0       2.6       4.6      0.74      2.00      2.40  -9999.00
     1   2005    344    2900.0       1.5      12.3      0.68      2.00      8.70  -9999.00
     1   2005    345     700.0       4.6      12.0      0.85      2.00      1.80  -9999.00
     1   2005    346    2700.0       9.8      10.2      1.21      2.00     17.30  -9999.00
     1   2005    347    1700.0       1.1      11.0      0.66      2.00      0.00  -9999.00
     1   2005    348    2100.0       4.4      12.4      0.84      2.00      5.00  -9999.00
     1   2005    349    2600.0      -1.2       8.5      0.56      2.00      0.00  -9999.00
     1   2005    350    2700.0       0.7      11.3      0.64      2.00      0.00  -9999.00
     1   2005    351    2800.0       8.6      10.9      1.12      2.00      0.30  -9999.00
     1   2005    352    1800.0       2.4       8.4      0.73      2.00     12.80  -9999.00
     1   2005    353    1700.0       2.7       4.7      0.74      2.00      0.00  -9999.00
     1   2005    354    1900.0      -1.3      12.9      0.56      2.00      0.30  -9999.00
     1   2005    355    3300.0       1.6       6.9      0.69      2.00      0.00  -9999.00
     1   2005    356    4500.0      -1.5       9.1      0.55      2.00      0.00  -9999.00
     1   2005    357    1700.0       6.2       8.2      0.95      2.00      0.00  -9999.00
     1   2005    358    1500.0       4.3       6.3      0.83      2.00      0.00  -9999.00
     1   2005    359    2700.0       5.4       9.8      0.90      2.00      3.80  -9999.00
     1   2005    360    2400.0       3.5      11.6      0.78      2.00      7.40  -9999.00
     1   2005    361    1000.0       4.2      13.2      0.82      2.00     11.80  -9999.00
     1   2005    362    2200.0       0.6       1.8      0.64      2.00      0.00  -9999.00
     1   2005    363    2000.0       4.8      10.0      0.86      2.00      0.80  -9999.00
     1   2005    364    3800.0       0.2       8.9      0.62      2.00      0.10  -9999.00
     1   2005    365    1600.0       1.1       1.3      0.66      2.00      8.90  -9999.00
