*-----------------------------------------------------------------------------* 
           CNWG_209.met           51.48   -3.55   69.72
* Date created:  08-Aug-2019     Author: K Coleman 
* 
* NIL VALUE       -9999 
* Source:   data provided by M. Semenov 
*  
* Latitude:    51.48 Longitude:    -3.55 Altitude:    69.72
* 
* Column  Daily value 
* 1       station number 
* 2       year 
* 3       day 
* 4       irradiation                   (kJ m-2 d-1) 
* 5       minimum temperature           (degrees Celsius) 
* 6       maximum temperature           (degrees Celsius) 
* 7       early morning vapour pressure (kPa)             
* 8       mean wind speed (height: 2 m?) (m s-1)          
* 9       precipitation                 (mm d-1)          
* 10      sunshine                      (hrs)             
 		Jday	RAD	    TMIN	TMAX	 VAP	wind	RAIN	SUN  
               kj/m2	°C	    °C	     kPa	m/s	    mm	    hrs 
   51.48  69.72
     1   2005      1    3800.0       1.8      11.4      0.70      2.00      0.40  -9999.00
     1   2005      2    2300.0       1.5       5.1      0.68      2.00      0.00  -9999.00
     1   2005      3    3100.0       6.3      11.0      0.95      2.00      1.00  -9999.00
     1   2005      4    2500.0      -2.3      11.0      0.52      2.00      2.30  -9999.00
     1   2005      5    1500.0       0.5       7.3      0.63      2.00      0.40  -9999.00
     1   2005      6    3800.0       5.0       8.1      0.87      2.00      0.00  -9999.00
     1   2005      7    2400.0       3.6       8.1      0.79      2.00      0.00  -9999.00
     1   2005      8    4300.0       2.8       4.0      0.75      2.00      0.00  -9999.00
     1   2005      9    3500.0       5.6       6.7      0.91      2.00      0.00  -9999.00
     1   2005     10    3600.0       3.4       5.4      0.78      2.00      0.00  -9999.00
     1   2005     11    2900.0      -0.2       7.4      0.60      2.00      0.00  -9999.00
     1   2005     12    4100.0       3.4       5.4      0.78      2.00      0.00  -9999.00
     1   2005     13    1700.0       2.8       8.9      0.75      2.00     10.70  -9999.00
     1   2005     14    3900.0       6.8       9.7      0.99      2.00      6.80  -9999.00
     1   2005     15    2600.0       4.6       8.9      0.85      2.00      0.40  -9999.00
     1   2005     16    1900.0       8.4       9.6      1.10      2.00      2.40  -9999.00
     1   2005     17    2300.0       5.8      11.9      0.92      2.00     14.20  -9999.00
     1   2005     18    3100.0       5.8       8.2      0.92      2.00      7.90  -9999.00
     1   2005     19    1300.0       4.4       9.8      0.84      2.00      3.90  -9999.00
     1   2005     20    1800.0       8.4       8.8      1.10      2.00     21.20  -9999.00
     1   2005     21    4000.0       1.3       2.8      0.67      2.00      0.00  -9999.00
     1   2005     22    5500.0       5.8       5.9      0.92      2.00      0.00  -9999.00
     1   2005     23    4600.0       3.0       6.4      0.76      2.00      0.00  -9999.00
     1   2005     24    2000.0       5.6      10.5      0.91      2.00      0.00  -9999.00
     1   2005     25    5500.0       2.4       4.4      0.73      2.00      0.00  -9999.00
     1   2005     26    2300.0       7.3       9.5      1.02      2.00     20.70  -9999.00
     1   2005     27    2000.0      -3.7      10.0      0.46      2.00      3.60  -9999.00
     1   2005     28    6700.0      -4.4       3.4      0.44      2.00      0.00  -9999.00
     1   2005     29    2400.0       3.9       4.9      0.81      2.00      0.00  -9999.00
     1   2005     30    3200.0       6.0       7.2      0.93      2.00      9.70  -9999.00
     1   2005     31    6600.0      -3.9       5.3      0.46      2.00      0.00  -9999.00
     1   2005     32    1100.0       6.4       9.4      0.96      2.00      1.80  -9999.00
     1   2005     33    6700.0      -1.0       5.1      0.57      2.00      0.00  -9999.00
     1   2005     34    3500.0      -1.6       5.5      0.54      2.00      0.00  -9999.00
     1   2005     35    5800.0       5.8       6.9      0.92      2.00      0.50  -9999.00
     1   2005     36    2700.0      -2.6       2.5      0.50      2.00      3.60  -9999.00
     1   2005     37    2500.0       6.7       9.8      0.98      2.00      6.40  -9999.00
     1   2005     38    2900.0      -0.4       8.1      0.59      2.00      0.00  -9999.00
     1   2005     39    4800.0      -0.5       9.0      0.59      2.00      4.90  -9999.00
     1   2005     40    8400.0       3.7      11.8      0.80      2.00      1.00  -9999.00
     1   2005     41    2700.0       2.2       9.1      0.72      2.00      0.10  -9999.00
     1   2005     42    2500.0       0.3      12.0      0.62      2.00      3.70  -9999.00
     1   2005     43    3800.0       0.0      11.1      0.61      2.00      0.80  -9999.00
     1   2005     44    1800.0       2.0       6.7      0.71      2.00      1.10  -9999.00
     1   2005     45    4600.0       0.0       8.3      0.61      2.00      3.40  -9999.00
     1   2005     46    4600.0       7.7       9.7      1.05      2.00      3.00  -9999.00
     1   2005     47    1700.0       7.3       9.3      1.02      2.00      0.60  -9999.00
     1   2005     48    2800.0       7.1       7.9      1.01      2.00      0.90  -9999.00
     1   2005     49    4300.0       5.8      12.3      0.92      2.00      0.90  -9999.00
     1   2005     50    5000.0      -1.9       7.2      0.53      2.00     14.30  -9999.00
     1   2005     51    5400.0       4.5       6.5      0.84      2.00      0.00  -9999.00
     1   2005     52    5200.0      -4.5      11.5      0.44      2.00      0.00  -9999.00
     1   2005     53    5700.0       4.8       8.5      0.86      2.00      0.00  -9999.00
     1   2005     54    3600.0      -3.0       6.8      0.49      2.00      0.00  -9999.00
     1   2005     55    7700.0      -4.0       4.0      0.45      2.00      0.00  -9999.00
     1   2005     56    9300.0      -1.5       4.7      0.55      2.00      0.00  -9999.00
     1   2005     57    7700.0       2.4      11.3      0.73      2.00      0.00  -9999.00
     1   2005     58    8500.0      -1.4       0.5      0.55      2.00      0.00  -9999.00
     1   2005     59    9100.0       5.4       8.6      0.90      2.00      0.00  -9999.00
     1   2005     60   10800.0      -1.0      10.0      0.57      2.00      0.00  -9999.00
     1   2005     61   10400.0       3.0       6.5      0.76      2.00      0.00  -9999.00
     1   2005     62    7300.0       2.7       9.6      0.74      2.00      0.60  -9999.00
     1   2005     63    3800.0       3.2       8.5      0.77      2.00      8.80  -9999.00
     1   2005     64    9700.0       4.7       9.2      0.85      2.00      0.50  -9999.00
     1   2005     65    4700.0       6.4       8.0      0.96      2.00      8.80  -9999.00
     1   2005     66   10300.0       2.3      17.1      0.72      2.00      0.00  -9999.00
     1   2005     67   10100.0       4.5      17.6      0.84      2.00      0.00  -9999.00
     1   2005     68   13400.0       4.8       8.9      0.86      2.00      0.00  -9999.00
     1   2005     69    6700.0      -1.6      10.0      0.54      2.00      0.00  -9999.00
     1   2005     70    5500.0       2.2       9.9      0.72      2.00      0.40  -9999.00
     1   2005     71    8400.0       2.5       9.7      0.73      2.00      0.10  -9999.00
     1   2005     72    4600.0       6.9      11.4      0.99      2.00      0.00  -9999.00
     1   2005     73   11600.0       1.6      10.1      0.69      2.00      7.70  -9999.00
     1   2005     74    9000.0       1.9      10.2      0.70      2.00      4.30  -9999.00
     1   2005     75    6000.0       6.5      10.1      0.97      2.00      0.00  -9999.00
     1   2005     76    7600.0       4.3       6.3      0.83      2.00      0.60  -9999.00
     1   2005     77    5700.0       5.8      12.6      0.92      2.00      6.60  -9999.00
     1   2005     78   14400.0       6.3       7.7      0.95      2.00      0.00  -9999.00
     1   2005     79    6800.0       0.6      11.1      0.64      2.00      0.00  -9999.00
     1   2005     80   12200.0       7.6       8.1      1.04      2.00      0.00  -9999.00
     1   2005     81   10100.0       0.3      10.1      0.62      2.00     12.70  -9999.00
     1   2005     82   10700.0       6.6       9.8      0.97      2.00      4.90  -9999.00
     1   2005     83   14100.0       5.7      11.5      0.92      2.00      0.00  -9999.00
     1   2005     84    6100.0       8.6      11.0      1.12      2.00     16.70  -9999.00
     1   2005     85    9300.0       7.1      12.5      1.01      2.00      0.50  -9999.00
     1   2005     86    8100.0       8.8      10.5      1.13      2.00      4.30  -9999.00
     1   2005     87   11500.0       2.0      11.1      0.71      2.00      6.50  -9999.00
     1   2005     88    2700.0       4.1      13.5      0.82      2.00      0.10  -9999.00
     1   2005     89   11100.0       2.7      10.3      0.74      2.00      0.00  -9999.00
     1   2005     90    9300.0       3.0       9.3      0.76      2.00      0.00  -9999.00
     1   2005     91   17400.0       5.4      10.8      0.90      2.00      0.00  -9999.00
     1   2005     92    9000.0       0.6       7.6      0.64      2.00      0.00  -9999.00
     1   2005     93   15400.0       4.4       8.2      0.84      2.00      0.70  -9999.00
     1   2005     94   12000.0       6.0       8.3      0.93      2.00      6.20  -9999.00
     1   2005     95   14900.0       2.9       6.3      0.75      2.00      0.80  -9999.00
     1   2005     96   15800.0       5.8      12.8      0.92      2.00     10.50  -9999.00
     1   2005     97   19000.0       5.1      16.7      0.88      2.00      0.00  -9999.00
     1   2005     98   13100.0       4.8       9.1      0.86      2.00      4.00  -9999.00
     1   2005     99   11600.0       1.5      11.0      0.68      2.00      5.70  -9999.00
     1   2005    100   11000.0      -2.4      11.9      0.51      2.00      0.00  -9999.00
     1   2005    101    6200.0       7.7      11.8      1.05      2.00      4.50  -9999.00
     1   2005    102   14900.0       8.5       9.4      1.11      2.00      3.10  -9999.00
     1   2005    103   21600.0       7.1      12.4      1.01      2.00      0.00  -9999.00
     1   2005    104   13400.0      -0.6       6.6      0.58      2.00      8.40  -9999.00
     1   2005    105    3200.0       6.1       9.5      0.94      2.00      0.40  -9999.00
     1   2005    106   19200.0       1.2      12.7      0.67      2.00      0.00  -9999.00
     1   2005    107   15700.0       8.5      16.0      1.11      2.00      0.30  -9999.00
     1   2005    108   15100.0       2.5       9.2      0.73      2.00      4.30  -9999.00
     1   2005    109   16300.0       6.0      10.0      0.93      2.00      0.00  -9999.00
     1   2005    110   10900.0       0.6      10.8      0.64      2.00      2.10  -9999.00
     1   2005    111   22000.0       5.3      10.6      0.89      2.00      0.00  -9999.00
     1   2005    112   22500.0       5.2      11.2      0.88      2.00      0.00  -9999.00
     1   2005    113   18900.0       2.6      13.4      0.74      2.00      0.00  -9999.00
     1   2005    114   14900.0       6.0      14.7      0.93      2.00      0.00  -9999.00
     1   2005    115   13900.0       4.9      14.2      0.87      2.00      0.00  -9999.00
     1   2005    116   17600.0       6.5      20.2      0.97      2.00      0.00  -9999.00
     1   2005    117    8900.0       4.8      16.1      0.86      2.00      3.00  -9999.00
     1   2005    118   11500.0       2.1      12.3      0.71      2.00      4.10  -9999.00
     1   2005    119    6700.0       7.0      11.1      1.00      2.00      0.90  -9999.00
     1   2005    120   16800.0      11.3      18.0      1.34      2.00      0.90  -9999.00
     1   2005    121   19000.0       6.9      15.5      0.99      2.00      0.80  -9999.00
     1   2005    122   14300.0       6.6      16.2      0.97      2.00      2.30  -9999.00
     1   2005    123   16300.0       8.2      12.7      1.09      2.00      1.30  -9999.00
     1   2005    124   19200.0       2.4      14.6      0.73      2.00      0.00  -9999.00
     1   2005    125   19200.0       6.4      12.9      0.96      2.00      0.00  -9999.00
     1   2005    126   20100.0       5.9      16.8      0.93      2.00      0.00  -9999.00
     1   2005    127   14200.0       4.2      15.0      0.82      2.00      0.90  -9999.00
     1   2005    128   20600.0       8.3      13.0      1.09      2.00      0.00  -9999.00
     1   2005    129    3900.0       7.9      10.9      1.07      2.00      5.90  -9999.00
     1   2005    130   11500.0      10.5      13.0      1.27      2.00      0.70  -9999.00
     1   2005    131   11600.0       9.0      17.3      1.15      2.00      0.00  -9999.00
     1   2005    132   21800.0      10.3      17.5      1.25      2.00      0.00  -9999.00
     1   2005    133   20400.0       6.2      14.7      0.95      2.00      3.70  -9999.00
     1   2005    134    9400.0       4.2      16.7      0.82      2.00     10.90  -9999.00
     1   2005    135   13500.0       8.4      13.9      1.10      2.00      3.20  -9999.00
     1   2005    136    9100.0       5.9      23.0      0.93      2.00      0.00  -9999.00
     1   2005    137   19600.0       8.4      14.4      1.10      2.00      0.00  -9999.00
     1   2005    138   22700.0       8.7      18.2      1.12      2.00      1.40  -9999.00
     1   2005    139   20400.0      10.7      13.5      1.29      2.00      1.70  -9999.00
     1   2005    140   11900.0       6.9      11.9      0.99      2.00      1.60  -9999.00
     1   2005    141   26000.0       6.1      12.4      0.94      2.00      0.10  -9999.00
     1   2005    142   15600.0       7.6      20.8      1.04      2.00      0.00  -9999.00
     1   2005    143   13200.0      12.0      15.8      1.40      2.00      6.60  -9999.00
     1   2005    144   21800.0       7.9      21.1      1.07      2.00      0.70  -9999.00
     1   2005    145   14500.0      11.7      13.5      1.37      2.00      0.10  -9999.00
     1   2005    146   24200.0       9.0      15.3      1.15      2.00      4.90  -9999.00
     1   2005    147   15300.0       7.2      12.6      1.02      2.00      0.40  -9999.00
     1   2005    148   19300.0       8.0      19.5      1.07      2.00      0.00  -9999.00
     1   2005    149   21400.0      14.5      16.7      1.65      2.00      0.00  -9999.00
     1   2005    150    9100.0       9.5      14.0      1.19      2.00      7.60  -9999.00
     1   2005    151    8300.0       7.0      24.6      1.00      2.00      1.70  -9999.00
     1   2005    152   15000.0      10.9      19.0      1.30      2.00      8.10  -9999.00
     1   2005    153   29700.0      10.8      19.2      1.29      2.00      0.00  -9999.00
     1   2005    154   25300.0       5.8      18.9      0.92      2.00      0.00  -9999.00
     1   2005    155   13700.0      11.1      16.5      1.32      2.00      1.60  -9999.00
     1   2005    156   27400.0       8.3      20.9      1.09      2.00      0.00  -9999.00
     1   2005    157   18400.0       7.5      15.6      1.04      2.00      0.00  -9999.00
     1   2005    158   25000.0      15.4      20.1      1.75      2.00      0.00  -9999.00
     1   2005    159   25800.0      13.5      14.1      1.55      2.00      0.00  -9999.00
     1   2005    160    9800.0      12.9      18.2      1.49      2.00      2.20  -9999.00
     1   2005    161   17300.0      11.2      12.7      1.33      2.00      9.70  -9999.00
     1   2005    162    8700.0      10.1      13.4      1.24      2.00      0.20  -9999.00
     1   2005    163   13300.0       8.0      14.1      1.07      2.00     13.50  -9999.00
     1   2005    164   15200.0      13.1      15.4      1.51      2.00     12.40  -9999.00
     1   2005    165    9100.0       9.0      21.2      1.15      2.00      7.20  -9999.00
     1   2005    166   16200.0       8.3      19.2      1.09      2.00      6.90  -9999.00
     1   2005    167   18900.0      11.9      19.0      1.39      2.00      6.60  -9999.00
     1   2005    168   20700.0      10.1      19.7      1.24      2.00      8.00  -9999.00
     1   2005    169    9000.0       7.2      15.1      1.02      2.00      2.50  -9999.00
     1   2005    170   18400.0       7.8      17.4      1.06      2.00      0.00  -9999.00
     1   2005    171   12800.0       9.7      17.4      1.20      2.00      0.10  -9999.00
     1   2005    172   14600.0      10.8      23.9      1.29      2.00      0.00  -9999.00
     1   2005    173   17000.0      11.5      25.1      1.36      2.00      0.00  -9999.00
     1   2005    174   28600.0      11.2      16.5      1.33      2.00      0.00  -9999.00
     1   2005    175   27300.0      10.7      18.0      1.29      2.00      0.00  -9999.00
     1   2005    176   27300.0      13.2      20.7      1.52      2.00      0.00  -9999.00
     1   2005    177    9100.0      12.2      14.0      1.42      2.00      8.70  -9999.00
     1   2005    178   12100.0      13.1      18.6      1.51      2.00      0.20  -9999.00
     1   2005    179   16000.0       7.5      17.2      1.04      2.00      0.00  -9999.00
     1   2005    180   25600.0      11.4      18.6      1.35      2.00      0.00  -9999.00
     1   2005    181   15700.0      12.7      19.0      1.47      2.00      0.80  -9999.00
     1   2005    182   21200.0      10.7      18.7      1.29      2.00      2.50  -9999.00
     1   2005    183   13500.0      13.1      22.1      1.51      2.00      0.10  -9999.00
     1   2005    184   26300.0      11.6      18.8      1.37      2.00      0.00  -9999.00
     1   2005    185   16700.0      11.3      18.2      1.34      2.00      4.30  -9999.00
     1   2005    186   21700.0      12.6      19.4      1.46      2.00      0.00  -9999.00
     1   2005    187   11800.0      12.9      20.2      1.49      2.00      2.70  -9999.00
     1   2005    188   10900.0      15.2      19.3      1.73      2.00      0.90  -9999.00
     1   2005    189   18800.0      12.8      27.9      1.48      2.00      0.00  -9999.00
     1   2005    190   26800.0       7.7      23.0      1.05      2.00      0.00  -9999.00
     1   2005    191   18600.0      10.4      23.2      1.26      2.00      0.00  -9999.00
     1   2005    192   24500.0      14.5      23.4      1.65      2.00      0.00  -9999.00
     1   2005    193   15500.0      13.3      20.2      1.53      2.00      0.00  -9999.00
     1   2005    194   27200.0      14.3      25.3      1.63      2.00      0.00  -9999.00
     1   2005    195   25500.0      13.7      18.3      1.57      2.00      0.00  -9999.00
     1   2005    196   19000.0      13.9      19.4      1.59      2.00      0.00  -9999.00
     1   2005    197   25000.0       6.4      26.1      0.96      2.00      0.00  -9999.00
     1   2005    198   23500.0      10.5      18.8      1.27      2.00      0.00  -9999.00
     1   2005    199   16900.0      12.0      23.6      1.40      2.00      0.40  -9999.00
     1   2005    200   11000.0      14.6      16.6      1.66      2.00      0.80  -9999.00
     1   2005    201   25800.0      13.2      25.2      1.52      2.00      0.00  -9999.00
     1   2005    202   22500.0      12.6      17.9      1.46      2.00      1.50  -9999.00
     1   2005    203    8500.0      14.0      20.0      1.60      2.00      5.40  -9999.00
     1   2005    204    8500.0      15.2      18.3      1.73      2.00     16.20  -9999.00
     1   2005    205   14900.0      15.8      19.2      1.79      2.00      4.80  -9999.00
     1   2005    206   18600.0      11.3      18.8      1.34      2.00      0.00  -9999.00
     1   2005    207   20300.0      12.4      19.2      1.44      2.00      0.90  -9999.00
     1   2005    208   13100.0      12.2      17.3      1.42      2.00      2.60  -9999.00
     1   2005    209    9800.0      14.0      19.8      1.60      2.00      7.10  -9999.00
     1   2005    210   26200.0      12.5      17.7      1.45      2.00      5.20  -9999.00
     1   2005    211   23500.0      11.2      18.5      1.33      2.00      0.00  -9999.00
     1   2005    212   21200.0      15.2      17.2      1.73      2.00     17.50  -9999.00
     1   2005    213   16300.0      12.3      19.0      1.43      2.00      3.30  -9999.00
     1   2005    214   21300.0      13.7      18.9      1.57      2.00      4.10  -9999.00
     1   2005    215   11200.0      12.8      25.7      1.48      2.00      0.00  -9999.00
     1   2005    216   16500.0       9.7      21.3      1.20      2.00      0.00  -9999.00
     1   2005    217   14100.0      13.4      17.6      1.54      2.00      0.00  -9999.00
     1   2005    218    6900.0      10.3      20.8      1.25      2.00      0.00  -9999.00
     1   2005    219   20700.0      13.7      18.6      1.57      2.00      0.00  -9999.00
     1   2005    220   19200.0       9.0      21.1      1.15      2.00      0.00  -9999.00
     1   2005    221   14800.0      14.3      19.0      1.63      2.00      0.00  -9999.00
     1   2005    222   18500.0       9.9      21.7      1.22      2.00      0.00  -9999.00
     1   2005    223   22900.0      11.8      15.7      1.38      2.00      0.00  -9999.00
     1   2005    224   11300.0      13.0      24.2      1.50      2.00      0.10  -9999.00
     1   2005    225   12600.0      16.4      20.6      1.86      2.00      0.10  -9999.00
     1   2005    226   14700.0      14.0      22.3      1.60      2.00      1.30  -9999.00
     1   2005    227   17300.0       9.5      25.8      1.19      2.00      0.00  -9999.00
     1   2005    228   15600.0      11.5      22.7      1.36      2.00      0.00  -9999.00
     1   2005    229   19100.0      14.4      22.2      1.64      2.00      0.00  -9999.00
     1   2005    230   13800.0       8.3      22.6      1.09      2.00      0.00  -9999.00
     1   2005    231   15700.0      15.2      18.1      1.73      2.00      5.60  -9999.00
     1   2005    232    6600.0      16.4      18.9      1.86      2.00      0.10  -9999.00
     1   2005    233    3700.0      12.6      18.9      1.46      2.00      3.70  -9999.00
     1   2005    234   10400.0      16.9      18.8      1.92      2.00      1.90  -9999.00
     1   2005    235   10700.0       7.1      23.6      1.01      2.00      0.00  -9999.00
     1   2005    236   21800.0       9.5      20.6      1.19      2.00      0.00  -9999.00
     1   2005    237   17800.0      15.7      21.7      1.78      2.00      0.00  -9999.00
     1   2005    238   17800.0       9.3      25.5      1.17      2.00      0.00  -9999.00
     1   2005    239   16900.0      13.0      20.5      1.50      2.00      0.00  -9999.00
     1   2005    240   18800.0      11.5      23.7      1.36      2.00     20.70  -9999.00
     1   2005    241   16500.0       8.9      19.6      1.14      2.00      0.50  -9999.00
     1   2005    242   10100.0      12.3      17.0      1.43      2.00      0.10  -9999.00
     1   2005    243   13200.0      12.2      16.6      1.42      2.00      1.80  -9999.00
     1   2005    244   20900.0      13.0      18.8      1.50      2.00      0.00  -9999.00
     1   2005    245    9600.0      13.0      18.1      1.50      2.00      9.20  -9999.00
     1   2005    246   18100.0      12.8      19.0      1.48      2.00      0.00  -9999.00
     1   2005    247    9200.0      15.4      20.5      1.75      2.00      0.10  -9999.00
     1   2005    248    9500.0      15.1      19.1      1.72      2.00      4.00  -9999.00
     1   2005    249   12500.0      12.6      17.5      1.46      2.00      4.70  -9999.00
     1   2005    250   12200.0      15.7      22.9      1.78      2.00      0.10  -9999.00
     1   2005    251   14900.0      11.1      18.7      1.32      2.00     28.80  -9999.00
     1   2005    252    9000.0      11.4      18.2      1.35      2.00     30.90  -9999.00
     1   2005    253   13200.0      14.0      20.1      1.60      2.00      0.20  -9999.00
     1   2005    254   17000.0       8.4      16.8      1.10      2.00      0.00  -9999.00
     1   2005    255   10400.0      13.8      19.1      1.58      2.00      0.00  -9999.00
     1   2005    256   18200.0      15.2      16.2      1.73      2.00      0.00  -9999.00
     1   2005    257   13600.0      13.0      15.8      1.50      2.00      0.00  -9999.00
     1   2005    258   12700.0      11.8      18.4      1.38      2.00      0.00  -9999.00
     1   2005    259   13100.0      15.2      18.5      1.73      2.00      0.00  -9999.00
     1   2005    260   10900.0       7.7      17.7      1.05      2.00      0.00  -9999.00
     1   2005    261   17000.0       7.9      16.4      1.07      2.00      0.00  -9999.00
     1   2005    262   15200.0      13.2      20.2      1.52      2.00      0.00  -9999.00
     1   2005    263   13300.0      10.7      12.4      1.29      2.00      3.00  -9999.00
     1   2005    264    8700.0       6.8      18.2      0.99      2.00      0.00  -9999.00
     1   2005    265   13300.0       9.7      19.8      1.20      2.00      0.00  -9999.00
     1   2005    266   14500.0      12.0      14.0      1.40      2.00      0.00  -9999.00
     1   2005    267    6200.0      11.4      18.5      1.35      2.00      0.00  -9999.00
     1   2005    268   10600.0       4.0      14.7      0.81      2.00      0.00  -9999.00
     1   2005    269    7600.0       8.3      18.1      1.09      2.00      5.70  -9999.00
     1   2005    270    9800.0       7.7      14.3      1.05      2.00      0.00  -9999.00
     1   2005    271    8000.0      12.1      14.3      1.41      2.00      0.00  -9999.00
     1   2005    272    7000.0      11.2      18.7      1.33      2.00      0.00  -9999.00
     1   2005    273   10700.0       8.3      18.4      1.09      2.00      0.00  -9999.00
     1   2005    274   13700.0       7.3      14.3      1.02      2.00      0.00  -9999.00
     1   2005    275    8100.0       5.7      12.8      0.92      2.00      0.00  -9999.00
     1   2005    276   12900.0      13.8      16.0      1.58      2.00      0.00  -9999.00
     1   2005    277   13000.0      12.8      15.5      1.48      2.00      0.10  -9999.00
     1   2005    278    4600.0       9.7      14.4      1.20      2.00      0.90  -9999.00
     1   2005    279    9100.0       4.7      16.2      0.85      2.00      0.30  -9999.00
     1   2005    280    3500.0       8.3      12.2      1.09      2.00      0.80  -9999.00
     1   2005    281    9700.0       6.0      13.8      0.93      2.00      0.00  -9999.00
     1   2005    282    5800.0       3.8      15.4      0.80      2.00      2.60  -9999.00
     1   2005    283    8200.0      11.4      19.5      1.35      2.00      6.30  -9999.00
     1   2005    284    7800.0       8.8      11.6      1.13      2.00      0.00  -9999.00
     1   2005    285    7100.0       9.2      11.1      1.16      2.00      0.10  -9999.00
     1   2005    286    4800.0       9.3      17.3      1.17      2.00      4.70  -9999.00
     1   2005    287   10800.0      13.8      15.1      1.58      2.00      0.00  -9999.00
     1   2005    288    6400.0       9.0      14.0      1.15      2.00      0.00  -9999.00
     1   2005    289    4400.0      11.9      13.9      1.39      2.00      2.00  -9999.00
     1   2005    290    7900.0      12.9      14.4      1.49      2.00      3.20  -9999.00
     1   2005    291    4200.0      11.4      13.9      1.35      2.00      5.40  -9999.00
     1   2005    292    3800.0       7.7      16.1      1.05      2.00      0.20  -9999.00
     1   2005    293    4800.0       5.5       9.8      0.90      2.00      3.90  -9999.00
     1   2005    294    4600.0      10.2      12.2      1.24      2.00      0.00  -9999.00
     1   2005    295    7500.0      10.3      11.3      1.25      2.00      0.00  -9999.00
     1   2005    296    3500.0       4.3      14.6      0.83      2.00      0.00  -9999.00
     1   2005    297    4500.0       1.4      11.6      0.68      2.00      0.00  -9999.00
     1   2005    298    7100.0       4.5      12.2      0.84      2.00      0.00  -9999.00
     1   2005    299    4400.0       8.6      10.6      1.12      2.00      0.00  -9999.00
     1   2005    300    7800.0       7.5      10.9      1.04      2.00      0.00  -9999.00
     1   2005    301    6000.0       7.8      16.3      1.06      2.00      2.50  -9999.00
     1   2005    302    1500.0       8.8      10.8      1.13      2.00      0.10  -9999.00
     1   2005    303    7400.0       9.8      12.3      1.21      2.00      0.00  -9999.00
     1   2005    304    4600.0       8.6      13.8      1.12      2.00      9.30  -9999.00
     1   2005    305    2900.0       6.5      10.5      0.97      2.00      2.20  -9999.00
     1   2005    306    4400.0       4.9      12.2      0.87      2.00      4.20  -9999.00
     1   2005    307    2400.0       5.3      16.2      0.89      2.00     10.50  -9999.00
     1   2005    308    2700.0       4.5       7.6      0.84      2.00      3.40  -9999.00
     1   2005    309    6300.0       8.1      13.9      1.08      2.00      0.00  -9999.00
     1   2005    310    6200.0       5.6      14.4      0.91      2.00      7.20  -9999.00
     1   2005    311    1100.0       6.6       8.7      0.97      2.00      2.60  -9999.00
     1   2005    312    7200.0       5.7      11.0      0.92      2.00      0.00  -9999.00
     1   2005    313    5000.0       7.3       9.3      1.02      2.00      0.00  -9999.00
     1   2005    314    2000.0       5.5      13.3      0.90      2.00      2.10  -9999.00
     1   2005    315    2400.0       9.6      10.8      1.20      2.00      0.00  -9999.00
     1   2005    316    4900.0       8.4       8.5      1.10      2.00      0.00  -9999.00
     1   2005    317    3100.0       4.0       9.0      0.81      2.00     16.90  -9999.00
     1   2005    318    4400.0       6.0       8.7      0.93      2.00      0.00  -9999.00
     1   2005    319    2700.0       8.0      12.4      1.07      2.00      6.30  -9999.00
     1   2005    320    2200.0       5.2       6.9      0.88      2.00      5.40  -9999.00
     1   2005    321    6200.0       1.2       8.5      0.67      2.00     18.50  -9999.00
     1   2005    322    2700.0       7.2      11.8      1.02      2.00     11.90  -9999.00
     1   2005    323    1700.0       6.0      11.8      0.93      2.00      0.00  -9999.00
     1   2005    324    3800.0       3.9      14.9      0.81      2.00      0.80  -9999.00
     1   2005    325    3400.0       0.7       8.0      0.64      2.00      1.10  -9999.00
     1   2005    326    3000.0       0.6       7.5      0.64      2.00      3.50  -9999.00
     1   2005    327    4600.0       5.8       7.4      0.92      2.00      0.00  -9999.00
     1   2005    328    2200.0       1.2       4.6      0.67      2.00     12.60  -9999.00
     1   2005    329    2000.0       8.4      14.2      1.10      2.00      0.50  -9999.00
     1   2005    330    3200.0       9.6      11.6      1.20      2.00      0.90  -9999.00
     1   2005    331    3600.0       2.0       7.5      0.71      2.00      3.30  -9999.00
     1   2005    332    1800.0       5.6      10.8      0.91      2.00      0.50  -9999.00
     1   2005    333    3100.0       3.4       9.8      0.78      2.00      0.00  -9999.00
     1   2005    334    5000.0       6.8       8.8      0.99      2.00      0.00  -9999.00
     1   2005    335    2200.0       0.2       8.1      0.62      2.00     16.40  -9999.00
     1   2005    336    2600.0       9.1      13.5      1.16      2.00      0.30  -9999.00
     1   2005    337    3400.0       4.4      10.2      0.84      2.00      3.20  -9999.00
     1   2005    338    1600.0      -0.5       9.6      0.59      2.00      1.70  -9999.00
     1   2005    339    2000.0      -0.8       8.6      0.58      2.00      0.20  -9999.00
     1   2005    340    1500.0       3.8       5.8      0.80      2.00      3.00  -9999.00
     1   2005    341    1400.0       4.1      12.7      0.82      2.00      0.20  -9999.00
     1   2005    342    1500.0       4.3       7.8      0.83      2.00     10.30  -9999.00
     1   2005    343    2400.0      -0.9      11.2      0.57      2.00     19.20  -9999.00
     1   2005    344    3600.0       0.3      12.5      0.62      2.00      0.20  -9999.00
     1   2005    345    3000.0       1.8      11.3      0.70      2.00      2.90  -9999.00
     1   2005    346    1500.0       2.8      10.4      0.75      2.00     20.30  -9999.00
     1   2005    347    1700.0      -0.3      10.3      0.60      2.00      6.40  -9999.00
     1   2005    348    1900.0      -1.3       8.7      0.56      2.00      2.20  -9999.00
     1   2005    349    2900.0       2.7       4.7      0.74      2.00     11.90  -9999.00
     1   2005    350    3300.0       0.9       7.0      0.65      2.00      1.30  -9999.00
     1   2005    351    2300.0      -6.0      -4.0      0.39      2.00      0.80  -9999.00
     1   2005    352    4100.0       4.8       9.1      0.86      2.00      8.40  -9999.00
     1   2005    353    1000.0       5.0       7.0      0.87      2.00      5.60  -9999.00
     1   2005    354    1600.0       8.5      10.5      1.11      2.00      0.10  -9999.00
     1   2005    355    2400.0      -0.7      11.5      0.58      2.00     11.90  -9999.00
     1   2005    356    1700.0       1.3      11.0      0.67      2.00      0.00  -9999.00
     1   2005    357    1600.0      -0.7       1.3      0.58      2.00      0.00  -9999.00
     1   2005    358    1500.0      -2.6      11.9      0.50      2.00      4.80  -9999.00
     1   2005    359    1500.0       7.0      11.5      1.00      2.00      7.20  -9999.00
     1   2005    360     700.0       2.1       8.5      0.71      2.00      0.00  -9999.00
     1   2005    361    1700.0       4.1       6.1      0.82      2.00      0.00  -9999.00
     1   2005    362    2200.0      -2.0      11.6      0.53      2.00      0.00  -9999.00
     1   2005    363    3000.0       7.9       9.9      1.07      2.00     10.80  -9999.00
     1   2005    364    3800.0      -2.5       7.1      0.51      2.00      0.00  -9999.00
     1   2005    365    3800.0       2.3       6.0      0.72      2.00      0.00  -9999.00
