*-----------------------------------------------------------------------------* 
           CNWG_290.met           51.48   -3.55   69.72
* Date created:  08-Aug-2019     Author: K Coleman 
* 
* NIL VALUE       -9999 
* Source:   data provided by M. Semenov 
*  
* Latitude:    51.48 Longitude:    -3.55 Altitude:    69.72
* 
* Column  Daily value 
* 1       station number 
* 2       year 
* 3       day 
* 4       irradiation                   (kJ m-2 d-1) 
* 5       minimum temperature           (degrees Celsius) 
* 6       maximum temperature           (degrees Celsius) 
* 7       early morning vapour pressure (kPa)             
* 8       mean wind speed (height: 2 m?) (m s-1)          
* 9       precipitation                 (mm d-1)          
* 10      sunshine                      (hrs)             
 		Jday	RAD	    TMIN	TMAX	 VAP	wind	RAIN	SUN  
               kj/m2	°C	    °C	     kPa	m/s	    mm	    hrs 
   51.48  69.72
     1   2005      1    1500.0       2.8       8.7      0.75      2.00      5.00  -9999.00
     1   2005      2    1600.0      -6.1       7.7      0.39      2.00      0.00  -9999.00
     1   2005      3    2900.0       1.6       3.6      0.69      2.00      0.00  -9999.00
     1   2005      4    2600.0       4.3       6.3      0.83      2.00      0.00  -9999.00
     1   2005      5    4800.0       0.0       6.4      0.61      2.00      0.00  -9999.00
     1   2005      6    2300.0       3.8       5.8      0.80      2.00      0.00  -9999.00
     1   2005      7    2400.0       6.9       8.9      0.99      2.00      4.30  -9999.00
     1   2005      8    3900.0       7.4       9.4      1.03      2.00      5.40  -9999.00
     1   2005      9    3000.0      -0.8       4.7      0.58      2.00      0.00  -9999.00
     1   2005     10    1900.0       0.5       9.6      0.63      2.00      0.00  -9999.00
     1   2005     11    2500.0      -1.2       7.8      0.56      2.00      0.00  -9999.00
     1   2005     12    4700.0       2.2       4.2      0.72      2.00      0.00  -9999.00
     1   2005     13    5300.0      -0.5       7.1      0.59      2.00      0.00  -9999.00
     1   2005     14    1500.0      -2.7       8.9      0.50      2.00     14.40  -9999.00
     1   2005     15     800.0       2.9       8.8      0.75      2.00      0.00  -9999.00
     1   2005     16    1600.0      -1.3       6.7      0.56      2.00      0.00  -9999.00
     1   2005     17    2200.0      -0.8       3.4      0.58      2.00      0.00  -9999.00
     1   2005     18    1900.0       3.1       5.1      0.76      2.00      0.60  -9999.00
     1   2005     19    1900.0       4.8      11.6      0.86      2.00      2.90  -9999.00
     1   2005     20    3500.0       6.4      12.8      0.96      2.00      0.50  -9999.00
     1   2005     21    3000.0       0.8       7.6      0.65      2.00      0.00  -9999.00
     1   2005     22    5400.0       0.0       8.8      0.61      2.00      0.00  -9999.00
     1   2005     23    5200.0       2.8       4.9      0.75      2.00      0.00  -9999.00
     1   2005     24    5700.0       2.1       6.6      0.71      2.00      0.00  -9999.00
     1   2005     25    2600.0       1.2       3.7      0.67      2.00      0.00  -9999.00
     1   2005     26    2600.0       4.9       6.4      0.87      2.00      0.00  -9999.00
     1   2005     27    2300.0       0.3      10.2      0.62      2.00      0.00  -9999.00
     1   2005     28    4000.0      -1.5       6.6      0.55      2.00      0.00  -9999.00
     1   2005     29    4000.0       5.6       8.2      0.91      2.00      0.00  -9999.00
     1   2005     30    6400.0       8.3       9.6      1.09      2.00      0.00  -9999.00
     1   2005     31    4400.0       0.3       2.3      0.62      2.00      0.00  -9999.00
     1   2005     32    6400.0      -0.9       5.8      0.57      2.00      0.00  -9999.00
     1   2005     33    3400.0       1.0       8.1      0.66      2.00      1.60  -9999.00
     1   2005     34    3900.0      -2.0      10.3      0.53      2.00      0.00  -9999.00
     1   2005     35    2400.0       2.0       7.8      0.71      2.00      0.00  -9999.00
     1   2005     36    4200.0       3.3       9.9      0.77      2.00      0.00  -9999.00
     1   2005     37    5500.0       6.9       8.9      0.99      2.00      0.00  -9999.00
     1   2005     38    4300.0      -3.6       9.5      0.47      2.00     10.70  -9999.00
     1   2005     39    2400.0       7.3       9.3      1.02      2.00      2.30  -9999.00
     1   2005     40    5900.0       7.7       7.8      1.05      2.00      2.80  -9999.00
     1   2005     41    2000.0       2.9       6.8      0.75      2.00      8.00  -9999.00
     1   2005     42    2000.0       4.7       8.6      0.85      2.00      5.60  -9999.00
     1   2005     43    4500.0       0.3       2.3      0.62      2.00      3.10  -9999.00
     1   2005     44    5100.0       5.1       7.3      0.88      2.00      0.00  -9999.00
     1   2005     45    8600.0       7.6       9.3      1.04      2.00      0.00  -9999.00
     1   2005     46    8400.0       3.2       5.2      0.77      2.00      0.00  -9999.00
     1   2005     47    2700.0       1.6       3.6      0.69      2.00      0.00  -9999.00
     1   2005     48    8600.0       0.5      10.3      0.63      2.00      0.00  -9999.00
     1   2005     49    9500.0       1.1      10.1      0.66      2.00      0.00  -9999.00
     1   2005     50    5200.0       8.3       9.6      1.09      2.00      0.00  -9999.00
     1   2005     51    4800.0       6.6       8.6      0.97      2.00      0.00  -9999.00
     1   2005     52    4200.0      -1.8       0.2      0.54      2.00      0.00  -9999.00
     1   2005     53    8200.0      -4.6       0.0      0.43      2.00      0.00  -9999.00
     1   2005     54    8300.0       2.2       4.2      0.72      2.00      0.00  -9999.00
     1   2005     55    7700.0       4.8      13.4      0.86      2.00      0.00  -9999.00
     1   2005     56    6400.0      -5.2       7.6      0.41      2.00      0.00  -9999.00
     1   2005     57    7700.0       4.4      11.8      0.84      2.00      0.00  -9999.00
     1   2005     58   11600.0       6.6       6.8      0.97      2.00      0.00  -9999.00
     1   2005     59    3300.0       4.2       6.2      0.82      2.00      4.50  -9999.00
     1   2005     60    7500.0       1.7      11.5      0.69      2.00      0.40  -9999.00
     1   2005     61    1900.0      -2.2      10.4      0.52      2.00      0.40  -9999.00
     1   2005     62    3800.0      -1.1      12.9      0.56      2.00      0.00  -9999.00
     1   2005     63   12600.0       3.0       6.4      0.76      2.00      0.00  -9999.00
     1   2005     64    4400.0       0.4      11.3      0.63      2.00      2.40  -9999.00
     1   2005     65   11500.0       3.0       4.8      0.76      2.00      0.00  -9999.00
     1   2005     66    8500.0       2.5       7.9      0.73      2.00      9.50  -9999.00
     1   2005     67    9000.0       3.2       5.2      0.77      2.00      0.90  -9999.00
     1   2005     68    3600.0       5.1       6.8      0.88      2.00      4.30  -9999.00
     1   2005     69    4500.0       2.5       4.0      0.73      2.00      3.00  -9999.00
     1   2005     70   11000.0       2.9       8.0      0.75      2.00      0.00  -9999.00
     1   2005     71    4000.0       5.9       9.7      0.93      2.00     18.50  -9999.00
     1   2005     72    8500.0       3.3      11.5      0.77      2.00      0.20  -9999.00
     1   2005     73    9600.0       5.1      13.7      0.88      2.00      0.10  -9999.00
     1   2005     74    9300.0       3.0      14.6      0.76      2.00      0.00  -9999.00
     1   2005     75    4800.0       3.4       8.2      0.78      2.00      6.20  -9999.00
     1   2005     76    7300.0       5.7      10.9      0.92      2.00      0.10  -9999.00
     1   2005     77    5300.0       6.4       9.1      0.96      2.00      3.10  -9999.00
     1   2005     78    7000.0       8.8      14.6      1.13      2.00      7.70  -9999.00
     1   2005     79    9800.0       7.3      11.8      1.02      2.00      0.80  -9999.00
     1   2005     80   10500.0       5.9       9.9      0.93      2.00      4.10  -9999.00
     1   2005     81   13200.0       6.5      10.8      0.97      2.00      1.90  -9999.00
     1   2005     82   10500.0       5.6      12.3      0.91      2.00      1.50  -9999.00
     1   2005     83    2500.0       7.2      11.0      1.02      2.00      1.90  -9999.00
     1   2005     84    5300.0       4.2      10.8      0.82      2.00      0.30  -9999.00
     1   2005     85    5500.0       1.9      10.2      0.70      2.00      4.90  -9999.00
     1   2005     86   16400.0       5.5      12.4      0.90      2.00      0.90  -9999.00
     1   2005     87    7700.0       5.4      14.2      0.90      2.00      0.00  -9999.00
     1   2005     88    5700.0       5.1       6.8      0.88      2.00      9.90  -9999.00
     1   2005     89   11300.0       5.3       9.2      0.89      2.00      0.10  -9999.00
     1   2005     90    6900.0       8.6      11.3      1.12      2.00      0.50  -9999.00
     1   2005     91    7500.0       4.7      11.7      0.85      2.00     11.50  -9999.00
     1   2005     92    7500.0       6.6      15.3      0.97      2.00      0.30  -9999.00
     1   2005     93   11100.0       8.0       9.4      1.07      2.00      5.40  -9999.00
     1   2005     94   18600.0       5.1      14.1      0.88      2.00      0.00  -9999.00
     1   2005     95   17200.0       2.5       7.7      0.73      2.00      0.00  -9999.00
     1   2005     96   15300.0       7.8       8.4      1.06      2.00      0.00  -9999.00
     1   2005     97    7300.0       2.4      10.3      0.73      2.00     16.00  -9999.00
     1   2005     98    6500.0       9.0       9.5      1.15      2.00      7.60  -9999.00
     1   2005     99   18100.0       0.8      13.9      0.65      2.00      0.00  -9999.00
     1   2005    100    7800.0       8.3      10.2      1.09      2.00      3.10  -9999.00
     1   2005    101   18600.0       7.4       8.5      1.03      2.00      0.00  -9999.00
     1   2005    102   21100.0       4.8      15.0      0.86      2.00      0.00  -9999.00
     1   2005    103   21000.0       9.7      13.9      1.20      2.00      0.00  -9999.00
     1   2005    104   11700.0       7.1      11.7      1.01      2.00      0.00  -9999.00
     1   2005    105   18300.0       7.7      13.6      1.05      2.00      0.00  -9999.00
     1   2005    106   20600.0       4.7      12.9      0.85      2.00      0.00  -9999.00
     1   2005    107   19900.0       3.0      10.3      0.76      2.00      0.00  -9999.00
     1   2005    108   20300.0       2.3      16.4      0.72      2.00      0.00  -9999.00
     1   2005    109   10200.0       4.6      10.8      0.85      2.00      1.80  -9999.00
     1   2005    110    7900.0       4.8      18.2      0.86      2.00      1.10  -9999.00
     1   2005    111    9400.0       4.1       8.5      0.82      2.00     12.00  -9999.00
     1   2005    112   14200.0       6.1      10.6      0.94      2.00      0.20  -9999.00
     1   2005    113   19400.0       5.8      13.9      0.92      2.00      0.00  -9999.00
     1   2005    114   18700.0       6.8      13.7      0.99      2.00      2.70  -9999.00
     1   2005    115   13800.0       8.7      12.2      1.12      2.00      1.60  -9999.00
     1   2005    116   12400.0       1.7       9.0      0.69      2.00      0.30  -9999.00
     1   2005    117    9600.0       3.3      11.3      0.77      2.00      5.90  -9999.00
     1   2005    118   19600.0      11.0      12.9      1.31      2.00      0.90  -9999.00
     1   2005    119   10100.0       6.6      11.0      0.97      2.00      0.40  -9999.00
     1   2005    120    7200.0       4.0      12.9      0.81      2.00      0.90  -9999.00
     1   2005    121   11100.0       4.0      10.4      0.81      2.00      2.50  -9999.00
     1   2005    122   23000.0       9.2      18.1      1.16      2.00      0.00  -9999.00
     1   2005    123   20700.0       1.2      20.7      0.67      2.00      0.00  -9999.00
     1   2005    124    8800.0       7.7      14.2      1.05      2.00      7.70  -9999.00
     1   2005    125   11900.0       6.8      12.2      0.99      2.00     11.50  -9999.00
     1   2005    126   26200.0       1.6      14.2      0.69      2.00      0.00  -9999.00
     1   2005    127   21200.0      12.1      16.4      1.41      2.00      3.60  -9999.00
     1   2005    128   11700.0       7.9      14.8      1.07      2.00      0.80  -9999.00
     1   2005    129    7600.0       3.6      12.3      0.79      2.00      1.10  -9999.00
     1   2005    130   20600.0       8.8      12.0      1.13      2.00      0.50  -9999.00
     1   2005    131   24800.0      12.5      13.9      1.45      2.00      0.00  -9999.00
     1   2005    132   17500.0       0.1      16.8      0.62      2.00      0.00  -9999.00
     1   2005    133   20900.0      12.0      15.0      1.40      2.00      0.00  -9999.00
     1   2005    134   22700.0       8.4      15.7      1.10      2.00      0.00  -9999.00
     1   2005    135   25200.0       3.9      20.9      0.81      2.00      0.00  -9999.00
     1   2005    136   26200.0      13.1      15.8      1.51      2.00      0.00  -9999.00
     1   2005    137   21800.0       7.3      16.1      1.02      2.00      0.00  -9999.00
     1   2005    138   25100.0      11.2      13.2      1.33      2.00      0.00  -9999.00
     1   2005    139   16900.0       8.0      14.9      1.07      2.00      0.00  -9999.00
     1   2005    140   22000.0       6.0      14.5      0.93      2.00      0.00  -9999.00
     1   2005    141   19000.0       9.4      20.8      1.18      2.00      0.30  -9999.00
     1   2005    142   13700.0       6.5      16.2      0.97      2.00     14.00  -9999.00
     1   2005    143   21800.0      10.3      11.5      1.25      2.00      0.10  -9999.00
     1   2005    144   14000.0       8.1      14.6      1.08      2.00     10.70  -9999.00
     1   2005    145   21700.0       8.1      17.3      1.08      2.00      3.30  -9999.00
     1   2005    146    8800.0      10.4      14.5      1.26      2.00      4.30  -9999.00
     1   2005    147   10500.0       6.0      12.3      0.93      2.00      2.60  -9999.00
     1   2005    148   12400.0      10.8      17.9      1.29      2.00      3.40  -9999.00
     1   2005    149   21900.0      10.3      22.1      1.25      2.00      5.90  -9999.00
     1   2005    150   13600.0       4.6      14.8      0.85      2.00      3.40  -9999.00
     1   2005    151    9500.0       7.6      15.2      1.04      2.00      0.30  -9999.00
     1   2005    152   18600.0       6.3      16.0      0.95      2.00      9.10  -9999.00
     1   2005    153   21800.0      13.0      16.3      1.50      2.00      5.60  -9999.00
     1   2005    154   21400.0       9.2      18.9      1.16      2.00      0.00  -9999.00
     1   2005    155    8800.0       9.6      14.1      1.20      2.00      4.20  -9999.00
     1   2005    156   26400.0      12.3      20.2      1.43      2.00      0.00  -9999.00
     1   2005    157   13300.0      13.4      15.4      1.54      2.00      0.70  -9999.00
     1   2005    158   15100.0       8.3      22.5      1.09      2.00      0.00  -9999.00
     1   2005    159   10100.0       5.2      17.4      0.88      2.00      3.80  -9999.00
     1   2005    160    4900.0      10.7      17.1      1.29      2.00      4.20  -9999.00
     1   2005    161   21100.0      15.2      17.2      1.73      2.00      0.00  -9999.00
     1   2005    162   24400.0      15.9      21.9      1.81      2.00      0.00  -9999.00
     1   2005    163   28900.0      10.4      23.8      1.26      2.00      0.00  -9999.00
     1   2005    164   15400.0       9.0      21.2      1.15      2.00      0.00  -9999.00
     1   2005    165   26600.0      12.8      22.5      1.48      2.00      0.00  -9999.00
     1   2005    166   23200.0      10.7      16.3      1.29      2.00      0.00  -9999.00
     1   2005    167   27300.0       9.0      20.6      1.15      2.00      0.00  -9999.00
     1   2005    168   28400.0       6.3      18.0      0.95      2.00      0.00  -9999.00
     1   2005    169   27600.0      13.4      20.9      1.54      2.00      0.00  -9999.00
     1   2005    170   30200.0      13.0      15.6      1.50      2.00      0.00  -9999.00
     1   2005    171   19100.0       9.5      24.4      1.19      2.00      0.00  -9999.00
     1   2005    172    9500.0      10.7      17.4      1.29      2.00      0.00  -9999.00
     1   2005    173   15600.0       9.7      18.8      1.20      2.00      0.00  -9999.00
     1   2005    174   16100.0      10.4      21.0      1.26      2.00      0.20  -9999.00
     1   2005    175   25700.0      14.7      18.8      1.67      2.00      0.00  -9999.00
     1   2005    176    8500.0      11.6      20.0      1.37      2.00     17.90  -9999.00
     1   2005    177   21700.0      10.8      17.0      1.29      2.00      6.20  -9999.00
     1   2005    178   22000.0      10.3      18.7      1.25      2.00      3.40  -9999.00
     1   2005    179   12500.0      14.2      22.0      1.62      2.00     18.70  -9999.00
     1   2005    180   15700.0      11.5      15.7      1.36      2.00      7.80  -9999.00
     1   2005    181   10600.0      10.5      16.7      1.27      2.00      3.20  -9999.00
     1   2005    182   14300.0      12.6      16.5      1.46      2.00      0.70  -9999.00
     1   2005    183   20900.0      12.7      20.4      1.47      2.00      0.80  -9999.00
     1   2005    184   24000.0      15.9      26.4      1.81      2.00      0.00  -9999.00
     1   2005    185   16000.0      13.0      18.1      1.50      2.00      5.10  -9999.00
     1   2005    186   23200.0      14.1      23.5      1.61      2.00      0.30  -9999.00
     1   2005    187   16200.0      14.3      21.1      1.63      2.00      1.10  -9999.00
     1   2005    188   18900.0      14.3      18.8      1.63      2.00      0.30  -9999.00
     1   2005    189   12900.0      10.2      19.0      1.24      2.00      0.00  -9999.00
     1   2005    190   24200.0       9.6      22.2      1.20      2.00      0.00  -9999.00
     1   2005    191   15300.0      14.3      24.4      1.63      2.00      0.00  -9999.00
     1   2005    192   21400.0      10.8      20.3      1.29      2.00      0.00  -9999.00
     1   2005    193   24300.0      10.1      25.6      1.24      2.00      0.00  -9999.00
     1   2005    194   15800.0      12.7      27.8      1.47      2.00      0.00  -9999.00
     1   2005    195   20800.0      13.0      24.6      1.50      2.00      0.00  -9999.00
     1   2005    196   24200.0      12.5      29.7      1.45      2.00      0.00  -9999.00
     1   2005    197   19000.0      10.3      21.9      1.25      2.00      0.00  -9999.00
     1   2005    198    9900.0       9.7      19.8      1.20      2.00      0.00  -9999.00
     1   2005    199   22500.0      14.1      30.1      1.61      2.00      0.00  -9999.00
     1   2005    200   27500.0      15.2      17.9      1.73      2.00      0.00  -9999.00
     1   2005    201   17500.0       9.7      21.8      1.20      2.00      0.00  -9999.00
     1   2005    202   21100.0      12.5      24.0      1.45      2.00      0.00  -9999.00
     1   2005    203    4200.0      14.2      17.3      1.62      2.00      0.90  -9999.00
     1   2005    204   21600.0      12.1      21.6      1.41      2.00      0.00  -9999.00
     1   2005    205   24900.0      11.5      22.4      1.36      2.00      0.00  -9999.00
     1   2005    206   18800.0      16.1      25.2      1.83      2.00      4.20  -9999.00
     1   2005    207   20600.0      13.4      20.0      1.54      2.00      0.00  -9999.00
     1   2005    208    9800.0      10.8      25.9      1.29      2.00      0.00  -9999.00
     1   2005    209    8800.0      13.1      24.0      1.51      2.00      0.00  -9999.00
     1   2005    210   23900.0      15.2      18.3      1.73      2.00      0.00  -9999.00
     1   2005    211   24600.0       8.3      16.4      1.09      2.00      0.00  -9999.00
     1   2005    212   19300.0       9.7      17.4      1.20      2.00      4.00  -9999.00
     1   2005    213   18500.0      16.2      18.0      1.84      2.00      0.20  -9999.00
     1   2005    214   10900.0      11.8      21.2      1.38      2.00      4.50  -9999.00
     1   2005    215   10800.0      15.5      19.3      1.76      2.00      9.00  -9999.00
     1   2005    216   14300.0      12.3      25.2      1.43      2.00      0.00  -9999.00
     1   2005    217   16400.0      14.0      19.1      1.60      2.00      0.00  -9999.00
     1   2005    218   16900.0       8.8      26.7      1.13      2.00      0.00  -9999.00
     1   2005    219   19800.0      15.0      15.8      1.70      2.00      0.00  -9999.00
     1   2005    220   20200.0      11.0      18.9      1.31      2.00     55.60  -9999.00
     1   2005    221   14500.0      17.0      19.5      1.94      2.00      0.80  -9999.00
     1   2005    222    8100.0      15.2      21.0      1.73      2.00      0.50  -9999.00
     1   2005    223   11200.0      11.7      16.6      1.37      2.00      5.40  -9999.00
     1   2005    224   10100.0      13.8      18.4      1.58      2.00      1.40  -9999.00
     1   2005    225   11600.0      17.1      18.0      1.95      2.00      1.80  -9999.00
     1   2005    226   22300.0      11.6      18.8      1.37      2.00      8.40  -9999.00
     1   2005    227   14500.0      13.7      23.0      1.57      2.00      3.10  -9999.00
     1   2005    228   11700.0      13.8      18.0      1.58      2.00     10.30  -9999.00
     1   2005    229   10500.0      11.3      18.1      1.34      2.00     13.20  -9999.00
     1   2005    230   14500.0      13.9      28.5      1.59      2.00      0.40  -9999.00
     1   2005    231   14200.0      10.7      20.1      1.29      2.00     18.00  -9999.00
     1   2005    232   13700.0       8.2      20.7      1.09      2.00      0.70  -9999.00
     1   2005    233   14700.0       9.6      16.7      1.20      2.00      4.20  -9999.00
     1   2005    234   14900.0      16.3      20.6      1.85      2.00      0.00  -9999.00
     1   2005    235    8800.0      12.5      19.5      1.45      2.00     12.40  -9999.00
     1   2005    236   14600.0      14.6      15.4      1.66      2.00      0.00  -9999.00
     1   2005    237   11300.0      13.4      22.5      1.54      2.00      7.30  -9999.00
     1   2005    238   13700.0      11.5      18.5      1.36      2.00      6.10  -9999.00
     1   2005    239   15000.0      15.0      20.8      1.70      2.00      7.00  -9999.00
     1   2005    240    7200.0      13.4      18.1      1.54      2.00     10.60  -9999.00
     1   2005    241    7300.0      13.7      18.4      1.57      2.00      0.10  -9999.00
     1   2005    242   15800.0       8.2      18.9      1.09      2.00      0.00  -9999.00
     1   2005    243    6600.0      15.4      18.3      1.75      2.00      0.20  -9999.00
     1   2005    244   12700.0      13.5      17.8      1.55      2.00      3.60  -9999.00
     1   2005    245   19800.0      14.8      21.1      1.68      2.00      0.00  -9999.00
     1   2005    246    5700.0      13.4      19.3      1.54      2.00      4.60  -9999.00
     1   2005    247   12400.0      10.7      25.9      1.29      2.00      0.00  -9999.00
     1   2005    248   10200.0      14.2      20.3      1.62      2.00      2.80  -9999.00
     1   2005    249   15900.0       9.2      16.9      1.16      2.00      0.70  -9999.00
     1   2005    250   11800.0       8.4      16.1      1.10      2.00      1.40  -9999.00
     1   2005    251   16000.0      11.3      17.3      1.34      2.00      0.00  -9999.00
     1   2005    252   10200.0      10.0      16.3      1.23      2.00      2.40  -9999.00
     1   2005    253   13800.0       8.2      20.0      1.09      2.00      0.00  -9999.00
     1   2005    254    7700.0      13.7      18.5      1.57      2.00     14.00  -9999.00
     1   2005    255    7600.0       9.8      15.4      1.21      2.00      0.10  -9999.00
     1   2005    256   16600.0      15.7      20.4      1.78      2.00      5.40  -9999.00
     1   2005    257   10900.0       7.5      16.8      1.04      2.00      3.90  -9999.00
     1   2005    258    5400.0       8.3      13.8      1.09      2.00      0.00  -9999.00
     1   2005    259   10100.0      12.5      15.9      1.45      2.00      0.00  -9999.00
     1   2005    260   11400.0       7.9      14.0      1.07      2.00      0.00  -9999.00
     1   2005    261    5100.0      15.0      16.8      1.70      2.00      1.20  -9999.00
     1   2005    262   16800.0      11.1      13.5      1.32      2.00      0.00  -9999.00
     1   2005    263    9900.0      14.1      16.5      1.61      2.00      0.00  -9999.00
     1   2005    264   13700.0      12.1      16.5      1.41      2.00      0.00  -9999.00
     1   2005    265   13900.0      10.2      14.6      1.24      2.00      0.00  -9999.00
     1   2005    266   15600.0      15.3      20.0      1.74      2.00      0.00  -9999.00
     1   2005    267    7700.0      14.5      17.0      1.65      2.00      7.40  -9999.00
     1   2005    268    8800.0      14.7      16.7      1.67      2.00      0.70  -9999.00
     1   2005    269   11400.0      13.5      16.7      1.55      2.00      0.10  -9999.00
     1   2005    270    7800.0      13.4      16.0      1.54      2.00     11.50  -9999.00
     1   2005    271    8000.0      11.2      16.5      1.33      2.00      2.80  -9999.00
     1   2005    272   12000.0       9.1      16.8      1.16      2.00      0.00  -9999.00
     1   2005    273   10500.0      10.1      15.8      1.24      2.00      2.00  -9999.00
     1   2005    274    9000.0      11.2      18.3      1.33      2.00      0.50  -9999.00
     1   2005    275    8200.0      15.0      15.6      1.70      2.00     10.90  -9999.00
     1   2005    276    6100.0      13.3      15.3      1.53      2.00     19.00  -9999.00
     1   2005    277   11600.0       4.7      13.5      0.85      2.00      0.00  -9999.00
     1   2005    278    7200.0       9.2      12.6      1.16      2.00      0.00  -9999.00
     1   2005    279    5900.0       9.8      14.6      1.21      2.00      0.00  -9999.00
     1   2005    280    8000.0       8.1      15.0      1.08      2.00     26.50  -9999.00
     1   2005    281    4500.0       9.6      11.6      1.20      2.00      0.10  -9999.00
     1   2005    282    5200.0      10.6      14.7      1.28      2.00      0.10  -9999.00
     1   2005    283    8800.0      10.9      16.3      1.30      2.00      9.80  -9999.00
     1   2005    284    8300.0       6.8      13.4      0.99      2.00      0.10  -9999.00
     1   2005    285    6800.0       7.7      11.1      1.05      2.00      0.00  -9999.00
     1   2005    286    9500.0       6.5      17.2      0.97      2.00      0.00  -9999.00
     1   2005    287    5700.0       7.6      14.2      1.04      2.00      0.20  -9999.00
     1   2005    288    7100.0       3.5      15.1      0.78      2.00     10.50  -9999.00
     1   2005    289    4300.0       8.5      11.7      1.11      2.00      4.50  -9999.00
     1   2005    290    3000.0       7.2      14.1      1.02      2.00     45.40  -9999.00
     1   2005    291    3400.0      12.0      14.6      1.40      2.00      1.50  -9999.00
     1   2005    292    6400.0       9.5      14.9      1.19      2.00      5.30  -9999.00
     1   2005    293    3500.0       5.9      12.9      0.93      2.00     20.40  -9999.00
     1   2005    294    7000.0      11.4      15.7      1.35      2.00      0.30  -9999.00
     1   2005    295    3800.0       7.2      15.1      1.02      2.00      0.00  -9999.00
     1   2005    296    2200.0       8.4      13.1      1.10      2.00      7.70  -9999.00
     1   2005    297    4600.0      10.9      13.4      1.30      2.00      1.30  -9999.00
     1   2005    298    7600.0       3.6      13.4      0.79      2.00      0.70  -9999.00
     1   2005    299    3000.0       7.1       8.8      1.01      2.00      2.10  -9999.00
     1   2005    300    4500.0       6.4       9.7      0.96      2.00      0.00  -9999.00
     1   2005    301    6700.0      10.2      14.3      1.24      2.00      0.00  -9999.00
     1   2005    302    7300.0       5.9       8.0      0.93      2.00      0.00  -9999.00
     1   2005    303    2700.0       0.0      11.4      0.61      2.00      0.00  -9999.00
     1   2005    304    4600.0       7.7      14.6      1.05      2.00      0.10  -9999.00
     1   2005    305    3400.0       4.8      12.8      0.86      2.00      4.30  -9999.00
     1   2005    306    5100.0      -0.6      12.9      0.58      2.00      0.00  -9999.00
     1   2005    307    2800.0       8.9       9.4      1.14      2.00      0.00  -9999.00
     1   2005    308    3700.0       5.3      11.9      0.89      2.00      0.00  -9999.00
     1   2005    309    3100.0       5.2      11.5      0.88      2.00      0.00  -9999.00
     1   2005    310    6300.0       2.1      12.4      0.71      2.00      0.00  -9999.00
     1   2005    311    6000.0      10.7      15.0      1.29      2.00      0.00  -9999.00
     1   2005    312    6100.0       8.8      10.8      1.13      2.00      7.70  -9999.00
     1   2005    313    3800.0      10.7      13.7      1.29      2.00      5.70  -9999.00
     1   2005    314    6500.0       1.9      10.5      0.70      2.00      0.00  -9999.00
     1   2005    315    4500.0       9.3      11.3      1.17      2.00      0.40  -9999.00
     1   2005    316    6300.0       7.6      15.0      1.04      2.00      0.50  -9999.00
     1   2005    317    4800.0       1.8      13.2      0.70      2.00      0.00  -9999.00
     1   2005    318    6100.0      -3.3       7.9      0.48      2.00      0.00  -9999.00
     1   2005    319    4900.0      -4.0       9.3      0.45      2.00      0.00  -9999.00
     1   2005    320    3400.0       3.3       9.7      0.77      2.00      0.60  -9999.00
     1   2005    321    2500.0      -1.1       8.9      0.56      2.00      0.00  -9999.00
     1   2005    322    3100.0       3.9       9.4      0.81      2.00      0.00  -9999.00
     1   2005    323    4500.0       3.7       8.9      0.80      2.00      0.50  -9999.00
     1   2005    324    3500.0       6.8      13.6      0.99      2.00      1.00  -9999.00
     1   2005    325    2100.0       4.4      13.3      0.84      2.00      2.50  -9999.00
     1   2005    326    1800.0       3.0      13.2      0.76      2.00      2.10  -9999.00
     1   2005    327    2900.0       7.1      13.2      1.01      2.00      0.30  -9999.00
     1   2005    328    1600.0       5.3      13.5      0.89      2.00      0.50  -9999.00
     1   2005    329    2000.0      -3.0      11.4      0.49      2.00      2.00  -9999.00
     1   2005    330    1800.0       8.0      10.5      1.07      2.00      2.10  -9999.00
     1   2005    331    2200.0       1.5       9.2      0.68      2.00      5.50  -9999.00
     1   2005    332    1400.0       5.0       7.3      0.87      2.00      0.20  -9999.00
     1   2005    333    5200.0      -1.0      11.0      0.57      2.00      7.20  -9999.00
     1   2005    334    3200.0       7.4      13.3      1.03      2.00      3.00  -9999.00
     1   2005    335    1600.0       6.0      11.4      0.93      2.00      1.60  -9999.00
     1   2005    336    2900.0       4.9      11.2      0.87      2.00      8.50  -9999.00
     1   2005    337    1600.0       6.6      11.3      0.97      2.00      3.40  -9999.00
     1   2005    338    3500.0       1.9      10.8      0.70      2.00      0.00  -9999.00
     1   2005    339    1200.0       1.7      11.4      0.69      2.00      0.30  -9999.00
     1   2005    340    3200.0       4.6       6.6      0.85      2.00      0.00  -9999.00
     1   2005    341    1600.0       2.5      13.0      0.73      2.00      8.10  -9999.00
     1   2005    342    1500.0       3.8       4.9      0.80      2.00      7.30  -9999.00
     1   2005    343     800.0       9.0      13.2      1.15      2.00      3.40  -9999.00
     1   2005    344    2600.0       4.2       7.3      0.82      2.00      0.10  -9999.00
     1   2005    345    1900.0      10.1      12.0      1.24      2.00      7.10  -9999.00
     1   2005    346    2600.0      10.9      12.1      1.30      2.00     16.80  -9999.00
     1   2005    347     700.0       6.5       8.5      0.97      2.00      0.00  -9999.00
     1   2005    348    1100.0       8.3      11.2      1.09      2.00      2.00  -9999.00
     1   2005    349    2500.0       5.9       7.9      0.93      2.00      6.80  -9999.00
     1   2005    350    1400.0       1.8       3.2      0.70      2.00      8.60  -9999.00
     1   2005    351    1600.0       8.1      10.1      1.08      2.00      0.10  -9999.00
     1   2005    352    1300.0       3.3      11.7      0.77      2.00      7.80  -9999.00
     1   2005    353    1400.0       8.1      12.8      1.08      2.00      6.90  -9999.00
     1   2005    354    1900.0       3.1       9.5      0.76      2.00      0.20  -9999.00
     1   2005    355    2400.0       2.3      11.7      0.72      2.00      7.30  -9999.00
     1   2005    356    1700.0       9.3      11.0      1.17      2.00      0.30  -9999.00
     1   2005    357    1400.0       7.3      10.2      1.02      2.00      0.10  -9999.00
     1   2005    358    2900.0       0.8      12.3      0.65      2.00      7.60  -9999.00
     1   2005    359    1200.0       3.2       9.5      0.77      2.00      3.50  -9999.00
     1   2005    360    1400.0       3.6       6.5      0.79      2.00      0.00  -9999.00
     1   2005    361    1200.0       8.1      10.7      1.08      2.00     15.20  -9999.00
     1   2005    362    2600.0       1.7      10.4      0.69      2.00      1.10  -9999.00
     1   2005    363    1500.0       3.9       6.8      0.81      2.00      0.00  -9999.00
     1   2005    364    3100.0       6.4       9.1      0.96      2.00      0.20  -9999.00
     1   2005    365     700.0       2.8       4.0      0.75      2.00      0.00  -9999.00
