*-----------------------------------------------------------------------------* 
           CNWG_268.met           51.48   -3.55   69.72
* Date created:  08-Aug-2019     Author: K Coleman 
* 
* NIL VALUE       -9999 
* Source:   data provided by M. Semenov 
*  
* Latitude:    51.48 Longitude:    -3.55 Altitude:    69.72
* 
* Column  Daily value 
* 1       station number 
* 2       year 
* 3       day 
* 4       irradiation                   (kJ m-2 d-1) 
* 5       minimum temperature           (degrees Celsius) 
* 6       maximum temperature           (degrees Celsius) 
* 7       early morning vapour pressure (kPa)             
* 8       mean wind speed (height: 2 m?) (m s-1)          
* 9       precipitation                 (mm d-1)          
* 10      sunshine                      (hrs)             
 		Jday	RAD	    TMIN	TMAX	 VAP	wind	RAIN	SUN  
               kj/m2	°C	    °C	     kPa	m/s	    mm	    hrs 
   51.48  69.72
     1   2005      1     700.0       8.3      12.1      1.09      2.00      2.80  -9999.00
     1   2005      2    1700.0       4.9       6.9      0.87      2.00      0.00  -9999.00
     1   2005      3    1000.0       0.9      12.0      0.65      2.00      0.20  -9999.00
     1   2005      4    1800.0       0.0       2.0      0.61      2.00      0.00  -9999.00
     1   2005      5    1700.0       9.5      11.5      1.19      2.00      5.90  -9999.00
     1   2005      6    1800.0       6.8       9.1      0.99      2.00      0.90  -9999.00
     1   2005      7    4700.0       8.0       9.9      1.07      2.00      1.00  -9999.00
     1   2005      8    2500.0       6.2      10.9      0.95      2.00      6.30  -9999.00
     1   2005      9    1100.0       5.6       7.6      0.91      2.00      1.60  -9999.00
     1   2005     10    5000.0       4.0       9.2      0.81      2.00      1.40  -9999.00
     1   2005     11    1900.0       8.0       9.7      1.07      2.00      2.40  -9999.00
     1   2005     12    1700.0       5.3       7.3      0.89      2.00      4.50  -9999.00
     1   2005     13     800.0       0.9       9.8      0.65      2.00     17.20  -9999.00
     1   2005     14    1700.0       5.0       8.8      0.87      2.00      2.80  -9999.00
     1   2005     15    1100.0       3.3       7.4      0.77      2.00     11.10  -9999.00
     1   2005     16    1700.0       4.1       9.6      0.82      2.00      1.90  -9999.00
     1   2005     17    5400.0       0.7       9.0      0.64      2.00      0.00  -9999.00
     1   2005     18    1600.0      -0.1       6.4      0.61      2.00      0.00  -9999.00
     1   2005     19    3300.0       2.7       4.8      0.74      2.00      0.00  -9999.00
     1   2005     20    4200.0       6.5       6.7      0.97      2.00      0.00  -9999.00
     1   2005     21    2900.0      -4.6      -2.6      0.43      2.00      0.00  -9999.00
     1   2005     22    3900.0      -7.1      10.2      0.36      2.00      0.00  -9999.00
     1   2005     23    1400.0       4.3       9.3      0.83      2.00      0.00  -9999.00
     1   2005     24    2800.0       0.1       7.0      0.62      2.00      2.80  -9999.00
     1   2005     25    4700.0       3.2       8.1      0.77      2.00      0.90  -9999.00
     1   2005     26    1500.0       3.9       7.1      0.81      2.00      8.70  -9999.00
     1   2005     27    3800.0       3.5       8.5      0.78      2.00      0.20  -9999.00
     1   2005     28    2500.0       5.9       8.2      0.93      2.00      6.90  -9999.00
     1   2005     29    4700.0       0.2       6.6      0.62      2.00      0.00  -9999.00
     1   2005     30    2800.0       3.8      11.8      0.80      2.00      2.80  -9999.00
     1   2005     31    3500.0       6.7      10.5      0.98      2.00      6.90  -9999.00
     1   2005     32    4500.0       4.1       5.6      0.82      2.00      0.00  -9999.00
     1   2005     33    3700.0       5.2       7.8      0.88      2.00      0.30  -9999.00
     1   2005     34    7500.0       1.5       3.4      0.68      2.00      0.00  -9999.00
     1   2005     35    4200.0       0.9       3.9      0.65      2.00      0.00  -9999.00
     1   2005     36    7800.0      -4.9       6.9      0.42      2.00      0.00  -9999.00
     1   2005     37    2400.0       2.2       4.2      0.72      2.00      0.00  -9999.00
     1   2005     38    2600.0       4.2       6.7      0.82      2.00      0.00  -9999.00
     1   2005     39    7700.0       1.5       3.5      0.68      2.00      0.00  -9999.00
     1   2005     40    6800.0       3.6       6.7      0.79      2.00      0.00  -9999.00
     1   2005     41    3900.0      -3.6      12.6      0.47      2.00      0.00  -9999.00
     1   2005     42    6900.0       2.5       4.4      0.73      2.00      0.00  -9999.00
     1   2005     43    7500.0       1.2       3.2      0.67      2.00      0.00  -9999.00
     1   2005     44    3900.0       5.6      11.3      0.91      2.00      1.00  -9999.00
     1   2005     45    3300.0      -0.9       5.0      0.57      2.00      8.90  -9999.00
     1   2005     46    3800.0       1.0       5.8      0.66      2.00      7.60  -9999.00
     1   2005     47    6200.0       4.4      11.4      0.84      2.00      0.00  -9999.00
     1   2005     48    4300.0       3.7       9.7      0.80      2.00      0.40  -9999.00
     1   2005     49    5700.0       8.9      11.2      1.14      2.00      4.10  -9999.00
     1   2005     50    3700.0      -6.5       7.3      0.38      2.00      5.90  -9999.00
     1   2005     51    4500.0       1.1       5.0      0.66      2.00      0.00  -9999.00
     1   2005     52    9900.0       3.4       5.5      0.78      2.00      0.00  -9999.00
     1   2005     53    5300.0       7.6       9.0      1.04      2.00      5.70  -9999.00
     1   2005     54    6800.0       5.3      10.1      0.89      2.00     17.40  -9999.00
     1   2005     55    3400.0       3.4       5.4      0.78      2.00      0.30  -9999.00
     1   2005     56    2900.0       3.6       5.4      0.79      2.00      0.90  -9999.00
     1   2005     57    4300.0       1.7       6.9      0.69      2.00      3.70  -9999.00
     1   2005     58    9900.0      -4.9       9.1      0.42      2.00      0.00  -9999.00
     1   2005     59    7700.0       7.5       8.8      1.04      2.00      0.00  -9999.00
     1   2005     60   12000.0       2.2       6.0      0.72      2.00      0.00  -9999.00
     1   2005     61    7500.0       2.0       3.9      0.71      2.00      0.00  -9999.00
     1   2005     62   12100.0       4.0       8.9      0.81      2.00      0.00  -9999.00
     1   2005     63    5900.0      -1.6       5.8      0.54      2.00      0.10  -9999.00
     1   2005     64    4700.0       2.6       4.8      0.74      2.00      0.90  -9999.00
     1   2005     65    6300.0       5.7      12.5      0.92      2.00      0.00  -9999.00
     1   2005     66    4100.0       4.5       9.7      0.84      2.00      3.30  -9999.00
     1   2005     67    6500.0       4.5       8.7      0.84      2.00     14.10  -9999.00
     1   2005     68    3800.0       6.9      11.9      0.99      2.00      0.60  -9999.00
     1   2005     69    4100.0       3.7      10.0      0.80      2.00      0.60  -9999.00
     1   2005     70    8700.0      -0.4      10.3      0.59      2.00      0.90  -9999.00
     1   2005     71   10500.0       9.0       9.6      1.15      2.00      0.60  -9999.00
     1   2005     72    9100.0       7.1       7.7      1.01      2.00      0.00  -9999.00
     1   2005     73    4800.0       0.9      10.8      0.65      2.00      0.00  -9999.00
     1   2005     74    6700.0       2.1       9.9      0.71      2.00      5.80  -9999.00
     1   2005     75    7800.0       6.3      12.0      0.95      2.00      0.70  -9999.00
     1   2005     76    7600.0       7.3       9.3      1.02      2.00      0.80  -9999.00
     1   2005     77    8200.0       2.1       9.3      0.71      2.00      2.20  -9999.00
     1   2005     78   10200.0       0.9       9.1      0.65      2.00      0.60  -9999.00
     1   2005     79    8800.0       4.6      11.1      0.85      2.00      8.20  -9999.00
     1   2005     80   15100.0       5.2       7.2      0.88      2.00      4.40  -9999.00
     1   2005     81    8300.0       3.9      10.6      0.81      2.00      2.00  -9999.00
     1   2005     82   14400.0       3.0      11.5      0.76      2.00      0.00  -9999.00
     1   2005     83    8800.0      -0.8       9.5      0.58      2.00      0.00  -9999.00
     1   2005     84    8400.0       5.1       9.7      0.88      2.00      2.40  -9999.00
     1   2005     85    7200.0       0.7       7.7      0.64      2.00      0.00  -9999.00
     1   2005     86   15700.0       0.8      11.8      0.65      2.00      0.00  -9999.00
     1   2005     87   10700.0       5.8      10.1      0.92      2.00      0.30  -9999.00
     1   2005     88    4800.0       3.5       9.5      0.78      2.00     15.20  -9999.00
     1   2005     89    9200.0       4.1       9.4      0.82      2.00      0.00  -9999.00
     1   2005     90   13100.0       4.3      15.6      0.83      2.00      0.00  -9999.00
     1   2005     91    7300.0       3.9       9.9      0.81      2.00     12.20  -9999.00
     1   2005     92    6700.0       2.2      10.4      0.72      2.00      0.40  -9999.00
     1   2005     93   10900.0       5.8      16.5      0.92      2.00      0.00  -9999.00
     1   2005     94   16400.0       1.6      11.3      0.69      2.00      0.00  -9999.00
     1   2005     95   16600.0       8.5      11.1      1.11      2.00      0.20  -9999.00
     1   2005     96   17700.0       7.5      17.4      1.04      2.00      0.00  -9999.00
     1   2005     97   13600.0       3.8      11.2      0.80      2.00      1.00  -9999.00
     1   2005     98    9800.0       6.9      10.5      0.99      2.00      0.00  -9999.00
     1   2005     99   19300.0       1.8      12.8      0.70      2.00      0.00  -9999.00
     1   2005    100   12300.0       1.7      12.9      0.69      2.00      0.40  -9999.00
     1   2005    101   11800.0      -0.2       9.2      0.60      2.00      0.00  -9999.00
     1   2005    102    4400.0       7.0      11.3      1.00      2.00      1.40  -9999.00
     1   2005    103   20900.0       2.8      18.1      0.75      2.00      0.00  -9999.00
     1   2005    104   19300.0       2.3      10.6      0.72      2.00      0.40  -9999.00
     1   2005    105   10100.0       6.0      13.5      0.93      2.00      0.00  -9999.00
     1   2005    106   11200.0       8.1      10.1      1.08      2.00      4.90  -9999.00
     1   2005    107   18400.0       3.8      14.1      0.80      2.00      0.00  -9999.00
     1   2005    108   21500.0       1.6      16.3      0.69      2.00      0.00  -9999.00
     1   2005    109   21500.0       2.2       9.8      0.72      2.00      0.00  -9999.00
     1   2005    110   16100.0       6.3      16.3      0.95      2.00      0.00  -9999.00
     1   2005    111   11300.0       8.9      18.4      1.14      2.00      0.00  -9999.00
     1   2005    112   17600.0       4.2      12.3      0.82      2.00      0.00  -9999.00
     1   2005    113    8200.0       8.5      16.5      1.11      2.00      0.00  -9999.00
     1   2005    114   13500.0      -0.4      13.2      0.59      2.00      0.20  -9999.00
     1   2005    115   17100.0       7.2      17.2      1.02      2.00      0.00  -9999.00
     1   2005    116   20800.0      -0.1      19.5      0.61      2.00      0.00  -9999.00
     1   2005    117   19400.0       7.3      14.2      1.02      2.00      0.00  -9999.00
     1   2005    118   23000.0       9.5      13.0      1.19      2.00      0.00  -9999.00
     1   2005    119   11700.0       9.5      15.2      1.19      2.00      0.40  -9999.00
     1   2005    120   25100.0       4.9      12.0      0.87      2.00      0.00  -9999.00
     1   2005    121   13100.0       5.7       7.9      0.92      2.00     10.10  -9999.00
     1   2005    122   20400.0       8.7      15.1      1.12      2.00      3.60  -9999.00
     1   2005    123   15100.0       6.5      15.0      0.97      2.00      7.00  -9999.00
     1   2005    124   18800.0       6.4      13.7      0.96      2.00     12.20  -9999.00
     1   2005    125   11200.0       6.8      14.1      0.99      2.00      0.10  -9999.00
     1   2005    126    6300.0       8.6      11.8      1.12      2.00      0.40  -9999.00
     1   2005    127   20300.0      11.5      13.3      1.36      2.00      0.00  -9999.00
     1   2005    128    8700.0      11.8      13.4      1.38      2.00      0.00  -9999.00
     1   2005    129   11300.0       2.7      13.1      0.74      2.00      0.00  -9999.00
     1   2005    130   17800.0      14.0      17.4      1.60      2.00      0.00  -9999.00
     1   2005    131   15100.0      11.5      13.1      1.36      2.00      1.70  -9999.00
     1   2005    132   15500.0      11.6      12.6      1.37      2.00      1.40  -9999.00
     1   2005    133   25100.0       6.4      15.4      0.96      2.00      0.00  -9999.00
     1   2005    134   19300.0       9.8      15.0      1.21      2.00      0.00  -9999.00
     1   2005    135    8300.0       3.7      12.9      0.80      2.00      6.60  -9999.00
     1   2005    136   16600.0       6.7      13.5      0.98      2.00      3.40  -9999.00
     1   2005    137   18800.0      10.7      12.7      1.29      2.00      0.20  -9999.00
     1   2005    138   13800.0       4.1      14.9      0.82      2.00      0.10  -9999.00
     1   2005    139   19400.0       6.3      14.7      0.95      2.00      4.20  -9999.00
     1   2005    140   22700.0       9.4      12.7      1.18      2.00      0.00  -9999.00
     1   2005    141   20300.0       4.5      12.9      0.84      2.00      0.00  -9999.00
     1   2005    142   21300.0       6.2      13.7      0.95      2.00      0.00  -9999.00
     1   2005    143   16700.0      12.4      21.1      1.44      2.00      0.00  -9999.00
     1   2005    144   25700.0       5.3      14.1      0.89      2.00      0.00  -9999.00
     1   2005    145   15500.0       8.3      14.8      1.09      2.00      0.00  -9999.00
     1   2005    146   23200.0      13.0      15.4      1.50      2.00      0.00  -9999.00
     1   2005    147   27800.0       8.9      17.3      1.14      2.00      0.00  -9999.00
     1   2005    148   20700.0       9.4      22.5      1.18      2.00      0.00  -9999.00
     1   2005    149   22200.0      10.6      16.4      1.28      2.00      0.00  -9999.00
     1   2005    150   20400.0       8.1      23.7      1.08      2.00      0.00  -9999.00
     1   2005    151   16600.0       9.7      20.6      1.20      2.00      0.00  -9999.00
     1   2005    152   16600.0       7.9      19.4      1.07      2.00      0.00  -9999.00
     1   2005    153   22200.0      11.0      16.5      1.31      2.00      0.00  -9999.00
     1   2005    154   26700.0      12.2      20.0      1.42      2.00      0.00  -9999.00
     1   2005    155    8400.0       5.7      16.5      0.92      2.00      2.10  -9999.00
     1   2005    156    7200.0       8.0      15.1      1.07      2.00      0.10  -9999.00
     1   2005    157   14500.0       9.5      14.8      1.19      2.00      0.00  -9999.00
     1   2005    158   16900.0       6.6      13.1      0.97      2.00      6.50  -9999.00
     1   2005    159   14900.0      12.4      17.0      1.44      2.00      0.60  -9999.00
     1   2005    160   27600.0       6.9      19.2      0.99      2.00      0.00  -9999.00
     1   2005    161    9100.0      13.2      17.7      1.52      2.00      0.00  -9999.00
     1   2005    162   29800.0      12.4      16.2      1.44      2.00      0.00  -9999.00
     1   2005    163   25300.0      10.2      17.0      1.24      2.00      0.00  -9999.00
     1   2005    164   30100.0      11.3      15.4      1.34      2.00      0.00  -9999.00
     1   2005    165   12500.0      10.7      14.8      1.29      2.00      2.10  -9999.00
     1   2005    166   11200.0      14.1      14.9      1.61      2.00      2.90  -9999.00
     1   2005    167   28200.0       8.8      17.5      1.13      2.00      4.50  -9999.00
     1   2005    168   15900.0      13.7      16.7      1.57      2.00      0.20  -9999.00
     1   2005    169   29200.0       9.5      24.1      1.19      2.00      0.00  -9999.00
     1   2005    170   25200.0      12.9      17.8      1.49      2.00      0.00  -9999.00
     1   2005    171   29200.0      15.7      19.5      1.78      2.00      0.00  -9999.00
     1   2005    172   17200.0      11.5      16.1      1.36      2.00      0.30  -9999.00
     1   2005    173   16500.0      12.2      17.8      1.42      2.00      2.70  -9999.00
     1   2005    174    8400.0      13.8      17.4      1.58      2.00      0.10  -9999.00
     1   2005    175   20700.0       9.5      16.6      1.19      2.00      0.00  -9999.00
     1   2005    176   16600.0      13.8      19.4      1.58      2.00     16.60  -9999.00
     1   2005    177   23300.0      11.7      19.2      1.37      2.00      0.10  -9999.00
     1   2005    178   21500.0      12.3      19.8      1.43      2.00      0.40  -9999.00
     1   2005    179   26400.0      10.7      17.3      1.29      2.00      0.00  -9999.00
     1   2005    180   18300.0      11.2      19.4      1.33      2.00      0.00  -9999.00
     1   2005    181   22900.0      16.3      21.0      1.85      2.00      0.00  -9999.00
     1   2005    182   14600.0      14.0      20.7      1.60      2.00      2.80  -9999.00
     1   2005    183   10800.0      10.1      19.7      1.24      2.00      2.70  -9999.00
     1   2005    184   23600.0      15.6      16.1      1.77      2.00      0.00  -9999.00
     1   2005    185   19000.0      13.9      20.4      1.59      2.00      0.30  -9999.00
     1   2005    186    7700.0      14.6      16.7      1.66      2.00      9.90  -9999.00
     1   2005    187   16800.0      11.8      16.4      1.38      2.00      0.20  -9999.00
     1   2005    188   19100.0      12.9      22.1      1.49      2.00      7.00  -9999.00
     1   2005    189   16500.0      12.8      16.2      1.48      2.00      0.00  -9999.00
     1   2005    190   19700.0      17.3      20.5      1.97      2.00      0.00  -9999.00
     1   2005    191   22300.0      15.7      19.6      1.78      2.00      1.50  -9999.00
     1   2005    192   22900.0      13.5      18.4      1.55      2.00      0.70  -9999.00
     1   2005    193   13700.0      15.1      17.9      1.72      2.00      3.10  -9999.00
     1   2005    194   27900.0       9.4      24.2      1.18      2.00      0.00  -9999.00
     1   2005    195   16000.0      14.9      23.8      1.69      2.00      0.00  -9999.00
     1   2005    196   23700.0      14.9      17.4      1.69      2.00      9.30  -9999.00
     1   2005    197   19900.0      14.3      20.6      1.63      2.00      0.00  -9999.00
     1   2005    198   20700.0      13.3      23.0      1.53      2.00      0.00  -9999.00
     1   2005    199   12600.0      13.2      24.3      1.52      2.00      0.00  -9999.00
     1   2005    200   22100.0      10.4      29.0      1.26      2.00      0.00  -9999.00
     1   2005    201   11300.0      14.9      29.5      1.69      2.00      0.00  -9999.00
     1   2005    202   21500.0      15.8      28.2      1.79      2.00      0.00  -9999.00
     1   2005    203   28200.0      14.3      21.8      1.63      2.00      0.00  -9999.00
     1   2005    204   19100.0      15.1      19.2      1.72      2.00      0.00  -9999.00
     1   2005    205   18300.0      13.3      24.5      1.53      2.00      0.00  -9999.00
     1   2005    206   22100.0      11.3      20.8      1.34      2.00      0.00  -9999.00
     1   2005    207   23600.0      11.0      28.0      1.31      2.00      0.00  -9999.00
     1   2005    208   21500.0      14.3      17.5      1.63      2.00      0.00  -9999.00
     1   2005    209   16300.0      12.0      25.8      1.40      2.00      0.00  -9999.00
     1   2005    210   12300.0      15.5      20.7      1.76      2.00      4.70  -9999.00
     1   2005    211   24200.0      10.8      23.6      1.29      2.00      0.00  -9999.00
     1   2005    212   16000.0      13.0      19.6      1.50      2.00      0.00  -9999.00
     1   2005    213    7700.0      12.9      25.9      1.49      2.00      0.00  -9999.00
     1   2005    214   21300.0      14.0      18.1      1.60      2.00      3.90  -9999.00
     1   2005    215   12300.0      12.6      18.8      1.46      2.00      0.30  -9999.00
     1   2005    216   19000.0      15.8      21.9      1.79      2.00      0.00  -9999.00
     1   2005    217   24200.0      15.4      25.0      1.75      2.00      0.00  -9999.00
     1   2005    218   13800.0      15.0      28.9      1.70      2.00      0.00  -9999.00
     1   2005    219   19300.0      16.4      20.7      1.86      2.00      0.10  -9999.00
     1   2005    220   18300.0      15.3      20.8      1.74      2.00      1.70  -9999.00
     1   2005    221   15000.0      15.2      18.7      1.73      2.00      0.80  -9999.00
     1   2005    222   12200.0      10.7      19.9      1.29      2.00     12.00  -9999.00
     1   2005    223   24000.0      11.7      18.9      1.37      2.00      0.00  -9999.00
     1   2005    224    5800.0      12.3      18.1      1.43      2.00      1.70  -9999.00
     1   2005    225   12900.0      17.3      18.3      1.97      2.00     37.00  -9999.00
     1   2005    226    8100.0      14.0      18.0      1.60      2.00      0.20  -9999.00
     1   2005    227   14800.0       9.5      16.9      1.19      2.00      0.40  -9999.00
     1   2005    228    8400.0      16.5      22.0      1.88      2.00     11.10  -9999.00
     1   2005    229   20500.0      13.9      16.2      1.59      2.00      2.30  -9999.00
     1   2005    230   12700.0      11.9      18.8      1.39      2.00      1.80  -9999.00
     1   2005    231   10500.0      16.9      19.4      1.92      2.00      2.00  -9999.00
     1   2005    232    7900.0      11.9      19.0      1.39      2.00      5.30  -9999.00
     1   2005    233   12000.0      15.2      24.2      1.73      2.00      4.80  -9999.00
     1   2005    234   14100.0      15.1      18.9      1.72      2.00      0.30  -9999.00
     1   2005    235   16500.0      11.4      22.5      1.35      2.00      0.00  -9999.00
     1   2005    236   17600.0      13.6      20.7      1.56      2.00      6.20  -9999.00
     1   2005    237   19500.0      14.4      20.0      1.64      2.00      0.00  -9999.00
     1   2005    238    7800.0      11.4      21.4      1.35      2.00      1.30  -9999.00
     1   2005    239   15100.0      15.6      18.7      1.77      2.00      1.60  -9999.00
     1   2005    240   14100.0      13.6      18.2      1.56      2.00      7.00  -9999.00
     1   2005    241   12700.0      11.3      18.7      1.34      2.00      1.30  -9999.00
     1   2005    242   10100.0      10.5      19.4      1.27      2.00      4.40  -9999.00
     1   2005    243    8200.0      14.7      19.8      1.67      2.00      0.10  -9999.00
     1   2005    244    9100.0      16.7      19.7      1.90      2.00      0.40  -9999.00
     1   2005    245   18400.0       9.1      18.0      1.16      2.00      8.00  -9999.00
     1   2005    246    6000.0      10.9      20.6      1.30      2.00      0.10  -9999.00
     1   2005    247    5400.0      15.0      16.1      1.70      2.00      0.10  -9999.00
     1   2005    248    8900.0      14.9      18.6      1.69      2.00      2.70  -9999.00
     1   2005    249   14300.0      11.3      19.0      1.34      2.00      0.00  -9999.00
     1   2005    250   10500.0      10.0      17.0      1.23      2.00      0.10  -9999.00
     1   2005    251   18500.0      10.5      21.6      1.27      2.00      2.50  -9999.00
     1   2005    252    8700.0      13.1      18.7      1.51      2.00      0.10  -9999.00
     1   2005    253   10100.0      10.7      18.5      1.29      2.00      0.10  -9999.00
     1   2005    254   11600.0      15.2      16.2      1.73      2.00      0.10  -9999.00
     1   2005    255    9300.0       8.2      19.3      1.09      2.00      0.00  -9999.00
     1   2005    256   11000.0      10.5      14.3      1.27      2.00      0.00  -9999.00
     1   2005    257   13300.0      14.6      18.3      1.66      2.00      2.50  -9999.00
     1   2005    258    7200.0      10.7      19.7      1.29      2.00      0.70  -9999.00
     1   2005    259    6200.0       7.8      15.0      1.06      2.00      2.80  -9999.00
     1   2005    260   13000.0      13.2      16.8      1.52      2.00      0.10  -9999.00
     1   2005    261   10000.0      13.7      17.6      1.57      2.00      0.10  -9999.00
     1   2005    262    7600.0      13.0      16.9      1.50      2.00      0.00  -9999.00
     1   2005    263    8300.0       8.9      16.4      1.14      2.00      0.00  -9999.00
     1   2005    264   12900.0       7.9      14.9      1.07      2.00      0.00  -9999.00
     1   2005    265    2800.0       9.9      16.3      1.22      2.00      0.10  -9999.00
     1   2005    266   10400.0      13.3      16.4      1.53      2.00      0.00  -9999.00
     1   2005    267    4900.0      13.4      15.8      1.54      2.00      0.70  -9999.00
     1   2005    268    8600.0      10.0      15.7      1.23      2.00      0.70  -9999.00
     1   2005    269   13500.0       5.6      17.5      0.91      2.00      0.00  -9999.00
     1   2005    270   12700.0      14.9      15.8      1.69      2.00      0.00  -9999.00
     1   2005    271    5500.0       5.8      16.7      0.92      2.00      0.60  -9999.00
     1   2005    272    3500.0       5.2      17.9      0.88      2.00      0.10  -9999.00
     1   2005    273   13900.0      11.8      12.4      1.38      2.00      1.40  -9999.00
     1   2005    274   11200.0      14.0      16.6      1.60      2.00      1.70  -9999.00
     1   2005    275    8000.0       8.3      14.9      1.09      2.00      2.90  -9999.00
     1   2005    276   11500.0       9.8      19.0      1.21      2.00      0.00  -9999.00
     1   2005    277    6000.0      10.1      15.2      1.24      2.00     16.70  -9999.00
     1   2005    278    6500.0       3.8      16.0      0.80      2.00      0.00  -9999.00
     1   2005    279   11000.0       9.6      13.6      1.20      2.00      0.00  -9999.00
     1   2005    280    6800.0      12.0      16.7      1.40      2.00      0.00  -9999.00
     1   2005    281    2000.0      12.1      15.8      1.41      2.00      0.10  -9999.00
     1   2005    282   12400.0       9.8      15.9      1.21      2.00      0.00  -9999.00
     1   2005    283    6800.0      10.0      19.1      1.23      2.00      3.50  -9999.00
     1   2005    284    4600.0      10.3      15.7      1.25      2.00      0.10  -9999.00
     1   2005    285    5400.0      12.0      14.0      1.40      2.00     16.70  -9999.00
     1   2005    286    7900.0       8.3      14.5      1.09      2.00     11.40  -9999.00
     1   2005    287    5900.0      14.2      17.4      1.62      2.00      7.40  -9999.00
     1   2005    288    8800.0       6.7      14.0      0.98      2.00      1.40  -9999.00
     1   2005    289    7400.0       9.2      11.9      1.16      2.00      6.30  -9999.00
     1   2005    290    4000.0      13.0      13.8      1.50      2.00      0.00  -9999.00
     1   2005    291   10600.0       8.9      13.2      1.14      2.00      0.00  -9999.00
     1   2005    292    3300.0       6.9      14.0      0.99      2.00      0.00  -9999.00
     1   2005    293    3500.0       8.6      16.2      1.12      2.00      0.00  -9999.00
     1   2005    294    8700.0       5.5       9.8      0.90      2.00      0.00  -9999.00
     1   2005    295    7900.0      11.3      15.9      1.34      2.00      0.00  -9999.00
     1   2005    296    6900.0       9.1      16.5      1.16      2.00      0.00  -9999.00
     1   2005    297    7900.0      10.1      13.1      1.24      2.00      0.00  -9999.00
     1   2005    298    5400.0      10.9      13.7      1.30      2.00      0.00  -9999.00
     1   2005    299    4900.0      10.4      12.6      1.26      2.00      0.00  -9999.00
     1   2005    300    2700.0      10.2      12.2      1.24      2.00      4.90  -9999.00
     1   2005    301    6600.0      11.2      13.2      1.33      2.00      2.20  -9999.00
     1   2005    302    8700.0       3.3      10.5      0.77      2.00      0.00  -9999.00
     1   2005    303    7100.0       7.7       9.7      1.05      2.00      0.00  -9999.00
     1   2005    304    3200.0      11.5      11.6      1.36      2.00      0.40  -9999.00
     1   2005    305    2900.0       7.0      13.0      1.00      2.00      0.00  -9999.00
     1   2005    306    3600.0       5.3      11.8      0.89      2.00      0.00  -9999.00
     1   2005    307    7200.0      10.3      12.9      1.25      2.00      5.80  -9999.00
     1   2005    308    4900.0       6.8      13.2      0.99      2.00      0.30  -9999.00
     1   2005    309    6400.0       7.1       9.1      1.01      2.00      0.00  -9999.00
     1   2005    310    3200.0       7.2       9.2      1.02      2.00      0.00  -9999.00
     1   2005    311    3600.0       3.7      15.5      0.80      2.00      0.30  -9999.00
     1   2005    312    2200.0       4.3      10.8      0.83      2.00     11.50  -9999.00
     1   2005    313    1300.0       9.7      13.4      1.20      2.00      0.40  -9999.00
     1   2005    314    4300.0       3.8      10.4      0.80      2.00      1.40  -9999.00
     1   2005    315    2000.0       9.5      11.5      1.19      2.00      7.20  -9999.00
     1   2005    316    2700.0       7.5      13.5      1.04      2.00      0.50  -9999.00
     1   2005    317    4600.0       9.9      11.0      1.22      2.00      0.40  -9999.00
     1   2005    318    3800.0      12.6      13.9      1.46      2.00      4.60  -9999.00
     1   2005    319    5700.0      -4.4      12.8      0.44      2.00      0.00  -9999.00
     1   2005    320    3900.0       3.2       8.9      0.77      2.00      0.00  -9999.00
     1   2005    321    3700.0       5.5      11.2      0.90      2.00      6.90  -9999.00
     1   2005    322    6100.0       6.0      11.2      0.93      2.00      0.00  -9999.00
     1   2005    323    2400.0       3.1       8.5      0.76      2.00      0.00  -9999.00
     1   2005    324    5600.0       5.9       7.9      0.93      2.00      0.00  -9999.00
     1   2005    325    3000.0       4.8       8.7      0.86      2.00      2.00  -9999.00
     1   2005    326    3100.0       1.5      11.9      0.68      2.00      2.80  -9999.00
     1   2005    327    2400.0       9.3      11.3      1.17      2.00      7.70  -9999.00
     1   2005    328    3900.0       3.8       6.6      0.80      2.00      0.00  -9999.00
     1   2005    329    2300.0      -2.5       9.5      0.51      2.00      0.00  -9999.00
     1   2005    330    4400.0       3.8      12.5      0.80      2.00      3.80  -9999.00
     1   2005    331    5200.0       5.1      10.9      0.88      2.00     11.80  -9999.00
     1   2005    332    5200.0       3.5       5.7      0.78      2.00      0.00  -9999.00
     1   2005    333    3100.0       4.4      10.1      0.84      2.00      2.20  -9999.00
     1   2005    334    4100.0       2.4       8.5      0.73      2.00      2.00  -9999.00
     1   2005    335    1400.0       8.0      10.0      1.07      2.00      2.60  -9999.00
     1   2005    336    2500.0       3.0       5.7      0.76      2.00      0.00  -9999.00
     1   2005    337    1700.0       6.5      10.4      0.97      2.00     10.10  -9999.00
     1   2005    338    4900.0       3.9       6.9      0.81      2.00      0.00  -9999.00
     1   2005    339    2300.0       3.5      10.7      0.78      2.00     11.30  -9999.00
     1   2005    340    1700.0       4.1       6.1      0.82      2.00      6.90  -9999.00
     1   2005    341    1100.0       5.5      11.1      0.90      2.00      0.80  -9999.00
     1   2005    342    3400.0       7.0       9.0      1.00      2.00      0.00  -9999.00
     1   2005    343    3200.0       1.5       4.1      0.68      2.00      0.00  -9999.00
     1   2005    344    1600.0       1.3       8.3      0.67      2.00      2.50  -9999.00
     1   2005    345    3200.0       4.4       7.3      0.84      2.00      0.00  -9999.00
     1   2005    346    1000.0       6.4      12.1      0.96      2.00      0.00  -9999.00
     1   2005    347    2700.0       1.0       4.3      0.66      2.00      0.00  -9999.00
     1   2005    348    3000.0      -0.7       6.4      0.58      2.00      0.00  -9999.00
     1   2005    349    3200.0       1.1       8.5      0.66      2.00      0.00  -9999.00
     1   2005    350    3300.0      -2.7      11.4      0.50      2.00      0.00  -9999.00
     1   2005    351    3400.0       2.8       4.6      0.75      2.00      0.00  -9999.00
     1   2005    352    3200.0       0.9       6.2      0.65      2.00      0.00  -9999.00
     1   2005    353    1700.0       6.4      10.4      0.96      2.00      5.90  -9999.00
     1   2005    354    1500.0       3.9       5.9      0.81      2.00      7.00  -9999.00
     1   2005    355    2500.0       4.3       6.4      0.83      2.00      0.00  -9999.00
     1   2005    356    4500.0       1.1       3.0      0.66      2.00      0.00  -9999.00
     1   2005    357    2400.0       7.7      10.2      1.05      2.00      0.10  -9999.00
     1   2005    358    1500.0       4.3       7.6      0.83      2.00      9.00  -9999.00
     1   2005    359    3800.0       7.2      10.7      1.02      2.00      0.30  -9999.00
     1   2005    360    3300.0      -0.3       4.3      0.60      2.00      0.00  -9999.00
     1   2005    361    2800.0       6.3       7.7      0.95      2.00      0.00  -9999.00
     1   2005    362    4600.0       3.8       7.9      0.80      2.00      0.00  -9999.00
     1   2005    363    1400.0       1.5       7.6      0.68      2.00      0.00  -9999.00
     1   2005    364    4200.0      -6.4       5.8      0.38      2.00      0.00  -9999.00
     1   2005    365    3900.0       5.9       7.3      0.93      2.00      0.00  -9999.00
