*-----------------------------------------------------------------------------* 
           CNWG_7.met             51.48   -3.55   69.72
* Date created:  08-Aug-2019     Author: K Coleman 
* 
* NIL VALUE       -9999 
* Source:   data provided by M. Semenov 
*  
* Latitude:    51.48 Longitude:    -3.55 Altitude:    69.72
* 
* Column  Daily value 
* 1       station number 
* 2       year 
* 3       day 
* 4       irradiation                   (kJ m-2 d-1) 
* 5       minimum temperature           (degrees Celsius) 
* 6       maximum temperature           (degrees Celsius) 
* 7       early morning vapour pressure (kPa)             
* 8       mean wind speed (height: 2 m?) (m s-1)          
* 9       precipitation                 (mm d-1)          
* 10      sunshine                      (hrs)             
 		Jday	RAD	    TMIN	TMAX	 VAP	wind	RAIN	SUN  
               kj/m2	°C	    °C	     kPa	m/s	    mm	    hrs 
   51.48  69.72
     1   2005      1    2900.0       6.7      10.0      0.98      2.00      7.30  -9999.00
     1   2005      2    2100.0       7.0       9.0      1.00      2.00      0.30  -9999.00
     1   2005      3    3500.0       8.8      12.1      1.13      2.00      1.70  -9999.00
     1   2005      4    2900.0       7.6       9.8      1.04      2.00      0.30  -9999.00
     1   2005      5    3500.0      -1.9       7.7      0.53      2.00      3.10  -9999.00
     1   2005      6    1700.0       0.9      10.1      0.65      2.00      8.20  -9999.00
     1   2005      7    2000.0       5.7       7.7      0.92      2.00      0.00  -9999.00
     1   2005      8    4900.0       2.2       9.5      0.72      2.00      3.10  -9999.00
     1   2005      9    4200.0       0.6      12.6      0.64      2.00      0.30  -9999.00
     1   2005     10    5100.0       1.3       9.5      0.67      2.00      0.00  -9999.00
     1   2005     11    1900.0       1.7      10.7      0.69      2.00     14.70  -9999.00
     1   2005     12    2400.0       5.8       6.1      0.92      2.00      0.00  -9999.00
     1   2005     13    5300.0       3.9       7.0      0.81      2.00      0.00  -9999.00
     1   2005     14    2300.0       5.8       9.2      0.92      2.00      1.60  -9999.00
     1   2005     15    3100.0       5.7      10.6      0.92      2.00      9.90  -9999.00
     1   2005     16    5300.0      -0.1      10.3      0.61      2.00      0.00  -9999.00
     1   2005     17    1400.0      -1.3       0.7      0.56      2.00      0.00  -9999.00
     1   2005     18    5600.0       1.0       4.4      0.66      2.00      0.00  -9999.00
     1   2005     19    4800.0      -5.5       9.1      0.41      2.00      2.00  -9999.00
     1   2005     20    1900.0       0.1       7.4      0.62      2.00      1.00  -9999.00
     1   2005     21    3200.0       6.0       7.4      0.93      2.00      0.00  -9999.00
     1   2005     22    3100.0       3.3       9.5      0.77      2.00      3.50  -9999.00
     1   2005     23    6100.0       6.9       8.3      0.99      2.00      0.00  -9999.00
     1   2005     24    3200.0      -0.8       8.8      0.58      2.00      8.50  -9999.00
     1   2005     25    5400.0       7.0      10.4      1.00      2.00      0.30  -9999.00
     1   2005     26    2100.0       4.0      10.7      0.81      2.00      1.10  -9999.00
     1   2005     27    2000.0       3.5       5.5      0.78      2.00      4.40  -9999.00
     1   2005     28    2200.0       4.3       9.2      0.83      2.00      0.20  -9999.00
     1   2005     29    1300.0       5.1       9.0      0.88      2.00      8.30  -9999.00
     1   2005     30    4200.0       7.2       9.2      1.02      2.00      6.30  -9999.00
     1   2005     31    4500.0       7.6      12.3      1.04      2.00      0.40  -9999.00
     1   2005     32    3100.0       5.3       9.4      0.89      2.00      0.00  -9999.00
     1   2005     33    1300.0       0.9       4.4      0.65      2.00      0.00  -9999.00
     1   2005     34    5000.0      -2.3       5.2      0.52      2.00      0.00  -9999.00
     1   2005     35    4600.0       4.7       6.7      0.85      2.00      0.00  -9999.00
     1   2005     36    2000.0       2.9       4.9      0.75      2.00      0.00  -9999.00
     1   2005     37    2400.0       2.9       9.0      0.75      2.00      0.00  -9999.00
     1   2005     38    2800.0      -2.4       2.9      0.51      2.00      0.00  -9999.00
     1   2005     39    6500.0      -1.6       2.3      0.54      2.00      0.00  -9999.00
     1   2005     40    5900.0       2.3       4.3      0.72      2.00     12.40  -9999.00
     1   2005     41    3500.0       5.3       7.3      0.89      2.00      0.10  -9999.00
     1   2005     42    3900.0       1.0       9.2      0.66      2.00      0.00  -9999.00
     1   2005     43    3300.0       2.7       8.6      0.74      2.00      2.20  -9999.00
     1   2005     44    2400.0       8.5       9.1      1.11      2.00      1.70  -9999.00
     1   2005     45    3100.0       5.6       8.7      0.91      2.00      0.30  -9999.00
     1   2005     46    3000.0       6.0       6.7      0.93      2.00      3.70  -9999.00
     1   2005     47    2800.0       4.3      10.8      0.83      2.00      3.80  -9999.00
     1   2005     48    3500.0      -2.3       6.1      0.52      2.00      0.00  -9999.00
     1   2005     49    5700.0      -2.6       9.1      0.50      2.00      0.00  -9999.00
     1   2005     50    6900.0       5.4       8.1      0.90      2.00      0.00  -9999.00
     1   2005     51    8500.0       3.8       5.8      0.80      2.00      1.40  -9999.00
     1   2005     52    5300.0       3.0       9.5      0.76      2.00     11.20  -9999.00
     1   2005     53    9700.0       2.0       5.8      0.71      2.00      0.00  -9999.00
     1   2005     54    9000.0      -0.6       1.4      0.58      2.00      0.90  -9999.00
     1   2005     55    5200.0       6.0      10.1      0.93      2.00      2.20  -9999.00
     1   2005     56    3300.0       4.2      10.8      0.82      2.00      2.60  -9999.00
     1   2005     57    3200.0       0.9      11.2      0.65      2.00     15.20  -9999.00
     1   2005     58    7400.0       4.7       9.2      0.85      2.00      2.20  -9999.00
     1   2005     59    3400.0       7.3      10.6      1.02      2.00      0.80  -9999.00
     1   2005     60    7200.0       7.4      13.4      1.03      2.00     21.20  -9999.00
     1   2005     61   11500.0       0.3       5.8      0.62      2.00      0.00  -9999.00
     1   2005     62    4600.0       3.4      11.0      0.78      2.00      2.90  -9999.00
     1   2005     63    9500.0       4.2      10.9      0.82      2.00      0.00  -9999.00
     1   2005     64    4500.0       1.2       9.8      0.67      2.00      1.90  -9999.00
     1   2005     65    4000.0       2.9       4.9      0.75      2.00      0.00  -9999.00
     1   2005     66    4100.0      -1.1       9.1      0.56      2.00      0.00  -9999.00
     1   2005     67   11200.0       4.0       7.4      0.81      2.00      0.00  -9999.00
     1   2005     68    8400.0       2.2       5.5      0.72      2.00      0.00  -9999.00
     1   2005     69    4700.0       0.8      12.0      0.65      2.00      8.40  -9999.00
     1   2005     70    7400.0       0.7       8.7      0.64      2.00      0.30  -9999.00
     1   2005     71    5600.0       4.5       9.6      0.84      2.00     11.00  -9999.00
     1   2005     72    7000.0      -1.9      11.3      0.53      2.00      0.20  -9999.00
     1   2005     73    6500.0       2.5       9.7      0.73      2.00      0.00  -9999.00
     1   2005     74   10400.0       2.0       9.0      0.71      2.00      7.90  -9999.00
     1   2005     75    5100.0       3.5      15.1      0.78      2.00      0.00  -9999.00
     1   2005     76    9600.0       7.6       8.3      1.04      2.00      1.90  -9999.00
     1   2005     77   15700.0       5.8       7.8      0.92      2.00      0.00  -9999.00
     1   2005     78    8900.0       8.0      13.6      1.07      2.00      8.00  -9999.00
     1   2005     79   12500.0       0.0      13.2      0.61      2.00      0.00  -9999.00
     1   2005     80    2700.0       0.7       8.7      0.64      2.00      0.00  -9999.00
     1   2005     81   11000.0       6.8      10.1      0.99      2.00      0.20  -9999.00
     1   2005     82   12800.0       1.3       8.8      0.67      2.00      0.70  -9999.00
     1   2005     83   13000.0       4.8      12.1      0.86      2.00      0.20  -9999.00
     1   2005     84   11300.0       5.7      11.8      0.92      2.00      0.00  -9999.00
     1   2005     85   11800.0       7.8       9.9      1.06      2.00      1.30  -9999.00
     1   2005     86    2600.0       5.5      10.9      0.90      2.00      0.10  -9999.00
     1   2005     87    4900.0       4.1      10.3      0.82      2.00      0.10  -9999.00
     1   2005     88    9500.0       5.0      14.5      0.87      2.00     14.20  -9999.00
     1   2005     89    2700.0       7.6      10.3      1.04      2.00      1.70  -9999.00
     1   2005     90    9700.0       3.9       9.4      0.81      2.00      0.00  -9999.00
     1   2005     91   14100.0       5.3       7.3      0.89      2.00      2.30  -9999.00
     1   2005     92    7400.0       5.8       9.1      0.92      2.00      0.40  -9999.00
     1   2005     93   12400.0      -1.1      10.0      0.56      2.00      0.00  -9999.00
     1   2005     94    9700.0       2.0       9.0      0.71      2.00      0.00  -9999.00
     1   2005     95    5800.0       0.6      15.1      0.64      2.00      0.00  -9999.00
     1   2005     96   19600.0       4.5      12.7      0.84      2.00      0.00  -9999.00
     1   2005     97   13200.0       3.3      11.3      0.77      2.00      1.20  -9999.00
     1   2005     98    8500.0       9.1      15.3      1.16      2.00      1.00  -9999.00
     1   2005     99    8000.0       2.2       9.4      0.72      2.00      0.40  -9999.00
     1   2005    100    6600.0       8.8      14.8      1.13      2.00     24.70  -9999.00
     1   2005    101   13600.0       7.0      14.2      1.00      2.00      0.50  -9999.00
     1   2005    102   12300.0       9.0      10.1      1.15      2.00     15.10  -9999.00
     1   2005    103    6800.0       5.3       7.3      0.89      2.00      9.50  -9999.00
     1   2005    104   11400.0       6.9       8.2      0.99      2.00      4.70  -9999.00
     1   2005    105   14100.0       0.5      11.7      0.63      2.00      0.00  -9999.00
     1   2005    106    9800.0       3.5      12.3      0.78      2.00      0.00  -9999.00
     1   2005    107   16600.0       1.1       9.2      0.66      2.00      0.00  -9999.00
     1   2005    108   13500.0       2.9      17.1      0.75      2.00      0.00  -9999.00
     1   2005    109   11300.0       1.7      12.8      0.69      2.00      0.00  -9999.00
     1   2005    110   18000.0      -1.6       9.8      0.54      2.00      0.00  -9999.00
     1   2005    111   12500.0       6.0       9.6      0.93      2.00      0.00  -9999.00
     1   2005    112   18900.0       8.2      11.0      1.09      2.00      0.00  -9999.00
     1   2005    113   22200.0       6.0      24.1      0.93      2.00      0.00  -9999.00
     1   2005    114   16100.0       4.9       9.3      0.87      2.00      3.90  -9999.00
     1   2005    115   23700.0       7.6      16.7      1.04      2.00      0.00  -9999.00
     1   2005    116   11200.0       2.4      12.1      0.73      2.00     12.00  -9999.00
     1   2005    117    3800.0       3.4      15.3      0.78      2.00      1.10  -9999.00
     1   2005    118   15600.0       9.6      12.6      1.20      2.00      5.60  -9999.00
     1   2005    119   14000.0       9.2      10.8      1.16      2.00      0.20  -9999.00
     1   2005    120    8500.0       9.8      14.6      1.21      2.00     10.00  -9999.00
     1   2005    121   19200.0       6.2      15.1      0.95      2.00      0.00  -9999.00
     1   2005    122   22300.0       7.0      18.5      1.00      2.00      0.00  -9999.00
     1   2005    123   14600.0       5.5      13.7      0.90      2.00     13.60  -9999.00
     1   2005    124   15200.0       8.7      13.6      1.12      2.00      0.20  -9999.00
     1   2005    125   21800.0       3.4      17.1      0.78      2.00      0.00  -9999.00
     1   2005    126    8600.0       9.4      14.9      1.18      2.00      1.60  -9999.00
     1   2005    127   12200.0       8.9      11.2      1.14      2.00     13.00  -9999.00
     1   2005    128    8100.0      10.2      14.2      1.24      2.00      0.00  -9999.00
     1   2005    129   17600.0       7.8      17.8      1.06      2.00      0.00  -9999.00
     1   2005    130    9600.0       8.1      20.4      1.08      2.00      0.00  -9999.00
     1   2005    131   22500.0       2.3      22.2      0.72      2.00      0.00  -9999.00
     1   2005    132   18600.0       8.8      18.3      1.13      2.00      0.00  -9999.00
     1   2005    133   26900.0       2.6      14.1      0.74      2.00      0.00  -9999.00
     1   2005    134   16900.0       6.8      11.0      0.99      2.00      0.00  -9999.00
     1   2005    135   22000.0       8.0      15.6      1.07      2.00      0.00  -9999.00
     1   2005    136   27800.0       3.3      17.6      0.77      2.00      0.00  -9999.00
     1   2005    137   20500.0       7.1      13.9      1.01      2.00      0.00  -9999.00
     1   2005    138   25100.0      12.0      18.9      1.40      2.00      0.00  -9999.00
     1   2005    139    8000.0       4.4      19.8      0.84      2.00      0.00  -9999.00
     1   2005    140   22600.0       4.3      17.9      0.83      2.00      0.00  -9999.00
     1   2005    141   20100.0      10.2      14.0      1.24      2.00      0.00  -9999.00
     1   2005    142   16500.0       7.7      15.1      1.05      2.00     23.00  -9999.00
     1   2005    143   20300.0       5.6      13.4      0.91      2.00      0.20  -9999.00
     1   2005    144   11000.0      10.0      15.3      1.23      2.00      5.40  -9999.00
     1   2005    145   22700.0      11.4      12.7      1.35      2.00      0.00  -9999.00
     1   2005    146   25100.0       6.7      18.1      0.98      2.00      0.00  -9999.00
     1   2005    147    8500.0       9.6      16.8      1.20      2.00      6.70  -9999.00
     1   2005    148   19200.0      12.4      12.7      1.44      2.00      3.60  -9999.00
     1   2005    149   13300.0      11.0      14.1      1.31      2.00      4.00  -9999.00
     1   2005    150    4300.0       7.9      15.8      1.07      2.00      8.40  -9999.00
     1   2005    151    6800.0      12.1      14.1      1.41      2.00      0.20  -9999.00
     1   2005    152   15000.0       3.1      16.8      0.76      2.00     20.20  -9999.00
     1   2005    153   16900.0       8.6      19.1      1.12      2.00      2.40  -9999.00
     1   2005    154   16300.0       9.4      21.0      1.18      2.00      0.70  -9999.00
     1   2005    155   24500.0       6.4      16.7      0.96      2.00      0.00  -9999.00
     1   2005    156   21500.0       7.6      13.5      1.04      2.00      3.60  -9999.00
     1   2005    157   18100.0       6.4      19.5      0.96      2.00      0.00  -9999.00
     1   2005    158   18000.0      14.2      14.3      1.62      2.00      0.70  -9999.00
     1   2005    159    8900.0      12.1      14.6      1.41      2.00      0.80  -9999.00
     1   2005    160   25100.0      14.4      18.8      1.64      2.00      0.00  -9999.00
     1   2005    161   13100.0      12.3      12.6      1.43      2.00      1.30  -9999.00
     1   2005    162   15700.0      11.1      17.6      1.32      2.00      3.70  -9999.00
     1   2005    163   12800.0      10.9      15.0      1.30      2.00     10.80  -9999.00
     1   2005    164    9100.0      13.4      16.1      1.54      2.00      0.10  -9999.00
     1   2005    165   27300.0      11.5      16.1      1.36      2.00      0.00  -9999.00
     1   2005    166   22800.0      12.2      18.2      1.42      2.00      0.00  -9999.00
     1   2005    167   28600.0      10.3      22.2      1.25      2.00      0.00  -9999.00
     1   2005    168   25500.0       5.3      16.2      0.89      2.00      0.00  -9999.00
     1   2005    169   23500.0      10.0      20.1      1.23      2.00      0.00  -9999.00
     1   2005    170   18900.0       7.8      26.2      1.06      2.00      0.00  -9999.00
     1   2005    171   23300.0       9.8      17.8      1.21      2.00      0.00  -9999.00
     1   2005    172   23800.0       9.5      16.8      1.19      2.00      3.60  -9999.00
     1   2005    173   13300.0      14.9      25.2      1.69      2.00      0.00  -9999.00
     1   2005    174   15600.0       5.9      17.0      0.93      2.00      0.00  -9999.00
     1   2005    175   21700.0      15.4      17.4      1.75      2.00      0.80  -9999.00
     1   2005    176   13500.0      13.4      22.3      1.54      2.00      0.00  -9999.00
     1   2005    177   15300.0      10.5      18.8      1.27      2.00      0.00  -9999.00
     1   2005    178   25100.0      11.2      17.5      1.33      2.00      0.00  -9999.00
     1   2005    179   22500.0      14.3      28.5      1.63      2.00      0.00  -9999.00
     1   2005    180   27000.0      10.1      17.5      1.24      2.00      0.00  -9999.00
     1   2005    181   17100.0      11.7      24.0      1.37      2.00      0.00  -9999.00
     1   2005    182   15100.0       9.9      27.1      1.22      2.00      0.20  -9999.00
     1   2005    183   13000.0      12.7      19.1      1.47      2.00      3.00  -9999.00
     1   2005    184   13300.0      11.8      18.7      1.38      2.00      6.80  -9999.00
     1   2005    185   22300.0      13.5      19.5      1.55      2.00      0.60  -9999.00
     1   2005    186   18500.0      11.4      19.1      1.35      2.00      0.00  -9999.00
     1   2005    187   18000.0      16.3      26.3      1.85      2.00      0.00  -9999.00
     1   2005    188    9900.0       9.9      23.3      1.22      2.00      0.00  -9999.00
     1   2005    189   20000.0      10.5      20.0      1.27      2.00      0.10  -9999.00
     1   2005    190    5200.0      14.4      15.3      1.64      2.00      1.50  -9999.00
     1   2005    191   19800.0      14.2      17.5      1.62      2.00      1.00  -9999.00
     1   2005    192   17200.0      10.6      26.5      1.28      2.00      0.00  -9999.00
     1   2005    193   29500.0      12.8      21.5      1.48      2.00      0.00  -9999.00
     1   2005    194   15800.0      13.5      17.1      1.55      2.00      0.20  -9999.00
     1   2005    195   18500.0      13.7      17.6      1.57      2.00     17.80  -9999.00
     1   2005    196   12800.0      13.4      18.0      1.54      2.00      5.40  -9999.00
     1   2005    197    6800.0      15.2      19.0      1.73      2.00      0.10  -9999.00
     1   2005    198    9700.0      14.8      19.0      1.68      2.00     30.00  -9999.00
     1   2005    199    9300.0      11.3      20.9      1.34      2.00     14.40  -9999.00
     1   2005    200   14900.0      15.8      25.0      1.79      2.00      0.00  -9999.00
     1   2005    201   18100.0      12.9      24.2      1.49      2.00      0.00  -9999.00
     1   2005    202   14800.0      12.4      18.9      1.44      2.00      0.30  -9999.00
     1   2005    203   18300.0      12.9      20.1      1.49      2.00      0.10  -9999.00
     1   2005    204   18000.0      14.5      24.4      1.65      2.00      0.00  -9999.00
     1   2005    205   15400.0      16.9      20.1      1.92      2.00      0.10  -9999.00
     1   2005    206   26900.0       8.9      23.6      1.14      2.00      0.00  -9999.00
     1   2005    207   24300.0      13.9      21.8      1.59      2.00      0.00  -9999.00
     1   2005    208   26000.0      17.4      24.3      1.99      2.00      0.00  -9999.00
     1   2005    209   21600.0       9.1      22.5      1.16      2.00      0.00  -9999.00
     1   2005    210   14100.0      12.0      23.4      1.40      2.00      0.00  -9999.00
     1   2005    211    5400.0      13.5      18.8      1.55      2.00      0.80  -9999.00
     1   2005    212    9300.0      16.8      17.6      1.91      2.00      3.50  -9999.00
     1   2005    213   16800.0      17.6      18.9      2.01      2.00      1.60  -9999.00
     1   2005    214   20800.0      14.2      23.7      1.62      2.00     17.10  -9999.00
     1   2005    215   13800.0      11.8      17.3      1.38      2.00      0.10  -9999.00
     1   2005    216   19600.0      16.2      18.5      1.84      2.00      8.60  -9999.00
     1   2005    217   14000.0      13.3      18.7      1.53      2.00      0.50  -9999.00
     1   2005    218    9600.0      15.6      20.3      1.77      2.00      5.00  -9999.00
     1   2005    219   19500.0      14.9      20.1      1.69      2.00      0.00  -9999.00
     1   2005    220   14100.0      14.3      19.2      1.63      2.00      0.00  -9999.00
     1   2005    221   21600.0      12.4      23.8      1.44      2.00      0.00  -9999.00
     1   2005    222   18400.0      11.8      21.0      1.38      2.00      0.00  -9999.00
     1   2005    223   12500.0      13.5      17.8      1.55      2.00      0.00  -9999.00
     1   2005    224   10500.0      14.6      19.1      1.66      2.00     11.30  -9999.00
     1   2005    225   19900.0      12.9      29.2      1.49      2.00      0.00  -9999.00
     1   2005    226   18300.0      12.5      18.9      1.45      2.00     33.70  -9999.00
     1   2005    227    8600.0      13.2      18.2      1.52      2.00     13.80  -9999.00
     1   2005    228    8000.0      10.6      17.4      1.28      2.00      4.40  -9999.00
     1   2005    229   18400.0      15.3      25.5      1.74      2.00      0.00  -9999.00
     1   2005    230   11900.0      16.5      21.2      1.88      2.00      2.90  -9999.00
     1   2005    231   13500.0      11.0      19.7      1.31      2.00      0.00  -9999.00
     1   2005    232   21800.0      10.1      22.2      1.24      2.00      0.00  -9999.00
     1   2005    233   23300.0      12.7      21.4      1.47      2.00      0.00  -9999.00
     1   2005    234   19300.0       8.5      18.6      1.11      2.00      0.00  -9999.00
     1   2005    235   18600.0      11.3      18.7      1.34      2.00      0.00  -9999.00
     1   2005    236   10600.0       9.5      18.0      1.19      2.00     15.10  -9999.00
     1   2005    237   11700.0      11.9      17.8      1.39      2.00      0.00  -9999.00
     1   2005    238   13800.0      17.0      19.1      1.94      2.00      0.00  -9999.00
     1   2005    239   17400.0       9.6      21.4      1.20      2.00      0.00  -9999.00
     1   2005    240   15600.0      12.3      21.4      1.43      2.00      0.00  -9999.00
     1   2005    241   21200.0      14.1      17.4      1.61      2.00      0.00  -9999.00
     1   2005    242    9700.0      12.9      20.1      1.49      2.00      0.00  -9999.00
     1   2005    243   15700.0       8.9      23.4      1.14      2.00      0.00  -9999.00
     1   2005    244   16500.0      13.0      19.9      1.50      2.00      0.00  -9999.00
     1   2005    245   16100.0       9.9      20.1      1.22      2.00      0.00  -9999.00
     1   2005    246   17100.0      10.5      20.2      1.27      2.00      0.00  -9999.00
     1   2005    247    6300.0       6.9      19.3      0.99      2.00      1.60  -9999.00
     1   2005    248   14800.0       8.1      16.2      1.08      2.00     11.60  -9999.00
     1   2005    249    8300.0       9.4      17.3      1.18      2.00      8.20  -9999.00
     1   2005    250    8800.0       9.8      18.4      1.21      2.00     11.90  -9999.00
     1   2005    251   11600.0       9.0      17.5      1.15      2.00      0.00  -9999.00
     1   2005    252    9900.0      10.7      20.6      1.29      2.00      0.00  -9999.00
     1   2005    253   17500.0      10.4      20.3      1.26      2.00      0.40  -9999.00
     1   2005    254   17300.0      16.1      20.8      1.83      2.00      0.00  -9999.00
     1   2005    255   11500.0      10.4      19.1      1.26      2.00      0.00  -9999.00
     1   2005    256    8800.0      10.1      19.1      1.24      2.00      3.70  -9999.00
     1   2005    257   13700.0      13.9      15.5      1.59      2.00      0.60  -9999.00
     1   2005    258   10000.0      10.9      19.8      1.30      2.00      0.30  -9999.00
     1   2005    259    5500.0       6.0      17.9      0.93      2.00      0.10  -9999.00
     1   2005    260    9300.0      12.7      13.6      1.47      2.00      3.20  -9999.00
     1   2005    261    9300.0      10.9      16.7      1.30      2.00      2.70  -9999.00
     1   2005    262   16600.0      10.2      20.6      1.24      2.00      0.00  -9999.00
     1   2005    263    5000.0      10.6      20.7      1.28      2.00      0.00  -9999.00
     1   2005    264    9000.0      12.9      18.1      1.49      2.00      1.70  -9999.00
     1   2005    265   15400.0       8.1      13.1      1.08      2.00      0.10  -9999.00
     1   2005    266    5500.0      11.8      13.8      1.38      2.00      0.70  -9999.00
     1   2005    267   10600.0       8.8      18.3      1.13      2.00      0.00  -9999.00
     1   2005    268    4900.0       6.6      15.5      0.97      2.00      1.50  -9999.00
     1   2005    269   13500.0       7.6      12.4      1.04      2.00      0.00  -9999.00
     1   2005    270    7400.0      10.7      19.4      1.29      2.00      0.00  -9999.00
     1   2005    271    4000.0      11.4      15.8      1.35      2.00     19.70  -9999.00
     1   2005    272   10200.0       8.8      17.3      1.13      2.00     14.00  -9999.00
     1   2005    273    5000.0      11.2      16.7      1.33      2.00      0.10  -9999.00
     1   2005    274    5700.0      11.4      13.4      1.35      2.00      1.10  -9999.00
     1   2005    275    9200.0       9.7      12.5      1.20      2.00      2.70  -9999.00
     1   2005    276   10200.0       6.8      15.5      0.99      2.00      0.30  -9999.00
     1   2005    277    8000.0       8.7      17.7      1.12      2.00      5.70  -9999.00
     1   2005    278    6400.0      10.3      18.4      1.25      2.00      0.90  -9999.00
     1   2005    279    3400.0       8.4      10.4      1.10      2.00      1.70  -9999.00
     1   2005    280    6900.0       7.3      15.1      1.02      2.00      3.60  -9999.00
     1   2005    281    6900.0      13.7      15.6      1.57      2.00      0.80  -9999.00
     1   2005    282    7600.0      10.7      15.4      1.29      2.00     16.30  -9999.00
     1   2005    283    6600.0       9.1      17.3      1.16      2.00      0.10  -9999.00
     1   2005    284    4200.0      11.2      15.0      1.33      2.00     13.80  -9999.00
     1   2005    285    6000.0       9.0      16.9      1.15      2.00      1.60  -9999.00
     1   2005    286    8500.0      10.1      14.4      1.24      2.00      0.00  -9999.00
     1   2005    287   10000.0       8.8      10.9      1.13      2.00      0.30  -9999.00
     1   2005    288    2900.0      10.8      13.8      1.29      2.00      0.10  -9999.00
     1   2005    289   10400.0      11.6      13.6      1.37      2.00      0.00  -9999.00
     1   2005    290    5100.0       6.0      15.8      0.93      2.00      0.80  -9999.00
     1   2005    291    3100.0       8.5      17.2      1.11      2.00      0.90  -9999.00
     1   2005    292    7100.0      11.3      15.4      1.34      2.00      0.00  -9999.00
     1   2005    293    7800.0      10.7      12.7      1.29      2.00      0.00  -9999.00
     1   2005    294    6800.0       8.0      12.2      1.07      2.00      0.40  -9999.00
     1   2005    295    4200.0       8.5      11.2      1.11      2.00      0.20  -9999.00
     1   2005    296    7600.0       6.1      11.4      0.94      2.00      0.00  -9999.00
     1   2005    297    1400.0       8.4      15.5      1.10      2.00      0.80  -9999.00
     1   2005    298    4100.0      11.4      11.5      1.35      2.00      2.00  -9999.00
     1   2005    299    7800.0       6.2       8.2      0.95      2.00      4.70  -9999.00
     1   2005    300    3200.0       6.5      14.6      0.97      2.00      0.10  -9999.00
     1   2005    301    7700.0       7.1      11.2      1.01      2.00      2.70  -9999.00
     1   2005    302    4900.0      10.4      12.4      1.26      2.00     12.60  -9999.00
     1   2005    303    3700.0      10.0      13.2      1.23      2.00      0.00  -9999.00
     1   2005    304    6100.0       4.1      12.5      0.82      2.00      0.00  -9999.00
     1   2005    305    3500.0       2.7      13.0      0.74      2.00      0.00  -9999.00
     1   2005    306    6600.0       9.5      11.5      1.19      2.00      0.00  -9999.00
     1   2005    307    6800.0       4.8      10.7      0.86      2.00      0.00  -9999.00
     1   2005    308    4100.0       7.3      12.5      1.02      2.00      0.00  -9999.00
     1   2005    309    4700.0      11.1      12.7      1.32      2.00      7.20  -9999.00
     1   2005    310    2000.0      12.0      14.8      1.40      2.00     10.00  -9999.00
     1   2005    311    3700.0      10.8      12.8      1.29      2.00      0.40  -9999.00
     1   2005    312    6200.0       1.3      12.6      0.67      2.00      0.00  -9999.00
     1   2005    313    5800.0       7.4       9.3      1.03      2.00      5.90  -9999.00
     1   2005    314    5000.0      -0.6      11.0      0.58      2.00      0.00  -9999.00
     1   2005    315    3900.0       8.5      13.4      1.11      2.00     11.20  -9999.00
     1   2005    316    1500.0       8.1      10.1      1.08      2.00      7.30  -9999.00
     1   2005    317    6600.0       4.4      10.7      0.84      2.00      5.00  -9999.00
     1   2005    318    2100.0       4.0      12.1      0.81      2.00      0.40  -9999.00
     1   2005    319    5800.0      10.3      12.3      1.25      2.00      1.00  -9999.00
     1   2005    320    4200.0       9.1      11.6      1.16      2.00      0.00  -9999.00
     1   2005    321    4800.0       4.9      12.1      0.87      2.00      9.30  -9999.00
     1   2005    322    2600.0       5.9       7.9      0.93      2.00      0.00  -9999.00
     1   2005    323    3700.0       7.1       7.5      1.01      2.00      0.00  -9999.00
     1   2005    324    2100.0       9.4      11.1      1.18      2.00      1.00  -9999.00
     1   2005    325    4400.0       4.1       8.4      0.82      2.00      0.30  -9999.00
     1   2005    326    3700.0       4.7      12.8      0.85      2.00      5.70  -9999.00
     1   2005    327    5600.0       7.4      10.9      1.03      2.00      2.30  -9999.00
     1   2005    328    5200.0       6.1       9.6      0.94      2.00      0.40  -9999.00
     1   2005    329    2400.0       4.2      12.7      0.82      2.00      0.30  -9999.00
     1   2005    330    2800.0       8.5      10.1      1.11      2.00      0.30  -9999.00
     1   2005    331     900.0       3.9       9.8      0.81      2.00      5.30  -9999.00
     1   2005    332    1900.0       7.6      11.3      1.04      2.00      0.50  -9999.00
     1   2005    333    2000.0       0.4      12.3      0.63      2.00      9.50  -9999.00
     1   2005    334    1700.0      -0.4      10.5      0.59      2.00      0.00  -9999.00
     1   2005    335    1400.0       5.5       7.1      0.90      2.00      0.00  -9999.00
     1   2005    336     700.0       5.3       7.3      0.89      2.00      6.60  -9999.00
     1   2005    337    2900.0       4.0       8.4      0.81      2.00      2.50  -9999.00
     1   2005    338    3100.0       0.5       7.6      0.63      2.00      0.00  -9999.00
     1   2005    339    1500.0       1.7      10.0      0.69      2.00      1.90  -9999.00
     1   2005    340    1400.0       2.0      13.4      0.71      2.00      9.70  -9999.00
     1   2005    341    1500.0       3.2      11.9      0.77      2.00      0.00  -9999.00
     1   2005    342    1800.0       3.2       4.4      0.77      2.00      0.00  -9999.00
     1   2005    343    3000.0       7.3      10.7      1.02      2.00      1.50  -9999.00
     1   2005    344    2900.0       4.4       8.5      0.84      2.00      0.00  -9999.00
     1   2005    345     700.0       0.2      13.0      0.62      2.00      9.20  -9999.00
     1   2005    346     900.0       8.2       9.8      1.09      2.00      0.10  -9999.00
     1   2005    347    3400.0      -0.3       2.0      0.60      2.00      0.00  -9999.00
     1   2005    348    3400.0       4.5       7.7      0.84      2.00      0.00  -9999.00
     1   2005    349    1600.0       4.8       7.4      0.86      2.00      0.00  -9999.00
     1   2005    350    3200.0       5.4       7.4      0.90      2.00      0.00  -9999.00
     1   2005    351    2800.0      -2.5       6.2      0.51      2.00      0.00  -9999.00
     1   2005    352    2600.0       7.7      11.7      1.05      2.00      8.80  -9999.00
     1   2005    353    1500.0       4.2       7.0      0.82      2.00      0.00  -9999.00
     1   2005    354    3400.0      -1.7       7.3      0.54      2.00      0.00  -9999.00
     1   2005    355    3700.0       3.5       5.5      0.78      2.00      0.00  -9999.00
     1   2005    356    1600.0       2.2      11.2      0.72      2.00     20.90  -9999.00
     1   2005    357    1200.0       5.7       7.8      0.92      2.00     12.90  -9999.00
     1   2005    358    2700.0       7.1       8.4      1.01      2.00      7.30  -9999.00
     1   2005    359    2100.0       5.5       9.3      0.90      2.00      0.10  -9999.00
     1   2005    360    2000.0       7.0       8.9      1.00      2.00      0.00  -9999.00
     1   2005    361    1600.0       5.2       6.4      0.88      2.00      1.50  -9999.00
     1   2005    362    1600.0       2.1       3.5      0.71      2.00      0.00  -9999.00
     1   2005    363    4600.0       5.4       7.4      0.90      2.00      0.00  -9999.00
     1   2005    364     700.0       6.9      12.5      0.99      2.00      0.10  -9999.00
     1   2005    365    1500.0       9.0      11.0      1.15      2.00     29.00  -9999.00
