*-----------------------------------------------------------------------------* 
           CNWG_106.met           51.48   -3.55   69.72
* Date created:  08-Aug-2019     Author: K Coleman 
* 
* NIL VALUE       -9999 
* Source:   data provided by M. Semenov 
*  
* Latitude:    51.48 Longitude:    -3.55 Altitude:    69.72
* 
* Column  Daily value 
* 1       station number 
* 2       year 
* 3       day 
* 4       irradiation                   (kJ m-2 d-1) 
* 5       minimum temperature           (degrees Celsius) 
* 6       maximum temperature           (degrees Celsius) 
* 7       early morning vapour pressure (kPa)             
* 8       mean wind speed (height: 2 m?) (m s-1)          
* 9       precipitation                 (mm d-1)          
* 10      sunshine                      (hrs)             
 		Jday	RAD	    TMIN	TMAX	 VAP	wind	RAIN	SUN  
               kj/m2	°C	    °C	     kPa	m/s	    mm	    hrs 
   51.48  69.72
     1   2005      1    3000.0       5.7       7.7      0.92      2.00      1.00  -9999.00
     1   2005      2    2200.0       1.1       7.8      0.66      2.00      1.40  -9999.00
     1   2005      3    2000.0       5.1       7.1      0.88      2.00      4.70  -9999.00
     1   2005      4    4700.0       1.3       9.3      0.67      2.00      1.50  -9999.00
     1   2005      5    1800.0      -0.9       9.8      0.57      2.00      6.70  -9999.00
     1   2005      6    2700.0       8.7      10.7      1.12      2.00      3.80  -9999.00
     1   2005      7    2400.0      -1.2      12.2      0.56      2.00      2.00  -9999.00
     1   2005      8    1700.0       2.9       9.0      0.75      2.00      0.10  -9999.00
     1   2005      9    1600.0       0.5       8.4      0.63      2.00      3.10  -9999.00
     1   2005     10    1200.0       6.8       9.2      0.99      2.00     10.60  -9999.00
     1   2005     11    4800.0       5.8       6.6      0.92      2.00      0.00  -9999.00
     1   2005     12    5200.0       5.5       7.5      0.90      2.00      0.00  -9999.00
     1   2005     13    3200.0       3.0       8.8      0.76      2.00      0.00  -9999.00
     1   2005     14    5400.0      -0.2       8.0      0.60      2.00      0.00  -9999.00
     1   2005     15    2800.0       0.5       7.0      0.63      2.00      0.00  -9999.00
     1   2005     16    1400.0      -3.0       9.1      0.49      2.00      0.20  -9999.00
     1   2005     17    2400.0       5.3       7.3      0.89      2.00      3.30  -9999.00
     1   2005     18    2000.0       7.3       9.3      1.02      2.00      0.90  -9999.00
     1   2005     19    5800.0       0.0       6.4      0.61      2.00      0.00  -9999.00
     1   2005     20    2600.0       4.3      11.0      0.83      2.00     10.60  -9999.00
     1   2005     21    5300.0       2.3       5.4      0.72      2.00      0.00  -9999.00
     1   2005     22     900.0       5.8       7.8      0.92      2.00      0.00  -9999.00
     1   2005     23     900.0      -2.0       5.4      0.53      2.00      0.00  -9999.00
     1   2005     24    5300.0       8.6      10.1      1.12      2.00     11.30  -9999.00
     1   2005     25    2100.0       6.5       8.5      0.97      2.00      5.50  -9999.00
     1   2005     26    3800.0       5.7       7.7      0.92      2.00      0.00  -9999.00
     1   2005     27    4100.0       2.4       9.7      0.73      2.00      0.30  -9999.00
     1   2005     28    1900.0       2.1      10.8      0.71      2.00      0.60  -9999.00
     1   2005     29    4100.0       1.9      10.4      0.70      2.00      7.60  -9999.00
     1   2005     30    6200.0       5.2      11.0      0.88      2.00      6.30  -9999.00
     1   2005     31    2600.0       6.9       9.6      0.99      2.00     11.10  -9999.00
     1   2005     32    1900.0       4.5       9.6      0.84      2.00      4.50  -9999.00
     1   2005     33    4400.0       5.6      10.3      0.91      2.00      0.20  -9999.00
     1   2005     34    2000.0       5.4       9.7      0.90      2.00      1.70  -9999.00
     1   2005     35    3800.0       3.1       5.1      0.76      2.00      0.20  -9999.00
     1   2005     36    7800.0       4.6       6.6      0.85      2.00      0.00  -9999.00
     1   2005     37    6000.0       0.7       9.2      0.64      2.00      0.30  -9999.00
     1   2005     38    2500.0       3.6       9.7      0.79      2.00      4.70  -9999.00
     1   2005     39    4200.0       0.5      11.4      0.63      2.00      4.00  -9999.00
     1   2005     40    8400.0       7.3       8.9      1.02      2.00      8.80  -9999.00
     1   2005     41    3900.0       5.4      11.5      0.90      2.00      2.80  -9999.00
     1   2005     42    5500.0      -0.2       1.8      0.60      2.00      0.00  -9999.00
     1   2005     43    6000.0      -1.5       2.1      0.55      2.00      0.00  -9999.00
     1   2005     44    8200.0       3.9       9.4      0.81      2.00      0.00  -9999.00
     1   2005     45    2800.0       0.9       6.0      0.65      2.00      6.60  -9999.00
     1   2005     46    6800.0       3.2       7.1      0.77      2.00      2.80  -9999.00
     1   2005     47    1400.0       2.3       9.6      0.72      2.00     15.40  -9999.00
     1   2005     48    4500.0       5.1       7.1      0.88      2.00      7.00  -9999.00
     1   2005     49    7400.0       8.3       8.4      1.09      2.00      2.00  -9999.00
     1   2005     50    3300.0      -3.0       4.9      0.49      2.00      0.00  -9999.00
     1   2005     51    3300.0      -5.1       6.2      0.42      2.00      0.00  -9999.00
     1   2005     52    4000.0       3.7       6.4      0.80      2.00      0.00  -9999.00
     1   2005     53    6800.0      -0.9       4.1      0.57      2.00      0.00  -9999.00
     1   2005     54    3000.0       4.9       7.7      0.87      2.00      0.00  -9999.00
     1   2005     55    5000.0       6.0       8.6      0.93      2.00      0.00  -9999.00
     1   2005     56    6800.0       3.9      11.1      0.81      2.00      0.40  -9999.00
     1   2005     57    8200.0       3.6      10.0      0.79      2.00      0.70  -9999.00
     1   2005     58    4800.0       3.0       8.1      0.76      2.00      0.00  -9999.00
     1   2005     59    3600.0      -2.3       5.7      0.52      2.00      0.00  -9999.00
     1   2005     60    7800.0       2.7      10.2      0.74      2.00      8.90  -9999.00
     1   2005     61    4300.0       1.7       9.8      0.69      2.00      4.70  -9999.00
     1   2005     62   11800.0       2.6       5.0      0.74      2.00      0.00  -9999.00
     1   2005     63   12600.0       0.7       9.6      0.64      2.00      0.00  -9999.00
     1   2005     64   10200.0      -1.9      12.2      0.53      2.00      0.00  -9999.00
     1   2005     65    4800.0       1.5      12.4      0.68      2.00      0.00  -9999.00
     1   2005     66   11800.0       4.7       8.9      0.85      2.00      0.40  -9999.00
     1   2005     67    8000.0       2.3       9.7      0.72      2.00      0.50  -9999.00
     1   2005     68    4800.0       7.4       9.5      1.03      2.00      0.50  -9999.00
     1   2005     69   10200.0      -0.5      10.5      0.59      2.00      1.00  -9999.00
     1   2005     70    2400.0      -0.8       2.5      0.58      2.00      0.40  -9999.00
     1   2005     71    5500.0      -0.8      13.5      0.58      2.00      0.00  -9999.00
     1   2005     72   10300.0      -0.3       8.1      0.60      2.00      2.00  -9999.00
     1   2005     73    6900.0       5.2      10.7      0.88      2.00      5.80  -9999.00
     1   2005     74   10000.0       6.8      14.1      0.99      2.00      0.00  -9999.00
     1   2005     75   13200.0       1.8      10.6      0.70      2.00      0.00  -9999.00
     1   2005     76    4600.0       7.1      15.1      1.01      2.00      0.00  -9999.00
     1   2005     77   11500.0      -0.7      12.5      0.58      2.00      0.00  -9999.00
     1   2005     78   12100.0      -0.9      10.2      0.57      2.00      9.40  -9999.00
     1   2005     79   10900.0       0.6       9.1      0.64      2.00      0.20  -9999.00
     1   2005     80   12300.0      -0.3      10.3      0.60      2.00      0.00  -9999.00
     1   2005     81    5500.0       0.7      12.2      0.64      2.00      0.00  -9999.00
     1   2005     82    6400.0       5.2      10.1      0.88      2.00      5.20  -9999.00
     1   2005     83    2800.0       2.7      12.2      0.74      2.00      0.00  -9999.00
     1   2005     84   10700.0       1.6      12.3      0.69      2.00      0.00  -9999.00
     1   2005     85    6800.0       0.0      11.9      0.61      2.00      0.00  -9999.00
     1   2005     86    7500.0      -1.8       7.6      0.54      2.00      0.00  -9999.00
     1   2005     87   17400.0       5.3      10.0      0.89      2.00      0.20  -9999.00
     1   2005     88   10600.0       2.3      14.5      0.72      2.00      0.00  -9999.00
     1   2005     89   12800.0       6.1       9.3      0.94      2.00      5.00  -9999.00
     1   2005     90   12600.0       8.9       9.0      1.14      2.00      0.00  -9999.00
     1   2005     91    6600.0       0.2      10.0      0.62      2.00      2.40  -9999.00
     1   2005     92    6400.0       3.7      12.0      0.80      2.00     10.40  -9999.00
     1   2005     93   12800.0       0.6      16.1      0.64      2.00      0.00  -9999.00
     1   2005     94   12100.0       4.5       9.9      0.84      2.00      0.00  -9999.00
     1   2005     95   13100.0       2.3      18.1      0.72      2.00      0.00  -9999.00
     1   2005     96    9600.0       4.7      15.9      0.85      2.00      0.00  -9999.00
     1   2005     97   13900.0       6.1      11.0      0.94      2.00      0.00  -9999.00
     1   2005     98   14000.0       8.8       9.4      1.13      2.00      0.00  -9999.00
     1   2005     99   15600.0       6.6      14.5      0.97      2.00      0.20  -9999.00
     1   2005    100   16200.0       4.3      10.9      0.83      2.00      2.30  -9999.00
     1   2005    101    7900.0       6.0      14.4      0.93      2.00      2.90  -9999.00
     1   2005    102   16500.0       7.0      10.7      1.00      2.00      0.60  -9999.00
     1   2005    103   13900.0       6.8      10.0      0.99      2.00      0.60  -9999.00
     1   2005    104   11500.0       5.3       8.7      0.89      2.00     16.10  -9999.00
     1   2005    105   10600.0       7.9      11.8      1.07      2.00     10.70  -9999.00
     1   2005    106    9600.0       4.5       8.0      0.84      2.00      0.00  -9999.00
     1   2005    107   17500.0       5.0       9.9      0.87      2.00      0.00  -9999.00
     1   2005    108   22700.0       7.0       8.0      1.00      2.00      0.30  -9999.00
     1   2005    109   12100.0       0.7      11.2      0.64      2.00      1.10  -9999.00
     1   2005    110    7200.0       3.9      12.7      0.81      2.00      3.10  -9999.00
     1   2005    111   18300.0       1.8      13.3      0.70      2.00      0.00  -9999.00
     1   2005    112   14900.0       2.3      13.3      0.72      2.00      0.00  -9999.00
     1   2005    113   14200.0       1.4      11.7      0.68      2.00      0.00  -9999.00
     1   2005    114    5600.0       0.8      17.9      0.65      2.00      0.00  -9999.00
     1   2005    115    9300.0       5.4      11.6      0.90      2.00     10.30  -9999.00
     1   2005    116   24300.0       6.3      12.6      0.95      2.00      0.00  -9999.00
     1   2005    117   15300.0       6.2      13.2      0.95      2.00      5.40  -9999.00
     1   2005    118   19400.0       6.8      11.6      0.99      2.00      0.40  -9999.00
     1   2005    119   13600.0       4.9      10.7      0.87      2.00     35.40  -9999.00
     1   2005    120   13700.0       2.1      17.9      0.71      2.00      3.60  -9999.00
     1   2005    121   13500.0       6.7      15.1      0.98      2.00      1.50  -9999.00
     1   2005    122    4400.0       8.3      10.3      1.09      2.00      1.10  -9999.00
     1   2005    123   17100.0       7.2      12.8      1.02      2.00      0.10  -9999.00
     1   2005    124   14500.0       3.8      11.4      0.80      2.00      3.30  -9999.00
     1   2005    125   18000.0       9.3      10.5      1.17      2.00      0.00  -9999.00
     1   2005    126   14700.0       6.4      11.5      0.96      2.00      0.00  -9999.00
     1   2005    127   12200.0       4.8      13.5      0.86      2.00     12.70  -9999.00
     1   2005    128   24900.0       7.3      17.4      1.02      2.00      0.00  -9999.00
     1   2005    129   10800.0       6.5      16.3      0.97      2.00      0.00  -9999.00
     1   2005    130   22000.0       3.0      16.9      0.76      2.00      0.00  -9999.00
     1   2005    131   15100.0       9.0      15.0      1.15      2.00      0.00  -9999.00
     1   2005    132    9800.0       9.3      14.7      1.17      2.00      0.00  -9999.00
     1   2005    133   23400.0      12.8      15.7      1.48      2.00      0.00  -9999.00
     1   2005    134    9200.0       7.7      15.6      1.05      2.00      0.00  -9999.00
     1   2005    135   21200.0       4.4      21.1      0.84      2.00      0.00  -9999.00
     1   2005    136   19400.0      14.1      14.8      1.61      2.00      0.00  -9999.00
     1   2005    137   24000.0       6.6      17.5      0.97      2.00      0.00  -9999.00
     1   2005    138   17100.0       6.1      17.9      0.94      2.00      0.00  -9999.00
     1   2005    139   16900.0      11.2      14.5      1.33      2.00      0.00  -9999.00
     1   2005    140   11400.0       9.8      16.3      1.21      2.00      2.00  -9999.00
     1   2005    141   12000.0       4.2      13.4      0.82      2.00      1.00  -9999.00
     1   2005    142   17600.0       5.6      12.6      0.91      2.00      3.70  -9999.00
     1   2005    143    7500.0       6.4      14.7      0.96      2.00      4.60  -9999.00
     1   2005    144   26200.0       5.5      13.7      0.90      2.00      0.50  -9999.00
     1   2005    145   12700.0       2.4      16.6      0.73      2.00      0.10  -9999.00
     1   2005    146   15600.0      13.1      13.3      1.51      2.00      0.00  -9999.00
     1   2005    147   27600.0       9.1      24.7      1.16      2.00      0.00  -9999.00
     1   2005    148   26600.0       3.7      18.3      0.80      2.00      0.00  -9999.00
     1   2005    149   27200.0       9.5      25.5      1.19      2.00      0.00  -9999.00
     1   2005    150   21200.0       6.9      16.8      0.99      2.00      0.10  -9999.00
     1   2005    151   27800.0       8.7      15.0      1.12      2.00      0.00  -9999.00
     1   2005    152   25300.0      12.1      15.2      1.41      2.00      0.00  -9999.00
     1   2005    153   15300.0       9.3      22.3      1.17      2.00      0.00  -9999.00
     1   2005    154   12600.0       9.5      11.6      1.19      2.00      0.80  -9999.00
     1   2005    155   27900.0      10.1      15.6      1.24      2.00      0.00  -9999.00
     1   2005    156   27600.0       9.1      22.4      1.16      2.00      0.00  -9999.00
     1   2005    157   13100.0      11.6      23.0      1.37      2.00      0.10  -9999.00
     1   2005    158   20400.0       9.9      23.6      1.22      2.00      0.00  -9999.00
     1   2005    159   30100.0       3.6      20.5      0.79      2.00      0.00  -9999.00
     1   2005    160   26000.0       5.1      17.2      0.88      2.00      0.00  -9999.00
     1   2005    161   20500.0      17.1      20.8      1.95      2.00      0.00  -9999.00
     1   2005    162   21400.0       5.7      18.9      0.92      2.00      0.00  -9999.00
     1   2005    163   24300.0       7.6      15.1      1.04      2.00      0.00  -9999.00
     1   2005    164   19700.0       5.6      14.9      0.91      2.00      0.00  -9999.00
     1   2005    165    4500.0       9.0      18.3      1.15      2.00     11.30  -9999.00
     1   2005    166   26600.0      13.3      19.4      1.53      2.00      0.00  -9999.00
     1   2005    167   17400.0       7.8      21.5      1.06      2.00      0.00  -9999.00
     1   2005    168    9100.0      11.8      17.9      1.38      2.00      0.80  -9999.00
     1   2005    169   23500.0       8.6      24.0      1.12      2.00      0.00  -9999.00
     1   2005    170   24400.0       9.7      21.7      1.20      2.00      0.00  -9999.00
     1   2005    171   17600.0      12.3      17.7      1.43      2.00      0.80  -9999.00
     1   2005    172   19300.0       5.7      24.9      0.92      2.00      0.00  -9999.00
     1   2005    173   18600.0      11.2      18.4      1.33      2.00     23.30  -9999.00
     1   2005    174   14800.0       8.6      17.4      1.12      2.00      0.00  -9999.00
     1   2005    175   23300.0       9.2      19.2      1.16      2.00      5.80  -9999.00
     1   2005    176    9000.0       8.5      17.6      1.11      2.00      1.80  -9999.00
     1   2005    177   18600.0       8.6      18.3      1.12      2.00      2.00  -9999.00
     1   2005    178   15000.0      12.3      19.1      1.43      2.00      0.10  -9999.00
     1   2005    179   17300.0      11.5      16.5      1.36      2.00      4.80  -9999.00
     1   2005    180   23200.0       8.8      16.2      1.13      2.00      0.10  -9999.00
     1   2005    181   14400.0      11.2      14.4      1.33      2.00      3.40  -9999.00
     1   2005    182    9700.0      12.8      20.5      1.48      2.00      0.10  -9999.00
     1   2005    183   14000.0      12.4      17.1      1.44      2.00     30.40  -9999.00
     1   2005    184   11800.0      12.7      16.5      1.47      2.00     12.40  -9999.00
     1   2005    185   25600.0      14.7      22.4      1.67      2.00      0.00  -9999.00
     1   2005    186   23900.0      17.5      28.1      2.00      2.00      0.00  -9999.00
     1   2005    187   22900.0      12.8      25.3      1.48      2.00      0.00  -9999.00
     1   2005    188   20200.0       9.3      17.9      1.17      2.00      4.10  -9999.00
     1   2005    189   17800.0       9.7      17.9      1.20      2.00      8.60  -9999.00
     1   2005    190   24900.0       7.3      25.1      1.02      2.00      0.00  -9999.00
     1   2005    191   22700.0      10.4      20.1      1.26      2.00      0.00  -9999.00
     1   2005    192   27500.0      15.7      24.8      1.78      2.00      0.00  -9999.00
     1   2005    193   15300.0       9.4      16.8      1.18      2.00      0.00  -9999.00
     1   2005    194   11800.0      15.1      16.4      1.72      2.00      0.20  -9999.00
     1   2005    195   17800.0      14.4      20.6      1.64      2.00      8.50  -9999.00
     1   2005    196   23800.0      11.4      20.2      1.35      2.00      0.00  -9999.00
     1   2005    197   14500.0      15.5      19.5      1.76      2.00      2.90  -9999.00
     1   2005    198   21600.0      14.2      18.6      1.62      2.00      0.00  -9999.00
     1   2005    199   21700.0      12.0      19.1      1.40      2.00      0.00  -9999.00
     1   2005    200   16800.0      14.0      16.3      1.60      2.00      0.00  -9999.00
     1   2005    201   15000.0      16.6      17.4      1.89      2.00      0.80  -9999.00
     1   2005    202   11000.0      12.8      17.7      1.48      2.00      0.40  -9999.00
     1   2005    203   25900.0      17.6      28.3      2.01      2.00      0.00  -9999.00
     1   2005    204   28300.0      14.6      21.5      1.66      2.00      0.00  -9999.00
     1   2005    205   28200.0      10.2      19.1      1.24      2.00      0.00  -9999.00
     1   2005    206   22000.0      10.9      24.0      1.30      2.00      0.00  -9999.00
     1   2005    207   26300.0      10.9      20.8      1.30      2.00      0.00  -9999.00
     1   2005    208   12900.0      16.5      20.7      1.88      2.00      0.10  -9999.00
     1   2005    209   10100.0      12.4      19.1      1.44      2.00      0.10  -9999.00
     1   2005    210   17600.0      11.8      18.7      1.38      2.00      8.40  -9999.00
     1   2005    211   17400.0      11.1      17.6      1.32      2.00      0.10  -9999.00
     1   2005    212    9600.0      12.5      19.0      1.45      2.00      2.40  -9999.00
     1   2005    213   17100.0      15.8      19.2      1.79      2.00      2.60  -9999.00
     1   2005    214   17800.0      17.0      19.8      1.94      2.00      1.40  -9999.00
     1   2005    215    7800.0      15.9      25.7      1.81      2.00      0.00  -9999.00
     1   2005    216    8500.0      12.3      20.3      1.43      2.00      0.00  -9999.00
     1   2005    217   17800.0      12.5      25.3      1.45      2.00      0.00  -9999.00
     1   2005    218   13800.0      12.2      16.0      1.42      2.00      0.00  -9999.00
     1   2005    219   15200.0      13.9      20.0      1.59      2.00      0.00  -9999.00
     1   2005    220   11800.0      15.1      24.2      1.72      2.00      1.10  -9999.00
     1   2005    221    8500.0      11.8      23.2      1.38      2.00      0.80  -9999.00
     1   2005    222   14800.0      15.2      23.0      1.73      2.00     13.90  -9999.00
     1   2005    223   11700.0      15.4      20.7      1.75      2.00      1.80  -9999.00
     1   2005    224   15200.0      13.7      17.5      1.57      2.00      0.00  -9999.00
     1   2005    225   13500.0      11.1      18.5      1.32      2.00      0.00  -9999.00
     1   2005    226   14200.0      15.9      21.4      1.81      2.00      0.00  -9999.00
     1   2005    227    7700.0      10.1      19.5      1.24      2.00      2.00  -9999.00
     1   2005    228   13500.0       8.4      20.1      1.10      2.00     11.70  -9999.00
     1   2005    229    8100.0      13.8      19.3      1.58      2.00     19.00  -9999.00
     1   2005    230   11000.0      16.5      18.3      1.88      2.00      6.10  -9999.00
     1   2005    231   13200.0      14.2      19.4      1.62      2.00     19.80  -9999.00
     1   2005    232    5400.0      12.0      18.9      1.40      2.00      0.00  -9999.00
     1   2005    233   21500.0       6.8      18.8      0.99      2.00      0.00  -9999.00
     1   2005    234   12900.0      10.0      24.9      1.23      2.00      0.00  -9999.00
     1   2005    235   15300.0      15.3      24.7      1.74      2.00      0.00  -9999.00
     1   2005    236   20900.0       9.8      19.2      1.21      2.00      0.00  -9999.00
     1   2005    237   13500.0       6.5      23.2      0.97      2.00      0.00  -9999.00
     1   2005    238   14100.0      12.9      18.6      1.49      2.00      0.00  -9999.00
     1   2005    239   19800.0      13.1      19.2      1.51      2.00      0.00  -9999.00
     1   2005    240   12800.0      11.9      20.9      1.39      2.00      0.00  -9999.00
     1   2005    241   10800.0      13.6      21.7      1.56      2.00      0.00  -9999.00
     1   2005    242   21400.0       8.9      16.6      1.14      2.00      0.00  -9999.00
     1   2005    243   19600.0      10.6      19.0      1.28      2.00      0.00  -9999.00
     1   2005    244    6200.0      15.9      19.4      1.81      2.00      0.10  -9999.00
     1   2005    245   15000.0      12.1      21.0      1.41      2.00     35.30  -9999.00
     1   2005    246   18200.0       8.9      18.9      1.14      2.00      0.00  -9999.00
     1   2005    247   19400.0      10.7      19.8      1.29      2.00      2.80  -9999.00
     1   2005    248    6700.0      11.5      18.9      1.36      2.00     11.20  -9999.00
     1   2005    249   16800.0      11.6      21.0      1.37      2.00      3.80  -9999.00
     1   2005    250    6900.0      16.4      16.8      1.86      2.00      0.50  -9999.00
     1   2005    251   10200.0       9.7      15.5      1.20      2.00      0.00  -9999.00
     1   2005    252   12200.0      10.2      14.1      1.24      2.00      9.50  -9999.00
     1   2005    253    8700.0      15.3      19.9      1.74      2.00      0.50  -9999.00
     1   2005    254   13400.0      10.6      13.6      1.28      2.00      0.10  -9999.00
     1   2005    255    6900.0      13.8      17.3      1.58      2.00      1.70  -9999.00
     1   2005    256    8900.0       9.0      16.9      1.15      2.00      0.00  -9999.00
     1   2005    257   14300.0       6.3      18.5      0.95      2.00      0.00  -9999.00
     1   2005    258   17000.0      11.0      17.1      1.31      2.00      0.00  -9999.00
     1   2005    259   13500.0      15.1      15.2      1.72      2.00      0.00  -9999.00
     1   2005    260    7100.0      12.7      19.5      1.47      2.00      8.10  -9999.00
     1   2005    261    9200.0       9.7      18.1      1.20      2.00      0.00  -9999.00
     1   2005    262    5900.0      11.6      17.3      1.37      2.00      3.90  -9999.00
     1   2005    263    9200.0      13.1      15.6      1.51      2.00     10.50  -9999.00
     1   2005    264   10800.0      12.4      17.3      1.44      2.00      0.10  -9999.00
     1   2005    265    6100.0      10.1      20.0      1.24      2.00      0.00  -9999.00
     1   2005    266    6000.0       9.3      13.7      1.17      2.00      0.00  -9999.00
     1   2005    267   12500.0      13.5      17.7      1.55      2.00      0.00  -9999.00
     1   2005    268    7100.0      12.0      18.8      1.40      2.00      1.80  -9999.00
     1   2005    269   11300.0       7.7      16.7      1.05      2.00     19.10  -9999.00
     1   2005    270    8400.0       5.5      15.3      0.90      2.00      2.00  -9999.00
     1   2005    271   12000.0       8.3      13.9      1.09      2.00      0.80  -9999.00
     1   2005    272   14000.0      15.5      16.8      1.76      2.00      0.00  -9999.00
     1   2005    273   10400.0      11.8      13.8      1.38      2.00      0.00  -9999.00
     1   2005    274    6300.0       9.4      15.9      1.18      2.00      0.00  -9999.00
     1   2005    275    6400.0       7.2      17.8      1.02      2.00      0.00  -9999.00
     1   2005    276   10200.0      10.1      17.0      1.24      2.00      0.30  -9999.00
     1   2005    277   10600.0      10.8      16.2      1.29      2.00     27.10  -9999.00
     1   2005    278    8500.0      13.3      16.1      1.53      2.00      0.40  -9999.00
     1   2005    279    5900.0       9.4      18.8      1.18      2.00      1.70  -9999.00
     1   2005    280    8400.0       8.9      13.2      1.14      2.00     15.20  -9999.00
     1   2005    281    4400.0      10.1      18.6      1.24      2.00      0.90  -9999.00
     1   2005    282    8300.0       8.7      14.5      1.12      2.00      0.10  -9999.00
     1   2005    283    9400.0       5.8      16.1      0.92      2.00      0.30  -9999.00
     1   2005    284    5700.0      10.5      16.7      1.27      2.00      3.20  -9999.00
     1   2005    285    6500.0      11.5      12.2      1.36      2.00      5.80  -9999.00
     1   2005    286    5900.0       3.3      15.2      0.77      2.00      0.00  -9999.00
     1   2005    287    7000.0      12.7      14.7      1.47      2.00     18.60  -9999.00
     1   2005    288    6900.0       9.9      14.7      1.22      2.00      1.50  -9999.00
     1   2005    289    8300.0       2.6      15.5      0.74      2.00      0.00  -9999.00
     1   2005    290    7900.0       2.9      14.4      0.75      2.00      0.00  -9999.00
     1   2005    291    5600.0       9.8      11.8      1.21      2.00      0.00  -9999.00
     1   2005    292    4700.0       8.9      15.1      1.14      2.00     12.50  -9999.00
     1   2005    293    6500.0       5.7      17.5      0.92      2.00      0.00  -9999.00
     1   2005    294    2600.0      11.3      15.2      1.34      2.00      0.80  -9999.00
     1   2005    295    5400.0       7.6      12.4      1.04      2.00      0.00  -9999.00
     1   2005    296    5700.0       2.4      18.6      0.73      2.00      0.00  -9999.00
     1   2005    297    6700.0       4.5      15.9      0.84      2.00      4.70  -9999.00
     1   2005    298    4700.0      11.5      14.0      1.36      2.00      5.50  -9999.00
     1   2005    299    6700.0       8.4      10.4      1.10      2.00      0.00  -9999.00
     1   2005    300    8200.0       6.1      14.9      0.94      2.00      0.90  -9999.00
     1   2005    301    5900.0       8.7      12.7      1.12      2.00     10.30  -9999.00
     1   2005    302    3600.0      10.1      12.1      1.24      2.00     14.20  -9999.00
     1   2005    303    3100.0       3.1       9.0      0.76      2.00     19.80  -9999.00
     1   2005    304    4000.0       6.5      14.4      0.97      2.00      0.00  -9999.00
     1   2005    305    4300.0       8.8      15.2      1.13      2.00      2.60  -9999.00
     1   2005    306    8000.0       7.6      10.3      1.04      2.00     11.30  -9999.00
     1   2005    307    2800.0      10.6      14.3      1.28      2.00      0.60  -9999.00
     1   2005    308    7100.0       7.1      12.0      1.01      2.00      3.60  -9999.00
     1   2005    309    2600.0       8.8      13.0      1.13      2.00     13.70  -9999.00
     1   2005    310    3400.0       2.6      11.2      0.74      2.00      0.00  -9999.00
     1   2005    311    5000.0       5.5       7.5      0.90      2.00      0.00  -9999.00
     1   2005    312    2700.0       2.8      12.4      0.75      2.00      0.00  -9999.00
     1   2005    313    4700.0       6.0       9.7      0.93      2.00      0.40  -9999.00
     1   2005    314    4700.0       8.4      12.3      1.10      2.00      2.90  -9999.00
     1   2005    315    4700.0      10.0      10.3      1.23      2.00      0.30  -9999.00
     1   2005    316    2300.0       6.4       8.4      0.96      2.00      1.10  -9999.00
     1   2005    317    4200.0      10.2      12.2      1.24      2.00      9.40  -9999.00
     1   2005    318    2300.0       7.8       9.8      1.06      2.00     15.50  -9999.00
     1   2005    319    1900.0      -1.0      13.1      0.57      2.00      2.50  -9999.00
     1   2005    320    3900.0       4.0      10.8      0.81      2.00      1.10  -9999.00
     1   2005    321    2500.0       6.4       8.5      0.96      2.00      2.10  -9999.00
     1   2005    322    2000.0      10.6      11.0      1.28      2.00      0.30  -9999.00
     1   2005    323    5500.0       7.8      10.7      1.06      2.00      2.20  -9999.00
     1   2005    324    4600.0       8.0      10.0      1.07      2.00      0.40  -9999.00
     1   2005    325    5500.0       7.5       8.2      1.04      2.00      0.00  -9999.00
     1   2005    326    4500.0       0.6       9.6      0.64      2.00      0.00  -9999.00
     1   2005    327    4000.0      -2.2       9.3      0.52      2.00      4.50  -9999.00
     1   2005    328    1500.0       6.6      14.0      0.97      2.00      0.40  -9999.00
     1   2005    329    5000.0       4.0      11.7      0.81      2.00      0.00  -9999.00
     1   2005    330    3300.0       1.2      11.8      0.67      2.00      0.00  -9999.00
     1   2005    331    3400.0       6.5       8.5      0.97      2.00      0.00  -9999.00
     1   2005    332    4300.0       0.6       6.6      0.64      2.00      0.00  -9999.00
     1   2005    333    4600.0       5.9      12.3      0.93      2.00      0.00  -9999.00
     1   2005    334    1400.0      -1.2       9.1      0.56      2.00     10.90  -9999.00
     1   2005    335    1700.0       3.7       4.6      0.80      2.00      0.00  -9999.00
     1   2005    336    3800.0      -1.1       6.5      0.56      2.00      0.00  -9999.00
     1   2005    337    1800.0       4.4       8.7      0.84      2.00      0.00  -9999.00
     1   2005    338    3100.0       3.9       3.9      0.81      2.00      0.00  -9999.00
     1   2005    339    1400.0       2.3       7.6      0.72      2.00      2.70  -9999.00
     1   2005    340    1600.0       0.0       8.4      0.61      2.00     10.00  -9999.00
     1   2005    341    1500.0      -1.4      10.6      0.55      2.00      7.60  -9999.00
     1   2005    342    2200.0       6.6      10.7      0.97      2.00      1.90  -9999.00
     1   2005    343    2600.0       5.5      11.0      0.90      2.00      7.00  -9999.00
     1   2005    344    1000.0       7.3       9.8      1.02      2.00     29.30  -9999.00
     1   2005    345    3000.0       1.1       7.0      0.66      2.00     13.70  -9999.00
     1   2005    346    1500.0       4.6      11.0      0.85      2.00      0.80  -9999.00
     1   2005    347     900.0       6.5      11.3      0.97      2.00     15.30  -9999.00
     1   2005    348    1700.0       2.0       5.9      0.71      2.00      0.00  -9999.00
     1   2005    349    1600.0       1.3       3.3      0.67      2.00      0.00  -9999.00
     1   2005    350     800.0       4.5       6.5      0.84      2.00     15.00  -9999.00
     1   2005    351    1600.0      -0.4      11.5      0.59      2.00      0.00  -9999.00
     1   2005    352    2100.0       6.5       8.7      0.97      2.00      5.50  -9999.00
     1   2005    353    1500.0      -2.2       3.4      0.52      2.00      0.00  -9999.00
     1   2005    354    3800.0      -2.3       4.0      0.52      2.00      0.00  -9999.00
     1   2005    355    2000.0       7.3      10.2      1.02      2.00      0.00  -9999.00
     1   2005    356    1600.0      10.6      13.0      1.28      2.00      0.20  -9999.00
     1   2005    357    1500.0       3.0       3.6      0.76      2.00      0.00  -9999.00
     1   2005    358    2000.0       3.8       9.7      0.80      2.00      0.80  -9999.00
     1   2005    359    1500.0       4.2       8.6      0.82      2.00      0.20  -9999.00
     1   2005    360    3900.0       7.1       8.6      1.01      2.00      4.30  -9999.00
     1   2005    361    1500.0       5.8       7.8      0.92      2.00      0.00  -9999.00
     1   2005    362    3400.0      -5.7       6.4      0.40      2.00      0.00  -9999.00
     1   2005    363    1500.0       6.4      10.2      0.96      2.00      0.10  -9999.00
     1   2005    364    2900.0       1.3       2.4      0.67      2.00      0.10  -9999.00
     1   2005    365    3200.0       4.6      11.2      0.85      2.00      7.90  -9999.00
