*-----------------------------------------------------------------------------* 
           CNWG_176.met           51.48   -3.55   69.72
* Date created:  08-Aug-2019     Author: K Coleman 
* 
* NIL VALUE       -9999 
* Source:   data provided by M. Semenov 
*  
* Latitude:    51.48 Longitude:    -3.55 Altitude:    69.72
* 
* Column  Daily value 
* 1       station number 
* 2       year 
* 3       day 
* 4       irradiation                   (kJ m-2 d-1) 
* 5       minimum temperature           (degrees Celsius) 
* 6       maximum temperature           (degrees Celsius) 
* 7       early morning vapour pressure (kPa)             
* 8       mean wind speed (height: 2 m?) (m s-1)          
* 9       precipitation                 (mm d-1)          
* 10      sunshine                      (hrs)             
 		Jday	RAD	    TMIN	TMAX	 VAP	wind	RAIN	SUN  
               kj/m2	°C	    °C	     kPa	m/s	    mm	    hrs 
   51.48  69.72
     1   2005      1    1600.0      -0.2       9.1      0.60      2.00      0.80  -9999.00
     1   2005      2    1900.0       7.3       8.0      1.02      2.00      3.90  -9999.00
     1   2005      3    1700.0       2.3       4.3      0.72      2.00      1.80  -9999.00
     1   2005      4    3100.0       3.8       8.1      0.80      2.00      1.70  -9999.00
     1   2005      5    1300.0      -0.7       9.1      0.58      2.00      0.00  -9999.00
     1   2005      6    2700.0       1.9       6.0      0.70      2.00      0.00  -9999.00
     1   2005      7    2300.0      -0.5       1.5      0.59      2.00      0.00  -9999.00
     1   2005      8    3000.0       2.7      10.6      0.74      2.00      5.30  -9999.00
     1   2005      9    4400.0       5.0       7.0      0.87      2.00      2.50  -9999.00
     1   2005     10    4500.0       5.5       7.4      0.90      2.00      0.30  -9999.00
     1   2005     11     900.0       3.5      12.4      0.78      2.00      0.20  -9999.00
     1   2005     12    2600.0       0.5      12.0      0.63      2.00      3.30  -9999.00
     1   2005     13    1700.0       6.2       9.6      0.95      2.00      0.20  -9999.00
     1   2005     14     800.0       3.4       7.7      0.78      2.00      0.00  -9999.00
     1   2005     15    1600.0      -0.5       6.2      0.59      2.00      0.00  -9999.00
     1   2005     16    2700.0      -0.6       3.5      0.58      2.00      1.70  -9999.00
     1   2005     17    1900.0       4.0       7.4      0.81      2.00     13.60  -9999.00
     1   2005     18    5200.0       4.1       9.4      0.82      2.00      0.00  -9999.00
     1   2005     19    1900.0       1.4       9.1      0.68      2.00      8.30  -9999.00
     1   2005     20    2400.0       6.4       6.9      0.96      2.00      3.70  -9999.00
     1   2005     21    5700.0      -3.3       4.2      0.48      2.00      0.00  -9999.00
     1   2005     22    2100.0       2.1       9.0      0.71      2.00      2.40  -9999.00
     1   2005     23    2200.0       2.4       8.8      0.73      2.00      2.20  -9999.00
     1   2005     24    1900.0       2.2       9.9      0.72      2.00      0.00  -9999.00
     1   2005     25    5800.0       3.7       5.7      0.80      2.00      0.00  -9999.00
     1   2005     26    3400.0       0.0      11.2      0.61      2.00      0.00  -9999.00
     1   2005     27    4100.0      -0.5       1.5      0.59      2.00      0.00  -9999.00
     1   2005     28    1900.0       6.4       9.4      0.96      2.00      0.40  -9999.00
     1   2005     29    4000.0       6.8      11.1      0.99      2.00      0.80  -9999.00
     1   2005     30    2900.0      -0.1       8.4      0.61      2.00      0.00  -9999.00
     1   2005     31    4300.0      -4.1       6.7      0.45      2.00      0.00  -9999.00
     1   2005     32    4300.0       4.7       9.5      0.85      2.00      3.90  -9999.00
     1   2005     33    3500.0       5.7       9.4      0.92      2.00      2.00  -9999.00
     1   2005     34    2800.0       5.7       9.7      0.92      2.00      5.10  -9999.00
     1   2005     35    4200.0       5.4       8.4      0.90      2.00      0.00  -9999.00
     1   2005     36    7800.0       4.6       9.3      0.85      2.00      3.00  -9999.00
     1   2005     37    4700.0      -2.7       8.7      0.50      2.00      0.00  -9999.00
     1   2005     38    4700.0       2.2       4.2      0.72      2.00      0.00  -9999.00
     1   2005     39    2800.0       1.4       4.8      0.68      2.00      0.00  -9999.00
     1   2005     40    4900.0      -1.7       1.6      0.54      2.00      0.00  -9999.00
     1   2005     41    2900.0       5.1       7.3      0.88      2.00      0.00  -9999.00
     1   2005     42    6200.0       0.1      10.4      0.62      2.00      0.00  -9999.00
     1   2005     43    2900.0       3.4       5.7      0.78      2.00      0.00  -9999.00
     1   2005     44    6300.0       5.8       8.0      0.92      2.00      6.30  -9999.00
     1   2005     45    5500.0       4.4       6.2      0.84      2.00      0.30  -9999.00
     1   2005     46    2600.0       2.9       8.7      0.75      2.00      1.20  -9999.00
     1   2005     47    2800.0       4.7       8.3      0.85      2.00      0.90  -9999.00
     1   2005     48    5600.0       5.2       7.7      0.88      2.00     12.80  -9999.00
     1   2005     49    3300.0      -0.8       8.7      0.58      2.00      0.10  -9999.00
     1   2005     50    4300.0       5.4       7.4      0.90      2.00      3.40  -9999.00
     1   2005     51    7600.0       0.5       9.3      0.63      2.00      7.50  -9999.00
     1   2005     52    6500.0       6.5       9.0      0.97      2.00      2.70  -9999.00
     1   2005     53    3000.0       3.7      11.8      0.80      2.00      2.70  -9999.00
     1   2005     54    4900.0       1.4       7.3      0.68      2.00      3.50  -9999.00
     1   2005     55    8600.0       8.1      10.1      1.08      2.00      0.40  -9999.00
     1   2005     56    6900.0       1.6       6.5      0.69      2.00      0.00  -9999.00
     1   2005     57    7800.0       2.4       9.0      0.73      2.00      0.00  -9999.00
     1   2005     58   11000.0      -1.5      10.6      0.55      2.00      0.00  -9999.00
     1   2005     59   10400.0       0.5       3.5      0.63      2.00      0.00  -9999.00
     1   2005     60    4300.0       7.0       7.1      1.00      2.00      2.10  -9999.00
     1   2005     61   10700.0       4.1       9.5      0.82      2.00      4.70  -9999.00
     1   2005     62   12100.0       4.2      12.6      0.82      2.00      0.00  -9999.00
     1   2005     63   12600.0       7.3      11.4      1.02      2.00      0.00  -9999.00
     1   2005     64    9500.0       2.7      10.5      0.74      2.00      0.90  -9999.00
     1   2005     65   13000.0       4.1      14.8      0.82      2.00      0.00  -9999.00
     1   2005     66    4900.0       3.2       9.6      0.77      2.00      0.00  -9999.00
     1   2005     67    6100.0       8.3      12.8      1.09      2.00      1.90  -9999.00
     1   2005     68    6800.0       7.9       9.9      1.07      2.00      4.90  -9999.00
     1   2005     69    4700.0      -1.2       8.0      0.56      2.00      2.80  -9999.00
     1   2005     70    4600.0       7.9      11.0      1.07      2.00      1.90  -9999.00
     1   2005     71    5000.0       3.5      11.1      0.78      2.00      1.00  -9999.00
     1   2005     72    4200.0       2.2       9.7      0.72      2.00      0.40  -9999.00
     1   2005     73    7200.0       0.3      10.6      0.62      2.00      0.70  -9999.00
     1   2005     74    4600.0       3.9      11.2      0.81      2.00      9.30  -9999.00
     1   2005     75    5400.0       5.2       7.2      0.88      2.00      7.20  -9999.00
     1   2005     76    5200.0       1.5       9.6      0.68      2.00      0.30  -9999.00
     1   2005     77    5100.0       5.7      10.1      0.92      2.00      0.30  -9999.00
     1   2005     78    2300.0      -1.1      10.2      0.56      2.00      0.60  -9999.00
     1   2005     79   11400.0       4.5       6.1      0.84      2.00      2.20  -9999.00
     1   2005     80    9600.0       7.3       8.8      1.02      2.00      2.80  -9999.00
     1   2005     81    5800.0       5.1       7.5      0.88      2.00      5.30  -9999.00
     1   2005     82    4000.0       7.8       8.8      1.06      2.00      0.00  -9999.00
     1   2005     83   10300.0       0.7       8.2      0.64      2.00      0.00  -9999.00
     1   2005     84    6100.0       4.4       7.4      0.84      2.00      0.00  -9999.00
     1   2005     85   10900.0      -1.2      11.8      0.56      2.00      0.00  -9999.00
     1   2005     86   10200.0       7.3      14.5      1.02      2.00     13.10  -9999.00
     1   2005     87    6300.0       3.9      13.3      0.81      2.00      0.00  -9999.00
     1   2005     88   14700.0       2.9       5.3      0.75      2.00      0.00  -9999.00
     1   2005     89   18400.0       3.3       8.6      0.77      2.00      0.00  -9999.00
     1   2005     90    7300.0       1.9       9.3      0.70      2.00      0.40  -9999.00
     1   2005     91   10200.0       6.7       7.3      0.98      2.00      1.00  -9999.00
     1   2005     92    8800.0       9.4      10.4      1.18      2.00     13.80  -9999.00
     1   2005     93   19300.0       5.6      14.0      0.91      2.00      0.50  -9999.00
     1   2005     94   15500.0       2.8      10.5      0.75      2.00      0.30  -9999.00
     1   2005     95   16000.0       1.0      13.4      0.66      2.00      0.00  -9999.00
     1   2005     96   11700.0      -0.4      11.6      0.59      2.00     17.60  -9999.00
     1   2005     97    3200.0       4.4      11.3      0.84      2.00      1.10  -9999.00
     1   2005     98    8700.0       1.4       9.1      0.68      2.00      0.70  -9999.00
     1   2005     99    8500.0       4.3       9.3      0.83      2.00      2.10  -9999.00
     1   2005    100    6600.0       7.4       9.4      1.03      2.00      6.40  -9999.00
     1   2005    101    8100.0       3.4      13.3      0.78      2.00      4.10  -9999.00
     1   2005    102   13600.0       7.3      13.2      1.02      2.00      3.40  -9999.00
     1   2005    103    9800.0       5.4       8.1      0.90      2.00      2.50  -9999.00
     1   2005    104   11600.0       3.5      12.7      0.78      2.00      0.30  -9999.00
     1   2005    105   22000.0      10.6      10.8      1.28      2.00      0.70  -9999.00
     1   2005    106   10100.0       9.0      13.1      1.15      2.00      3.10  -9999.00
     1   2005    107    9900.0       6.6      23.7      0.97      2.00      0.00  -9999.00
     1   2005    108   19800.0       3.5      13.8      0.78      2.00      0.00  -9999.00
     1   2005    109    8900.0       6.6      14.7      0.97      2.00      9.70  -9999.00
     1   2005    110   14200.0       8.6      12.4      1.12      2.00      0.30  -9999.00
     1   2005    111   17100.0       1.8       9.9      0.70      2.00      3.30  -9999.00
     1   2005    112   21200.0       3.1       9.6      0.76      2.00      0.20  -9999.00
     1   2005    113    9300.0       7.6      10.6      1.04      2.00     14.00  -9999.00
     1   2005    114   20800.0       8.6      11.2      1.12      2.00      0.00  -9999.00
     1   2005    115   18900.0       1.8       9.7      0.70      2.00      5.60  -9999.00
     1   2005    116   20900.0       4.4       7.8      0.84      2.00      4.00  -9999.00
     1   2005    117   14500.0       5.5      14.9      0.90      2.00      5.10  -9999.00
     1   2005    118   24600.0      11.5      17.9      1.36      2.00      0.00  -9999.00
     1   2005    119   22500.0       4.6      18.4      0.85      2.00      0.00  -9999.00
     1   2005    120   18500.0       6.3      16.3      0.95      2.00      0.00  -9999.00
     1   2005    121   21400.0      12.6      14.3      1.46      2.00      0.00  -9999.00
     1   2005    122   17600.0       8.2      12.6      1.09      2.00      0.00  -9999.00
     1   2005    123   19100.0       3.9      14.0      0.81      2.00      0.00  -9999.00
     1   2005    124   22300.0       5.7      11.9      0.92      2.00      0.00  -9999.00
     1   2005    125   14000.0      10.3      18.3      1.25      2.00      0.00  -9999.00
     1   2005    126   25900.0       5.4      16.2      0.90      2.00      0.00  -9999.00
     1   2005    127   22200.0       7.9      22.8      1.07      2.00      0.00  -9999.00
     1   2005    128   22200.0      11.1      13.8      1.32      2.00      0.00  -9999.00
     1   2005    129   26400.0       8.8      23.5      1.13      2.00      0.00  -9999.00
     1   2005    130   13300.0       9.1      21.2      1.16      2.00      0.00  -9999.00
     1   2005    131   24900.0       0.8      15.0      0.65      2.00      0.00  -9999.00
     1   2005    132   15500.0      10.9      12.1      1.30      2.00      0.10  -9999.00
     1   2005    133   16700.0       7.4      14.7      1.03      2.00      0.70  -9999.00
     1   2005    134    6100.0      10.5      15.9      1.27      2.00      0.10  -9999.00
     1   2005    135   24600.0       7.2      15.3      1.02      2.00      0.00  -9999.00
     1   2005    136    9100.0       7.9      13.6      1.07      2.00     20.40  -9999.00
     1   2005    137    9700.0       8.0      13.8      1.07      2.00      0.10  -9999.00
     1   2005    138   15500.0       8.1      21.9      1.08      2.00      0.10  -9999.00
     1   2005    139   10900.0       3.5      11.5      0.78      2.00      3.70  -9999.00
     1   2005    140   19300.0       3.9      20.6      0.81      2.00      0.00  -9999.00
     1   2005    141   18900.0      11.8      21.9      1.38      2.00      0.00  -9999.00
     1   2005    142   17900.0       7.7      11.5      1.05      2.00      7.20  -9999.00
     1   2005    143   14700.0       5.9      16.2      0.93      2.00      3.00  -9999.00
     1   2005    144   12200.0       9.4      13.4      1.18      2.00     10.10  -9999.00
     1   2005    145   10900.0       9.3      19.2      1.17      2.00      0.10  -9999.00
     1   2005    146   29000.0       1.5      13.2      0.68      2.00      0.00  -9999.00
     1   2005    147   21300.0      11.8      23.9      1.38      2.00      0.00  -9999.00
     1   2005    148   23200.0      12.6      15.2      1.46      2.00      0.00  -9999.00
     1   2005    149   20100.0      12.7      20.7      1.47      2.00      0.00  -9999.00
     1   2005    150   19600.0       9.1      22.0      1.16      2.00      0.00  -9999.00
     1   2005    151    9900.0       6.8      15.6      0.99      2.00      0.00  -9999.00
     1   2005    152   13900.0      14.1      15.0      1.61      2.00      1.60  -9999.00
     1   2005    153    8300.0       9.4      11.2      1.18      2.00      0.10  -9999.00
     1   2005    154    9500.0       8.0      15.4      1.07      2.00      0.90  -9999.00
     1   2005    155   19000.0       9.6      13.3      1.20      2.00      0.10  -9999.00
     1   2005    156   17500.0       6.2      16.7      0.95      2.00      1.00  -9999.00
     1   2005    157   10900.0      12.2      16.5      1.42      2.00      3.40  -9999.00
     1   2005    158    9000.0      13.8      15.8      1.58      2.00      4.80  -9999.00
     1   2005    159   19100.0       5.7      15.0      0.92      2.00      0.40  -9999.00
     1   2005    160    7800.0      10.6      16.6      1.28      2.00      0.90  -9999.00
     1   2005    161   23900.0       6.9      16.7      0.99      2.00      0.00  -9999.00
     1   2005    162   29800.0      16.3      23.1      1.85      2.00      0.00  -9999.00
     1   2005    163   20300.0      16.2      19.7      1.84      2.00      0.80  -9999.00
     1   2005    164   17100.0      11.7      15.2      1.37      2.00      0.80  -9999.00
     1   2005    165   30400.0      10.8      16.0      1.29      2.00      0.00  -9999.00
     1   2005    166   19700.0      13.5      14.3      1.55      2.00      2.00  -9999.00
     1   2005    167   21200.0       4.2      15.7      0.82      2.00      0.00  -9999.00
     1   2005    168   23800.0      13.2      16.0      1.52      2.00      0.00  -9999.00
     1   2005    169   12500.0       8.5      22.3      1.11      2.00      0.00  -9999.00
     1   2005    170   18300.0      10.9      16.2      1.30      2.00      0.10  -9999.00
     1   2005    171   12400.0      11.7      16.3      1.37      2.00      0.10  -9999.00
     1   2005    172   21600.0      12.7      17.6      1.47      2.00      0.10  -9999.00
     1   2005    173    8600.0      11.6      16.2      1.37      2.00     28.50  -9999.00
     1   2005    174   27800.0      10.4      19.3      1.26      2.00      0.00  -9999.00
     1   2005    175   17300.0      12.1      15.4      1.41      2.00      0.00  -9999.00
     1   2005    176   16600.0      11.9      26.6      1.39      2.00      0.00  -9999.00
     1   2005    177   29900.0      12.4      16.2      1.44      2.00      0.00  -9999.00
     1   2005    178   27200.0      13.7      19.3      1.57      2.00      0.00  -9999.00
     1   2005    179   28900.0      10.0      27.3      1.23      2.00      0.00  -9999.00
     1   2005    180   21000.0      13.0      18.0      1.50      2.00      0.00  -9999.00
     1   2005    181   19600.0      14.3      23.4      1.63      2.00      0.00  -9999.00
     1   2005    182   17600.0       9.1      20.4      1.16      2.00      0.00  -9999.00
     1   2005    183   19200.0      10.4      19.4      1.26      2.00      0.00  -9999.00
     1   2005    184   22500.0      17.0      23.8      1.94      2.00      0.00  -9999.00
     1   2005    185   17400.0      17.3      17.9      1.97      2.00      0.00  -9999.00
     1   2005    186   29300.0       8.7      22.1      1.12      2.00      0.00  -9999.00
     1   2005    187   15200.0      14.7      16.6      1.67      2.00      7.00  -9999.00
     1   2005    188   23900.0      10.2      23.2      1.24      2.00      0.00  -9999.00
     1   2005    189    7500.0      14.6      19.7      1.66      2.00      6.40  -9999.00
     1   2005    190   22400.0      13.6      19.1      1.56      2.00      1.00  -9999.00
     1   2005    191   23500.0      14.4      20.1      1.64      2.00      0.80  -9999.00
     1   2005    192   13600.0      14.3      20.5      1.63      2.00      0.30  -9999.00
     1   2005    193    4300.0      14.7      18.0      1.67      2.00      5.00  -9999.00
     1   2005    194   22900.0      13.1      18.0      1.51      2.00     13.80  -9999.00
     1   2005    195   24000.0      18.5      19.0      2.13      2.00      0.00  -9999.00
     1   2005    196   14100.0      10.9      29.3      1.30      2.00      0.00  -9999.00
     1   2005    197   19900.0      17.8      21.1      2.04      2.00      0.90  -9999.00
     1   2005    198   13200.0      17.1      25.3      1.95      2.00      0.10  -9999.00
     1   2005    199   24700.0      14.8      23.8      1.68      2.00      0.00  -9999.00
     1   2005    200   14100.0      14.7      19.4      1.67      2.00      0.10  -9999.00
     1   2005    201   12000.0      13.6      20.3      1.56      2.00      0.40  -9999.00
     1   2005    202   15200.0      13.8      15.8      1.58      2.00     19.50  -9999.00
     1   2005    203   13900.0      14.8      19.9      1.68      2.00      3.00  -9999.00
     1   2005    204   11000.0      14.1      17.1      1.61      2.00      1.70  -9999.00
     1   2005    205   26500.0      13.4      19.7      1.54      2.00      0.00  -9999.00
     1   2005    206   26900.0      14.9      17.1      1.69      2.00      1.30  -9999.00
     1   2005    207   13000.0      11.1      20.5      1.32      2.00      0.20  -9999.00
     1   2005    208    5100.0      14.2      14.9      1.62      2.00     11.20  -9999.00
     1   2005    209   19300.0      12.4      25.1      1.44      2.00      0.00  -9999.00
     1   2005    210   17600.0      12.3      15.6      1.43      2.00      0.00  -9999.00
     1   2005    211   15600.0      15.7      27.6      1.78      2.00      2.00  -9999.00
     1   2005    212   18200.0      13.2      22.3      1.52      2.00      0.00  -9999.00
     1   2005    213   21700.0      11.3      24.1      1.34      2.00      0.00  -9999.00
     1   2005    214   15600.0      13.8      15.4      1.58      2.00      0.10  -9999.00
     1   2005    215   10700.0      14.4      24.1      1.64      2.00      0.20  -9999.00
     1   2005    216   12300.0       9.9      26.0      1.22      2.00      0.00  -9999.00
     1   2005    217   21700.0      16.8      17.1      1.91      2.00      0.00  -9999.00
     1   2005    218   20400.0      10.3      21.6      1.25      2.00      0.00  -9999.00
     1   2005    219   13100.0      12.8      25.3      1.48      2.00      0.00  -9999.00
     1   2005    220   19400.0      11.3      23.3      1.34      2.00      0.00  -9999.00
     1   2005    221   14500.0      10.8      23.0      1.29      2.00      0.00  -9999.00
     1   2005    222   19300.0      13.5      28.1      1.55      2.00      0.00  -9999.00
     1   2005    223   18100.0      14.0      19.8      1.60      2.00      1.60  -9999.00
     1   2005    224   14100.0      14.3      20.9      1.63      2.00      0.10  -9999.00
     1   2005    225    8400.0      15.7      17.2      1.78      2.00      1.80  -9999.00
     1   2005    226   16600.0      14.6      18.4      1.66      2.00      4.40  -9999.00
     1   2005    227   19900.0      14.0      21.3      1.60      2.00      0.00  -9999.00
     1   2005    228   19600.0      13.0      20.7      1.50      2.00     17.00  -9999.00
     1   2005    229   16400.0      10.5      14.1      1.27      2.00     38.00  -9999.00
     1   2005    230   14100.0      10.5      17.8      1.27      2.00     13.70  -9999.00
     1   2005    231   13900.0      11.0      19.3      1.31      2.00     44.10  -9999.00
     1   2005    232   18800.0       9.8      26.3      1.21      2.00      0.00  -9999.00
     1   2005    233   20100.0      13.0      17.1      1.50      2.00      0.10  -9999.00
     1   2005    234   12500.0      14.7      17.1      1.67      2.00      1.90  -9999.00
     1   2005    235   11400.0      17.7      24.5      2.02      2.00     17.00  -9999.00
     1   2005    236   16600.0      14.9      23.9      1.69      2.00      0.00  -9999.00
     1   2005    237   19500.0      13.1      18.3      1.51      2.00      0.00  -9999.00
     1   2005    238   20700.0       5.5      27.9      0.90      2.00      0.00  -9999.00
     1   2005    239   16100.0      17.0      22.0      1.94      2.00      0.00  -9999.00
     1   2005    240   20600.0      15.0      19.7      1.70      2.00      0.00  -9999.00
     1   2005    241   11500.0      11.0      19.8      1.31      2.00      0.00  -9999.00
     1   2005    242   10100.0       7.6      19.5      1.04      2.00      2.70  -9999.00
     1   2005    243   17100.0       9.1      23.4      1.16      2.00      0.00  -9999.00
     1   2005    244   15100.0      15.4      17.6      1.75      2.00      0.00  -9999.00
     1   2005    245   20700.0      15.7      16.9      1.78      2.00      0.00  -9999.00
     1   2005    246   16500.0      12.5      17.1      1.45      2.00      0.00  -9999.00
     1   2005    247   13600.0      11.6      19.9      1.37      2.00      0.00  -9999.00
     1   2005    248   10900.0       8.5      17.0      1.11      2.00      0.10  -9999.00
     1   2005    249   18900.0      14.6      17.4      1.66      2.00      7.40  -9999.00
     1   2005    250    6200.0      15.5      17.7      1.76      2.00      0.10  -9999.00
     1   2005    251   19300.0       9.9      19.3      1.22      2.00      0.00  -9999.00
     1   2005    252   11100.0      13.1      17.5      1.51      2.00      0.00  -9999.00
     1   2005    253   17200.0      11.0      19.5      1.31      2.00      0.00  -9999.00
     1   2005    254   14800.0       8.2      15.5      1.09      2.00      0.00  -9999.00
     1   2005    255    8100.0      15.9      20.1      1.81      2.00      7.80  -9999.00
     1   2005    256   12800.0      14.0      21.0      1.60      2.00      0.00  -9999.00
     1   2005    257    2800.0       8.3      18.4      1.09      2.00     13.00  -9999.00
     1   2005    258    9800.0      10.0      17.0      1.23      2.00     30.00  -9999.00
     1   2005    259    5000.0       9.1      19.4      1.16      2.00      0.10  -9999.00
     1   2005    260   14200.0      12.2      20.7      1.42      2.00      1.00  -9999.00
     1   2005    261   10900.0      12.6      20.3      1.46      2.00      0.00  -9999.00
     1   2005    262   12500.0      10.8      18.7      1.29      2.00      0.00  -9999.00
     1   2005    263   14800.0      14.0      21.1      1.60      2.00      0.00  -9999.00
     1   2005    264   10100.0      15.0      22.4      1.70      2.00      0.70  -9999.00
     1   2005    265   10100.0      10.5      15.1      1.27      2.00      2.70  -9999.00
     1   2005    266    9600.0       8.2      19.3      1.09      2.00      0.60  -9999.00
     1   2005    267   12800.0       4.4      17.7      0.84      2.00      0.00  -9999.00
     1   2005    268   10900.0      11.8      13.5      1.38      2.00      0.00  -9999.00
     1   2005    269   15200.0       7.7      16.3      1.05      2.00      0.00  -9999.00
     1   2005    270    4600.0      14.5      15.9      1.65      2.00      0.10  -9999.00
     1   2005    271    8200.0      11.6      16.9      1.37      2.00      0.50  -9999.00
     1   2005    272   14100.0       9.5      16.3      1.19      2.00      0.00  -9999.00
     1   2005    273    9900.0       2.9      14.8      0.75      2.00      0.00  -9999.00
     1   2005    274    2100.0      13.4      15.4      1.54      2.00     13.20  -9999.00
     1   2005    275    5100.0      12.2      14.2      1.42      2.00      5.10  -9999.00
     1   2005    276    9000.0      10.2      15.6      1.24      2.00      0.30  -9999.00
     1   2005    277    5800.0      10.9      15.5      1.30      2.00     10.70  -9999.00
     1   2005    278   12600.0      12.2      15.1      1.42      2.00      0.00  -9999.00
     1   2005    279    4000.0       9.5      15.6      1.19      2.00      1.00  -9999.00
     1   2005    280    5700.0       7.4      15.0      1.03      2.00      6.60  -9999.00
     1   2005    281    5600.0      11.9      14.2      1.39      2.00      0.80  -9999.00
     1   2005    282    5000.0       2.1      11.0      0.71      2.00      3.40  -9999.00
     1   2005    283    5000.0       9.0      10.7      1.15      2.00     12.10  -9999.00
     1   2005    284    9900.0      12.1      13.3      1.41      2.00      0.10  -9999.00
     1   2005    285    6500.0       3.2      12.8      0.77      2.00      6.70  -9999.00
     1   2005    286    5900.0       3.3      11.9      0.77      2.00      2.10  -9999.00
     1   2005    287    5900.0       8.9      13.8      1.14      2.00      0.00  -9999.00
     1   2005    288    7900.0      13.2      14.0      1.52      2.00      7.40  -9999.00
     1   2005    289    8400.0       5.8       9.2      0.92      2.00      0.00  -9999.00
     1   2005    290    3400.0       5.5      14.9      0.90      2.00      0.00  -9999.00
     1   2005    291   10000.0      13.8      16.2      1.58      2.00      8.40  -9999.00
     1   2005    292    7700.0      12.5      15.4      1.45      2.00      0.00  -9999.00
     1   2005    293    5300.0      10.4      10.5      1.26      2.00      0.90  -9999.00
     1   2005    294    2400.0      13.8      14.1      1.58      2.00      0.50  -9999.00
     1   2005    295    7700.0      11.8      14.9      1.38      2.00      2.40  -9999.00
     1   2005    296    7800.0       8.6      15.4      1.12      2.00      0.40  -9999.00
     1   2005    297    5400.0       8.1      14.6      1.08      2.00      0.00  -9999.00
     1   2005    298    7300.0       9.4       9.5      1.18      2.00      0.00  -9999.00
     1   2005    299    6900.0       6.5      10.3      0.97      2.00      0.00  -9999.00
     1   2005    300    7000.0       6.3      13.1      0.95      2.00      0.00  -9999.00
     1   2005    301    2800.0       2.4       8.1      0.73      2.00      0.10  -9999.00
     1   2005    302    7100.0       7.0      13.8      1.00      2.00      0.50  -9999.00
     1   2005    303    2600.0       1.4      10.9      0.68      2.00      0.30  -9999.00
     1   2005    304    4100.0      10.0      15.5      1.23      2.00     10.00  -9999.00
     1   2005    305    3100.0      10.9      12.1      1.30      2.00      4.40  -9999.00
     1   2005    306    5900.0       1.2      10.7      0.67      2.00      0.00  -9999.00
     1   2005    307    6400.0       6.0       6.1      0.93      2.00      0.00  -9999.00
     1   2005    308    3800.0       3.0      13.2      0.76      2.00      2.10  -9999.00
     1   2005    309    4000.0       7.8       9.8      1.06      2.00      2.00  -9999.00
     1   2005    310    6500.0       5.7       6.9      0.92      2.00      0.40  -9999.00
     1   2005    311    6800.0       7.8      12.7      1.06      2.00      0.90  -9999.00
     1   2005    312    2700.0       7.9      10.2      1.07      2.00      2.90  -9999.00
     1   2005    313    4400.0       4.8       7.9      0.86      2.00      0.20  -9999.00
     1   2005    314    2300.0      10.5      13.3      1.27      2.00      0.20  -9999.00
     1   2005    315    2100.0       7.6      12.0      1.04      2.00      0.50  -9999.00
     1   2005    316    6300.0       6.0      12.6      0.93      2.00      0.00  -9999.00
     1   2005    317    4300.0      10.2      12.2      1.24      2.00      0.00  -9999.00
     1   2005    318    2400.0       1.2       4.7      0.67      2.00      0.00  -9999.00
     1   2005    319    5600.0       8.9      10.9      1.14      2.00      0.00  -9999.00
     1   2005    320    5100.0      -0.4       5.9      0.59      2.00      0.00  -9999.00
     1   2005    321    4700.0       3.8      12.6      0.80      2.00      0.00  -9999.00
     1   2005    322    4300.0       2.4       8.5      0.73      2.00      0.00  -9999.00
     1   2005    323    6000.0       2.5      12.3      0.73      2.00      0.00  -9999.00
     1   2005    324    1600.0       6.4       8.4      0.96      2.00      0.00  -9999.00
     1   2005    325    2500.0       6.5      10.6      0.97      2.00      0.00  -9999.00
     1   2005    326    1400.0       5.1       7.1      0.88      2.00      0.00  -9999.00
     1   2005    327    1700.0      -1.2      11.4      0.56      2.00      0.00  -9999.00
     1   2005    328    5200.0       4.7       9.1      0.85      2.00      0.00  -9999.00
     1   2005    329    2100.0      -1.2       5.5      0.56      2.00      0.00  -9999.00
     1   2005    330    2100.0       7.8      11.9      1.06      2.00      0.00  -9999.00
     1   2005    331    2100.0       8.0       8.1      1.07      2.00      3.30  -9999.00
     1   2005    332    1800.0       4.1      11.2      0.82      2.00      8.40  -9999.00
     1   2005    333    3400.0       3.8      12.0      0.80      2.00     10.30  -9999.00
     1   2005    334    1500.0       2.0       4.0      0.71      2.00      0.00  -9999.00
     1   2005    335    2700.0       9.6      11.5      1.20      2.00      0.00  -9999.00
     1   2005    336    2300.0       7.7       8.9      1.05      2.00     19.20  -9999.00
     1   2005    337    1600.0       6.2       6.2      0.95      2.00      0.80  -9999.00
     1   2005    338    1600.0       9.6      11.6      1.20      2.00      2.20  -9999.00
     1   2005    339    1100.0       9.9      13.1      1.22      2.00      4.00  -9999.00
     1   2005    340    1900.0       8.3      10.3      1.09      2.00     20.20  -9999.00
     1   2005    341    1700.0       8.4      10.8      1.10      2.00      8.40  -9999.00
     1   2005    342    1500.0       1.2       7.0      0.67      2.00      1.50  -9999.00
     1   2005    343     700.0       4.7       6.7      0.85      2.00      5.20  -9999.00
     1   2005    344    1700.0       1.0       6.9      0.66      2.00      4.00  -9999.00
     1   2005    345    1500.0       4.1      10.2      0.82      2.00      8.00  -9999.00
     1   2005    346    1900.0       4.7       9.2      0.85      2.00      0.10  -9999.00
     1   2005    347    1400.0       2.9       6.6      0.75      2.00      4.80  -9999.00
     1   2005    348    3800.0       5.1      10.5      0.88      2.00      3.40  -9999.00
     1   2005    349    2300.0       3.8       6.6      0.80      2.00      0.10  -9999.00
     1   2005    350    2000.0       1.5      13.3      0.68      2.00      0.10  -9999.00
     1   2005    351    2600.0       2.0      10.2      0.71      2.00      3.50  -9999.00
     1   2005    352    1500.0       6.3      10.0      0.95      2.00      9.30  -9999.00
     1   2005    353     900.0      -1.5      12.1      0.55      2.00     11.60  -9999.00
     1   2005    354    2700.0       4.1       7.1      0.82      2.00      0.20  -9999.00
     1   2005    355     900.0       1.8      13.2      0.70      2.00      1.50  -9999.00
     1   2005    356    1900.0       4.0      10.0      0.81      2.00      1.20  -9999.00
     1   2005    357    2200.0      -0.7       9.5      0.58      2.00      0.20  -9999.00
     1   2005    358     700.0       5.1      10.9      0.88      2.00      2.70  -9999.00
     1   2005    359    2000.0      -0.4      11.1      0.59      2.00      0.80  -9999.00
     1   2005    360    3100.0       6.1      12.1      0.94      2.00      7.30  -9999.00
     1   2005    361    3400.0      -0.7       8.8      0.58      2.00      0.00  -9999.00
     1   2005    362    2000.0       7.1       7.4      1.01      2.00      2.20  -9999.00
     1   2005    363    4400.0       5.2       9.0      0.88      2.00      8.20  -9999.00
     1   2005    364    1100.0       2.1       8.2      0.71      2.00      0.10  -9999.00
     1   2005    365    2900.0       5.5      11.0      0.90      2.00      5.50  -9999.00
