*-----------------------------------------------------------------------------* 
           CNWG_165.met           51.48   -3.55   69.72
* Date created:  08-Aug-2019     Author: K Coleman 
* 
* NIL VALUE       -9999 
* Source:   data provided by M. Semenov 
*  
* Latitude:    51.48 Longitude:    -3.55 Altitude:    69.72
* 
* Column  Daily value 
* 1       station number 
* 2       year 
* 3       day 
* 4       irradiation                   (kJ m-2 d-1) 
* 5       minimum temperature           (degrees Celsius) 
* 6       maximum temperature           (degrees Celsius) 
* 7       early morning vapour pressure (kPa)             
* 8       mean wind speed (height: 2 m?) (m s-1)          
* 9       precipitation                 (mm d-1)          
* 10      sunshine                      (hrs)             
 		Jday	RAD	    TMIN	TMAX	 VAP	wind	RAIN	SUN  
               kj/m2	°C	    °C	     kPa	m/s	    mm	    hrs 
   51.48  69.72
     1   2005      1     700.0       3.3       8.3      0.77      2.00      0.00  -9999.00
     1   2005      2    3500.0      10.2      11.7      1.24      2.00      1.00  -9999.00
     1   2005      3    2800.0       1.7       9.8      0.69      2.00     15.10  -9999.00
     1   2005      4    2000.0       2.8      11.8      0.75      2.00      2.00  -9999.00
     1   2005      5    2100.0       6.4       8.4      0.96      2.00      0.00  -9999.00
     1   2005      6    4600.0       2.2       7.3      0.72      2.00      0.00  -9999.00
     1   2005      7    4900.0      -1.3       5.5      0.56      2.00      0.00  -9999.00
     1   2005      8    3600.0       4.2      11.8      0.82      2.00     13.60  -9999.00
     1   2005      9    2800.0       2.3       3.6      0.72      2.00      0.00  -9999.00
     1   2005     10    2800.0       6.0       8.5      0.93      2.00      4.70  -9999.00
     1   2005     11    3900.0       8.6       8.7      1.12      2.00      0.00  -9999.00
     1   2005     12    3800.0      -2.0       7.8      0.53      2.00      0.80  -9999.00
     1   2005     13    2900.0       0.0       8.5      0.61      2.00      3.30  -9999.00
     1   2005     14    4300.0      -1.7       6.7      0.54      2.00      0.00  -9999.00
     1   2005     15    3000.0       2.5       9.0      0.73      2.00      2.00  -9999.00
     1   2005     16    1700.0      -2.3      10.8      0.52      2.00     10.90  -9999.00
     1   2005     17    2900.0       7.7       8.6      1.05      2.00      2.40  -9999.00
     1   2005     18    2000.0      -5.5       8.5      0.41      2.00      0.50  -9999.00
     1   2005     19    2400.0       7.0      10.4      1.00      2.00      2.00  -9999.00
     1   2005     20    1900.0       5.3       7.3      0.89      2.00      0.00  -9999.00
     1   2005     21    1600.0       4.7       7.4      0.85      2.00     10.70  -9999.00
     1   2005     22    2900.0       0.0       8.8      0.61      2.00      0.50  -9999.00
     1   2005     23    4400.0      -0.7      11.6      0.58      2.00     10.90  -9999.00
     1   2005     24    1800.0       8.8      11.5      1.13      2.00      0.50  -9999.00
     1   2005     25    3100.0       6.8       8.8      0.99      2.00      7.40  -9999.00
     1   2005     26    1800.0       1.7       5.8      0.69      2.00      7.80  -9999.00
     1   2005     27    3500.0       5.4       7.1      0.90      2.00      4.90  -9999.00
     1   2005     28    1000.0       3.2       9.9      0.77      2.00      2.10  -9999.00
     1   2005     29    3600.0       5.6      11.0      0.91      2.00      4.10  -9999.00
     1   2005     30    2800.0       3.9       5.9      0.81      2.00      0.40  -9999.00
     1   2005     31    4500.0      -1.3       8.3      0.56      2.00      2.00  -9999.00
     1   2005     32    3300.0       4.0       6.0      0.81      2.00      2.20  -9999.00
     1   2005     33    2800.0       2.3       9.8      0.72      2.00      2.90  -9999.00
     1   2005     34    4700.0       0.3       6.7      0.62      2.00      0.00  -9999.00
     1   2005     35    3000.0       5.1       9.0      0.88      2.00      1.30  -9999.00
     1   2005     36    3800.0       4.8      10.6      0.86      2.00      9.40  -9999.00
     1   2005     37    6200.0       4.9       7.8      0.87      2.00      2.70  -9999.00
     1   2005     38    1600.0       5.2       9.4      0.88      2.00      0.90  -9999.00
     1   2005     39    3900.0       1.2      11.0      0.67      2.00      0.00  -9999.00
     1   2005     40    6000.0       7.9       9.8      1.07      2.00      0.00  -9999.00
     1   2005     41    3000.0      -6.6      10.6      0.37      2.00      0.00  -9999.00
     1   2005     42    5600.0       1.1       3.1      0.66      2.00      0.00  -9999.00
     1   2005     43    5600.0       4.4       6.4      0.84      2.00      0.00  -9999.00
     1   2005     44    5700.0       3.6       8.3      0.79      2.00      0.00  -9999.00
     1   2005     45    4500.0       1.7       9.1      0.69      2.00      0.00  -9999.00
     1   2005     46    8300.0       7.0       8.0      1.00      2.00      0.00  -9999.00
     1   2005     47    4000.0       1.4       7.9      0.68      2.00      0.00  -9999.00
     1   2005     48    8800.0       1.4       7.9      0.68      2.00      0.00  -9999.00
     1   2005     49    6800.0       2.0       4.0      0.71      2.00      0.00  -9999.00
     1   2005     50    7600.0       4.9      13.1      0.87      2.00      6.00  -9999.00
     1   2005     51    2300.0       7.5       9.1      1.04      2.00      0.00  -9999.00
     1   2005     52    8600.0       2.7       8.2      0.74      2.00      0.00  -9999.00
     1   2005     53    3600.0       7.7       8.8      1.05      2.00      5.50  -9999.00
     1   2005     54    6500.0       2.5      11.5      0.73      2.00      0.00  -9999.00
     1   2005     55    3500.0      -6.3       9.0      0.38      2.00      0.00  -9999.00
     1   2005     56    8600.0       0.9       7.7      0.65      2.00      0.00  -9999.00
     1   2005     57   10000.0       1.3      10.3      0.67      2.00      0.00  -9999.00
     1   2005     58    7100.0       4.2       4.6      0.82      2.00      0.00  -9999.00
     1   2005     59    5300.0       3.1      12.1      0.76      2.00      0.00  -9999.00
     1   2005     60   10400.0       4.7       6.7      0.85      2.00      0.00  -9999.00
     1   2005     61    4600.0       5.3       7.3      0.89      2.00      0.00  -9999.00
     1   2005     62    5700.0      -1.1      10.0      0.56      2.00      0.00  -9999.00
     1   2005     63    9300.0       5.8       8.8      0.92      2.00      0.40  -9999.00
     1   2005     64    6700.0       8.3       8.8      1.09      2.00     12.30  -9999.00
     1   2005     65    1900.0       8.7       9.3      1.12      2.00      6.40  -9999.00
     1   2005     66    7300.0       6.4      11.2      0.96      2.00      0.20  -9999.00
     1   2005     67    7700.0       6.8      11.6      0.99      2.00      0.00  -9999.00
     1   2005     68    6300.0       1.9      11.7      0.70      2.00      2.90  -9999.00
     1   2005     69   10600.0       3.0      12.2      0.76      2.00      0.00  -9999.00
     1   2005     70    5400.0       1.5      12.3      0.68      2.00      8.30  -9999.00
     1   2005     71   11400.0       4.6       8.8      0.85      2.00      0.90  -9999.00
     1   2005     72    6900.0       5.2      13.1      0.88      2.00      0.90  -9999.00
     1   2005     73    2200.0       4.3      10.8      0.83      2.00     10.10  -9999.00
     1   2005     74    3900.0       4.7      14.1      0.85      2.00      0.00  -9999.00
     1   2005     75    2900.0       5.3      10.1      0.89      2.00      0.10  -9999.00
     1   2005     76   15400.0       5.0       8.1      0.87      2.00      8.30  -9999.00
     1   2005     77    9700.0       0.3      11.1      0.62      2.00      0.00  -9999.00
     1   2005     78    4100.0      -1.3      11.0      0.56      2.00      1.50  -9999.00
     1   2005     79    7500.0       0.0       9.8      0.61      2.00      0.20  -9999.00
     1   2005     80   10700.0       3.4      10.2      0.78      2.00      1.20  -9999.00
     1   2005     81    3900.0       4.4       9.7      0.84      2.00      3.10  -9999.00
     1   2005     82    6700.0       3.7       9.3      0.80      2.00      0.00  -9999.00
     1   2005     83   12900.0       1.7      11.0      0.69      2.00     27.00  -9999.00
     1   2005     84   13700.0       1.6      16.6      0.69      2.00      0.00  -9999.00
     1   2005     85   12800.0       5.4      13.6      0.90      2.00      0.00  -9999.00
     1   2005     86   13000.0       7.4      12.0      1.03      2.00      0.00  -9999.00
     1   2005     87    6400.0       0.1      10.9      0.62      2.00      0.00  -9999.00
     1   2005     88   14200.0       2.8      10.3      0.75      2.00      0.00  -9999.00
     1   2005     89    5900.0       1.9      12.4      0.70      2.00      3.00  -9999.00
     1   2005     90    5700.0       2.2       9.2      0.72      2.00      0.50  -9999.00
     1   2005     91    7500.0       5.3      12.9      0.89      2.00      0.00  -9999.00
     1   2005     92   18800.0       7.3      12.8      1.02      2.00      0.00  -9999.00
     1   2005     93   18800.0      -0.6      13.5      0.58      2.00      0.00  -9999.00
     1   2005     94   16700.0       5.2       9.3      0.88      2.00      3.10  -9999.00
     1   2005     95   18500.0       3.0      16.4      0.76      2.00      0.00  -9999.00
     1   2005     96    8300.0       2.2      10.9      0.72      2.00      3.00  -9999.00
     1   2005     97   15400.0       5.8       8.4      0.92      2.00      0.50  -9999.00
     1   2005     98   10900.0       3.6      12.5      0.79      2.00      0.60  -9999.00
     1   2005     99   10000.0       2.8       6.8      0.75      2.00     32.00  -9999.00
     1   2005    100    7600.0       4.9      12.5      0.87      2.00      7.10  -9999.00
     1   2005    101    5000.0       1.6      12.8      0.69      2.00      0.40  -9999.00
     1   2005    102   15100.0       2.8      13.2      0.75      2.00      0.00  -9999.00
     1   2005    103   19000.0       0.2      14.2      0.62      2.00      0.00  -9999.00
     1   2005    104    9300.0       4.1      11.0      0.82      2.00      3.50  -9999.00
     1   2005    105   13100.0       5.6       6.8      0.91      2.00      1.50  -9999.00
     1   2005    106   15700.0       7.0      13.5      1.00      2.00      1.60  -9999.00
     1   2005    107    9500.0       6.2      10.3      0.95      2.00      2.70  -9999.00
     1   2005    108    7100.0       7.8       9.9      1.06      2.00      0.60  -9999.00
     1   2005    109   11300.0       4.7      11.4      0.85      2.00      0.00  -9999.00
     1   2005    110   12800.0       2.5      16.9      0.73      2.00      0.00  -9999.00
     1   2005    111   14500.0       4.2      10.5      0.82      2.00      0.50  -9999.00
     1   2005    112   17200.0       1.7      15.3      0.69      2.00      0.00  -9999.00
     1   2005    113   10200.0       1.1      13.5      0.66      2.00      1.10  -9999.00
     1   2005    114   19600.0       7.4      15.9      1.03      2.00      0.00  -9999.00
     1   2005    115   15000.0       1.3      10.6      0.67      2.00      4.80  -9999.00
     1   2005    116   10400.0       9.3      11.8      1.17      2.00      0.00  -9999.00
     1   2005    117   16600.0       3.1      18.8      0.76      2.00      0.00  -9999.00
     1   2005    118    8300.0       9.6      12.1      1.20      2.00      2.80  -9999.00
     1   2005    119   12100.0       7.0      13.2      1.00      2.00      1.30  -9999.00
     1   2005    120   12300.0      10.1      11.4      1.24      2.00      1.70  -9999.00
     1   2005    121    7900.0       7.9       9.9      1.07      2.00      0.60  -9999.00
     1   2005    122    9200.0       7.4       8.2      1.03      2.00      0.20  -9999.00
     1   2005    123    8600.0       5.3      11.7      0.89      2.00      5.20  -9999.00
     1   2005    124   12900.0       8.0      13.4      1.07      2.00      0.80  -9999.00
     1   2005    125   19200.0       7.7      12.0      1.05      2.00      6.40  -9999.00
     1   2005    126   19200.0      10.8      15.7      1.29      2.00      0.10  -9999.00
     1   2005    127   16600.0       8.8      12.1      1.13      2.00      0.10  -9999.00
     1   2005    128   14600.0       5.6      11.1      0.91      2.00      4.80  -9999.00
     1   2005    129    7200.0      10.8      12.8      1.29      2.00      0.10  -9999.00
     1   2005    130   23100.0      12.6      17.5      1.46      2.00      0.00  -9999.00
     1   2005    131   11200.0       2.4      12.4      0.73      2.00      0.60  -9999.00
     1   2005    132   18600.0       9.6      14.6      1.20      2.00     15.20  -9999.00
     1   2005    133    4000.0       9.4      13.6      1.18      2.00      2.20  -9999.00
     1   2005    134    8700.0       8.4      14.9      1.10      2.00      9.60  -9999.00
     1   2005    135   13800.0       7.6      14.0      1.04      2.00      2.60  -9999.00
     1   2005    136   18400.0       7.4      14.1      1.03      2.00      0.10  -9999.00
     1   2005    137   13700.0       9.6      21.5      1.20      2.00      1.90  -9999.00
     1   2005    138   17500.0      14.5      17.1      1.65      2.00      1.10  -9999.00
     1   2005    139   17900.0       5.0      15.7      0.87      2.00      0.10  -9999.00
     1   2005    140   23300.0      14.1      14.4      1.61      2.00      0.00  -9999.00
     1   2005    141   16500.0       4.0      18.1      0.81      2.00      0.00  -9999.00
     1   2005    142   20700.0       8.9      21.3      1.14      2.00      0.00  -9999.00
     1   2005    143   19200.0      12.2      15.0      1.42      2.00      0.00  -9999.00
     1   2005    144   26400.0       9.7      21.7      1.20      2.00      0.00  -9999.00
     1   2005    145   18000.0       8.0      14.7      1.07      2.00      5.60  -9999.00
     1   2005    146   17400.0      10.0      16.1      1.23      2.00      0.00  -9999.00
     1   2005    147   28200.0       9.3      21.2      1.17      2.00      0.00  -9999.00
     1   2005    148   25800.0      13.0      18.6      1.50      2.00      0.00  -9999.00
     1   2005    149   15000.0      13.7      21.3      1.57      2.00      5.40  -9999.00
     1   2005    150   11300.0       5.4      15.0      0.90      2.00      0.00  -9999.00
     1   2005    151   14300.0      13.9      14.3      1.59      2.00      0.00  -9999.00
     1   2005    152   20400.0       8.8      15.3      1.13      2.00      0.10  -9999.00
     1   2005    153   10200.0      11.7      15.7      1.37      2.00      5.20  -9999.00
     1   2005    154   14300.0       8.1      14.0      1.08      2.00      0.50  -9999.00
     1   2005    155   13400.0      11.9      13.7      1.39      2.00     20.20  -9999.00
     1   2005    156   17200.0       9.3      19.2      1.17      2.00      0.00  -9999.00
     1   2005    157   16300.0      10.9      13.3      1.30      2.00      1.60  -9999.00
     1   2005    158    8000.0      10.6      15.0      1.28      2.00      2.10  -9999.00
     1   2005    159   22700.0      11.9      17.5      1.39      2.00     12.80  -9999.00
     1   2005    160   10100.0      12.0      16.1      1.40      2.00      0.70  -9999.00
     1   2005    161   16800.0      10.9      12.7      1.30      2.00      0.90  -9999.00
     1   2005    162   22000.0       5.2      15.5      0.88      2.00     17.60  -9999.00
     1   2005    163   16200.0       4.9      15.3      0.87      2.00      2.00  -9999.00
     1   2005    164   27300.0      10.3      23.0      1.25      2.00      0.00  -9999.00
     1   2005    165   22200.0       7.9      14.7      1.07      2.00      0.20  -9999.00
     1   2005    166   20000.0       7.3      15.8      1.02      2.00      0.10  -9999.00
     1   2005    167   14300.0      11.5      19.6      1.36      2.00      0.80  -9999.00
     1   2005    168   16000.0      10.1      23.2      1.24      2.00      0.00  -9999.00
     1   2005    169   19300.0       9.2      22.6      1.16      2.00      8.70  -9999.00
     1   2005    170   12200.0      11.3      14.9      1.34      2.00      2.20  -9999.00
     1   2005    171   15800.0      10.9      18.3      1.30      2.00      0.20  -9999.00
     1   2005    172   14800.0      12.4      16.9      1.44      2.00      0.10  -9999.00
     1   2005    173   27000.0      10.0      16.8      1.23      2.00      0.00  -9999.00
     1   2005    174   16300.0      14.7      19.0      1.67      2.00      0.00  -9999.00
     1   2005    175   26400.0      10.5      21.0      1.27      2.00      0.00  -9999.00
     1   2005    176   13100.0      11.2      16.4      1.33      2.00      0.20  -9999.00
     1   2005    177   22400.0      12.3      17.8      1.43      2.00      2.30  -9999.00
     1   2005    178   19100.0      13.4      15.9      1.54      2.00      5.40  -9999.00
     1   2005    179   23600.0      11.1      20.0      1.32      2.00     37.30  -9999.00
     1   2005    180   19200.0       9.9      16.0      1.22      2.00      0.90  -9999.00
     1   2005    181   27000.0       6.0      16.6      0.93      2.00      7.30  -9999.00
     1   2005    182   13800.0      10.6      23.4      1.28      2.00      1.30  -9999.00
     1   2005    183   22400.0      13.4      17.7      1.54      2.00      2.10  -9999.00
     1   2005    184   16700.0      13.6      21.0      1.56      2.00      2.10  -9999.00
     1   2005    185   27500.0      12.5      16.1      1.45      2.00      0.00  -9999.00
     1   2005    186   11400.0      11.6      17.9      1.37      2.00      1.30  -9999.00
     1   2005    187   25100.0      15.9      22.2      1.81      2.00      0.00  -9999.00
     1   2005    188   20900.0      13.5      15.2      1.55      2.00      0.80  -9999.00
     1   2005    189   13700.0      11.9      19.5      1.39      2.00      0.00  -9999.00
     1   2005    190   11700.0      14.5      19.2      1.65      2.00      0.00  -9999.00
     1   2005    191   19000.0      13.3      17.4      1.53      2.00      0.10  -9999.00
     1   2005    192   24200.0      10.7      15.8      1.29      2.00      0.00  -9999.00
     1   2005    193   11400.0      12.8      29.0      1.48      2.00      0.00  -9999.00
     1   2005    194   22500.0      14.7      21.6      1.67      2.00      0.00  -9999.00
     1   2005    195   12000.0       8.6      16.0      1.12      2.00      0.00  -9999.00
     1   2005    196   12900.0      11.3      16.2      1.34      2.00      0.00  -9999.00
     1   2005    197   20700.0      15.2      29.9      1.73      2.00      0.00  -9999.00
     1   2005    198   16500.0      17.7      25.7      2.02      2.00      0.00  -9999.00
     1   2005    199    9200.0      15.4      18.5      1.75      2.00      2.90  -9999.00
     1   2005    200   21300.0      15.1      22.8      1.72      2.00     10.70  -9999.00
     1   2005    201   24600.0      15.7      30.1      1.78      2.00      3.50  -9999.00
     1   2005    202   18500.0      12.1      16.9      1.41      2.00      0.00  -9999.00
     1   2005    203   13300.0      12.9      16.9      1.49      2.00      0.50  -9999.00
     1   2005    204   26600.0      14.0      16.9      1.60      2.00     16.60  -9999.00
     1   2005    205   12800.0       8.8      18.7      1.13      2.00      1.60  -9999.00
     1   2005    206   13200.0      12.6      21.0      1.46      2.00      1.80  -9999.00
     1   2005    207   21900.0      10.2      19.7      1.24      2.00     27.40  -9999.00
     1   2005    208   15000.0      12.7      27.7      1.47      2.00      0.00  -9999.00
     1   2005    209   11300.0      13.4      18.2      1.54      2.00      6.40  -9999.00
     1   2005    210   18100.0      15.3      21.5      1.74      2.00      0.00  -9999.00
     1   2005    211   19900.0      10.7      16.6      1.29      2.00      0.00  -9999.00
     1   2005    212   23800.0      12.3      23.5      1.43      2.00      0.00  -9999.00
     1   2005    213   16900.0      10.0      19.4      1.23      2.00      0.00  -9999.00
     1   2005    214   23500.0      12.1      21.8      1.41      2.00      0.00  -9999.00
     1   2005    215   22200.0      10.8      19.5      1.29      2.00      0.00  -9999.00
     1   2005    216   20400.0      15.2      21.0      1.73      2.00      0.00  -9999.00
     1   2005    217   13900.0      14.9      23.6      1.69      2.00      0.00  -9999.00
     1   2005    218   17500.0      15.4      16.4      1.75      2.00      0.00  -9999.00
     1   2005    219   17500.0       8.8      22.1      1.13      2.00      0.00  -9999.00
     1   2005    220   23500.0      12.4      16.2      1.44      2.00      0.00  -9999.00
     1   2005    221   22100.0       7.9      23.1      1.07      2.00      0.00  -9999.00
     1   2005    222   19600.0      12.9      22.9      1.49      2.00      0.00  -9999.00
     1   2005    223   23400.0      10.0      18.4      1.23      2.00      0.00  -9999.00
     1   2005    224   13000.0       8.3      18.2      1.09      2.00      0.80  -9999.00
     1   2005    225   10000.0      15.6      20.2      1.77      2.00      0.80  -9999.00
     1   2005    226    8700.0      11.9      23.1      1.39      2.00      0.30  -9999.00
     1   2005    227   14400.0      11.0      22.5      1.31      2.00      1.50  -9999.00
     1   2005    228   11100.0      13.8      20.1      1.58      2.00     14.80  -9999.00
     1   2005    229   12800.0      16.9      20.1      1.92      2.00      0.00  -9999.00
     1   2005    230   14300.0      16.6      22.2      1.89      2.00      0.00  -9999.00
     1   2005    231    8000.0      11.5      22.3      1.36      2.00      0.00  -9999.00
     1   2005    232   14000.0      13.3      17.5      1.53      2.00      0.00  -9999.00
     1   2005    233   22000.0       7.2      19.2      1.02      2.00      0.00  -9999.00
     1   2005    234   14100.0      12.6      24.6      1.46      2.00      0.00  -9999.00
     1   2005    235   18500.0      13.4      20.9      1.54      2.00      0.00  -9999.00
     1   2005    236   10900.0      15.7      16.1      1.78      2.00      0.00  -9999.00
     1   2005    237   12400.0      15.6      21.1      1.77      2.00      0.40  -9999.00
     1   2005    238    8300.0      10.1      19.2      1.24      2.00      0.40  -9999.00
     1   2005    239   10000.0      14.1      22.1      1.61      2.00      5.50  -9999.00
     1   2005    240    9400.0      12.8      15.3      1.48      2.00      5.80  -9999.00
     1   2005    241   12300.0      12.0      23.2      1.40      2.00      1.20  -9999.00
     1   2005    242   15600.0       9.2      20.2      1.16      2.00      0.00  -9999.00
     1   2005    243    9900.0      10.7      18.7      1.29      2.00      0.00  -9999.00
     1   2005    244   15200.0       7.2      26.5      1.02      2.00      0.00  -9999.00
     1   2005    245    6100.0      11.9      19.5      1.39      2.00     12.40  -9999.00
     1   2005    246   14300.0      14.5      19.1      1.65      2.00      3.10  -9999.00
     1   2005    247    8000.0      10.8      21.8      1.29      2.00     12.60  -9999.00
     1   2005    248   15600.0       9.9      20.7      1.22      2.00      0.00  -9999.00
     1   2005    249   16400.0       7.7      18.2      1.05      2.00      0.00  -9999.00
     1   2005    250    7900.0      15.5      16.7      1.76      2.00      4.90  -9999.00
     1   2005    251    8600.0       9.1      20.2      1.16      2.00     15.20  -9999.00
     1   2005    252    6400.0      12.2      18.6      1.42      2.00      0.10  -9999.00
     1   2005    253    6400.0      15.4      15.6      1.75      2.00      0.10  -9999.00
     1   2005    254   16900.0      10.3      19.0      1.25      2.00      0.00  -9999.00
     1   2005    255   10400.0      10.1      19.1      1.24      2.00      1.50  -9999.00
     1   2005    256    9300.0      14.2      17.2      1.62      2.00      2.80  -9999.00
     1   2005    257   11500.0      11.4      16.7      1.35      2.00      2.50  -9999.00
     1   2005    258    7700.0       3.2      16.0      0.77      2.00      0.00  -9999.00
     1   2005    259    7300.0      14.4      18.3      1.64      2.00      0.10  -9999.00
     1   2005    260   14800.0      14.9      17.0      1.69      2.00      3.00  -9999.00
     1   2005    261   12700.0      12.0      15.2      1.40      2.00      0.00  -9999.00
     1   2005    262   12300.0       7.9      16.9      1.07      2.00      0.00  -9999.00
     1   2005    263   11100.0       9.7      15.2      1.20      2.00      0.00  -9999.00
     1   2005    264    8100.0       8.9      20.0      1.14      2.00      0.00  -9999.00
     1   2005    265    6500.0      13.6      21.8      1.56      2.00      3.20  -9999.00
     1   2005    266    9700.0      15.6      18.6      1.77      2.00      1.50  -9999.00
     1   2005    267   14500.0       9.3      16.4      1.17      2.00      0.10  -9999.00
     1   2005    268   12800.0       6.9      15.8      0.99      2.00      0.10  -9999.00
     1   2005    269    3500.0       5.6      16.2      0.91      2.00      0.10  -9999.00
     1   2005    270    5500.0       6.8      15.3      0.99      2.00     13.30  -9999.00
     1   2005    271   13400.0      13.3      15.9      1.53      2.00      1.90  -9999.00
     1   2005    272    8000.0      14.8      17.6      1.68      2.00      4.10  -9999.00
     1   2005    273   10400.0      11.5      16.0      1.36      2.00     15.30  -9999.00
     1   2005    274    6700.0      10.1      16.9      1.24      2.00     11.20  -9999.00
     1   2005    275    7300.0      12.6      18.3      1.46      2.00      6.20  -9999.00
     1   2005    276    8600.0       8.3      14.1      1.09      2.00      1.60  -9999.00
     1   2005    277    3700.0      11.3      14.7      1.34      2.00      8.70  -9999.00
     1   2005    278   12600.0       7.8      12.9      1.06      2.00      0.00  -9999.00
     1   2005    279   12900.0       7.2      15.6      1.02      2.00      3.00  -9999.00
     1   2005    280    6800.0      10.1      15.4      1.24      2.00     20.00  -9999.00
     1   2005    281    8800.0       6.9      16.1      0.99      2.00      0.80  -9999.00
     1   2005    282    8800.0      11.5      14.5      1.36      2.00      0.10  -9999.00
     1   2005    283    8100.0      10.4      16.4      1.26      2.00      0.00  -9999.00
     1   2005    284    9900.0       3.2      16.3      0.77      2.00      0.60  -9999.00
     1   2005    285    5500.0       8.5      12.9      1.11      2.00      0.00  -9999.00
     1   2005    286    8200.0      10.5      12.5      1.27      2.00      0.00  -9999.00
     1   2005    287    5000.0      11.6      17.0      1.37      2.00      1.50  -9999.00
     1   2005    288   10900.0      12.7      12.8      1.47      2.00      0.00  -9999.00
     1   2005    289    6900.0       8.7      13.8      1.12      2.00      0.00  -9999.00
     1   2005    290    8800.0      12.2      13.2      1.42      2.00      0.20  -9999.00
     1   2005    291    3900.0       9.6      15.6      1.20      2.00      2.20  -9999.00
     1   2005    292    6700.0       6.5      14.8      0.97      2.00      0.10  -9999.00
     1   2005    293    5500.0       6.8      11.6      0.99      2.00     16.70  -9999.00
     1   2005    294    4700.0       5.0      16.3      0.87      2.00     39.80  -9999.00
     1   2005    295    6400.0      13.8      14.0      1.58      2.00      9.20  -9999.00
     1   2005    296    6700.0      11.7      14.1      1.37      2.00      8.60  -9999.00
     1   2005    297    2900.0       5.8      13.5      0.92      2.00     23.60  -9999.00
     1   2005    298    2600.0      10.9      12.9      1.30      2.00      0.00  -9999.00
     1   2005    299    3700.0       5.3      14.4      0.89      2.00      0.00  -9999.00
     1   2005    300    9000.0       6.6      16.0      0.97      2.00      0.00  -9999.00
     1   2005    301    4000.0      10.0      11.1      1.23      2.00      0.00  -9999.00
     1   2005    302    6400.0       8.8      14.7      1.13      2.00      3.10  -9999.00
     1   2005    303    3200.0      12.3      13.1      1.43      2.00      5.30  -9999.00
     1   2005    304    6500.0       8.7      10.6      1.12      2.00      0.80  -9999.00
     1   2005    305    8200.0       5.5      14.0      0.90      2.00      5.70  -9999.00
     1   2005    306    1200.0       8.2      10.2      1.09      2.00      0.40  -9999.00
     1   2005    307    1800.0       5.8      12.1      0.92      2.00      5.00  -9999.00
     1   2005    308    2700.0       7.5      13.5      1.04      2.00      7.80  -9999.00
     1   2005    309    2700.0       8.2       9.6      1.09      2.00      0.60  -9999.00
     1   2005    310    5300.0       8.8      12.2      1.13      2.00      9.70  -9999.00
     1   2005    311    2600.0       6.2      14.6      0.95      2.00      3.20  -9999.00
     1   2005    312    6000.0       7.8       9.8      1.06      2.00      0.50  -9999.00
     1   2005    313    2100.0       3.8       5.8      0.80      2.00      6.70  -9999.00
     1   2005    314    4800.0       8.3      15.4      1.09      2.00      4.60  -9999.00
     1   2005    315    1900.0       6.4      11.0      0.96      2.00      6.60  -9999.00
     1   2005    316    2800.0       0.9      12.5      0.65      2.00      4.80  -9999.00
     1   2005    317    5400.0      10.3      12.8      1.25      2.00      0.00  -9999.00
     1   2005    318    6500.0       6.5       8.5      0.97      2.00      0.00  -9999.00
     1   2005    319    3800.0       1.6      11.6      0.69      2.00      0.00  -9999.00
     1   2005    320    3700.0      -3.9       8.9      0.46      2.00      0.00  -9999.00
     1   2005    321    2500.0       3.3       4.9      0.77      2.00      0.00  -9999.00
     1   2005    322    3900.0       4.0       7.7      0.81      2.00      0.00  -9999.00
     1   2005    323    2000.0       0.3      11.5      0.62      2.00      0.00  -9999.00
     1   2005    324    5900.0       8.4      10.4      1.10      2.00      0.00  -9999.00
     1   2005    325    3700.0       7.0       8.7      1.00      2.00      0.00  -9999.00
     1   2005    326    2000.0      -2.2       5.8      0.52      2.00      0.00  -9999.00
     1   2005    327    2200.0       1.5       3.5      0.68      2.00      0.00  -9999.00
     1   2005    328    1900.0       4.3       8.3      0.83      2.00      0.00  -9999.00
     1   2005    329    5500.0       7.1       9.6      1.01      2.00      0.00  -9999.00
     1   2005    330    4900.0      -2.9       9.9      0.49      2.00      0.00  -9999.00
     1   2005    331    3200.0       5.9       7.9      0.93      2.00      0.00  -9999.00
     1   2005    332    4600.0       4.9       6.9      0.87      2.00      0.00  -9999.00
     1   2005    333    5100.0       4.1      11.5      0.82      2.00      0.00  -9999.00
     1   2005    334    1100.0       1.6       9.4      0.69      2.00      0.00  -9999.00
     1   2005    335    3500.0       4.0      11.6      0.81      2.00      0.00  -9999.00
     1   2005    336    1700.0       6.8      12.1      0.99      2.00      0.00  -9999.00
     1   2005    337    1700.0       5.0       7.3      0.87      2.00      1.80  -9999.00
     1   2005    338    1600.0       3.3       3.7      0.77      2.00     10.80  -9999.00
     1   2005    339    1100.0       6.2       8.2      0.95      2.00      8.30  -9999.00
     1   2005    340    1500.0       1.3      11.5      0.67      2.00      0.00  -9999.00
     1   2005    341    2700.0       7.2      10.6      1.02      2.00      2.70  -9999.00
     1   2005    342    3300.0       0.2       6.2      0.62      2.00      0.00  -9999.00
     1   2005    343    3500.0       6.7      10.6      0.98      2.00      0.00  -9999.00
     1   2005    344    1400.0       5.4       9.3      0.90      2.00      2.50  -9999.00
     1   2005    345    1400.0       5.8      11.3      0.92      2.00      0.20  -9999.00
     1   2005    346    2300.0       8.1      12.6      1.08      2.00     18.30  -9999.00
     1   2005    347    1100.0       4.8       6.8      0.86      2.00      0.00  -9999.00
     1   2005    348     900.0       2.4      12.1      0.73      2.00      0.20  -9999.00
     1   2005    349    1400.0       8.9      11.5      1.14      2.00      5.30  -9999.00
     1   2005    350    3500.0       4.7       9.0      0.85      2.00      0.00  -9999.00
     1   2005    351    1900.0       5.2       9.3      0.88      2.00      9.10  -9999.00
     1   2005    352    1000.0       7.3      10.3      1.02      2.00      0.80  -9999.00
     1   2005    353    1800.0       7.5       9.8      1.04      2.00      0.10  -9999.00
     1   2005    354     700.0       7.8      12.9      1.06      2.00      0.30  -9999.00
     1   2005    355    3500.0       1.8      10.1      0.70      2.00      0.00  -9999.00
     1   2005    356    1500.0       4.5       9.1      0.84      2.00      0.00  -9999.00
     1   2005    357    1400.0       5.0       9.9      0.87      2.00      0.20  -9999.00
     1   2005    358    1500.0       1.8       3.0      0.70      2.00      0.00  -9999.00
     1   2005    359    2600.0       6.0      11.4      0.93      2.00      0.50  -9999.00
     1   2005    360    1400.0       7.1       9.1      1.01      2.00     17.00  -9999.00
     1   2005    361    1400.0       6.8      12.0      0.99      2.00      4.10  -9999.00
     1   2005    362    2200.0      -5.9       9.1      0.39      2.00      4.90  -9999.00
     1   2005    363    1600.0       4.2      11.1      0.82      2.00      0.30  -9999.00
     1   2005    364    1300.0       5.4       8.3      0.90      2.00      0.70  -9999.00
     1   2005    365    1500.0       7.2       9.2      1.02      2.00      8.70  -9999.00
