*-----------------------------------------------------------------------------* 
           CNWG_263.met           51.48   -3.55   69.72
* Date created:  08-Aug-2019     Author: K Coleman 
* 
* NIL VALUE       -9999 
* Source:   data provided by M. Semenov 
*  
* Latitude:    51.48 Longitude:    -3.55 Altitude:    69.72
* 
* Column  Daily value 
* 1       station number 
* 2       year 
* 3       day 
* 4       irradiation                   (kJ m-2 d-1) 
* 5       minimum temperature           (degrees Celsius) 
* 6       maximum temperature           (degrees Celsius) 
* 7       early morning vapour pressure (kPa)             
* 8       mean wind speed (height: 2 m?) (m s-1)          
* 9       precipitation                 (mm d-1)          
* 10      sunshine                      (hrs)             
 		Jday	RAD	    TMIN	TMAX	 VAP	wind	RAIN	SUN  
               kj/m2	°C	    °C	     kPa	m/s	    mm	    hrs 
   51.48  69.72
     1   2005      1    3300.0       4.6       6.5      0.85      2.00     12.40  -9999.00
     1   2005      2    1600.0       1.3       5.2      0.67      2.00      4.60  -9999.00
     1   2005      3    1800.0      -0.6       8.4      0.58      2.00      0.90  -9999.00
     1   2005      4    1200.0       7.2       8.1      1.02      2.00      0.30  -9999.00
     1   2005      5    3500.0       4.8      12.3      0.86      2.00      8.00  -9999.00
     1   2005      6    1700.0       4.3       7.3      0.83      2.00      1.50  -9999.00
     1   2005      7    2900.0      -0.3       8.6      0.60      2.00      0.50  -9999.00
     1   2005      8    1800.0      -4.1      13.7      0.45      2.00      9.20  -9999.00
     1   2005      9    3200.0       3.2      11.1      0.77      2.00     12.00  -9999.00
     1   2005     10    1400.0       4.4       7.7      0.84      2.00      0.00  -9999.00
     1   2005     11    2000.0       6.7       9.7      0.98      2.00      7.40  -9999.00
     1   2005     12    3100.0       7.3       9.3      1.02      2.00      0.50  -9999.00
     1   2005     13    1800.0       7.9      10.2      1.07      2.00      1.50  -9999.00
     1   2005     14    5400.0       0.8       9.5      0.65      2.00      0.00  -9999.00
     1   2005     15    1600.0       2.2      11.0      0.72      2.00     15.40  -9999.00
     1   2005     16    1700.0      -5.8       7.6      0.40      2.00      2.00  -9999.00
     1   2005     17    1600.0      -0.7       1.3      0.58      2.00      0.80  -9999.00
     1   2005     18     800.0       5.9       7.9      0.93      2.00     13.30  -9999.00
     1   2005     19    2700.0       2.8       5.6      0.75      2.00      2.20  -9999.00
     1   2005     20    1800.0       5.2       7.2      0.88      2.00      0.40  -9999.00
     1   2005     21    4600.0       6.8       8.8      0.99      2.00      0.30  -9999.00
     1   2005     22    3500.0       9.4      11.4      1.18      2.00      0.30  -9999.00
     1   2005     23    1900.0      -3.3       7.0      0.48      2.00      1.90  -9999.00
     1   2005     24    4100.0       8.1       8.4      1.08      2.00     11.40  -9999.00
     1   2005     25    3600.0       8.7      10.6      1.12      2.00      8.40  -9999.00
     1   2005     26    3900.0       8.5      10.9      1.11      2.00      3.70  -9999.00
     1   2005     27    5800.0      -1.4       1.7      0.55      2.00      0.30  -9999.00
     1   2005     28    2900.0       7.1       9.1      1.01      2.00      5.20  -9999.00
     1   2005     29    3200.0       7.0      12.5      1.00      2.00      5.60  -9999.00
     1   2005     30    5300.0      -2.3       3.0      0.52      2.00      0.00  -9999.00
     1   2005     31    2400.0       2.9       8.7      0.75      2.00      5.70  -9999.00
     1   2005     32    2500.0      -0.3       9.1      0.60      2.00     17.20  -9999.00
     1   2005     33    2600.0       4.4       8.3      0.84      2.00      3.60  -9999.00
     1   2005     34    5200.0       2.3       4.1      0.72      2.00      0.00  -9999.00
     1   2005     35    1100.0       3.4       6.6      0.78      2.00     17.60  -9999.00
     1   2005     36    4300.0       7.5       9.2      1.04      2.00      0.30  -9999.00
     1   2005     37    2200.0       4.3       6.3      0.83      2.00      1.00  -9999.00
     1   2005     38    2600.0      -4.5       1.7      0.44      2.00      0.00  -9999.00
     1   2005     39    3000.0       0.6       7.0      0.64      2.00      0.30  -9999.00
     1   2005     40    1200.0       2.9       7.5      0.75      2.00      1.80  -9999.00
     1   2005     41    1300.0       3.2       9.7      0.77      2.00      0.10  -9999.00
     1   2005     42    4100.0       4.0      11.6      0.81      2.00      0.30  -9999.00
     1   2005     43    2800.0       0.9       8.6      0.65      2.00      0.00  -9999.00
     1   2005     44    1600.0       4.6       6.0      0.85      2.00      9.30  -9999.00
     1   2005     45    7100.0       2.7       4.7      0.74      2.00      0.00  -9999.00
     1   2005     46    4100.0       6.9      10.5      0.99      2.00     22.10  -9999.00
     1   2005     47    3300.0       1.1       3.1      0.66      2.00      0.00  -9999.00
     1   2005     48    6700.0       5.0       6.9      0.87      2.00      0.00  -9999.00
     1   2005     49    3300.0       1.1       3.1      0.66      2.00      1.90  -9999.00
     1   2005     50    6200.0       6.0       9.3      0.93      2.00      0.40  -9999.00
     1   2005     51   10100.0      -4.6      12.4      0.43      2.00     12.80  -9999.00
     1   2005     52    3600.0       5.6       7.0      0.91      2.00      0.00  -9999.00
     1   2005     53    8300.0       4.3      12.4      0.83      2.00      9.50  -9999.00
     1   2005     54   10800.0       5.2       7.1      0.88      2.00      0.00  -9999.00
     1   2005     55    7000.0       3.0       4.6      0.76      2.00      0.00  -9999.00
     1   2005     56    4000.0       8.7      11.7      1.12      2.00      0.00  -9999.00
     1   2005     57    8500.0       2.9      10.7      0.75      2.00      0.00  -9999.00
     1   2005     58    6500.0       0.9       2.9      0.65      2.00      0.00  -9999.00
     1   2005     59    1700.0      -4.8       9.3      0.43      2.00      0.00  -9999.00
     1   2005     60   12000.0       0.1       9.9      0.62      2.00      0.00  -9999.00
     1   2005     61   11400.0       2.2      10.8      0.72      2.00      0.00  -9999.00
     1   2005     62   12400.0      -0.9       9.2      0.57      2.00      0.00  -9999.00
     1   2005     63   12200.0       7.4       8.4      1.03      2.00      0.00  -9999.00
     1   2005     64    5700.0       7.7       8.4      1.05      2.00      0.60  -9999.00
     1   2005     65    5300.0       2.1      11.2      0.71      2.00      0.90  -9999.00
     1   2005     66    8100.0       8.3      10.6      1.09      2.00      0.50  -9999.00
     1   2005     67    7500.0       6.9      10.2      0.99      2.00      4.00  -9999.00
     1   2005     68   11100.0       4.7       6.8      0.85      2.00      2.20  -9999.00
     1   2005     69    7200.0       0.0       4.5      0.61      2.00      0.00  -9999.00
     1   2005     70   12300.0       3.1      15.4      0.76      2.00      9.40  -9999.00
     1   2005     71   10200.0       5.9       8.7      0.93      2.00      1.90  -9999.00
     1   2005     72   11000.0       8.2       9.9      1.09      2.00      0.90  -9999.00
     1   2005     73    7400.0       6.8      10.1      0.99      2.00      7.50  -9999.00
     1   2005     74    4000.0       7.6      11.1      1.04      2.00      4.20  -9999.00
     1   2005     75    4700.0       5.6      10.3      0.91      2.00      5.60  -9999.00
     1   2005     76    4000.0       6.8      11.0      0.99      2.00      3.30  -9999.00
     1   2005     77    4200.0      -0.1       7.2      0.61      2.00      0.50  -9999.00
     1   2005     78   13200.0       3.4      12.6      0.78      2.00      0.00  -9999.00
     1   2005     79   10200.0       0.1      10.1      0.62      2.00      0.00  -9999.00
     1   2005     80    7300.0       3.4      10.5      0.78      2.00      1.20  -9999.00
     1   2005     81   16200.0       4.6       6.6      0.85      2.00      0.00  -9999.00
     1   2005     82   14800.0       0.6      10.7      0.64      2.00      0.00  -9999.00
     1   2005     83   11500.0       0.5       7.5      0.63      2.00      0.00  -9999.00
     1   2005     84   13100.0       3.8      13.6      0.80      2.00      0.00  -9999.00
     1   2005     85   12100.0       5.7       7.7      0.92      2.00      0.00  -9999.00
     1   2005     86   12400.0       2.2      14.7      0.72      2.00      6.90  -9999.00
     1   2005     87   18000.0       2.8      13.4      0.75      2.00      0.10  -9999.00
     1   2005     88    6700.0       9.2      10.7      1.16      2.00      0.20  -9999.00
     1   2005     89    8900.0       0.1      11.1      0.62      2.00      4.20  -9999.00
     1   2005     90    8300.0       8.3      10.3      1.09      2.00      0.10  -9999.00
     1   2005     91   10900.0       2.2      11.9      0.72      2.00      0.70  -9999.00
     1   2005     92    4600.0      -0.5      10.8      0.59      2.00      0.00  -9999.00
     1   2005     93    8800.0       8.2      12.6      1.09      2.00      0.30  -9999.00
     1   2005     94   10100.0       6.2       8.2      0.95      2.00      2.30  -9999.00
     1   2005     95    2900.0       4.9       8.0      0.87      2.00      3.10  -9999.00
     1   2005     96   15400.0       5.0      11.0      0.87      2.00      0.90  -9999.00
     1   2005     97   11100.0       5.2       6.8      0.88      2.00      3.30  -9999.00
     1   2005     98    8700.0       5.8       9.2      0.92      2.00      1.00  -9999.00
     1   2005     99   20500.0       2.3      10.5      0.72      2.00      0.00  -9999.00
     1   2005    100   10500.0       8.6      11.0      1.12      2.00      5.20  -9999.00
     1   2005    101    8900.0       1.9      13.0      0.70      2.00      3.10  -9999.00
     1   2005    102   19300.0      -0.6      13.8      0.58      2.00      0.00  -9999.00
     1   2005    103   20700.0       8.3      12.4      1.09      2.00      0.00  -9999.00
     1   2005    104   20800.0       6.5       8.5      0.97      2.00      0.00  -9999.00
     1   2005    105   14800.0       9.3      11.1      1.17      2.00      4.10  -9999.00
     1   2005    106    7000.0       3.5      11.6      0.78      2.00      1.90  -9999.00
     1   2005    107    8700.0       7.6      13.1      1.04      2.00      0.30  -9999.00
     1   2005    108   10700.0       3.0       9.6      0.76      2.00      0.60  -9999.00
     1   2005    109   10100.0       7.7      12.4      1.05      2.00      0.80  -9999.00
     1   2005    110   23100.0       2.9      10.2      0.75      2.00      0.40  -9999.00
     1   2005    111   10000.0       6.5      10.4      0.97      2.00      0.40  -9999.00
     1   2005    112    6000.0       5.9      13.9      0.93      2.00      0.40  -9999.00
     1   2005    113   15100.0       6.5      10.4      0.97      2.00      0.50  -9999.00
     1   2005    114   18700.0       1.4      10.1      0.68      2.00      8.10  -9999.00
     1   2005    115   14700.0       4.9      15.1      0.87      2.00      3.70  -9999.00
     1   2005    116   16800.0       2.8      10.7      0.75      2.00      0.00  -9999.00
     1   2005    117   19500.0       6.7      10.7      0.98      2.00      0.50  -9999.00
     1   2005    118   12100.0       8.8      20.3      1.13      2.00      1.00  -9999.00
     1   2005    119   12700.0       8.0      13.3      1.07      2.00      4.30  -9999.00
     1   2005    120   15000.0       4.4      10.9      0.84      2.00      0.10  -9999.00
     1   2005    121   18700.0       3.0      23.1      0.76      2.00      0.00  -9999.00
     1   2005    122   25500.0       9.2      12.8      1.16      2.00      0.00  -9999.00
     1   2005    123   17800.0      11.7      14.2      1.37      2.00      0.00  -9999.00
     1   2005    124    8100.0      12.5      14.5      1.45      2.00      0.00  -9999.00
     1   2005    125   22300.0       7.3      12.7      1.02      2.00      0.00  -9999.00
     1   2005    126   21100.0      10.0      16.1      1.23      2.00      0.00  -9999.00
     1   2005    127   19300.0       8.1      12.1      1.08      2.00      7.40  -9999.00
     1   2005    128   21100.0      10.5      12.5      1.27      2.00      3.70  -9999.00
     1   2005    129   15200.0      10.0      12.3      1.23      2.00      1.00  -9999.00
     1   2005    130    8300.0       6.5      13.3      0.97      2.00      1.00  -9999.00
     1   2005    131   12700.0       8.4      13.7      1.10      2.00      2.10  -9999.00
     1   2005    132   15400.0      10.2      13.7      1.24      2.00      0.00  -9999.00
     1   2005    133    8500.0       7.6      14.2      1.04      2.00      8.70  -9999.00
     1   2005    134   23700.0      11.5      16.9      1.36      2.00      0.00  -9999.00
     1   2005    135   13700.0       7.2      12.1      1.02      2.00      0.10  -9999.00
     1   2005    136   23900.0       4.2      14.9      0.82      2.00      0.00  -9999.00
     1   2005    137   11000.0       8.3      17.0      1.09      2.00      0.10  -9999.00
     1   2005    138   24700.0       8.3      15.5      1.09      2.00      0.10  -9999.00
     1   2005    139   25500.0      13.0      15.0      1.50      2.00      0.00  -9999.00
     1   2005    140   19000.0      11.8      12.4      1.38      2.00      0.50  -9999.00
     1   2005    141   16500.0      11.2      19.7      1.33      2.00      0.00  -9999.00
     1   2005    142   25800.0       9.8      13.5      1.21      2.00      0.10  -9999.00
     1   2005    143   19600.0       9.6      14.8      1.20      2.00     32.50  -9999.00
     1   2005    144    8000.0      13.9      14.6      1.59      2.00      0.10  -9999.00
     1   2005    145   13200.0       6.9      15.5      0.99      2.00      4.40  -9999.00
     1   2005    146   21300.0       5.9      15.1      0.93      2.00      0.00  -9999.00
     1   2005    147   13900.0      13.3      20.6      1.53      2.00      0.00  -9999.00
     1   2005    148    9000.0       9.4      16.2      1.18      2.00      0.00  -9999.00
     1   2005    149   17000.0      11.7      14.2      1.37      2.00      0.00  -9999.00
     1   2005    150   21800.0      10.5      18.1      1.27      2.00      0.00  -9999.00
     1   2005    151   15400.0      10.0      12.4      1.23      2.00      0.00  -9999.00
     1   2005    152   21900.0      12.4      17.6      1.44      2.00      0.00  -9999.00
     1   2005    153   26400.0       9.7      17.2      1.20      2.00      0.00  -9999.00
     1   2005    154   12000.0      12.5      14.3      1.45      2.00      0.00  -9999.00
     1   2005    155   27800.0       8.1      20.2      1.08      2.00      0.00  -9999.00
     1   2005    156   19100.0      15.6      21.5      1.77      2.00      0.00  -9999.00
     1   2005    157   29200.0      10.0      14.6      1.23      2.00      0.00  -9999.00
     1   2005    158   13300.0      11.2      15.2      1.33      2.00      1.70  -9999.00
     1   2005    159   15100.0       6.9      19.1      0.99      2.00      0.00  -9999.00
     1   2005    160   17700.0       9.3      20.9      1.17      2.00      0.00  -9999.00
     1   2005    161   18300.0       8.2      24.0      1.09      2.00      0.00  -9999.00
     1   2005    162   20200.0      11.2      17.6      1.33      2.00      3.00  -9999.00
     1   2005    163   24000.0       9.6      22.8      1.20      2.00      0.00  -9999.00
     1   2005    164   23600.0      12.4      14.4      1.44      2.00      1.60  -9999.00
     1   2005    165   27100.0       9.3      24.3      1.17      2.00      0.00  -9999.00
     1   2005    166   28900.0       9.8      22.1      1.21      2.00      0.00  -9999.00
     1   2005    167   16100.0      14.0      27.4      1.60      2.00      0.00  -9999.00
     1   2005    168   22900.0       6.0      15.5      0.93      2.00     17.70  -9999.00
     1   2005    169   14000.0       4.2      17.1      0.82      2.00      5.20  -9999.00
     1   2005    170   14900.0      10.5      17.6      1.27      2.00      1.60  -9999.00
     1   2005    171   11500.0      13.1      16.5      1.51      2.00      0.60  -9999.00
     1   2005    172    9800.0      12.0      19.4      1.40      2.00      6.80  -9999.00
     1   2005    173    5200.0      12.0      15.6      1.40      2.00      1.60  -9999.00
     1   2005    174   17600.0      10.0      16.8      1.23      2.00      0.30  -9999.00
     1   2005    175   21300.0       5.2      16.7      0.88      2.00      0.10  -9999.00
     1   2005    176   16900.0       4.3      16.1      0.83      2.00      0.50  -9999.00
     1   2005    177   13300.0       8.7      18.5      1.12      2.00      3.60  -9999.00
     1   2005    178   24600.0      11.1      17.9      1.32      2.00      0.00  -9999.00
     1   2005    179   18500.0      13.3      20.0      1.53      2.00      1.60  -9999.00
     1   2005    180   19100.0      13.6      16.1      1.56      2.00      0.10  -9999.00
     1   2005    181   12300.0      12.8      16.9      1.48      2.00      3.90  -9999.00
     1   2005    182   23100.0      13.2      16.7      1.52      2.00      2.20  -9999.00
     1   2005    183   11900.0      11.3      19.5      1.34      2.00      2.30  -9999.00
     1   2005    184   14600.0      16.2      19.9      1.84      2.00      8.00  -9999.00
     1   2005    185   15000.0      14.8      16.0      1.68      2.00      0.20  -9999.00
     1   2005    186   26300.0      12.7      20.1      1.47      2.00      0.00  -9999.00
     1   2005    187   15300.0      12.6      16.6      1.46      2.00      0.40  -9999.00
     1   2005    188   16200.0      15.6      18.4      1.77      2.00      2.80  -9999.00
     1   2005    189   18200.0      15.0      20.1      1.70      2.00      4.60  -9999.00
     1   2005    190   22900.0      11.8      21.7      1.38      2.00      0.00  -9999.00
     1   2005    191   26000.0      11.9      21.7      1.39      2.00      0.00  -9999.00
     1   2005    192   21800.0      13.6      19.8      1.56      2.00      0.20  -9999.00
     1   2005    193   21900.0      15.3      17.9      1.74      2.00      7.40  -9999.00
     1   2005    194   11000.0      13.7      20.3      1.57      2.00      4.20  -9999.00
     1   2005    195   28700.0      11.8      16.5      1.38      2.00      0.00  -9999.00
     1   2005    196   17100.0      13.4      21.9      1.54      2.00      0.00  -9999.00
     1   2005    197   16800.0      14.7      18.1      1.67      2.00     19.50  -9999.00
     1   2005    198   26100.0      15.6      16.9      1.77      2.00      7.50  -9999.00
     1   2005    199   23800.0      11.1      17.3      1.32      2.00      0.10  -9999.00
     1   2005    200   10600.0      14.2      16.2      1.62      2.00      0.20  -9999.00
     1   2005    201   24000.0       8.5      21.8      1.11      2.00      0.00  -9999.00
     1   2005    202   27600.0       7.0      26.2      1.00      2.00      0.00  -9999.00
     1   2005    203   25100.0      10.2      18.1      1.24      2.00      0.00  -9999.00
     1   2005    204   14300.0      13.8      17.2      1.58      2.00      0.00  -9999.00
     1   2005    205   27000.0       7.4      18.1      1.03      2.00      0.00  -9999.00
     1   2005    206   27200.0      10.8      16.7      1.29      2.00      0.00  -9999.00
     1   2005    207   21000.0      15.4      20.9      1.75      2.00      0.00  -9999.00
     1   2005    208   17200.0      12.4      16.7      1.44      2.00      0.00  -9999.00
     1   2005    209   26600.0       6.4      20.3      0.96      2.00      0.00  -9999.00
     1   2005    210   24200.0      11.7      25.4      1.37      2.00      0.00  -9999.00
     1   2005    211   13200.0      13.7      23.5      1.57      2.00      1.60  -9999.00
     1   2005    212   12600.0      13.8      17.3      1.58      2.00      1.90  -9999.00
     1   2005    213   19500.0      11.2      20.2      1.33      2.00      0.10  -9999.00
     1   2005    214   20200.0      15.2      18.6      1.73      2.00      0.00  -9999.00
     1   2005    215   14000.0      12.3      20.2      1.43      2.00      0.90  -9999.00
     1   2005    216   13900.0      13.3      21.8      1.53      2.00      0.10  -9999.00
     1   2005    217   11700.0      13.4      18.2      1.54      2.00      4.30  -9999.00
     1   2005    218   23400.0      15.9      22.6      1.81      2.00      0.20  -9999.00
     1   2005    219   24500.0      11.1      18.2      1.32      2.00      0.90  -9999.00
     1   2005    220   10900.0      14.2      19.0      1.62      2.00      0.80  -9999.00
     1   2005    221   17400.0       8.5      20.1      1.11      2.00     37.90  -9999.00
     1   2005    222   16200.0      16.9      18.4      1.92      2.00      0.00  -9999.00
     1   2005    223    8900.0      11.5      18.5      1.36      2.00      0.00  -9999.00
     1   2005    224   23900.0      11.6      27.1      1.37      2.00      0.00  -9999.00
     1   2005    225   11400.0      14.9      21.0      1.69      2.00     37.40  -9999.00
     1   2005    226   20500.0      14.1      26.2      1.61      2.00      0.00  -9999.00
     1   2005    227   22900.0      12.2      29.2      1.42      2.00      0.00  -9999.00
     1   2005    228    7900.0      13.1      20.9      1.51      2.00      0.60  -9999.00
     1   2005    229   13600.0      12.0      20.1      1.40      2.00     10.90  -9999.00
     1   2005    230    7900.0      10.7      20.1      1.29      2.00      0.40  -9999.00
     1   2005    231    7100.0      15.1      18.6      1.72      2.00      0.70  -9999.00
     1   2005    232   10600.0      12.9      18.7      1.49      2.00      1.80  -9999.00
     1   2005    233   21100.0      10.8      21.8      1.29      2.00      0.00  -9999.00
     1   2005    234   18800.0      12.0      18.9      1.40      2.00      0.00  -9999.00
     1   2005    235   16900.0      10.8      18.1      1.29      2.00      0.00  -9999.00
     1   2005    236   15500.0       9.9      20.7      1.22      2.00      0.00  -9999.00
     1   2005    237   21900.0       8.3      16.8      1.09      2.00      0.00  -9999.00
     1   2005    238   18800.0       8.0      26.8      1.07      2.00      0.00  -9999.00
     1   2005    239   11100.0       9.6      21.4      1.20      2.00      0.00  -9999.00
     1   2005    240   15500.0      11.5      18.1      1.36      2.00      0.00  -9999.00
     1   2005    241   17600.0      11.8      19.6      1.38      2.00      0.00  -9999.00
     1   2005    242    7400.0      12.8      20.3      1.48      2.00      0.00  -9999.00
     1   2005    243   11000.0      10.6      17.9      1.28      2.00      0.10  -9999.00
     1   2005    244   12300.0      12.0      20.6      1.40      2.00      8.50  -9999.00
     1   2005    245   13000.0       7.9      18.5      1.07      2.00     20.50  -9999.00
     1   2005    246   11100.0      14.2      18.5      1.62      2.00     27.50  -9999.00
     1   2005    247   12900.0       9.1      16.3      1.16      2.00      0.10  -9999.00
     1   2005    248   10500.0      14.7      19.5      1.67      2.00      0.00  -9999.00
     1   2005    249   11600.0      14.5      14.9      1.65      2.00      1.30  -9999.00
     1   2005    250   12700.0      13.3      16.9      1.53      2.00      4.00  -9999.00
     1   2005    251   12300.0       9.5      16.8      1.19      2.00      2.80  -9999.00
     1   2005    252   11200.0       9.4      18.0      1.18      2.00     21.00  -9999.00
     1   2005    253   10400.0      10.2      18.2      1.24      2.00      0.70  -9999.00
     1   2005    254   11000.0      14.2      16.2      1.62      2.00      0.00  -9999.00
     1   2005    255   13200.0       9.2      17.4      1.16      2.00      0.00  -9999.00
     1   2005    256    7900.0       7.5      13.8      1.04      2.00      0.70  -9999.00
     1   2005    257    3000.0      14.8      19.6      1.68      2.00      1.40  -9999.00
     1   2005    258    9800.0      13.3      16.5      1.53      2.00      0.10  -9999.00
     1   2005    259    3000.0      15.2      17.7      1.73      2.00     23.80  -9999.00
     1   2005    260    7300.0      12.0      16.2      1.40      2.00     12.80  -9999.00
     1   2005    261   14200.0      14.5      16.5      1.65      2.00      0.70  -9999.00
     1   2005    262   12500.0      11.4      16.5      1.35      2.00      0.70  -9999.00
     1   2005    263    6800.0      13.7      19.6      1.57      2.00      1.90  -9999.00
     1   2005    264    4600.0      11.7      19.5      1.37      2.00      0.10  -9999.00
     1   2005    265   10900.0      10.8      17.2      1.29      2.00      0.70  -9999.00
     1   2005    266    4800.0      14.2      18.0      1.62      2.00      4.20  -9999.00
     1   2005    267    7100.0      11.5      13.0      1.36      2.00      0.10  -9999.00
     1   2005    268    8100.0       4.8      17.8      0.86      2.00      0.00  -9999.00
     1   2005    269    5200.0      12.3      16.5      1.43      2.00      0.20  -9999.00
     1   2005    270    6300.0      13.8      14.7      1.58      2.00     10.90  -9999.00
     1   2005    271    5300.0       5.5      17.5      0.90      2.00      4.70  -9999.00
     1   2005    272    6200.0       6.9      21.0      0.99      2.00      0.00  -9999.00
     1   2005    273   11700.0       3.2      12.4      0.77      2.00      0.00  -9999.00
     1   2005    274   12700.0      11.1      16.3      1.32      2.00     10.60  -9999.00
     1   2005    275    9300.0      13.6      20.4      1.56      2.00      0.10  -9999.00
     1   2005    276    5400.0      10.8      17.5      1.29      2.00      0.00  -9999.00
     1   2005    277    2500.0      12.7      16.4      1.47      2.00      9.90  -9999.00
     1   2005    278    8300.0      14.3      16.3      1.63      2.00      6.90  -9999.00
     1   2005    279    9100.0       6.5      14.0      0.97      2.00      0.00  -9999.00
     1   2005    280   12300.0       3.5      11.9      0.78      2.00      0.00  -9999.00
     1   2005    281    6100.0       7.6      14.7      1.04      2.00      0.00  -9999.00
     1   2005    282    6800.0       7.1      14.0      1.01      2.00      6.60  -9999.00
     1   2005    283    6200.0       8.2      16.6      1.09      2.00      4.50  -9999.00
     1   2005    284    4700.0       6.8      13.9      0.99      2.00      1.30  -9999.00
     1   2005    285    4400.0       6.7      15.0      0.98      2.00      0.20  -9999.00
     1   2005    286    8500.0       7.3      17.7      1.02      2.00      7.50  -9999.00
     1   2005    287    4500.0       9.2      11.7      1.16      2.00     29.40  -9999.00
     1   2005    288    4100.0       5.5       7.5      0.90      2.00      2.00  -9999.00
     1   2005    289    6100.0      10.0      16.4      1.23      2.00      5.10  -9999.00
     1   2005    290    7100.0      10.7      17.0      1.29      2.00      0.20  -9999.00
     1   2005    291   10200.0      -0.3      15.1      0.60      2.00      0.00  -9999.00
     1   2005    292    4000.0       7.2      10.2      1.02      2.00     43.20  -9999.00
     1   2005    293    8700.0       8.8      11.8      1.13      2.00      0.00  -9999.00
     1   2005    294    5500.0       9.5      11.5      1.19      2.00      0.00  -9999.00
     1   2005    295    5300.0       5.4      12.2      0.90      2.00      3.60  -9999.00
     1   2005    296    4700.0       9.8      15.0      1.21      2.00      0.90  -9999.00
     1   2005    297    8000.0      14.0      14.8      1.60      2.00      0.00  -9999.00
     1   2005    298    6600.0       8.4      11.4      1.10      2.00      0.00  -9999.00
     1   2005    299    5300.0       7.3      11.4      1.02      2.00      0.00  -9999.00
     1   2005    300    5500.0       5.0       8.2      0.87      2.00      0.00  -9999.00
     1   2005    301    6100.0       4.2      13.4      0.82      2.00      8.30  -9999.00
     1   2005    302    8500.0      11.2      13.2      1.33      2.00      0.00  -9999.00
     1   2005    303    7500.0      -1.1      13.3      0.56      2.00      0.00  -9999.00
     1   2005    304    7400.0       0.1       9.1      0.62      2.00      0.00  -9999.00
     1   2005    305    6800.0       3.6       9.8      0.79      2.00      0.00  -9999.00
     1   2005    306    4600.0       9.8      14.2      1.21      2.00      0.00  -9999.00
     1   2005    307    3800.0       5.8      13.2      0.92      2.00      3.10  -9999.00
     1   2005    308    3000.0       7.5       9.5      1.04      2.00      6.80  -9999.00
     1   2005    309    2300.0       9.4      15.5      1.18      2.00      9.80  -9999.00
     1   2005    310    2600.0      10.1      12.1      1.24      2.00      4.40  -9999.00
     1   2005    311    1700.0       7.9       9.9      1.07      2.00      5.00  -9999.00
     1   2005    312    2100.0      -1.2      11.3      0.56      2.00      0.00  -9999.00
     1   2005    313    4900.0       9.3      11.3      1.17      2.00      3.10  -9999.00
     1   2005    314    4100.0       8.7      13.6      1.12      2.00     11.90  -9999.00
     1   2005    315    6800.0       6.6      11.7      0.97      2.00      0.00  -9999.00
     1   2005    316    1900.0       7.2      13.0      1.02      2.00      1.40  -9999.00
     1   2005    317    1900.0       2.9       9.4      0.75      2.00     10.30  -9999.00
     1   2005    318    4300.0       1.5       6.8      0.68      2.00      0.00  -9999.00
     1   2005    319    2400.0       9.2       9.9      1.16      2.00      1.20  -9999.00
     1   2005    320    4600.0      12.8      14.1      1.48      2.00      0.30  -9999.00
     1   2005    321    2500.0      10.8      12.4      1.29      2.00      7.30  -9999.00
     1   2005    322    1200.0       5.2      12.8      0.88      2.00     10.60  -9999.00
     1   2005    323    1800.0       8.4      10.4      1.10      2.00      7.40  -9999.00
     1   2005    324    2000.0       9.5      11.6      1.19      2.00      2.10  -9999.00
     1   2005    325    2400.0       3.8      10.5      0.80      2.00      9.70  -9999.00
     1   2005    326    3900.0       4.7      10.0      0.85      2.00      0.00  -9999.00
     1   2005    327    3200.0       1.3       8.8      0.67      2.00      0.90  -9999.00
     1   2005    328    1500.0       6.8       8.8      0.99      2.00      7.80  -9999.00
     1   2005    329    3100.0       0.4       9.7      0.63      2.00      1.10  -9999.00
     1   2005    330    3700.0       9.0      12.3      1.15      2.00      7.40  -9999.00
     1   2005    331     800.0       1.6      13.6      0.69      2.00      2.60  -9999.00
     1   2005    332    1900.0       5.1       9.7      0.88      2.00      5.40  -9999.00
     1   2005    333    3700.0      10.1      11.0      1.24      2.00     18.40  -9999.00
     1   2005    334    1600.0      -1.4       8.4      0.55      2.00      1.10  -9999.00
     1   2005    335    2900.0       3.6      11.3      0.79      2.00      0.30  -9999.00
     1   2005    336    5000.0       2.5       8.3      0.73      2.00      0.00  -9999.00
     1   2005    337    4400.0       4.3       8.1      0.83      2.00      0.80  -9999.00
     1   2005    338    2700.0       8.1       9.2      1.08      2.00      0.00  -9999.00
     1   2005    339    2100.0       5.4       8.5      0.90      2.00      0.00  -9999.00
     1   2005    340    4000.0       5.8       8.1      0.92      2.00     17.30  -9999.00
     1   2005    341    3800.0       3.1       5.1      0.76      2.00      0.00  -9999.00
     1   2005    342    2100.0       7.6      10.5      1.04      2.00      6.40  -9999.00
     1   2005    343    1800.0       0.2       3.6      0.62      2.00      0.00  -9999.00
     1   2005    344    2100.0       2.4       9.7      0.73      2.00      0.00  -9999.00
     1   2005    345    4500.0       0.9       2.6      0.65      2.00      0.00  -9999.00
     1   2005    346    2600.0       4.5       9.5      0.84      2.00      0.00  -9999.00
     1   2005    347    1800.0      -1.9       7.2      0.53      2.00      0.00  -9999.00
     1   2005    348    3700.0       1.6       4.1      0.69      2.00      0.00  -9999.00
     1   2005    349    1500.0      -2.7       4.5      0.50      2.00      0.00  -9999.00
     1   2005    350    1900.0       5.0      11.5      0.87      2.00      0.10  -9999.00
     1   2005    351    1000.0       8.2      10.2      1.09      2.00     19.30  -9999.00
     1   2005    352    2400.0       8.0      10.5      1.07      2.00      0.30  -9999.00
     1   2005    353    1400.0       1.5       5.7      0.68      2.00      1.10  -9999.00
     1   2005    354    2600.0       2.2       9.2      0.72      2.00      7.20  -9999.00
     1   2005    355    1700.0       2.5       9.7      0.73      2.00      5.20  -9999.00
     1   2005    356    1400.0       7.9       9.7      1.07      2.00      0.10  -9999.00
     1   2005    357    2300.0       4.8      11.0      0.86      2.00     17.60  -9999.00
     1   2005    358    1300.0       1.5       7.1      0.68      2.00     14.50  -9999.00
     1   2005    359    2900.0       4.6       6.6      0.85      2.00      0.30  -9999.00
     1   2005    360    1600.0       7.7      11.3      1.05      2.00     10.20  -9999.00
     1   2005    361    1800.0      -0.4      10.7      0.59      2.00      0.00  -9999.00
     1   2005    362    1900.0       2.8       4.8      0.75      2.00      0.00  -9999.00
     1   2005    363     700.0       1.2       3.2      0.67      2.00      0.00  -9999.00
     1   2005    364    2100.0       4.9       6.9      0.87      2.00      4.20  -9999.00
     1   2005    365    1400.0       3.0      12.0      0.76      2.00      1.40  -9999.00
