*-----------------------------------------------------------------------------* 
           CNWG_21.met            51.48   -3.55   69.72
* Date created:  08-Aug-2019     Author: K Coleman 
* 
* NIL VALUE       -9999 
* Source:   data provided by M. Semenov 
*  
* Latitude:    51.48 Longitude:    -3.55 Altitude:    69.72
* 
* Column  Daily value 
* 1       station number 
* 2       year 
* 3       day 
* 4       irradiation                   (kJ m-2 d-1) 
* 5       minimum temperature           (degrees Celsius) 
* 6       maximum temperature           (degrees Celsius) 
* 7       early morning vapour pressure (kPa)             
* 8       mean wind speed (height: 2 m?) (m s-1)          
* 9       precipitation                 (mm d-1)          
* 10      sunshine                      (hrs)             
 		Jday	RAD	    TMIN	TMAX	 VAP	wind	RAIN	SUN  
               kj/m2	°C	    °C	     kPa	m/s	    mm	    hrs 
   51.48  69.72
     1   2005      1    1500.0       6.5       8.5      0.97      2.00      0.30  -9999.00
     1   2005      2    2900.0       5.5       7.7      0.90      2.00      8.50  -9999.00
     1   2005      3    1700.0       4.1       4.6      0.82      2.00      2.40  -9999.00
     1   2005      4    3400.0       2.4       4.4      0.73      2.00      0.40  -9999.00
     1   2005      5    2000.0      -0.4      12.1      0.59      2.00     12.10  -9999.00
     1   2005      6    2800.0       1.2       9.4      0.67      2.00      2.80  -9999.00
     1   2005      7    4100.0       6.3       9.2      0.95      2.00      2.00  -9999.00
     1   2005      8    2600.0       4.7      10.3      0.85      2.00      1.80  -9999.00
     1   2005      9    2400.0       6.9      11.3      0.99      2.00      9.80  -9999.00
     1   2005     10    3000.0       9.1      10.1      1.16      2.00     15.20  -9999.00
     1   2005     11    1900.0       6.1       9.1      0.94      2.00      1.70  -9999.00
     1   2005     12    2500.0       1.8       3.8      0.70      2.00      0.00  -9999.00
     1   2005     13    4200.0      -5.5       7.1      0.41      2.00      0.00  -9999.00
     1   2005     14    2300.0      -3.3      -1.3      0.48      2.00      0.00  -9999.00
     1   2005     15    1900.0       2.3       4.3      0.72      2.00      3.00  -9999.00
     1   2005     16    2000.0       0.4      10.8      0.63      2.00      6.10  -9999.00
     1   2005     17    1700.0       0.7       0.7      0.64      2.00      1.00  -9999.00
     1   2005     18    1600.0       9.0       9.4      1.15      2.00      0.50  -9999.00
     1   2005     19    2800.0      -0.2      11.1      0.60      2.00      1.80  -9999.00
     1   2005     20    2300.0       4.2       6.2      0.82      2.00     10.00  -9999.00
     1   2005     21    2500.0       6.3       8.3      0.95      2.00      0.00  -9999.00
     1   2005     22    1100.0       6.6       7.5      0.97      2.00     10.20  -9999.00
     1   2005     23    2200.0       5.8       8.3      0.92      2.00      0.80  -9999.00
     1   2005     24    5900.0       2.9      11.7      0.75      2.00      0.10  -9999.00
     1   2005     25    3800.0      -0.8       1.2      0.58      2.00      6.00  -9999.00
     1   2005     26    2700.0       7.4       9.4      1.03      2.00      3.20  -9999.00
     1   2005     27    3300.0       7.7       9.6      1.05      2.00     13.90  -9999.00
     1   2005     28    2700.0      -0.2      10.0      0.60      2.00      2.40  -9999.00
     1   2005     29    1100.0       2.9       5.2      0.75      2.00      5.10  -9999.00
     1   2005     30    2600.0       3.7       9.2      0.80      2.00      0.20  -9999.00
     1   2005     31    5500.0       2.2       5.1      0.72      2.00      0.00  -9999.00
     1   2005     32    1100.0       5.0       6.4      0.87      2.00      0.00  -9999.00
     1   2005     33    6300.0       1.6       8.3      0.69      2.00      0.00  -9999.00
     1   2005     34    4100.0       1.9       3.9      0.70      2.00      0.00  -9999.00
     1   2005     35    7000.0       1.8       5.8      0.70      2.00      0.00  -9999.00
     1   2005     36    5900.0      -1.0       2.5      0.57      2.00      0.00  -9999.00
     1   2005     37    2600.0       7.4      10.6      1.03      2.00      2.80  -9999.00
     1   2005     38    1700.0       2.2       5.9      0.72      2.00      2.40  -9999.00
     1   2005     39    4900.0       0.1       6.7      0.62      2.00      0.00  -9999.00
     1   2005     40    3700.0      -0.7       8.2      0.58      2.00      4.20  -9999.00
     1   2005     41    7900.0       7.5      11.0      1.04      2.00      4.30  -9999.00
     1   2005     42    2800.0       2.2       5.6      0.72      2.00      4.70  -9999.00
     1   2005     43    4800.0       6.7       8.7      0.98      2.00      0.00  -9999.00
     1   2005     44    5900.0       3.2      10.2      0.77      2.00      0.00  -9999.00
     1   2005     45    3300.0      -0.1       5.3      0.61      2.00      0.00  -9999.00
     1   2005     46    8600.0      -0.1       4.1      0.61      2.00      0.00  -9999.00
     1   2005     47    4400.0       7.3       9.6      1.02      2.00      0.00  -9999.00
     1   2005     48    1400.0       5.4       9.2      0.90      2.00      0.50  -9999.00
     1   2005     49    3300.0       5.5       7.5      0.90      2.00      0.30  -9999.00
     1   2005     50    9400.0       3.4       3.6      0.78      2.00      0.00  -9999.00
     1   2005     51    6100.0       6.0       9.6      0.93      2.00      4.00  -9999.00
     1   2005     52    3000.0       4.3      11.6      0.83      2.00      3.00  -9999.00
     1   2005     53    3400.0      -0.6       9.1      0.58      2.00      0.20  -9999.00
     1   2005     54    3500.0       3.7       5.7      0.80      2.00      5.00  -9999.00
     1   2005     55    4200.0       2.7       8.4      0.74      2.00      0.30  -9999.00
     1   2005     56    5100.0       0.5       6.6      0.63      2.00      0.00  -9999.00
     1   2005     57    3800.0       1.3       2.8      0.67      2.00      0.00  -9999.00
     1   2005     58    5000.0      -2.8       4.3      0.50      2.00      0.00  -9999.00
     1   2005     59    4400.0      -0.4       5.7      0.59      2.00      0.00  -9999.00
     1   2005     60   12000.0       6.7       8.7      0.98      2.00      0.00  -9999.00
     1   2005     61    4400.0       5.1       8.8      0.88      2.00      3.00  -9999.00
     1   2005     62    1800.0       6.6       9.7      0.97      2.00      3.80  -9999.00
     1   2005     63   10100.0       4.3       5.2      0.83      2.00      0.00  -9999.00
     1   2005     64    6300.0       6.2      10.2      0.95      2.00      0.40  -9999.00
     1   2005     65   12200.0       4.5       6.5      0.84      2.00      0.00  -9999.00
     1   2005     66   13200.0      -0.9      10.2      0.57      2.00      0.00  -9999.00
     1   2005     67   12400.0      -2.8       5.5      0.50      2.00      0.00  -9999.00
     1   2005     68    3900.0       4.2       9.6      0.82      2.00      0.20  -9999.00
     1   2005     69    5100.0       1.5       9.5      0.68      2.00      0.00  -9999.00
     1   2005     70    9300.0      -1.2      11.4      0.56      2.00      0.00  -9999.00
     1   2005     71   13000.0       6.5       8.5      0.97      2.00      0.00  -9999.00
     1   2005     72    5400.0       2.9      10.8      0.75      2.00      0.00  -9999.00
     1   2005     73   10100.0      -1.4      10.7      0.55      2.00      0.00  -9999.00
     1   2005     74    9700.0       7.9      10.8      1.07      2.00      0.10  -9999.00
     1   2005     75    9000.0       6.1      12.4      0.94      2.00      0.10  -9999.00
     1   2005     76    7300.0       0.8      13.3      0.65      2.00      0.00  -9999.00
     1   2005     77   13900.0      -3.9      10.0      0.46      2.00      0.00  -9999.00
     1   2005     78   13700.0       7.7       8.8      1.05      2.00     10.80  -9999.00
     1   2005     79    5200.0      -0.2      10.3      0.60      2.00      4.90  -9999.00
     1   2005     80   11800.0       2.3       7.6      0.72      2.00     10.50  -9999.00
     1   2005     81   12000.0       3.3      10.2      0.77      2.00      0.00  -9999.00
     1   2005     82   10700.0       2.2      11.4      0.72      2.00      0.10  -9999.00
     1   2005     83    8200.0       5.7      11.6      0.92      2.00      9.70  -9999.00
     1   2005     84   13100.0       3.2      10.5      0.77      2.00      4.80  -9999.00
     1   2005     85   14300.0       8.0      11.8      1.07      2.00      0.00  -9999.00
     1   2005     86   12800.0       5.0       7.6      0.87      2.00      0.00  -9999.00
     1   2005     87   18000.0      -0.3       9.0      0.60      2.00      0.00  -9999.00
     1   2005     88   11000.0       5.9      12.1      0.93      2.00      0.00  -9999.00
     1   2005     89    6200.0       3.5      11.0      0.78      2.00      0.00  -9999.00
     1   2005     90   15900.0       0.1       8.1      0.62      2.00      0.00  -9999.00
     1   2005     91    7500.0       4.0      10.6      0.81      2.00      1.20  -9999.00
     1   2005     92    8800.0       3.2       9.4      0.77      2.00      0.50  -9999.00
     1   2005     93   19100.0       2.9      11.4      0.75      2.00      0.00  -9999.00
     1   2005     94   10400.0       3.2      11.7      0.77      2.00      0.00  -9999.00
     1   2005     95   12100.0       1.8      12.1      0.70      2.00     11.60  -9999.00
     1   2005     96   11400.0       8.3      12.2      1.09      2.00      2.00  -9999.00
     1   2005     97    7500.0       3.0      13.2      0.76      2.00      1.20  -9999.00
     1   2005     98   19700.0       3.7      10.6      0.80      2.00      0.00  -9999.00
     1   2005     99   15400.0       0.6       6.4      0.64      2.00      8.40  -9999.00
     1   2005    100   17600.0       1.7      14.0      0.69      2.00      0.00  -9999.00
     1   2005    101    6100.0       4.0      11.9      0.81      2.00      4.50  -9999.00
     1   2005    102    7100.0       6.5      12.0      0.97      2.00      0.00  -9999.00
     1   2005    103   12700.0       0.1      11.2      0.62      2.00      0.00  -9999.00
     1   2005    104   11600.0       8.1      11.4      1.08      2.00      0.00  -9999.00
     1   2005    105   13500.0       0.9      12.4      0.65      2.00      0.00  -9999.00
     1   2005    106   16800.0       3.0      11.4      0.76      2.00      0.30  -9999.00
     1   2005    107   10000.0       6.7      11.7      0.98      2.00      0.40  -9999.00
     1   2005    108    9000.0       8.6      10.6      1.12      2.00     12.80  -9999.00
     1   2005    109    6000.0       5.4      11.0      0.90      2.00      0.40  -9999.00
     1   2005    110   12100.0       2.5      10.5      0.73      2.00      4.10  -9999.00
     1   2005    111    6100.0       7.4      13.6      1.03      2.00      1.00  -9999.00
     1   2005    112   14100.0       4.5      11.6      0.84      2.00      1.10  -9999.00
     1   2005    113   10400.0       2.9      10.8      0.75      2.00      0.70  -9999.00
     1   2005    114   12900.0       3.6      13.0      0.79      2.00      7.90  -9999.00
     1   2005    115   14400.0       4.4      16.1      0.84      2.00      2.10  -9999.00
     1   2005    116    3600.0       5.1       9.8      0.88      2.00     10.10  -9999.00
     1   2005    117   20300.0       8.9      15.9      1.14      2.00      0.00  -9999.00
     1   2005    118   16700.0       7.3      12.2      1.02      2.00      0.00  -9999.00
     1   2005    119   24900.0       6.1      10.2      0.94      2.00      0.00  -9999.00
     1   2005    120   14500.0       3.4      15.1      0.78      2.00      0.00  -9999.00
     1   2005    121    6500.0       6.6      12.5      0.97      2.00     19.30  -9999.00
     1   2005    122   16000.0       3.3      10.3      0.77      2.00      0.50  -9999.00
     1   2005    123    7600.0       8.6      11.7      1.12      2.00      0.10  -9999.00
     1   2005    124   14100.0       6.5      14.2      0.97      2.00      2.50  -9999.00
     1   2005    125   10300.0       3.3      12.8      0.77      2.00      0.00  -9999.00
     1   2005    126   15900.0       7.7      21.7      1.05      2.00      0.00  -9999.00
     1   2005    127   17600.0       7.2      15.8      1.02      2.00      0.00  -9999.00
     1   2005    128   19600.0       8.1      25.6      1.08      2.00      0.00  -9999.00
     1   2005    129   20900.0       7.7      13.9      1.05      2.00      0.00  -9999.00
     1   2005    130   16100.0      14.1      18.9      1.61      2.00      0.00  -9999.00
     1   2005    131   21900.0       6.9      12.0      0.99      2.00      0.00  -9999.00
     1   2005    132   17500.0       7.0      16.1      1.00      2.00      0.00  -9999.00
     1   2005    133    5700.0       9.1      14.8      1.16      2.00     11.20  -9999.00
     1   2005    134   14400.0       9.8      12.2      1.21      2.00     12.20  -9999.00
     1   2005    135   17800.0       8.1      14.0      1.08      2.00      0.30  -9999.00
     1   2005    136    8000.0       8.1      14.2      1.08      2.00      0.60  -9999.00
     1   2005    137   19700.0       8.8      15.7      1.13      2.00      0.40  -9999.00
     1   2005    138   15400.0      10.1      23.1      1.24      2.00      0.80  -9999.00
     1   2005    139    9800.0      10.7      18.7      1.29      2.00      3.10  -9999.00
     1   2005    140   18000.0       9.9      14.3      1.22      2.00      1.20  -9999.00
     1   2005    141   12700.0       9.6      16.9      1.20      2.00      4.40  -9999.00
     1   2005    142   21600.0       5.2      11.6      0.88      2.00      0.10  -9999.00
     1   2005    143    4200.0      11.4      12.7      1.35      2.00     15.50  -9999.00
     1   2005    144   15200.0       8.3      16.2      1.09      2.00      0.10  -9999.00
     1   2005    145   12500.0      13.9      15.9      1.59      2.00      9.90  -9999.00
     1   2005    146    5000.0       8.9      16.8      1.14      2.00      3.10  -9999.00
     1   2005    147   23300.0      11.5      16.1      1.36      2.00     22.10  -9999.00
     1   2005    148    9200.0       5.7      12.5      0.92      2.00      0.10  -9999.00
     1   2005    149   13600.0      11.5      13.5      1.36      2.00     10.70  -9999.00
     1   2005    150   17400.0       7.6      15.3      1.04      2.00      0.10  -9999.00
     1   2005    151   14700.0       8.7      17.2      1.12      2.00      0.00  -9999.00
     1   2005    152   20700.0       6.3      22.6      0.95      2.00      0.40  -9999.00
     1   2005    153   25700.0      12.6      21.1      1.46      2.00      0.00  -9999.00
     1   2005    154   26500.0      10.6      18.1      1.28      2.00      0.00  -9999.00
     1   2005    155   16500.0      11.7      15.9      1.37      2.00      0.10  -9999.00
     1   2005    156   11900.0       7.2      16.1      1.02      2.00      0.00  -9999.00
     1   2005    157   26500.0       6.1      24.7      0.94      2.00      0.00  -9999.00
     1   2005    158   21000.0       8.9      15.2      1.14      2.00      1.00  -9999.00
     1   2005    159    9100.0       6.1      16.1      0.94      2.00      1.20  -9999.00
     1   2005    160   27500.0      15.4      25.9      1.75      2.00      0.00  -9999.00
     1   2005    161   16500.0       7.6      23.2      1.04      2.00      0.00  -9999.00
     1   2005    162   25000.0      14.1      22.4      1.61      2.00      0.00  -9999.00
     1   2005    163   22700.0       6.3      19.2      0.95      2.00      0.00  -9999.00
     1   2005    164   19000.0       9.9      17.6      1.22      2.00      0.00  -9999.00
     1   2005    165   13100.0       5.8      19.2      0.92      2.00      0.00  -9999.00
     1   2005    166   19800.0      11.2      20.0      1.33      2.00      0.00  -9999.00
     1   2005    167   23000.0      11.0      22.1      1.31      2.00      0.00  -9999.00
     1   2005    168   12000.0       8.9      17.1      1.14      2.00      0.50  -9999.00
     1   2005    169   15700.0      11.6      17.6      1.37      2.00      6.30  -9999.00
     1   2005    170    9000.0       6.8      15.0      0.99      2.00      1.20  -9999.00
     1   2005    171   12300.0      11.1      18.5      1.32      2.00      2.00  -9999.00
     1   2005    172   26800.0      11.9      17.3      1.39      2.00      0.00  -9999.00
     1   2005    173   19100.0      13.9      22.7      1.59      2.00      0.00  -9999.00
     1   2005    174   21300.0      10.3      17.4      1.25      2.00      0.00  -9999.00
     1   2005    175   16800.0      14.0      18.8      1.60      2.00      0.00  -9999.00
     1   2005    176   24800.0      10.9      20.0      1.30      2.00      0.00  -9999.00
     1   2005    177   12000.0      14.7      16.6      1.67      2.00     11.70  -9999.00
     1   2005    178    8900.0       8.2      18.0      1.09      2.00      8.20  -9999.00
     1   2005    179   26400.0      14.5      16.5      1.65      2.00      0.00  -9999.00
     1   2005    180   12200.0      14.1      15.0      1.61      2.00      0.50  -9999.00
     1   2005    181   14100.0      13.7      19.3      1.57      2.00      5.10  -9999.00
     1   2005    182   15400.0      16.2      19.7      1.84      2.00      7.20  -9999.00
     1   2005    183   17400.0      13.7      26.9      1.57      2.00      0.00  -9999.00
     1   2005    184   24800.0      12.3      24.1      1.43      2.00      0.00  -9999.00
     1   2005    185   21000.0      12.3      19.7      1.43      2.00      0.00  -9999.00
     1   2005    186   27700.0      10.2      26.4      1.24      2.00      0.00  -9999.00
     1   2005    187   29500.0      15.2      23.5      1.73      2.00      0.00  -9999.00
     1   2005    188   28400.0      15.0      27.1      1.70      2.00      0.10  -9999.00
     1   2005    189   19500.0      12.8      20.5      1.48      2.00      4.00  -9999.00
     1   2005    190   17700.0      14.8      17.6      1.68      2.00      0.30  -9999.00
     1   2005    191   10200.0      12.5      17.2      1.45      2.00      0.20  -9999.00
     1   2005    192   14000.0       9.2      18.4      1.16      2.00     33.50  -9999.00
     1   2005    193   11100.0      12.1      20.6      1.41      2.00     11.60  -9999.00
     1   2005    194    7900.0      14.0      23.7      1.60      2.00      0.50  -9999.00
     1   2005    195   22500.0      12.8      20.0      1.48      2.00      0.00  -9999.00
     1   2005    196   10700.0      12.3      21.3      1.43      2.00      0.20  -9999.00
     1   2005    197   15200.0      12.7      18.2      1.47      2.00      2.10  -9999.00
     1   2005    198   28800.0      14.4      20.2      1.64      2.00      0.00  -9999.00
     1   2005    199   16700.0      14.3      17.3      1.63      2.00      8.80  -9999.00
     1   2005    200   10600.0      14.7      15.1      1.67      2.00      1.10  -9999.00
     1   2005    201    9300.0      12.9      15.1      1.49      2.00      0.30  -9999.00
     1   2005    202   12700.0      13.0      18.6      1.50      2.00      0.90  -9999.00
     1   2005    203   19000.0      13.8      20.6      1.58      2.00      0.90  -9999.00
     1   2005    204   18100.0      15.7      20.8      1.78      2.00      6.40  -9999.00
     1   2005    205   10100.0      14.7      19.2      1.67      2.00      0.00  -9999.00
     1   2005    206   15100.0      12.7      29.0      1.47      2.00      0.00  -9999.00
     1   2005    207    9900.0      12.5      17.8      1.45      2.00      0.10  -9999.00
     1   2005    208   18900.0      11.4      30.1      1.35      2.00      0.00  -9999.00
     1   2005    209   15200.0      14.1      21.5      1.61      2.00      0.00  -9999.00
     1   2005    210   27500.0      16.2      18.5      1.84      2.00      0.00  -9999.00
     1   2005    211   17200.0      13.2      24.0      1.52      2.00      0.00  -9999.00
     1   2005    212   16700.0      10.8      19.6      1.29      2.00      0.00  -9999.00
     1   2005    213   10000.0      13.2      18.0      1.52      2.00      3.20  -9999.00
     1   2005    214    8500.0      13.9      15.3      1.59      2.00      0.50  -9999.00
     1   2005    215   21600.0      14.1      21.0      1.61      2.00      6.40  -9999.00
     1   2005    216   11400.0      15.0      18.1      1.70      2.00      0.80  -9999.00
     1   2005    217   26400.0      15.5      24.3      1.76      2.00      0.00  -9999.00
     1   2005    218   15500.0      13.7      20.5      1.57      2.00      0.20  -9999.00
     1   2005    219   24200.0      16.8      19.0      1.91      2.00      0.00  -9999.00
     1   2005    220   15800.0      17.2      19.2      1.96      2.00      0.00  -9999.00
     1   2005    221    7300.0      10.7      18.0      1.29      2.00      0.00  -9999.00
     1   2005    222   18300.0      16.0      18.2      1.82      2.00      0.00  -9999.00
     1   2005    223   13000.0      14.3      20.7      1.63      2.00      0.00  -9999.00
     1   2005    224   15900.0      14.2      23.6      1.62      2.00      0.00  -9999.00
     1   2005    225   19300.0      11.9      22.6      1.39      2.00      0.00  -9999.00
     1   2005    226   16800.0      14.2      22.6      1.62      2.00      0.00  -9999.00
     1   2005    227   14800.0      10.8      22.6      1.29      2.00      0.00  -9999.00
     1   2005    228   12600.0      13.9      15.6      1.59      2.00      0.20  -9999.00
     1   2005    229   23100.0      14.4      22.9      1.64      2.00      1.90  -9999.00
     1   2005    230    6100.0      16.3      23.1      1.85      2.00      3.60  -9999.00
     1   2005    231   18700.0      10.8      17.5      1.29      2.00      3.50  -9999.00
     1   2005    232   10300.0      15.3      21.6      1.74      2.00      0.00  -9999.00
     1   2005    233   23300.0      10.6      19.1      1.28      2.00      0.00  -9999.00
     1   2005    234   20100.0      15.2      19.4      1.73      2.00      0.00  -9999.00
     1   2005    235    4900.0      16.0      22.4      1.82      2.00      8.00  -9999.00
     1   2005    236    6200.0      14.9      17.8      1.69      2.00     15.00  -9999.00
     1   2005    237   10000.0      14.1      18.7      1.61      2.00      0.50  -9999.00
     1   2005    238   13300.0      14.9      16.7      1.69      2.00      9.70  -9999.00
     1   2005    239   14800.0      11.5      15.6      1.36      2.00      0.00  -9999.00
     1   2005    240   12900.0      11.1      20.1      1.32      2.00     16.60  -9999.00
     1   2005    241   16600.0      17.1      23.3      1.95      2.00      0.00  -9999.00
     1   2005    242   15900.0      12.4      16.8      1.44      2.00      0.80  -9999.00
     1   2005    243   11100.0       6.8      17.3      0.99      2.00      0.10  -9999.00
     1   2005    244   15000.0      12.9      18.4      1.49      2.00      2.30  -9999.00
     1   2005    245   17500.0       6.6      23.0      0.97      2.00      0.00  -9999.00
     1   2005    246   18500.0      13.2      18.9      1.52      2.00      4.60  -9999.00
     1   2005    247   12900.0      12.9      18.8      1.49      2.00      0.20  -9999.00
     1   2005    248    7300.0       8.9      16.7      1.14      2.00      0.70  -9999.00
     1   2005    249    8900.0      11.6      17.9      1.37      2.00      0.60  -9999.00
     1   2005    250   15800.0      10.7      18.6      1.29      2.00      1.30  -9999.00
     1   2005    251    8400.0       8.6      18.0      1.12      2.00      0.00  -9999.00
     1   2005    252    9200.0      13.5      17.4      1.55      2.00      1.70  -9999.00
     1   2005    253   15400.0      11.9      17.1      1.39      2.00      0.00  -9999.00
     1   2005    254    7100.0      14.1      17.3      1.61      2.00      0.00  -9999.00
     1   2005    255   10200.0      15.1      16.4      1.72      2.00      0.10  -9999.00
     1   2005    256   13400.0      12.3      15.8      1.43      2.00      0.00  -9999.00
     1   2005    257    5800.0      15.0      17.0      1.70      2.00      5.00  -9999.00
     1   2005    258    8800.0      11.9      15.2      1.39      2.00      1.10  -9999.00
     1   2005    259   12400.0      12.5      15.3      1.45      2.00      5.80  -9999.00
     1   2005    260   11600.0      13.4      17.3      1.54      2.00      0.00  -9999.00
     1   2005    261   13600.0       3.1      18.4      0.76      2.00      0.00  -9999.00
     1   2005    262   10900.0       4.5      16.1      0.84      2.00      0.00  -9999.00
     1   2005    263   10800.0      13.9      19.7      1.59      2.00      0.10  -9999.00
     1   2005    264   13600.0      10.2      16.9      1.24      2.00      2.80  -9999.00
     1   2005    265    6300.0       7.1      18.5      1.01      2.00      6.70  -9999.00
     1   2005    266    9600.0      12.1      16.1      1.41      2.00      0.70  -9999.00
     1   2005    267    8800.0       9.8      16.2      1.21      2.00     20.20  -9999.00
     1   2005    268    6000.0       9.1      19.0      1.16      2.00      0.10  -9999.00
     1   2005    269    6400.0       6.5      12.8      0.97      2.00      0.70  -9999.00
     1   2005    270    4600.0      13.7      18.2      1.57      2.00      0.40  -9999.00
     1   2005    271    9600.0      14.2      18.7      1.62      2.00      1.20  -9999.00
     1   2005    272    6900.0      13.0      16.0      1.50      2.00     24.60  -9999.00
     1   2005    273    5900.0      15.3      16.4      1.74      2.00      0.00  -9999.00
     1   2005    274    5200.0       8.1      15.5      1.08      2.00      0.00  -9999.00
     1   2005    275    6700.0       9.3      15.4      1.17      2.00      0.00  -9999.00
     1   2005    276   11200.0       2.5      13.2      0.73      2.00      0.00  -9999.00
     1   2005    277   13400.0       6.1      10.8      0.94      2.00      0.00  -9999.00
     1   2005    278    7700.0       4.2      12.1      0.82      2.00      0.00  -9999.00
     1   2005    279   13000.0      10.4      12.4      1.26      2.00      0.00  -9999.00
     1   2005    280    9700.0       7.5      14.9      1.04      2.00      1.20  -9999.00
     1   2005    281   10700.0       9.8      18.7      1.21      2.00      0.00  -9999.00
     1   2005    282    9500.0       8.4      12.5      1.10      2.00      0.00  -9999.00
     1   2005    283    3200.0       9.2      15.5      1.16      2.00      4.80  -9999.00
     1   2005    284    1800.0       8.2      15.9      1.09      2.00     12.20  -9999.00
     1   2005    285    2900.0       8.4      13.0      1.10      2.00     10.00  -9999.00
     1   2005    286    7400.0      11.4      18.4      1.35      2.00      0.10  -9999.00
     1   2005    287   11400.0       9.6      11.6      1.20      2.00      0.00  -9999.00
     1   2005    288    6700.0      11.4      12.5      1.35      2.00      0.00  -9999.00
     1   2005    289    4300.0       6.7      10.2      0.98      2.00      0.00  -9999.00
     1   2005    290    3000.0       8.9      10.4      1.14      2.00      0.00  -9999.00
     1   2005    291    8400.0       9.4      12.0      1.18      2.00      0.80  -9999.00
     1   2005    292    5600.0       8.4      12.1      1.10      2.00      0.10  -9999.00
     1   2005    293    7000.0      13.2      15.2      1.52      2.00      1.80  -9999.00
     1   2005    294    7800.0       7.0      11.0      1.00      2.00     17.60  -9999.00
     1   2005    295    5300.0       9.1      14.3      1.16      2.00      0.00  -9999.00
     1   2005    296    3900.0       5.6      14.3      0.91      2.00      0.50  -9999.00
     1   2005    297    3300.0       6.7      14.3      0.98      2.00     20.10  -9999.00
     1   2005    298    3300.0       7.5       9.5      1.04      2.00      0.00  -9999.00
     1   2005    299    5100.0       5.2      11.7      0.88      2.00      2.40  -9999.00
     1   2005    300    2600.0       6.7      15.1      0.98      2.00      4.20  -9999.00
     1   2005    301    3400.0       8.1      14.1      1.08      2.00      3.50  -9999.00
     1   2005    302    3000.0       6.8      14.5      0.99      2.00      1.10  -9999.00
     1   2005    303    8500.0       6.6      13.1      0.97      2.00      0.00  -9999.00
     1   2005    304    6000.0       3.1      10.9      0.76      2.00      2.40  -9999.00
     1   2005    305    5300.0      11.3      14.5      1.34      2.00      1.20  -9999.00
     1   2005    306    5500.0      12.2      14.2      1.42      2.00      5.00  -9999.00
     1   2005    307    4200.0       1.9      14.5      0.70      2.00      9.70  -9999.00
     1   2005    308    2900.0       8.2      10.2      1.09      2.00      0.40  -9999.00
     1   2005    309    6900.0       9.5      11.0      1.19      2.00      1.50  -9999.00
     1   2005    310    2300.0       1.7      14.0      0.69      2.00      4.90  -9999.00
     1   2005    311    3500.0       3.0      14.0      0.76      2.00      4.20  -9999.00
     1   2005    312    5000.0       3.8      13.9      0.80      2.00      0.00  -9999.00
     1   2005    313    6100.0       3.2      12.8      0.77      2.00      0.20  -9999.00
     1   2005    314    3400.0       7.7       9.7      1.05      2.00      0.00  -9999.00
     1   2005    315    2700.0       9.7      11.7      1.20      2.00      4.70  -9999.00
     1   2005    316    2200.0       5.4       8.8      0.90      2.00      0.50  -9999.00
     1   2005    317    4000.0       4.7       6.7      0.85      2.00      8.00  -9999.00
     1   2005    318    6500.0      -1.7      11.1      0.54      2.00      0.00  -9999.00
     1   2005    319    1600.0       8.1       9.6      1.08      2.00      3.00  -9999.00
     1   2005    320    2400.0       4.4      10.4      0.84      2.00      0.50  -9999.00
     1   2005    321    2000.0       9.3       9.6      1.17      2.00      0.40  -9999.00
     1   2005    322    2600.0       5.5      13.0      0.90      2.00      0.30  -9999.00
     1   2005    323    2100.0       7.6       9.6      1.04      2.00      1.80  -9999.00
     1   2005    324    5200.0       5.4       7.4      0.90      2.00      0.00  -9999.00
     1   2005    325    2200.0       8.3      10.3      1.09      2.00      0.00  -9999.00
     1   2005    326    2800.0       1.3       8.5      0.67      2.00      0.00  -9999.00
     1   2005    327     800.0       5.6      10.5      0.91      2.00      2.90  -9999.00
     1   2005    328    2800.0       3.8      13.8      0.80      2.00      0.20  -9999.00
     1   2005    329    4000.0       1.0      12.7      0.66      2.00      4.10  -9999.00
     1   2005    330    2600.0       9.3      11.2      1.17      2.00      0.80  -9999.00
     1   2005    331     800.0       9.5      11.6      1.19      2.00      0.30  -9999.00
     1   2005    332    2400.0      -0.4      12.0      0.59      2.00      2.40  -9999.00
     1   2005    333    1800.0       9.8      11.3      1.21      2.00      3.70  -9999.00
     1   2005    334    2400.0       2.4       4.4      0.73      2.00      0.00  -9999.00
     1   2005    335    5000.0       2.8       4.8      0.75      2.00      0.00  -9999.00
     1   2005    336    1500.0       8.2       9.7      1.09      2.00      0.60  -9999.00
     1   2005    337    2100.0       1.5       4.9      0.68      2.00      0.00  -9999.00
     1   2005    338    2000.0       7.5       9.5      1.04      2.00      1.80  -9999.00
     1   2005    339    3400.0       4.6       6.6      0.85      2.00      0.00  -9999.00
     1   2005    340    2800.0       6.4      10.8      0.96      2.00     10.40  -9999.00
     1   2005    341     700.0       5.7      12.9      0.92      2.00      0.80  -9999.00
     1   2005    342    1400.0       7.4       8.0      1.03      2.00      0.00  -9999.00
     1   2005    343     700.0       4.7      10.2      0.85      2.00      0.10  -9999.00
     1   2005    344    2700.0       7.9      11.0      1.07      2.00      0.00  -9999.00
     1   2005    345    2200.0       8.6      10.1      1.12      2.00      1.80  -9999.00
     1   2005    346    1200.0       3.2      11.2      0.77      2.00      8.50  -9999.00
     1   2005    347    2200.0       6.1       8.1      0.94      2.00      0.10  -9999.00
     1   2005    348     700.0      -1.7      10.5      0.54      2.00      0.00  -9999.00
     1   2005    349    1400.0      -1.2       6.3      0.56      2.00      7.90  -9999.00
     1   2005    350    2900.0       7.3      11.1      1.02      2.00      0.00  -9999.00
     1   2005    351    3800.0       0.2       9.0      0.62      2.00      0.00  -9999.00
     1   2005    352    2100.0       7.8       9.4      1.06      2.00      1.50  -9999.00
     1   2005    353    4200.0      -1.7       3.3      0.54      2.00      0.00  -9999.00
     1   2005    354    1400.0       1.5       5.8      0.68      2.00      0.10  -9999.00
     1   2005    355     700.0       7.4       9.9      1.03      2.00      0.60  -9999.00
     1   2005    356    1300.0       9.6      11.6      1.20      2.00      7.80  -9999.00
     1   2005    357    1400.0       7.5       9.5      1.04      2.00      0.10  -9999.00
     1   2005    358    3900.0       6.5      11.4      0.97      2.00      0.10  -9999.00
     1   2005    359     700.0       5.6      10.8      0.91      2.00      3.70  -9999.00
     1   2005    360    2100.0       5.7       9.8      0.92      2.00     10.90  -9999.00
     1   2005    361     700.0       0.4       6.5      0.63      2.00      7.00  -9999.00
     1   2005    362    3400.0      -3.2       4.1      0.48      2.00      0.80  -9999.00
     1   2005    363    3400.0       2.4      10.8      0.73      2.00      3.20  -9999.00
     1   2005    364    2000.0      -3.1       7.2      0.49      2.00     15.70  -9999.00
     1   2005    365    1900.0       7.2       9.2      1.02      2.00     10.90  -9999.00
