*-----------------------------------------------------------------------------* 
           CNWG_235.met           51.48   -3.55   69.72
* Date created:  08-Aug-2019     Author: K Coleman 
* 
* NIL VALUE       -9999 
* Source:   data provided by M. Semenov 
*  
* Latitude:    51.48 Longitude:    -3.55 Altitude:    69.72
* 
* Column  Daily value 
* 1       station number 
* 2       year 
* 3       day 
* 4       irradiation                   (kJ m-2 d-1) 
* 5       minimum temperature           (degrees Celsius) 
* 6       maximum temperature           (degrees Celsius) 
* 7       early morning vapour pressure (kPa)             
* 8       mean wind speed (height: 2 m?) (m s-1)          
* 9       precipitation                 (mm d-1)          
* 10      sunshine                      (hrs)             
 		Jday	RAD	    TMIN	TMAX	 VAP	wind	RAIN	SUN  
               kj/m2	°C	    °C	     kPa	m/s	    mm	    hrs 
   51.48  69.72
     1   2005      1    2100.0       5.0       7.0      0.87      2.00      0.00  -9999.00
     1   2005      2    1600.0       5.9       7.9      0.93      2.00      2.40  -9999.00
     1   2005      3     800.0       6.8       8.8      0.99      2.00     10.50  -9999.00
     1   2005      4    1500.0       7.0       9.2      1.00      2.00      5.30  -9999.00
     1   2005      5    3700.0       4.1       8.2      0.82      2.00      0.00  -9999.00
     1   2005      6    1800.0       3.2       9.0      0.77      2.00      3.20  -9999.00
     1   2005      7     700.0       1.5       7.6      0.68      2.00      0.00  -9999.00
     1   2005      8    2200.0       4.4      10.5      0.84      2.00      0.20  -9999.00
     1   2005      9    2100.0       1.6      11.4      0.69      2.00      2.90  -9999.00
     1   2005     10    2100.0       3.1       5.1      0.76      2.00      1.30  -9999.00
     1   2005     11    1700.0      -0.8       6.1      0.58      2.00      0.00  -9999.00
     1   2005     12    1700.0       8.6      11.4      1.12      2.00      2.80  -9999.00
     1   2005     13    1600.0       8.6      10.9      1.12      2.00      1.00  -9999.00
     1   2005     14    1100.0      -6.0       0.1      0.39      2.00      8.80  -9999.00
     1   2005     15    1800.0       1.8      10.9      0.70      2.00      0.00  -9999.00
     1   2005     16    3100.0      -0.2       7.4      0.60      2.00      0.00  -9999.00
     1   2005     17    3000.0       4.5       7.2      0.84      2.00      0.00  -9999.00
     1   2005     18    2100.0       0.7      10.4      0.64      2.00      9.00  -9999.00
     1   2005     19    2000.0       4.9       6.9      0.87      2.00     12.30  -9999.00
     1   2005     20    1000.0       8.9      13.5      1.14      2.00     19.70  -9999.00
     1   2005     21    1700.0       0.0       9.2      0.61      2.00     13.20  -9999.00
     1   2005     22    4200.0       2.6       4.6      0.74      2.00      0.00  -9999.00
     1   2005     23    3800.0       6.7       8.7      0.98      2.00      0.00  -9999.00
     1   2005     24    2100.0       3.2       5.2      0.77      2.00      0.00  -9999.00
     1   2005     25    3400.0      -1.1       6.2      0.56      2.00      0.00  -9999.00
     1   2005     26    4000.0      -0.3       6.9      0.60      2.00      0.00  -9999.00
     1   2005     27    4200.0      -0.2      11.9      0.60      2.00     16.90  -9999.00
     1   2005     28    1000.0       7.0       9.0      1.00      2.00      2.80  -9999.00
     1   2005     29    2800.0       0.4       2.4      0.63      2.00      3.30  -9999.00
     1   2005     30    2400.0       8.5      12.2      1.11      2.00      3.60  -9999.00
     1   2005     31    3100.0       7.8       8.9      1.06      2.00     15.00  -9999.00
     1   2005     32    5300.0       0.3       7.6      0.62      2.00      0.30  -9999.00
     1   2005     33    4900.0       2.1       4.1      0.71      2.00     11.10  -9999.00
     1   2005     34    5600.0      -0.7       6.5      0.58      2.00      0.60  -9999.00
     1   2005     35    2200.0       3.0       7.1      0.76      2.00      0.60  -9999.00
     1   2005     36    4200.0      -2.1      10.1      0.52      2.00      0.00  -9999.00
     1   2005     37    6700.0      -6.1       5.9      0.39      2.00      0.00  -9999.00
     1   2005     38    3700.0       4.8       9.1      0.86      2.00      2.20  -9999.00
     1   2005     39    4800.0       7.0      10.2      1.00      2.00      1.00  -9999.00
     1   2005     40    5400.0      -1.5       6.5      0.55      2.00      0.00  -9999.00
     1   2005     41    2700.0      -2.7       2.0      0.50      2.00      0.00  -9999.00
     1   2005     42    1300.0       7.9       9.0      1.07      2.00      0.00  -9999.00
     1   2005     43    4500.0       6.3       8.6      0.95      2.00      2.40  -9999.00
     1   2005     44    5300.0       6.3       9.6      0.95      2.00      0.00  -9999.00
     1   2005     45    5400.0       5.7       7.6      0.92      2.00      4.80  -9999.00
     1   2005     46    2500.0       2.6       7.8      0.74      2.00      8.10  -9999.00
     1   2005     47    5500.0       3.6       9.4      0.79      2.00      0.30  -9999.00
     1   2005     48    4500.0       6.0       8.0      0.93      2.00      0.30  -9999.00
     1   2005     49    3400.0      -1.3       9.8      0.56      2.00      2.00  -9999.00
     1   2005     50    5900.0       5.3       6.1      0.89      2.00      0.00  -9999.00
     1   2005     51    4300.0       2.6       3.4      0.74      2.00      0.00  -9999.00
     1   2005     52    6700.0       3.6       4.1      0.79      2.00      7.20  -9999.00
     1   2005     53    4100.0       2.4       9.6      0.73      2.00      0.00  -9999.00
     1   2005     54    2600.0       5.8       9.1      0.92      2.00      0.70  -9999.00
     1   2005     55    3800.0       6.3       7.6      0.95      2.00      0.30  -9999.00
     1   2005     56    5100.0       1.6       6.2      0.69      2.00      0.20  -9999.00
     1   2005     57    8500.0       1.4      10.0      0.68      2.00      2.90  -9999.00
     1   2005     58    3200.0       3.8       6.8      0.80      2.00     10.20  -9999.00
     1   2005     59    6400.0       4.2      11.0      0.82      2.00      0.00  -9999.00
     1   2005     60    9300.0       3.3       5.3      0.77      2.00      0.00  -9999.00
     1   2005     61   12100.0       5.0      10.0      0.87      2.00      0.00  -9999.00
     1   2005     62    5400.0       7.3       8.3      1.02      2.00      3.20  -9999.00
     1   2005     63    6300.0       6.8       9.7      0.99      2.00      0.50  -9999.00
     1   2005     64    4400.0       4.8      10.7      0.86      2.00      0.10  -9999.00
     1   2005     65    6000.0       7.5       8.0      1.04      2.00      1.10  -9999.00
     1   2005     66    9900.0       1.8      11.2      0.70      2.00      0.00  -9999.00
     1   2005     67   11200.0       6.7      11.9      0.98      2.00      0.00  -9999.00
     1   2005     68   13600.0       1.4       7.2      0.68      2.00      0.00  -9999.00
     1   2005     69    6500.0       3.9      10.6      0.81      2.00      4.00  -9999.00
     1   2005     70    5800.0       4.2       9.0      0.82      2.00      0.00  -9999.00
     1   2005     71   12200.0       0.1      11.7      0.62      2.00      0.00  -9999.00
     1   2005     72   12700.0       3.8      10.6      0.80      2.00      0.00  -9999.00
     1   2005     73    7900.0       3.8       8.4      0.80      2.00      0.00  -9999.00
     1   2005     74    9900.0       3.3       7.9      0.77      2.00      0.30  -9999.00
     1   2005     75    7500.0      -2.1       9.1      0.52      2.00      0.00  -9999.00
     1   2005     76    4300.0       5.9      10.9      0.93      2.00      0.00  -9999.00
     1   2005     77   15200.0       5.8      11.6      0.92      2.00     10.60  -9999.00
     1   2005     78    5300.0       6.1       9.0      0.94      2.00      0.00  -9999.00
     1   2005     79    2400.0       8.7      10.7      1.12      2.00      8.10  -9999.00
     1   2005     80   11200.0       7.6      11.3      1.04      2.00      0.00  -9999.00
     1   2005     81    8100.0       3.0      11.8      0.76      2.00      0.00  -9999.00
     1   2005     82    8000.0       4.8       6.8      0.86      2.00      4.50  -9999.00
     1   2005     83    6000.0      -0.4      10.4      0.59      2.00      0.30  -9999.00
     1   2005     84    8600.0      10.3      10.7      1.25      2.00      4.80  -9999.00
     1   2005     85    9400.0       6.1      11.0      0.94      2.00      4.00  -9999.00
     1   2005     86    6200.0       4.5      11.7      0.84      2.00      5.60  -9999.00
     1   2005     87    6700.0       3.6      10.8      0.79      2.00      0.40  -9999.00
     1   2005     88   12600.0       3.1      11.4      0.76      2.00      4.60  -9999.00
     1   2005     89    9100.0       7.4      12.4      1.03      2.00      0.40  -9999.00
     1   2005     90   10700.0       0.7      10.3      0.64      2.00      0.30  -9999.00
     1   2005     91    5900.0       2.1      12.7      0.71      2.00      2.00  -9999.00
     1   2005     92    6800.0       4.3       6.3      0.83      2.00      3.00  -9999.00
     1   2005     93   14500.0       1.5       8.1      0.68      2.00      0.00  -9999.00
     1   2005     94   18700.0       0.2       6.4      0.62      2.00      0.00  -9999.00
     1   2005     95    6900.0       2.5       9.4      0.73      2.00      2.40  -9999.00
     1   2005     96   19500.0       1.8      19.9      0.70      2.00      0.00  -9999.00
     1   2005     97    7800.0       0.9      10.4      0.65      2.00      8.00  -9999.00
     1   2005     98   15700.0       6.1      11.8      0.94      2.00      3.10  -9999.00
     1   2005     99   15900.0       0.5       8.8      0.63      2.00      1.40  -9999.00
     1   2005    100    8800.0       9.0      13.3      1.15      2.00     12.60  -9999.00
     1   2005    101   11800.0       5.6      11.0      0.91      2.00      5.00  -9999.00
     1   2005    102   16600.0       5.2       9.4      0.88      2.00      0.30  -9999.00
     1   2005    103    3900.0       5.3      18.4      0.89      2.00      0.00  -9999.00
     1   2005    104   11600.0       6.2       8.2      0.95      2.00      2.20  -9999.00
     1   2005    105   11000.0       0.3      11.3      0.62      2.00      0.30  -9999.00
     1   2005    106    5800.0      -0.5      11.1      0.59      2.00      2.60  -9999.00
     1   2005    107   14000.0       5.7      12.6      0.92      2.00      0.00  -9999.00
     1   2005    108   16900.0       4.0      10.7      0.81      2.00      2.10  -9999.00
     1   2005    109   18900.0       6.7      13.2      0.98      2.00      2.10  -9999.00
     1   2005    110    7800.0       1.8      11.5      0.70      2.00      0.60  -9999.00
     1   2005    111    7400.0       5.1      11.8      0.88      2.00      0.30  -9999.00
     1   2005    112   13500.0       5.7      10.8      0.92      2.00      0.80  -9999.00
     1   2005    113   12400.0       3.5      10.0      0.78      2.00      2.30  -9999.00
     1   2005    114   15100.0      -1.3      17.5      0.56      2.00      0.00  -9999.00
     1   2005    115    5100.0       6.4      11.1      0.96      2.00      0.00  -9999.00
     1   2005    116   21800.0       5.9      12.6      0.93      2.00      0.00  -9999.00
     1   2005    117   10800.0       9.3      12.4      1.17      2.00     10.40  -9999.00
     1   2005    118   15800.0       6.2      10.6      0.95      2.00      1.10  -9999.00
     1   2005    119    9200.0       5.7      12.4      0.92      2.00      0.80  -9999.00
     1   2005    120   12400.0       9.5      11.8      1.19      2.00     13.00  -9999.00
     1   2005    121    7300.0       9.4      12.4      1.18      2.00      5.70  -9999.00
     1   2005    122   12500.0      10.6      12.3      1.28      2.00      2.80  -9999.00
     1   2005    123    7200.0       8.4      15.0      1.10      2.00      1.40  -9999.00
     1   2005    124    9300.0       7.3      15.4      1.02      2.00      1.80  -9999.00
     1   2005    125   19500.0       7.3      11.1      1.02      2.00      0.00  -9999.00
     1   2005    126   11300.0       5.5      13.0      0.90      2.00      0.90  -9999.00
     1   2005    127   24800.0       3.5      13.2      0.78      2.00      0.00  -9999.00
     1   2005    128   23600.0       7.2      17.7      1.02      2.00      0.00  -9999.00
     1   2005    129    3900.0      10.7      12.7      1.29      2.00      2.30  -9999.00
     1   2005    130    9800.0       8.2      13.4      1.09      2.00      0.10  -9999.00
     1   2005    131   15500.0       9.7      10.8      1.20      2.00      0.10  -9999.00
     1   2005    132   17400.0       3.5      13.8      0.78      2.00      4.50  -9999.00
     1   2005    133   17300.0       6.9      19.4      0.99      2.00      0.00  -9999.00
     1   2005    134   24000.0       3.0      15.5      0.76      2.00      0.00  -9999.00
     1   2005    135   24700.0       7.8      21.7      1.06      2.00      2.70  -9999.00
     1   2005    136   11800.0       5.9      13.1      0.93      2.00      0.50  -9999.00
     1   2005    137   17500.0      11.5      17.4      1.36      2.00      0.00  -9999.00
     1   2005    138   26700.0       8.4      15.4      1.10      2.00      0.00  -9999.00
     1   2005    139    9000.0       3.8      16.2      0.80      2.00      0.00  -9999.00
     1   2005    140   22500.0       4.3      15.7      0.83      2.00      0.00  -9999.00
     1   2005    141   16500.0      10.9      18.5      1.30      2.00      5.60  -9999.00
     1   2005    142   16100.0      11.1      15.9      1.32      2.00      1.90  -9999.00
     1   2005    143    8900.0      11.6      16.6      1.37      2.00      0.40  -9999.00
     1   2005    144   14200.0      11.4      20.7      1.35      2.00      0.00  -9999.00
     1   2005    145   14500.0      13.0      14.5      1.50      2.00      2.30  -9999.00
     1   2005    146   15300.0       8.1      16.3      1.08      2.00      3.10  -9999.00
     1   2005    147   24100.0       9.5      14.5      1.19      2.00      0.00  -9999.00
     1   2005    148   22500.0       4.6      15.9      0.85      2.00      0.50  -9999.00
     1   2005    149   13700.0       9.2      10.8      1.16      2.00     23.40  -9999.00
     1   2005    150   12300.0      10.9      18.6      1.30      2.00      0.10  -9999.00
     1   2005    151   10700.0       9.0      22.5      1.15      2.00      0.00  -9999.00
     1   2005    152   17000.0      14.1      14.9      1.61      2.00      0.00  -9999.00
     1   2005    153   29700.0       9.7      14.3      1.20      2.00      0.00  -9999.00
     1   2005    154   29800.0       7.7      14.3      1.05      2.00      0.00  -9999.00
     1   2005    155   24400.0       6.2      15.9      0.95      2.00      0.00  -9999.00
     1   2005    156   15900.0       6.6      23.6      0.97      2.00      0.00  -9999.00
     1   2005    157   26900.0      11.9      16.7      1.39      2.00      0.00  -9999.00
     1   2005    158   17500.0       7.4      17.1      1.03      2.00      0.00  -9999.00
     1   2005    159   11600.0      15.2      16.6      1.73      2.00      0.00  -9999.00
     1   2005    160   18600.0       8.4      15.6      1.10      2.00      0.00  -9999.00
     1   2005    161   24500.0       9.4      18.0      1.18      2.00      0.00  -9999.00
     1   2005    162   26600.0      11.8      19.6      1.38      2.00      0.00  -9999.00
     1   2005    163   24500.0      10.2      17.5      1.24      2.00      0.00  -9999.00
     1   2005    164   23200.0      13.3      19.2      1.53      2.00      0.00  -9999.00
     1   2005    165    9600.0      10.3      23.9      1.25      2.00      0.10  -9999.00
     1   2005    166   11500.0       4.6      17.7      0.85      2.00      0.00  -9999.00
     1   2005    167   18300.0      10.1      16.6      1.24      2.00      0.00  -9999.00
     1   2005    168   11300.0       9.5      22.2      1.19      2.00      0.00  -9999.00
     1   2005    169   17200.0      12.2      24.2      1.42      2.00      0.00  -9999.00
     1   2005    170   25100.0      11.5      17.9      1.36      2.00      0.00  -9999.00
     1   2005    171   16900.0       8.7      17.2      1.12      2.00      0.00  -9999.00
     1   2005    172   12700.0       8.7      23.6      1.12      2.00      0.00  -9999.00
     1   2005    173   14500.0      11.9      21.2      1.39      2.00      0.00  -9999.00
     1   2005    174   12600.0       9.3      16.9      1.17      2.00      0.00  -9999.00
     1   2005    175   18800.0      10.7      18.9      1.29      2.00      0.00  -9999.00
     1   2005    176   30400.0      13.8      19.0      1.58      2.00      0.00  -9999.00
     1   2005    177   20500.0      12.2      16.1      1.42      2.00      0.00  -9999.00
     1   2005    178   19100.0      14.3      22.1      1.63      2.00      0.00  -9999.00
     1   2005    179   21700.0      12.7      16.3      1.47      2.00      0.00  -9999.00
     1   2005    180   30300.0      14.3      23.7      1.63      2.00      0.00  -9999.00
     1   2005    181   30300.0      14.5      17.2      1.65      2.00      0.00  -9999.00
     1   2005    182   18800.0      14.6      16.2      1.66      2.00      1.60  -9999.00
     1   2005    183    8700.0      13.9      14.8      1.59      2.00      1.30  -9999.00
     1   2005    184   13200.0      11.8      16.0      1.38      2.00     16.10  -9999.00
     1   2005    185   27700.0       9.5      23.3      1.19      2.00      0.00  -9999.00
     1   2005    186   19900.0      11.2      21.6      1.33      2.00      0.00  -9999.00
     1   2005    187   19200.0      14.1      17.8      1.61      2.00      0.10  -9999.00
     1   2005    188   12300.0      16.2      19.5      1.84      2.00      2.10  -9999.00
     1   2005    189   13800.0      12.4      24.5      1.44      2.00      3.90  -9999.00
     1   2005    190   11300.0      14.9      16.4      1.69      2.00     31.60  -9999.00
     1   2005    191   20000.0      16.5      20.9      1.88      2.00      0.10  -9999.00
     1   2005    192   17500.0      16.4      24.3      1.86      2.00      1.10  -9999.00
     1   2005    193   23100.0      12.5      18.0      1.45      2.00      0.00  -9999.00
     1   2005    194   24300.0      12.2      23.9      1.42      2.00      0.00  -9999.00
     1   2005    195   22900.0      12.8      20.0      1.48      2.00      0.00  -9999.00
     1   2005    196   21900.0      15.2      22.1      1.73      2.00      0.00  -9999.00
     1   2005    197   22800.0      12.7      21.8      1.47      2.00      0.00  -9999.00
     1   2005    198   27700.0      11.9      19.3      1.39      2.00      0.00  -9999.00
     1   2005    199   18700.0      11.8      16.4      1.38      2.00      4.70  -9999.00
     1   2005    200   11000.0      14.3      18.9      1.63      2.00      0.40  -9999.00
     1   2005    201    4400.0      11.1      24.3      1.32      2.00      1.50  -9999.00
     1   2005    202   16400.0      12.6      18.9      1.46      2.00      0.40  -9999.00
     1   2005    203   12400.0      12.8      20.6      1.48      2.00      4.70  -9999.00
     1   2005    204   28300.0      13.9      18.0      1.59      2.00      0.00  -9999.00
     1   2005    205   25300.0      15.8      20.7      1.79      2.00      0.00  -9999.00
     1   2005    206   23300.0      13.7      21.0      1.57      2.00      0.00  -9999.00
     1   2005    207   26500.0       9.3      18.4      1.17      2.00      0.00  -9999.00
     1   2005    208   23200.0      14.1      18.3      1.61      2.00      0.00  -9999.00
     1   2005    209   15300.0      14.2      17.8      1.62      2.00      0.80  -9999.00
     1   2005    210    4000.0      14.6      20.7      1.66      2.00      4.50  -9999.00
     1   2005    211   12000.0      10.7      18.0      1.29      2.00      4.10  -9999.00
     1   2005    212   13900.0      16.2      19.6      1.84      2.00      2.50  -9999.00
     1   2005    213   18300.0      13.8      25.5      1.58      2.00      0.00  -9999.00
     1   2005    214   22500.0      14.5      18.8      1.65      2.00      0.00  -9999.00
     1   2005    215   25700.0      12.8      22.0      1.48      2.00      0.00  -9999.00
     1   2005    216   25500.0      12.0      22.4      1.40      2.00      0.00  -9999.00
     1   2005    217   22700.0       8.1      19.0      1.08      2.00      0.00  -9999.00
     1   2005    218   14900.0      12.2      19.7      1.42      2.00      0.10  -9999.00
     1   2005    219   18100.0      12.4      19.1      1.44      2.00      0.00  -9999.00
     1   2005    220   25900.0      16.3      18.0      1.85      2.00      0.00  -9999.00
     1   2005    221   15400.0      14.3      21.2      1.63      2.00      6.90  -9999.00
     1   2005    222    8400.0      15.5      22.2      1.76      2.00      2.80  -9999.00
     1   2005    223   23900.0      14.2      23.7      1.62      2.00      0.00  -9999.00
     1   2005    224   13500.0      15.6      22.3      1.77      2.00      0.00  -9999.00
     1   2005    225   17200.0      12.2      27.5      1.42      2.00      0.00  -9999.00
     1   2005    226   24700.0      14.4      18.9      1.64      2.00      0.00  -9999.00
     1   2005    227   15300.0       9.8      20.8      1.21      2.00      0.00  -9999.00
     1   2005    228   14600.0      10.8      20.5      1.29      2.00      0.00  -9999.00
     1   2005    229   17700.0      16.0      21.3      1.82      2.00     10.00  -9999.00
     1   2005    230    7800.0      13.8      21.6      1.58      2.00      4.70  -9999.00
     1   2005    231    7200.0       8.1      18.8      1.08      2.00      0.00  -9999.00
     1   2005    232   18300.0      14.2      23.4      1.62      2.00      0.00  -9999.00
     1   2005    233    8300.0      10.8      16.7      1.29      2.00      0.10  -9999.00
     1   2005    234   13800.0      15.0      16.9      1.70      2.00      3.00  -9999.00
     1   2005    235   14700.0      13.2      21.3      1.52      2.00      4.70  -9999.00
     1   2005    236   19700.0       9.7      23.4      1.20      2.00      0.00  -9999.00
     1   2005    237   13400.0      12.9      18.7      1.49      2.00      0.00  -9999.00
     1   2005    238    8900.0      10.9      18.9      1.30      2.00      0.00  -9999.00
     1   2005    239   17200.0      11.9      20.4      1.39      2.00      0.00  -9999.00
     1   2005    240    4200.0      13.0      15.6      1.50      2.00      9.30  -9999.00
     1   2005    241    6300.0      16.9      17.5      1.92      2.00      1.10  -9999.00
     1   2005    242    6800.0      13.0      19.1      1.50      2.00      6.50  -9999.00
     1   2005    243   19700.0      15.9      16.3      1.81      2.00      0.00  -9999.00
     1   2005    244   17000.0      10.2      23.9      1.24      2.00      0.00  -9999.00
     1   2005    245   20700.0       9.1      18.6      1.16      2.00      0.00  -9999.00
     1   2005    246   17800.0      14.4      17.1      1.64      2.00      0.00  -9999.00
     1   2005    247   20300.0      11.0      21.9      1.31      2.00      0.00  -9999.00
     1   2005    248   14000.0      15.5      22.3      1.76      2.00      0.00  -9999.00
     1   2005    249   14900.0      11.9      15.0      1.39      2.00      0.00  -9999.00
     1   2005    250   17000.0      13.0      17.5      1.50      2.00      0.00  -9999.00
     1   2005    251    6200.0      12.2      22.4      1.42      2.00      1.30  -9999.00
     1   2005    252    6300.0      12.0      15.0      1.40      2.00      5.50  -9999.00
     1   2005    253    4900.0      14.8      16.2      1.68      2.00     10.30  -9999.00
     1   2005    254    7200.0      14.2      16.6      1.62      2.00     19.50  -9999.00
     1   2005    255    8200.0       6.6      16.2      0.97      2.00      0.00  -9999.00
     1   2005    256   16200.0       9.2      15.3      1.16      2.00      0.00  -9999.00
     1   2005    257    9900.0       7.3      18.8      1.02      2.00     19.60  -9999.00
     1   2005    258   11200.0      10.6      15.0      1.28      2.00      0.40  -9999.00
     1   2005    259    9000.0      15.7      19.4      1.78      2.00     15.10  -9999.00
     1   2005    260    9900.0      11.8      15.4      1.38      2.00      0.00  -9999.00
     1   2005    261   14900.0       8.3      18.2      1.09      2.00      0.00  -9999.00
     1   2005    262    9500.0      11.4      14.2      1.35      2.00      9.50  -9999.00
     1   2005    263   12300.0       8.3      15.5      1.09      2.00      0.00  -9999.00
     1   2005    264   10700.0      12.5      17.0      1.45      2.00      4.20  -9999.00
     1   2005    265    9700.0      12.6      17.3      1.46      2.00     62.00  -9999.00
     1   2005    266   11400.0      10.0      16.7      1.23      2.00     46.90  -9999.00
     1   2005    267    6400.0      10.0      14.3      1.23      2.00      4.20  -9999.00
     1   2005    268   11800.0      11.3      16.6      1.34      2.00      0.60  -9999.00
     1   2005    269   10300.0      14.7      16.4      1.67      2.00      0.20  -9999.00
     1   2005    270   12900.0      12.9      15.8      1.49      2.00      0.30  -9999.00
     1   2005    271    5600.0      10.2      16.2      1.24      2.00      0.90  -9999.00
     1   2005    272   10300.0      13.0      13.7      1.50      2.00      0.10  -9999.00
     1   2005    273   12800.0      13.2      19.5      1.52      2.00     25.70  -9999.00
     1   2005    274    5600.0       6.5      13.4      0.97      2.00      2.60  -9999.00
     1   2005    275    6000.0       9.7      13.2      1.20      2.00      9.40  -9999.00
     1   2005    276    5500.0       8.8      17.8      1.13      2.00      0.00  -9999.00
     1   2005    277    6800.0       6.1      13.3      0.94      2.00     15.40  -9999.00
     1   2005    278   12200.0      12.1      12.9      1.41      2.00      0.00  -9999.00
     1   2005    279    7500.0      12.5      16.9      1.45      2.00      0.20  -9999.00
     1   2005    280    7900.0       9.3      16.8      1.17      2.00      8.80  -9999.00
     1   2005    281    8000.0      13.1      15.7      1.51      2.00      2.80  -9999.00
     1   2005    282    9900.0      12.4      17.2      1.44      2.00     27.50  -9999.00
     1   2005    283   12200.0       9.7      14.4      1.20      2.00      0.00  -9999.00
     1   2005    284    7000.0       5.6      16.4      0.91      2.00     35.20  -9999.00
     1   2005    285    5200.0       3.9      15.0      0.81      2.00      0.80  -9999.00
     1   2005    286    5700.0      12.1      14.1      1.41      2.00      7.60  -9999.00
     1   2005    287    6900.0       6.1      16.9      0.94      2.00      0.20  -9999.00
     1   2005    288    5800.0      11.4      16.6      1.35      2.00      1.60  -9999.00
     1   2005    289    8100.0       9.1      14.6      1.16      2.00      0.00  -9999.00
     1   2005    290    3400.0       3.6      16.8      0.79      2.00      0.00  -9999.00
     1   2005    291    3400.0       9.2      13.0      1.16      2.00      0.00  -9999.00
     1   2005    292    3700.0       6.2      14.3      0.95      2.00      0.20  -9999.00
     1   2005    293    4600.0       4.8      14.1      0.86      2.00      1.50  -9999.00
     1   2005    294    6900.0       4.6      15.3      0.85      2.00      0.20  -9999.00
     1   2005    295    7200.0       9.7      11.7      1.20      2.00      0.20  -9999.00
     1   2005    296    8300.0       7.2      14.0      1.02      2.00      0.30  -9999.00
     1   2005    297    6400.0       4.4      11.7      0.84      2.00     13.20  -9999.00
     1   2005    298    1400.0       8.7      10.6      1.12      2.00     15.60  -9999.00
     1   2005    299    3100.0      11.8      13.9      1.38      2.00      6.20  -9999.00
     1   2005    300    5800.0       4.9      13.4      0.87      2.00      0.30  -9999.00
     1   2005    301    2200.0       9.8      12.9      1.21      2.00      0.90  -9999.00
     1   2005    302    4700.0       9.4      16.8      1.18      2.00      1.60  -9999.00
     1   2005    303    6300.0       3.6      11.5      0.79      2.00     19.30  -9999.00
     1   2005    304    3100.0      12.5      13.7      1.45      2.00      0.50  -9999.00
     1   2005    305    2900.0       2.5      12.3      0.73      2.00      6.90  -9999.00
     1   2005    306    4800.0       5.3       9.9      0.89      2.00      3.00  -9999.00
     1   2005    307    6600.0       4.1       6.1      0.82      2.00      8.50  -9999.00
     1   2005    308    6400.0       7.2       9.8      1.02      2.00      0.00  -9999.00
     1   2005    309    5300.0      10.1      12.1      1.24      2.00     21.10  -9999.00
     1   2005    310    2800.0      10.2      13.4      1.24      2.00     10.00  -9999.00
     1   2005    311    3200.0       0.9      14.1      0.65      2.00      8.80  -9999.00
     1   2005    312    4400.0       6.4      13.1      0.96      2.00      0.30  -9999.00
     1   2005    313    3400.0       4.5       7.7      0.84      2.00      2.80  -9999.00
     1   2005    314    2500.0       7.1      10.1      1.01      2.00      0.40  -9999.00
     1   2005    315    4300.0       8.6      10.9      1.12      2.00      4.70  -9999.00
     1   2005    316    6200.0       8.2      11.2      1.09      2.00      0.00  -9999.00
     1   2005    317    2300.0       0.4      13.5      0.63      2.00     24.90  -9999.00
     1   2005    318    3500.0       7.7      11.0      1.05      2.00      0.00  -9999.00
     1   2005    319    2100.0       9.3      11.3      1.17      2.00      0.00  -9999.00
     1   2005    320    6200.0       9.0      10.4      1.15      2.00      0.00  -9999.00
     1   2005    321    3500.0       8.0      14.8      1.07      2.00      0.20  -9999.00
     1   2005    322    2800.0       4.7      13.4      0.85      2.00      5.20  -9999.00
     1   2005    323    3800.0       6.5      12.1      0.97      2.00      0.50  -9999.00
     1   2005    324    1900.0       0.6       8.6      0.64      2.00     25.20  -9999.00
     1   2005    325    5200.0       8.6      10.4      1.12      2.00      1.30  -9999.00
     1   2005    326    5000.0      -4.1       9.7      0.45      2.00      3.30  -9999.00
     1   2005    327    2800.0       4.2       9.1      0.82      2.00      0.30  -9999.00
     1   2005    328    5200.0       8.5      10.5      1.11      2.00     17.90  -9999.00
     1   2005    329    1600.0       1.6      13.0      0.69      2.00      0.00  -9999.00
     1   2005    330    2100.0       2.5       5.2      0.73      2.00      0.00  -9999.00
     1   2005    331    2100.0       0.8      13.0      0.65      2.00      0.00  -9999.00
     1   2005    332    3700.0       3.5      10.0      0.78      2.00      0.00  -9999.00
     1   2005    333    4100.0       7.2       9.2      1.02      2.00      0.40  -9999.00
     1   2005    334    3400.0       5.7       6.7      0.92      2.00      0.00  -9999.00
     1   2005    335    3400.0       6.3       8.7      0.95      2.00      0.00  -9999.00
     1   2005    336    4300.0       4.4      11.2      0.84      2.00      5.70  -9999.00
     1   2005    337    2200.0       5.5      12.7      0.90      2.00      0.80  -9999.00
     1   2005    338     800.0       4.5       8.2      0.84      2.00      2.40  -9999.00
     1   2005    339    1600.0       2.6      11.7      0.74      2.00      0.20  -9999.00
     1   2005    340    3100.0       3.0      11.8      0.76      2.00      0.30  -9999.00
     1   2005    341    2600.0       7.0      11.7      1.00      2.00      0.20  -9999.00
     1   2005    342    1800.0       3.7       6.5      0.80      2.00      0.00  -9999.00
     1   2005    343    3600.0       7.8       8.7      1.06      2.00      1.80  -9999.00
     1   2005    344    1500.0       1.9      10.6      0.70      2.00      0.20  -9999.00
     1   2005    345    2100.0       3.3       9.2      0.77      2.00      1.60  -9999.00
     1   2005    346     700.0       7.1       9.0      1.01      2.00      0.10  -9999.00
     1   2005    347    2200.0       6.7      12.9      0.98      2.00      0.60  -9999.00
     1   2005    348    2900.0       5.4       8.5      0.90      2.00      1.60  -9999.00
     1   2005    349     700.0       3.9       8.1      0.81      2.00      5.90  -9999.00
     1   2005    350    2700.0       3.7      10.9      0.80      2.00     27.90  -9999.00
     1   2005    351    2500.0       4.2       6.0      0.82      2.00      0.10  -9999.00
     1   2005    352    1400.0       8.5       9.7      1.11      2.00      1.40  -9999.00
     1   2005    353    2300.0       6.9       9.7      0.99      2.00     29.00  -9999.00
     1   2005    354    1700.0       3.6       5.6      0.79      2.00      0.30  -9999.00
     1   2005    355    3900.0       6.9      10.4      0.99      2.00      8.70  -9999.00
     1   2005    356    1800.0       5.3       6.7      0.89      2.00      6.50  -9999.00
     1   2005    357    4200.0       2.0       6.2      0.71      2.00      0.00  -9999.00
     1   2005    358    1200.0       0.7       6.4      0.64      2.00      0.00  -9999.00
     1   2005    359    4000.0       7.0      10.6      1.00      2.00      1.70  -9999.00
     1   2005    360    2200.0       1.3      10.9      0.67      2.00      0.10  -9999.00
     1   2005    361     800.0       1.3      10.4      0.67      2.00      1.60  -9999.00
     1   2005    362    1500.0      -3.1       8.6      0.49      2.00      8.70  -9999.00
     1   2005    363    2700.0       3.7       5.7      0.80      2.00      6.50  -9999.00
     1   2005    364    4100.0       3.8      10.8      0.80      2.00      0.00  -9999.00
     1   2005    365    1100.0       4.5       6.1      0.84      2.00      0.00  -9999.00
