*-----------------------------------------------------------------------------* 
           CNWG_233.met           51.48   -3.55   69.72
* Date created:  08-Aug-2019     Author: K Coleman 
* 
* NIL VALUE       -9999 
* Source:   data provided by M. Semenov 
*  
* Latitude:    51.48 Longitude:    -3.55 Altitude:    69.72
* 
* Column  Daily value 
* 1       station number 
* 2       year 
* 3       day 
* 4       irradiation                   (kJ m-2 d-1) 
* 5       minimum temperature           (degrees Celsius) 
* 6       maximum temperature           (degrees Celsius) 
* 7       early morning vapour pressure (kPa)             
* 8       mean wind speed (height: 2 m?) (m s-1)          
* 9       precipitation                 (mm d-1)          
* 10      sunshine                      (hrs)             
 		Jday	RAD	    TMIN	TMAX	 VAP	wind	RAIN	SUN  
               kj/m2	°C	    °C	     kPa	m/s	    mm	    hrs 
   51.48  69.72
     1   2005      1    1600.0       6.1       6.1      0.94      2.00      0.00  -9999.00
     1   2005      2    2900.0       6.7       8.9      0.98      2.00      0.00  -9999.00
     1   2005      3    3900.0       6.6       8.1      0.97      2.00      0.00  -9999.00
     1   2005      4    4800.0       4.1       4.9      0.82      2.00      0.00  -9999.00
     1   2005      5    3600.0      -0.2       6.7      0.60      2.00      0.00  -9999.00
     1   2005      6    2300.0       5.4       7.4      0.90      2.00      0.00  -9999.00
     1   2005      7    4900.0       1.4       7.5      0.68      2.00      0.00  -9999.00
     1   2005      8    4200.0       5.4       6.2      0.90      2.00      0.00  -9999.00
     1   2005      9     700.0       2.5       8.5      0.73      2.00     13.90  -9999.00
     1   2005     10    1300.0       6.1      10.7      0.94      2.00      0.30  -9999.00
     1   2005     11    2400.0       5.2       8.3      0.88      2.00      3.90  -9999.00
     1   2005     12    3500.0      -3.1       9.1      0.49      2.00      0.00  -9999.00
     1   2005     13    3000.0       1.4       4.3      0.68      2.00      0.00  -9999.00
     1   2005     14    1600.0       6.5      11.4      0.97      2.00      6.20  -9999.00
     1   2005     15    2400.0       5.9       7.4      0.93      2.00     11.40  -9999.00
     1   2005     16    3500.0       7.9       9.7      1.07      2.00      0.20  -9999.00
     1   2005     17    1300.0      -1.5       9.6      0.55      2.00      0.00  -9999.00
     1   2005     18    1900.0       7.7       8.9      1.05      2.00      1.20  -9999.00
     1   2005     19    2200.0       9.5      11.0      1.19      2.00      3.80  -9999.00
     1   2005     20    3000.0       2.2       4.2      0.72      2.00      0.00  -9999.00
     1   2005     21    1300.0       4.3       9.3      0.83      2.00      0.20  -9999.00
     1   2005     22    2600.0       6.5       8.9      0.97      2.00     32.40  -9999.00
     1   2005     23    2800.0       0.3       8.8      0.62      2.00      0.60  -9999.00
     1   2005     24    3500.0       8.2       9.6      1.09      2.00      3.60  -9999.00
     1   2005     25    2300.0       7.4      11.1      1.03      2.00      4.10  -9999.00
     1   2005     26    2800.0      -0.3       3.7      0.60      2.00      0.00  -9999.00
     1   2005     27    3900.0      -1.2       8.9      0.56      2.00      0.00  -9999.00
     1   2005     28    2700.0       9.2      11.2      1.16      2.00     10.20  -9999.00
     1   2005     29    2200.0       0.1       6.3      0.62      2.00      3.70  -9999.00
     1   2005     30    2600.0       6.6       9.9      0.97      2.00      0.30  -9999.00
     1   2005     31    5800.0      -1.9      10.9      0.53      2.00      0.00  -9999.00
     1   2005     32    5100.0       1.0       8.7      0.66      2.00      0.00  -9999.00
     1   2005     33    7000.0      -1.6       6.2      0.54      2.00      0.00  -9999.00
     1   2005     34    5900.0       4.3       6.3      0.83      2.00      0.00  -9999.00
     1   2005     35    3100.0       5.5       6.4      0.90      2.00      0.00  -9999.00
     1   2005     36    2700.0       3.3       5.3      0.77      2.00      0.00  -9999.00
     1   2005     37    7600.0       7.1       9.6      1.01      2.00      0.00  -9999.00
     1   2005     38    3500.0       1.2       3.2      0.67      2.00      0.00  -9999.00
     1   2005     39    4600.0       2.7      10.0      0.74      2.00      0.00  -9999.00
     1   2005     40    4900.0       1.4       3.4      0.68      2.00     12.10  -9999.00
     1   2005     41    1300.0      -1.4       9.4      0.55      2.00      0.20  -9999.00
     1   2005     42    4600.0       3.2       8.0      0.77      2.00      7.10  -9999.00
     1   2005     43    5400.0       5.1       7.1      0.88      2.00      0.70  -9999.00
     1   2005     44    6500.0       0.8      10.1      0.65      2.00     13.30  -9999.00
     1   2005     45    6100.0       4.3       6.3      0.83      2.00      5.80  -9999.00
     1   2005     46    4500.0       5.2       8.2      0.88      2.00      0.90  -9999.00
     1   2005     47    2100.0      -2.8      11.6      0.50      2.00      3.20  -9999.00
     1   2005     48    1400.0       6.1       8.7      0.94      2.00     34.60  -9999.00
     1   2005     49    3900.0       1.4       8.8      0.68      2.00      6.30  -9999.00
     1   2005     50    5900.0       5.1       8.8      0.88      2.00      2.80  -9999.00
     1   2005     51    8100.0       0.6      12.2      0.64      2.00      8.90  -9999.00
     1   2005     52    9500.0       4.9       6.0      0.87      2.00      0.00  -9999.00
     1   2005     53    4100.0       5.6       8.3      0.91      2.00      0.90  -9999.00
     1   2005     54    5800.0       2.0       5.4      0.71      2.00      0.90  -9999.00
     1   2005     55    8200.0       4.1      10.2      0.82      2.00      2.60  -9999.00
     1   2005     56    1800.0       9.0      11.3      1.15      2.00     12.90  -9999.00
     1   2005     57    7000.0       1.7       3.7      0.69      2.00      1.00  -9999.00
     1   2005     58    5200.0       2.8       4.8      0.75      2.00      0.00  -9999.00
     1   2005     59    4000.0       6.7       9.0      0.98      2.00      0.70  -9999.00
     1   2005     60    3500.0       0.1       5.1      0.62      2.00      0.00  -9999.00
     1   2005     61   10300.0       0.8      10.0      0.65      2.00      0.00  -9999.00
     1   2005     62    7200.0       1.9      13.8      0.70      2.00      0.00  -9999.00
     1   2005     63    4400.0       4.4       5.6      0.84      2.00      0.00  -9999.00
     1   2005     64    6900.0       3.8       5.2      0.80      2.00      1.40  -9999.00
     1   2005     65    3800.0       6.2      10.0      0.95      2.00      0.50  -9999.00
     1   2005     66    4800.0       7.7      10.4      1.05      2.00      0.10  -9999.00
     1   2005     67    6000.0       3.5       8.3      0.78      2.00      1.90  -9999.00
     1   2005     68    6000.0       7.4       7.9      1.03      2.00      0.20  -9999.00
     1   2005     69    7900.0       3.0      11.6      0.76      2.00      3.90  -9999.00
     1   2005     70    6200.0       6.1      16.5      0.94      2.00      1.80  -9999.00
     1   2005     71   12300.0      -1.2       6.6      0.56      2.00     17.00  -9999.00
     1   2005     72   10300.0       6.7       8.7      0.98      2.00     13.60  -9999.00
     1   2005     73   14500.0       2.1       9.1      0.71      2.00      0.00  -9999.00
     1   2005     74    4500.0      -2.4      10.5      0.51      2.00      0.00  -9999.00
     1   2005     75    6800.0       4.6       9.2      0.85      2.00      6.80  -9999.00
     1   2005     76   10000.0       5.4       9.6      0.90      2.00     24.90  -9999.00
     1   2005     77    7700.0       5.4       7.4      0.90      2.00      0.10  -9999.00
     1   2005     78    8400.0       1.9       8.1      0.70      2.00      5.30  -9999.00
     1   2005     79    6800.0       4.3       6.3      0.83      2.00      7.40  -9999.00
     1   2005     80   14600.0       6.0      10.3      0.93      2.00      2.70  -9999.00
     1   2005     81   16100.0       2.4       9.3      0.73      2.00      0.00  -9999.00
     1   2005     82    5900.0       3.7      10.4      0.80      2.00      0.50  -9999.00
     1   2005     83    8500.0       7.0       7.5      1.00      2.00      0.20  -9999.00
     1   2005     84    8700.0      -0.1      10.4      0.61      2.00      1.70  -9999.00
     1   2005     85    2600.0       2.0       9.2      0.71      2.00      0.10  -9999.00
     1   2005     86    6400.0       5.8       6.3      0.92      2.00      0.00  -9999.00
     1   2005     87   13200.0       5.9      12.0      0.93      2.00      0.00  -9999.00
     1   2005     88   11000.0       5.3      14.1      0.89      2.00      0.00  -9999.00
     1   2005     89   13700.0       3.2      11.7      0.77      2.00      0.00  -9999.00
     1   2005     90    2700.0       4.8       9.4      0.86      2.00      0.40  -9999.00
     1   2005     91   18900.0       3.0      10.9      0.76      2.00      0.40  -9999.00
     1   2005     92   14900.0       8.0      11.7      1.07      2.00      0.00  -9999.00
     1   2005     93   17200.0       6.2      18.9      0.95      2.00      0.00  -9999.00
     1   2005     94   13700.0       7.8      12.4      1.06      2.00      0.00  -9999.00
     1   2005     95    8700.0       8.1      12.3      1.08      2.00      0.30  -9999.00
     1   2005     96   20000.0       1.0      12.6      0.66      2.00      0.00  -9999.00
     1   2005     97   10600.0       4.4      14.5      0.84      2.00      0.00  -9999.00
     1   2005     98   17700.0       2.4      10.1      0.73      2.00      0.00  -9999.00
     1   2005     99   16000.0       3.1       9.3      0.76      2.00      0.00  -9999.00
     1   2005    100   17200.0       5.6      14.3      0.91      2.00      0.00  -9999.00
     1   2005    101   17300.0       2.2      12.2      0.72      2.00      0.00  -9999.00
     1   2005    102   12400.0       5.2      13.3      0.88      2.00      0.00  -9999.00
     1   2005    103   21600.0       0.1      11.6      0.62      2.00      0.00  -9999.00
     1   2005    104    9000.0       5.4       7.4      0.90      2.00      0.30  -9999.00
     1   2005    105   18400.0       5.8      17.6      0.92      2.00      0.00  -9999.00
     1   2005    106   13100.0       9.1      12.6      1.16      2.00      0.00  -9999.00
     1   2005    107   18200.0       2.3      12.1      0.72      2.00      0.00  -9999.00
     1   2005    108   15500.0       6.8      11.2      0.99      2.00      0.00  -9999.00
     1   2005    109   10600.0       7.7      12.7      1.05      2.00      0.00  -9999.00
     1   2005    110   19900.0      -1.5       8.8      0.55      2.00      0.00  -9999.00
     1   2005    111   16700.0       5.2      10.8      0.88      2.00      0.80  -9999.00
     1   2005    112    3500.0       4.7      11.6      0.85      2.00      6.10  -9999.00
     1   2005    113   23700.0       1.8      14.7      0.70      2.00      1.00  -9999.00
     1   2005    114   13500.0       8.2      12.5      1.09      2.00      0.30  -9999.00
     1   2005    115   10500.0       5.8       8.0      0.92      2.00      8.80  -9999.00
     1   2005    116    3600.0       4.6       9.7      0.85      2.00      2.10  -9999.00
     1   2005    117   15800.0       9.5      11.5      1.19      2.00      1.00  -9999.00
     1   2005    118   11000.0      11.0      15.7      1.31      2.00      0.00  -9999.00
     1   2005    119   20100.0       4.8      14.9      0.86      2.00      0.00  -9999.00
     1   2005    120   14300.0      12.4      15.3      1.44      2.00      0.00  -9999.00
     1   2005    121   13300.0       7.0      13.0      1.00      2.00      0.00  -9999.00
     1   2005    122    7800.0      11.5      15.4      1.36      2.00      0.00  -9999.00
     1   2005    123   17200.0       2.4      12.8      0.73      2.00      0.00  -9999.00
     1   2005    124   10800.0       8.1      13.0      1.08      2.00     20.10  -9999.00
     1   2005    125   20200.0       9.7      22.5      1.20      2.00      0.00  -9999.00
     1   2005    126   14900.0       4.2      12.5      0.82      2.00      3.70  -9999.00
     1   2005    127    9300.0       6.7      12.2      0.98      2.00      9.20  -9999.00
     1   2005    128   18200.0       1.6      12.6      0.69      2.00      3.70  -9999.00
     1   2005    129   13400.0      11.3      15.3      1.34      2.00     16.40  -9999.00
     1   2005    130   11300.0       5.9      11.0      0.93      2.00      0.10  -9999.00
     1   2005    131   14600.0       9.3      14.4      1.17      2.00      1.00  -9999.00
     1   2005    132   15900.0       9.3      13.2      1.17      2.00      0.30  -9999.00
     1   2005    133   26700.0       7.0      20.6      1.00      2.00      0.00  -9999.00
     1   2005    134   14600.0       9.8      15.1      1.21      2.00      7.50  -9999.00
     1   2005    135   17800.0       9.5      14.6      1.19      2.00      0.00  -9999.00
     1   2005    136   20000.0       6.9      19.2      0.99      2.00      0.00  -9999.00
     1   2005    137   24000.0       6.6      15.1      0.97      2.00      0.00  -9999.00
     1   2005    138   16600.0       9.5      15.3      1.19      2.00      0.40  -9999.00
     1   2005    139   15700.0      10.5      17.3      1.27      2.00      0.10  -9999.00
     1   2005    140    9600.0       6.2      15.0      0.95      2.00      2.40  -9999.00
     1   2005    141   19200.0      10.1      13.8      1.24      2.00      0.40  -9999.00
     1   2005    142   16200.0       6.8      17.4      0.99      2.00      7.00  -9999.00
     1   2005    143   16600.0       9.6      18.5      1.20      2.00      0.00  -9999.00
     1   2005    144   12900.0       8.8      13.9      1.13      2.00      0.00  -9999.00
     1   2005    145   23400.0       7.7      12.8      1.05      2.00      0.10  -9999.00
     1   2005    146   15300.0      10.7      13.1      1.29      2.00      3.40  -9999.00
     1   2005    147   16200.0       7.4      15.8      1.03      2.00      6.40  -9999.00
     1   2005    148   15300.0       9.7      20.5      1.20      2.00      0.00  -9999.00
     1   2005    149   14600.0       2.2      14.0      0.72      2.00      1.60  -9999.00
     1   2005    150   28100.0      12.1      21.0      1.41      2.00      0.00  -9999.00
     1   2005    151   26100.0      11.2      18.7      1.33      2.00      0.00  -9999.00
     1   2005    152   24600.0      12.4      19.5      1.44      2.00      0.00  -9999.00
     1   2005    153   14400.0       9.1      14.4      1.16      2.00      8.40  -9999.00
     1   2005    154   28200.0      11.3      15.4      1.34      2.00      0.00  -9999.00
     1   2005    155   29800.0       9.2      16.3      1.16      2.00      0.00  -9999.00
     1   2005    156   18200.0       3.9      17.7      0.81      2.00      0.00  -9999.00
     1   2005    157   29200.0       6.5      21.8      0.97      2.00      0.00  -9999.00
     1   2005    158   18800.0       6.9      13.6      0.99      2.00      5.10  -9999.00
     1   2005    159   23000.0       6.8      22.3      0.99      2.00      0.00  -9999.00
     1   2005    160   26500.0       6.0      15.8      0.93      2.00      0.00  -9999.00
     1   2005    161   16200.0      10.2      16.7      1.24      2.00      0.00  -9999.00
     1   2005    162   19900.0      13.1      17.0      1.51      2.00      0.00  -9999.00
     1   2005    163   16600.0       7.6      14.6      1.04      2.00      0.00  -9999.00
     1   2005    164   20700.0       6.7      26.7      0.98      2.00      0.00  -9999.00
     1   2005    165   28400.0       9.5      25.1      1.19      2.00      0.00  -9999.00
     1   2005    166   29500.0      11.1      18.3      1.32      2.00      0.00  -9999.00
     1   2005    167   24600.0       8.1      26.5      1.08      2.00      0.00  -9999.00
     1   2005    168   23500.0       8.0      20.2      1.07      2.00      0.00  -9999.00
     1   2005    169   13200.0       9.3      17.0      1.17      2.00      0.00  -9999.00
     1   2005    170   24100.0      13.0      15.8      1.50      2.00      0.00  -9999.00
     1   2005    171   23500.0      10.6      23.3      1.28      2.00      0.00  -9999.00
     1   2005    172   19600.0      11.5      16.5      1.36      2.00      0.10  -9999.00
     1   2005    173   24300.0       9.7      16.8      1.20      2.00      0.00  -9999.00
     1   2005    174   13500.0      12.0      17.9      1.40      2.00      0.00  -9999.00
     1   2005    175   24600.0      12.2      18.8      1.42      2.00      0.00  -9999.00
     1   2005    176   23000.0      12.0      18.1      1.40      2.00      0.00  -9999.00
     1   2005    177   17400.0      11.4      16.5      1.35      2.00      0.00  -9999.00
     1   2005    178   26900.0      11.2      18.2      1.33      2.00      0.00  -9999.00
     1   2005    179   20100.0      13.3      18.2      1.53      2.00      0.00  -9999.00
     1   2005    180   22200.0       5.3      17.0      0.89      2.00      0.00  -9999.00
     1   2005    181   27000.0      10.2      20.3      1.24      2.00      0.00  -9999.00
     1   2005    182   19800.0      16.2      18.7      1.84      2.00      0.00  -9999.00
     1   2005    183   24800.0      10.3      15.1      1.25      2.00      0.10  -9999.00
     1   2005    184   16100.0      14.1      22.2      1.61      2.00      0.00  -9999.00
     1   2005    185   21200.0      13.2      17.8      1.52      2.00      0.00  -9999.00
     1   2005    186   23200.0      15.0      19.3      1.70      2.00      0.00  -9999.00
     1   2005    187   27500.0      12.8      15.5      1.48      2.00      0.00  -9999.00
     1   2005    188   22800.0      11.8      19.4      1.38      2.00      0.00  -9999.00
     1   2005    189   19300.0      11.6      18.0      1.37      2.00      9.20  -9999.00
     1   2005    190   14200.0      12.3      18.0      1.43      2.00      0.00  -9999.00
     1   2005    191   13100.0      12.7      17.0      1.47      2.00      5.00  -9999.00
     1   2005    192   19800.0      14.6      20.2      1.66      2.00      0.30  -9999.00
     1   2005    193   18500.0       7.0      19.8      1.00      2.00      0.00  -9999.00
     1   2005    194   23800.0       9.8      19.0      1.21      2.00      0.00  -9999.00
     1   2005    195   14700.0      11.8      21.4      1.38      2.00      6.80  -9999.00
     1   2005    196   20900.0      12.9      20.7      1.49      2.00      1.80  -9999.00
     1   2005    197   22600.0      11.9      21.1      1.39      2.00      0.90  -9999.00
     1   2005    198   17800.0      12.3      21.5      1.43      2.00      0.10  -9999.00
     1   2005    199   14000.0      15.1      16.1      1.72      2.00      3.00  -9999.00
     1   2005    200   11200.0      16.9      18.3      1.92      2.00      6.60  -9999.00
     1   2005    201   11600.0      12.9      19.3      1.49      2.00      0.20  -9999.00
     1   2005    202   18700.0       7.7      23.9      1.05      2.00      0.00  -9999.00
     1   2005    203   14100.0      12.4      18.1      1.44      2.00     20.40  -9999.00
     1   2005    204    9600.0      13.9      22.7      1.59      2.00      0.20  -9999.00
     1   2005    205   21700.0      13.9      19.3      1.59      2.00      0.10  -9999.00
     1   2005    206   17200.0      14.3      19.2      1.63      2.00     14.10  -9999.00
     1   2005    207   15200.0      10.9      20.9      1.30      2.00      0.00  -9999.00
     1   2005    208    4100.0      14.6      20.9      1.66      2.00      0.10  -9999.00
     1   2005    209   12600.0      12.4      24.1      1.44      2.00      0.00  -9999.00
     1   2005    210   18500.0      10.7      23.5      1.29      2.00      0.00  -9999.00
     1   2005    211    8900.0      16.3      24.0      1.85      2.00      0.00  -9999.00
     1   2005    212   20600.0      16.0      17.7      1.82      2.00      0.00  -9999.00
     1   2005    213   21500.0      13.2      20.4      1.52      2.00      0.00  -9999.00
     1   2005    214   24300.0      11.5      20.9      1.36      2.00      9.00  -9999.00
     1   2005    215   25300.0      15.9      21.8      1.81      2.00      0.00  -9999.00
     1   2005    216   13900.0      14.2      21.3      1.62      2.00      1.00  -9999.00
     1   2005    217   19500.0      13.2      24.2      1.52      2.00      0.00  -9999.00
     1   2005    218   21000.0      17.8      22.6      2.04      2.00      0.00  -9999.00
     1   2005    219    8900.0      14.4      20.0      1.64      2.00     13.00  -9999.00
     1   2005    220   11300.0      14.0      20.1      1.60      2.00      6.10  -9999.00
     1   2005    221    9100.0      12.8      21.4      1.48      2.00      7.40  -9999.00
     1   2005    222   15300.0      17.3      20.1      1.97      2.00      7.10  -9999.00
     1   2005    223   25300.0      11.3      22.3      1.34      2.00      0.00  -9999.00
     1   2005    224   14400.0      12.3      18.1      1.43      2.00      0.00  -9999.00
     1   2005    225   15400.0      11.2      22.9      1.33      2.00      0.00  -9999.00
     1   2005    226   20100.0      18.7      21.1      2.16      2.00      0.00  -9999.00
     1   2005    227   21300.0      13.1      25.4      1.51      2.00      0.00  -9999.00
     1   2005    228   20700.0      12.8      19.6      1.48      2.00      1.00  -9999.00
     1   2005    229    9300.0      12.5      20.9      1.45      2.00      0.00  -9999.00
     1   2005    230   19000.0      14.2      23.2      1.62      2.00      0.00  -9999.00
     1   2005    231    7800.0      15.7      18.5      1.78      2.00     10.80  -9999.00
     1   2005    232   19700.0      15.4      17.0      1.75      2.00      2.00  -9999.00
     1   2005    233   14900.0      13.9      18.1      1.59      2.00      4.30  -9999.00
     1   2005    234    9200.0      13.5      19.7      1.55      2.00      1.30  -9999.00
     1   2005    235   11000.0      17.6      23.5      2.01      2.00      5.70  -9999.00
     1   2005    236   11000.0      15.6      20.2      1.77      2.00      0.20  -9999.00
     1   2005    237   18300.0       9.4      18.1      1.18      2.00      0.00  -9999.00
     1   2005    238   11100.0      13.3      28.0      1.53      2.00      0.00  -9999.00
     1   2005    239   11600.0      16.2      20.0      1.84      2.00      0.00  -9999.00
     1   2005    240   10800.0      11.2      19.9      1.33      2.00      0.00  -9999.00
     1   2005    241   14500.0      16.2      19.5      1.84      2.00      0.00  -9999.00
     1   2005    242   15100.0       8.7      18.0      1.12      2.00      0.00  -9999.00
     1   2005    243   12200.0      15.4      17.4      1.75      2.00      0.00  -9999.00
     1   2005    244   20900.0      15.0      24.8      1.70      2.00      0.00  -9999.00
     1   2005    245    6800.0       4.5      15.9      0.84      2.00      0.00  -9999.00
     1   2005    246   14300.0      12.4      18.9      1.44      2.00      0.00  -9999.00
     1   2005    247    6100.0      13.0      17.0      1.50      2.00      7.20  -9999.00
     1   2005    248   17800.0      11.9      19.9      1.39      2.00      0.40  -9999.00
     1   2005    249   14700.0      11.9      17.1      1.39      2.00      0.60  -9999.00
     1   2005    250    2900.0      15.1      17.2      1.72      2.00      1.80  -9999.00
     1   2005    251   17400.0      11.1      16.7      1.32      2.00      0.00  -9999.00
     1   2005    252   19100.0      11.5      17.9      1.36      2.00      0.00  -9999.00
     1   2005    253   18900.0       8.6      17.1      1.12      2.00      0.00  -9999.00
     1   2005    254   10100.0      16.1      16.9      1.83      2.00      4.10  -9999.00
     1   2005    255    9100.0      15.3      15.9      1.74      2.00      0.70  -9999.00
     1   2005    256    3900.0      11.8      21.7      1.38      2.00      0.40  -9999.00
     1   2005    257    8400.0      11.0      18.9      1.31      2.00      0.60  -9999.00
     1   2005    258   13000.0      10.4      18.6      1.26      2.00      0.00  -9999.00
     1   2005    259   11400.0      14.8      17.7      1.68      2.00      0.00  -9999.00
     1   2005    260    7800.0      14.8      16.9      1.68      2.00      0.00  -9999.00
     1   2005    261    6600.0      10.7      15.4      1.29      2.00      0.10  -9999.00
     1   2005    262    3500.0      12.6      18.2      1.46      2.00      6.00  -9999.00
     1   2005    263   13800.0      12.9      17.6      1.49      2.00      2.90  -9999.00
     1   2005    264   10900.0       7.5      18.5      1.04      2.00      0.00  -9999.00
     1   2005    265    9800.0      11.1      16.1      1.32      2.00      7.80  -9999.00
     1   2005    266   14900.0       9.0      15.9      1.15      2.00      0.00  -9999.00
     1   2005    267    7200.0       9.4      19.0      1.18      2.00      0.00  -9999.00
     1   2005    268    5100.0      11.5      16.3      1.36      2.00      4.70  -9999.00
     1   2005    269    9500.0       6.9      12.3      0.99      2.00      0.00  -9999.00
     1   2005    270    6500.0      10.1      18.2      1.24      2.00     10.00  -9999.00
     1   2005    271    5400.0       8.0      15.1      1.07      2.00     13.70  -9999.00
     1   2005    272    4100.0      12.6      18.7      1.46      2.00     16.70  -9999.00
     1   2005    273    6100.0       9.6      17.9      1.20      2.00     17.70  -9999.00
     1   2005    274   13500.0       7.4      14.4      1.03      2.00      0.00  -9999.00
     1   2005    275    3900.0      11.5      13.5      1.36      2.00      0.40  -9999.00
     1   2005    276    4500.0      10.3      12.3      1.25      2.00      1.70  -9999.00
     1   2005    277    4200.0      11.3      17.3      1.34      2.00      2.10  -9999.00
     1   2005    278    6100.0       9.8      15.2      1.21      2.00      9.10  -9999.00
     1   2005    279    7400.0       9.9      18.1      1.22      2.00      0.80  -9999.00
     1   2005    280    5500.0      15.7      17.6      1.78      2.00      0.40  -9999.00
     1   2005    281    5300.0       8.9      13.0      1.14      2.00      4.30  -9999.00
     1   2005    282    8400.0       8.2      14.8      1.09      2.00     29.10  -9999.00
     1   2005    283    5100.0      10.2      12.2      1.24      2.00      0.00  -9999.00
     1   2005    284    5000.0      11.3      15.2      1.34      2.00     10.80  -9999.00
     1   2005    285    6100.0      10.0      14.9      1.23      2.00      6.10  -9999.00
     1   2005    286    4100.0       6.4      16.6      0.96      2.00      0.20  -9999.00
     1   2005    287    5900.0       9.8      14.9      1.21      2.00     19.20  -9999.00
     1   2005    288    3400.0       9.3      13.8      1.17      2.00      0.80  -9999.00
     1   2005    289    3200.0      12.0      14.0      1.40      2.00     26.90  -9999.00
     1   2005    290    5400.0       9.9      14.6      1.22      2.00     12.40  -9999.00
     1   2005    291    3400.0      10.7      12.0      1.29      2.00      0.30  -9999.00
     1   2005    292    8600.0      13.7      15.1      1.57      2.00      5.10  -9999.00
     1   2005    293    4600.0      11.1      13.1      1.32      2.00      9.70  -9999.00
     1   2005    294    9900.0       1.5      12.5      0.68      2.00      1.00  -9999.00
     1   2005    295    4900.0       6.6      13.1      0.97      2.00      8.80  -9999.00
     1   2005    296    7400.0       8.1      18.1      1.08      2.00      0.80  -9999.00
     1   2005    297    9500.0       4.9      16.2      0.87      2.00      0.00  -9999.00
     1   2005    298    3400.0       8.9      10.9      1.14      2.00      1.10  -9999.00
     1   2005    299    9200.0       3.3      12.7      0.77      2.00      0.00  -9999.00
     1   2005    300    4500.0       2.1      15.7      0.71      2.00      2.80  -9999.00
     1   2005    301    6700.0       6.6      12.8      0.97      2.00      0.00  -9999.00
     1   2005    302    4400.0       5.2       8.1      0.88      2.00     13.40  -9999.00
     1   2005    303    4400.0      10.6      14.8      1.28      2.00      5.00  -9999.00
     1   2005    304    5300.0       4.8      15.1      0.86      2.00      0.80  -9999.00
     1   2005    305    8200.0       6.4      10.5      0.96      2.00      0.00  -9999.00
     1   2005    306    5600.0      -0.2      12.4      0.60      2.00      0.00  -9999.00
     1   2005    307    5200.0       4.6      10.5      0.85      2.00      0.30  -9999.00
     1   2005    308    6200.0       1.0      13.7      0.66      2.00      0.00  -9999.00
     1   2005    309    4500.0       4.1      11.9      0.82      2.00      0.00  -9999.00
     1   2005    310    5000.0      -0.6      15.7      0.58      2.00      0.00  -9999.00
     1   2005    311    2700.0      10.8      12.8      1.29      2.00      2.90  -9999.00
     1   2005    312    3900.0       8.7      12.4      1.12      2.00      0.40  -9999.00
     1   2005    313    4100.0       8.7      14.7      1.12      2.00      2.00  -9999.00
     1   2005    314    2100.0       3.6      10.4      0.79      2.00      9.10  -9999.00
     1   2005    315    2900.0       3.3      12.6      0.77      2.00      0.30  -9999.00
     1   2005    316    2800.0       6.3       7.4      0.95      2.00      2.10  -9999.00
     1   2005    317    1600.0      12.1      13.1      1.41      2.00      7.70  -9999.00
     1   2005    318    4000.0      10.2      10.7      1.24      2.00      0.40  -9999.00
     1   2005    319    6400.0      -1.0       6.3      0.57      2.00      0.00  -9999.00
     1   2005    320    4300.0       9.0      11.0      1.15      2.00      1.40  -9999.00
     1   2005    321     900.0       2.8      12.8      0.75      2.00      0.40  -9999.00
     1   2005    322    1800.0       3.4      10.8      0.78      2.00     18.90  -9999.00
     1   2005    323    1900.0      -0.1       9.8      0.61      2.00      0.90  -9999.00
     1   2005    324    2100.0       6.0       8.0      0.93      2.00     13.70  -9999.00
     1   2005    325    1900.0       1.7      10.0      0.69      2.00      0.20  -9999.00
     1   2005    326    1800.0       6.7      10.2      0.98      2.00      7.40  -9999.00
     1   2005    327    2900.0       2.7      13.7      0.74      2.00      0.20  -9999.00
     1   2005    328    2600.0       4.9       9.5      0.87      2.00      0.00  -9999.00
     1   2005    329    3400.0      -0.4       8.6      0.59      2.00      0.00  -9999.00
     1   2005    330    2500.0      11.8      12.0      1.38      2.00     11.20  -9999.00
     1   2005    331    4400.0      10.2      12.4      1.24      2.00      0.00  -9999.00
     1   2005    332    5200.0       3.4      10.1      0.78      2.00      0.00  -9999.00
     1   2005    333    3500.0       8.6      10.6      1.12      2.00     12.10  -9999.00
     1   2005    334    2900.0       8.9      10.6      1.14      2.00      0.30  -9999.00
     1   2005    335    1700.0       8.6      10.6      1.12      2.00     12.20  -9999.00
     1   2005    336    3800.0       0.6      14.4      0.64      2.00      2.50  -9999.00
     1   2005    337    2600.0      -0.3       6.8      0.60      2.00      9.10  -9999.00
     1   2005    338    3900.0       3.7       5.0      0.80      2.00      0.00  -9999.00
     1   2005    339    2900.0       3.7       5.7      0.80      2.00      0.00  -9999.00
     1   2005    340     700.0       6.1       9.2      0.94      2.00      7.90  -9999.00
     1   2005    341    3500.0       3.5      11.6      0.78      2.00      0.20  -9999.00
     1   2005    342    4700.0       0.7       8.3      0.64      2.00      0.00  -9999.00
     1   2005    343    1400.0       1.5       3.6      0.68      2.00      0.00  -9999.00
     1   2005    344    3400.0       6.8       8.8      0.99      2.00      0.00  -9999.00
     1   2005    345    1500.0       7.5      10.2      1.04      2.00      0.00  -9999.00
     1   2005    346     700.0       6.6       7.0      0.97      2.00      0.00  -9999.00
     1   2005    347    1200.0       4.1       6.1      0.82      2.00      2.60  -9999.00
     1   2005    348    1400.0       7.2       7.3      1.02      2.00      0.50  -9999.00
     1   2005    349    1000.0       2.8       9.9      0.75      2.00      0.40  -9999.00
     1   2005    350    2600.0       7.1      11.0      1.01      2.00      6.50  -9999.00
     1   2005    351    1400.0       5.3       7.4      0.89      2.00      0.00  -9999.00
     1   2005    352    3500.0       0.8       9.8      0.65      2.00      0.00  -9999.00
     1   2005    353    2000.0       4.3      11.8      0.83      2.00     11.70  -9999.00
     1   2005    354     700.0       0.7       8.2      0.64      2.00     13.20  -9999.00
     1   2005    355    1900.0       0.8       2.8      0.65      2.00      0.00  -9999.00
     1   2005    356     700.0       7.3      10.0      1.02      2.00      5.10  -9999.00
     1   2005    357    1900.0       4.6       8.0      0.85      2.00      1.40  -9999.00
     1   2005    358    2000.0       5.1      10.8      0.88      2.00      0.30  -9999.00
     1   2005    359    1400.0      -4.0       6.4      0.45      2.00      0.00  -9999.00
     1   2005    360    1600.0       2.4       9.9      0.73      2.00      0.70  -9999.00
     1   2005    361    2300.0       2.6       8.3      0.74      2.00     18.50  -9999.00
     1   2005    362    1500.0       5.7      11.0      0.92      2.00      0.00  -9999.00
     1   2005    363    3400.0       2.8       4.8      0.75      2.00      0.00  -9999.00
     1   2005    364    1700.0       3.7       4.2      0.80      2.00      0.00  -9999.00
     1   2005    365    4100.0       5.0       9.4      0.87      2.00      0.00  -9999.00
