*-----------------------------------------------------------------------------* 
           CNWG_43.met            51.48   -3.55   69.72
* Date created:  08-Aug-2019     Author: K Coleman 
* 
* NIL VALUE       -9999 
* Source:   data provided by M. Semenov 
*  
* Latitude:    51.48 Longitude:    -3.55 Altitude:    69.72
* 
* Column  Daily value 
* 1       station number 
* 2       year 
* 3       day 
* 4       irradiation                   (kJ m-2 d-1) 
* 5       minimum temperature           (degrees Celsius) 
* 6       maximum temperature           (degrees Celsius) 
* 7       early morning vapour pressure (kPa)             
* 8       mean wind speed (height: 2 m?) (m s-1)          
* 9       precipitation                 (mm d-1)          
* 10      sunshine                      (hrs)             
 		Jday	RAD	    TMIN	TMAX	 VAP	wind	RAIN	SUN  
               kj/m2	°C	    °C	     kPa	m/s	    mm	    hrs 
   51.48  69.72
     1   2005      1    3300.0       0.5       9.9      0.63      2.00      0.00  -9999.00
     1   2005      2    1600.0       3.5       8.0      0.78      2.00      0.00  -9999.00
     1   2005      3     700.0       9.1      11.0      1.16      2.00     11.60  -9999.00
     1   2005      4    2700.0       2.1       7.9      0.71      2.00      0.80  -9999.00
     1   2005      5    4800.0       6.3      10.0      0.95      2.00      3.30  -9999.00
     1   2005      6    2800.0       6.0      10.8      0.93      2.00      5.70  -9999.00
     1   2005      7    2300.0       6.7       7.5      0.98      2.00      0.00  -9999.00
     1   2005      8    2100.0       7.5       9.5      1.04      2.00      6.00  -9999.00
     1   2005      9    3600.0       2.6       8.1      0.74      2.00      6.00  -9999.00
     1   2005     10    3700.0       5.8       7.8      0.92      2.00     11.90  -9999.00
     1   2005     11    5100.0       0.4       8.7      0.63      2.00      0.00  -9999.00
     1   2005     12    1500.0       5.8      10.8      0.92      2.00      0.20  -9999.00
     1   2005     13    1700.0       1.1       9.0      0.66      2.00     13.20  -9999.00
     1   2005     14    2000.0       5.1       7.8      0.88      2.00      9.30  -9999.00
     1   2005     15    4300.0       4.0      11.0      0.81      2.00      0.00  -9999.00
     1   2005     16    3200.0      -1.4       6.4      0.55      2.00      0.00  -9999.00
     1   2005     17    3700.0       5.0       9.7      0.87      2.00      2.40  -9999.00
     1   2005     18    1400.0       4.0       6.1      0.81      2.00      0.00  -9999.00
     1   2005     19    1600.0       6.1       8.5      0.94      2.00     13.40  -9999.00
     1   2005     20    3500.0       6.6       8.9      0.97      2.00      2.80  -9999.00
     1   2005     21    5000.0       3.4       6.7      0.78      2.00      0.00  -9999.00
     1   2005     22    2400.0       6.2       7.2      0.95      2.00      3.10  -9999.00
     1   2005     23    2800.0       3.2       6.6      0.77      2.00      0.40  -9999.00
     1   2005     24    2500.0       2.5       4.5      0.73      2.00      2.70  -9999.00
     1   2005     25    3600.0      10.1      11.8      1.24      2.00      6.80  -9999.00
     1   2005     26    6500.0       6.0       8.5      0.93      2.00      0.20  -9999.00
     1   2005     27    2400.0       7.3       7.5      1.02      2.00      4.70  -9999.00
     1   2005     28    2600.0      -0.1       1.9      0.61      2.00      0.00  -9999.00
     1   2005     29    2400.0       5.0      10.7      0.87      2.00      0.50  -9999.00
     1   2005     30    2500.0       8.5       8.7      1.11      2.00      3.30  -9999.00
     1   2005     31    2800.0      -2.3       5.9      0.52      2.00      0.00  -9999.00
     1   2005     32    1600.0       2.3       4.3      0.72      2.00      4.90  -9999.00
     1   2005     33    4200.0       1.8      12.1      0.70      2.00      7.50  -9999.00
     1   2005     34    2000.0       0.4       8.4      0.63      2.00      7.00  -9999.00
     1   2005     35    3200.0       3.4      11.4      0.78      2.00     12.00  -9999.00
     1   2005     36    3700.0       5.2       9.7      0.88      2.00      0.40  -9999.00
     1   2005     37    4000.0       7.9       9.9      1.07      2.00      3.40  -9999.00
     1   2005     38    3000.0      -2.4       7.6      0.51      2.00      1.00  -9999.00
     1   2005     39    5000.0       5.8       7.8      0.92      2.00      1.70  -9999.00
     1   2005     40    6700.0      -6.4       4.9      0.38      2.00      0.00  -9999.00
     1   2005     41    3300.0       2.5       8.0      0.73      2.00      2.60  -9999.00
     1   2005     42    3400.0      -0.7       5.7      0.58      2.00      3.60  -9999.00
     1   2005     43    5200.0       5.8       8.8      0.92      2.00     13.50  -9999.00
     1   2005     44    2900.0       0.5      10.9      0.63      2.00      3.30  -9999.00
     1   2005     45    3200.0       0.4      10.1      0.63      2.00      1.50  -9999.00
     1   2005     46    6000.0       3.0       6.9      0.76      2.00      0.00  -9999.00
     1   2005     47    3200.0       5.1       6.4      0.88      2.00      1.90  -9999.00
     1   2005     48    3300.0       4.1       6.1      0.82      2.00      0.00  -9999.00
     1   2005     49    8000.0      -1.4       8.1      0.55      2.00      0.00  -9999.00
     1   2005     50    1500.0       4.3       5.4      0.83      2.00      0.00  -9999.00
     1   2005     51    8900.0       2.4       6.7      0.73      2.00      0.00  -9999.00
     1   2005     52    3100.0       1.2       2.7      0.67      2.00      0.00  -9999.00
     1   2005     53    7600.0       1.1       2.0      0.66      2.00      0.00  -9999.00
     1   2005     54    7700.0      -2.4       8.6      0.51      2.00     10.50  -9999.00
     1   2005     55    5500.0      -2.3       6.5      0.52      2.00      2.10  -9999.00
     1   2005     56    7300.0       0.6      11.0      0.64      2.00      2.80  -9999.00
     1   2005     57    5500.0       0.5       7.4      0.63      2.00      0.30  -9999.00
     1   2005     58    7000.0      -0.1       7.5      0.61      2.00      0.00  -9999.00
     1   2005     59    3900.0       5.6       7.6      0.91      2.00      5.50  -9999.00
     1   2005     60    7100.0       7.1      11.5      1.01      2.00     14.10  -9999.00
     1   2005     61    9200.0       4.6       9.3      0.85      2.00      6.30  -9999.00
     1   2005     62    5800.0       5.6      10.3      0.91      2.00      1.40  -9999.00
     1   2005     63    2400.0       4.4       9.0      0.84      2.00      0.10  -9999.00
     1   2005     64    3800.0       5.4       7.4      0.90      2.00      0.70  -9999.00
     1   2005     65    4400.0       7.6      11.4      1.04      2.00      4.10  -9999.00
     1   2005     66    7200.0       4.7      10.3      0.85      2.00      1.90  -9999.00
     1   2005     67    3400.0       6.2       9.8      0.95      2.00      0.50  -9999.00
     1   2005     68   11000.0       5.1       7.0      0.88      2.00      0.00  -9999.00
     1   2005     69   12000.0       1.0       9.4      0.66      2.00      0.00  -9999.00
     1   2005     70    7800.0       7.2       8.6      1.02      2.00      3.20  -9999.00
     1   2005     71    6500.0      -2.3      12.6      0.52      2.00      3.70  -9999.00
     1   2005     72    8500.0       3.2       8.1      0.77      2.00      1.90  -9999.00
     1   2005     73    5400.0       3.8       8.7      0.80      2.00      1.90  -9999.00
     1   2005     74    7400.0       7.7       9.7      1.05      2.00      0.50  -9999.00
     1   2005     75    2400.0       7.0       8.4      1.00      2.00      0.80  -9999.00
     1   2005     76    8900.0       2.0      10.8      0.71      2.00      0.00  -9999.00
     1   2005     77   11000.0       1.3      11.1      0.67      2.00      0.00  -9999.00
     1   2005     78   12500.0       0.1       6.3      0.62      2.00      0.00  -9999.00
     1   2005     79    5500.0       1.0      10.2      0.66      2.00      0.00  -9999.00
     1   2005     80    5200.0       3.9      12.6      0.81      2.00      2.00  -9999.00
     1   2005     81    8800.0       7.0      10.1      1.00      2.00      2.60  -9999.00
     1   2005     82    9400.0       6.4      11.3      0.96      2.00      1.90  -9999.00
     1   2005     83    5100.0      -0.9      14.6      0.57      2.00      1.90  -9999.00
     1   2005     84    5700.0       6.3      10.7      0.95      2.00      0.00  -9999.00
     1   2005     85    6100.0       7.2      15.5      1.02      2.00      9.40  -9999.00
     1   2005     86   11700.0       6.7       9.3      0.98      2.00      0.00  -9999.00
     1   2005     87   17300.0       5.0      13.0      0.87      2.00      1.60  -9999.00
     1   2005     88   13400.0       5.1      14.0      0.88      2.00      0.60  -9999.00
     1   2005     89    4400.0       9.7      12.4      1.20      2.00      0.10  -9999.00
     1   2005     90    8300.0       4.0       5.6      0.81      2.00      0.00  -9999.00
     1   2005     91   10800.0       1.6       4.4      0.69      2.00      0.30  -9999.00
     1   2005     92    6200.0       4.2      12.6      0.82      2.00      0.40  -9999.00
     1   2005     93    8900.0       4.0      13.7      0.81      2.00      3.90  -9999.00
     1   2005     94    4700.0       0.2      11.4      0.62      2.00     17.00  -9999.00
     1   2005     95   10800.0      -0.7      11.0      0.58      2.00      1.10  -9999.00
     1   2005     96   11300.0       5.7      11.6      0.92      2.00      6.40  -9999.00
     1   2005     97    6200.0       4.8      14.8      0.86      2.00      2.90  -9999.00
     1   2005     98   12900.0       2.0       9.5      0.71      2.00      2.20  -9999.00
     1   2005     99   12700.0       5.7      12.1      0.92      2.00      0.00  -9999.00
     1   2005    100   13500.0       7.2       9.2      1.02      2.00      7.10  -9999.00
     1   2005    101   17700.0       6.8      14.5      0.99      2.00      0.60  -9999.00
     1   2005    102   13500.0       7.4       9.4      1.03      2.00      3.10  -9999.00
     1   2005    103    6800.0       6.3       8.2      0.95      2.00     11.20  -9999.00
     1   2005    104   20000.0       6.0      12.8      0.93      2.00      0.00  -9999.00
     1   2005    105    9100.0       6.2       8.2      0.95      2.00      0.30  -9999.00
     1   2005    106   14500.0       1.3       8.1      0.67      2.00      9.80  -9999.00
     1   2005    107   20400.0       5.7      11.7      0.92      2.00      0.00  -9999.00
     1   2005    108   12900.0       9.4      11.3      1.18      2.00      0.00  -9999.00
     1   2005    109    8100.0       3.3      15.7      0.77      2.00      0.00  -9999.00
     1   2005    110   12800.0       2.4      22.8      0.73      2.00      0.00  -9999.00
     1   2005    111    6800.0       4.8       7.3      0.86      2.00      0.30  -9999.00
     1   2005    112   10500.0       3.6      11.2      0.79      2.00      6.60  -9999.00
     1   2005    113    7000.0       1.6      13.5      0.69      2.00      0.00  -9999.00
     1   2005    114   17000.0       0.4      21.3      0.63      2.00      0.00  -9999.00
     1   2005    115   15900.0       6.7      13.6      0.98      2.00      0.30  -9999.00
     1   2005    116   20200.0       9.2      12.7      1.16      2.00      0.00  -9999.00
     1   2005    117   21400.0       3.0      14.6      0.76      2.00      0.00  -9999.00
     1   2005    118   16500.0      -0.8      20.1      0.58      2.00      0.00  -9999.00
     1   2005    119   16900.0       8.8      18.0      1.13      2.00      0.00  -9999.00
     1   2005    120   20100.0       3.8      11.1      0.80      2.00      0.00  -9999.00
     1   2005    121   23700.0       6.9      17.2      0.99      2.00      0.00  -9999.00
     1   2005    122   11500.0       4.5      13.9      0.84      2.00      0.00  -9999.00
     1   2005    123    7800.0      11.1      20.6      1.32      2.00      0.00  -9999.00
     1   2005    124   12700.0       7.3      14.0      1.02      2.00      0.00  -9999.00
     1   2005    125   19300.0       8.1      11.3      1.08      2.00      0.00  -9999.00
     1   2005    126   14800.0      10.2      24.4      1.24      2.00      0.00  -9999.00
     1   2005    127   24500.0      11.7      14.9      1.37      2.00      0.00  -9999.00
     1   2005    128   15600.0       6.9      15.8      0.99      2.00      0.00  -9999.00
     1   2005    129   17100.0      10.2      12.6      1.24      2.00      0.00  -9999.00
     1   2005    130   19800.0       9.9      19.9      1.22      2.00      0.00  -9999.00
     1   2005    131   26900.0       6.9      18.1      0.99      2.00      0.00  -9999.00
     1   2005    132   24300.0       9.1      15.4      1.16      2.00      0.00  -9999.00
     1   2005    133    9500.0       5.2      12.8      0.88      2.00      1.60  -9999.00
     1   2005    134   16200.0       6.4       9.2      0.96      2.00      6.00  -9999.00
     1   2005    135   11700.0      10.6      11.9      1.28      2.00      4.00  -9999.00
     1   2005    136   20500.0       9.4      15.5      1.18      2.00      0.00  -9999.00
     1   2005    137   20000.0       9.9      16.7      1.22      2.00      0.00  -9999.00
     1   2005    138    8900.0       6.2      14.6      0.95      2.00      0.00  -9999.00
     1   2005    139   24500.0       7.7      16.5      1.05      2.00      0.00  -9999.00
     1   2005    140    8100.0       5.1      18.4      0.88      2.00      0.10  -9999.00
     1   2005    141   13700.0       9.1      13.7      1.16      2.00      3.30  -9999.00
     1   2005    142   24200.0      11.6      24.3      1.37      2.00      0.00  -9999.00
     1   2005    143   20900.0       6.8      25.4      0.99      2.00      0.00  -9999.00
     1   2005    144   22100.0       9.7      15.2      1.20      2.00      0.00  -9999.00
     1   2005    145   13200.0       8.2      16.5      1.09      2.00      2.60  -9999.00
     1   2005    146   18900.0       5.5      15.2      0.90      2.00      9.60  -9999.00
     1   2005    147    8700.0       8.7      16.8      1.12      2.00      0.00  -9999.00
     1   2005    148    8800.0      11.7      15.2      1.37      2.00      9.60  -9999.00
     1   2005    149   15500.0       9.5      18.8      1.19      2.00      4.30  -9999.00
     1   2005    150   20900.0       9.7      13.6      1.20      2.00      0.00  -9999.00
     1   2005    151   13600.0      10.1      15.5      1.24      2.00      3.10  -9999.00
     1   2005    152    4400.0      10.9      14.2      1.30      2.00      7.40  -9999.00
     1   2005    153   11800.0       4.8      14.4      0.86      2.00      0.10  -9999.00
     1   2005    154    4400.0       4.4      17.3      0.84      2.00      0.60  -9999.00
     1   2005    155   15100.0       4.9      23.0      0.87      2.00      0.00  -9999.00
     1   2005    156   17500.0      11.7      14.8      1.37      2.00      2.00  -9999.00
     1   2005    157   28000.0      10.5      11.8      1.27      2.00      0.10  -9999.00
     1   2005    158   11600.0       8.2      15.1      1.09      2.00      4.40  -9999.00
     1   2005    159   27600.0       3.1      17.1      0.76      2.00      7.10  -9999.00
     1   2005    160   14200.0       8.2      23.0      1.09      2.00      0.00  -9999.00
     1   2005    161   27100.0       8.5      14.5      1.11      2.00      0.00  -9999.00
     1   2005    162   13500.0      13.5      18.0      1.55      2.00      1.70  -9999.00
     1   2005    163   25500.0       9.7      16.9      1.20      2.00      0.00  -9999.00
     1   2005    164   15400.0      10.7      17.6      1.29      2.00      3.20  -9999.00
     1   2005    165   11600.0      13.2      15.6      1.52      2.00     11.20  -9999.00
     1   2005    166   21200.0      12.1      16.9      1.41      2.00      0.40  -9999.00
     1   2005    167   16300.0      12.1      19.5      1.41      2.00      4.00  -9999.00
     1   2005    168   19500.0      10.9      16.6      1.30      2.00      0.00  -9999.00
     1   2005    169   27600.0      10.1      17.7      1.24      2.00      0.00  -9999.00
     1   2005    170   24600.0      12.3      16.8      1.43      2.00      3.00  -9999.00
     1   2005    171   18300.0      13.5      15.0      1.55      2.00      7.90  -9999.00
     1   2005    172   21000.0       8.3      18.0      1.09      2.00      0.00  -9999.00
     1   2005    173   13800.0       8.8      14.5      1.13      2.00      0.80  -9999.00
     1   2005    174   25200.0      16.6      17.7      1.89      2.00      0.00  -9999.00
     1   2005    175   18700.0      10.6      23.2      1.28      2.00      0.00  -9999.00
     1   2005    176   19300.0      11.6      22.9      1.37      2.00      0.00  -9999.00
     1   2005    177   29500.0      14.8      16.4      1.68      2.00      0.00  -9999.00
     1   2005    178   16200.0      12.7      16.7      1.47      2.00      4.90  -9999.00
     1   2005    179   23000.0      12.1      20.2      1.41      2.00      0.00  -9999.00
     1   2005    180   19000.0      13.3      19.7      1.53      2.00      0.00  -9999.00
     1   2005    181   26700.0      12.3      23.6      1.43      2.00      0.00  -9999.00
     1   2005    182   16500.0      11.0      28.2      1.31      2.00      0.00  -9999.00
     1   2005    183   22900.0      11.4      18.6      1.35      2.00      0.00  -9999.00
     1   2005    184   17600.0      13.3      26.1      1.53      2.00      0.00  -9999.00
     1   2005    185   24000.0      12.8      19.9      1.48      2.00      7.30  -9999.00
     1   2005    186   17200.0      12.9      18.2      1.49      2.00      0.00  -9999.00
     1   2005    187   23400.0      13.9      25.8      1.59      2.00      0.00  -9999.00
     1   2005    188   11800.0      11.6      22.9      1.37      2.00     18.90  -9999.00
     1   2005    189   21800.0      13.8      25.0      1.58      2.00      0.00  -9999.00
     1   2005    190   16800.0      12.1      19.0      1.41      2.00      1.60  -9999.00
     1   2005    191   16200.0      14.0      15.8      1.60      2.00      0.50  -9999.00
     1   2005    192    9500.0      10.9      20.7      1.30      2.00     14.30  -9999.00
     1   2005    193   14100.0      12.6      17.4      1.46      2.00     14.70  -9999.00
     1   2005    194   14500.0      14.0      19.5      1.60      2.00      0.90  -9999.00
     1   2005    195   26600.0      16.8      20.3      1.91      2.00      0.00  -9999.00
     1   2005    196   19000.0      10.9      24.8      1.30      2.00      0.00  -9999.00
     1   2005    197   18700.0      17.3      22.1      1.97      2.00      0.00  -9999.00
     1   2005    198   24700.0      14.5      16.6      1.65      2.00      0.00  -9999.00
     1   2005    199   25800.0      12.2      19.5      1.42      2.00      0.00  -9999.00
     1   2005    200   16000.0      11.6      21.2      1.37      2.00      0.00  -9999.00
     1   2005    201   17900.0      13.3      28.8      1.53      2.00      0.00  -9999.00
     1   2005    202   14100.0      14.4      17.8      1.64      2.00      0.00  -9999.00
     1   2005    203   23700.0      11.7      20.6      1.37      2.00      0.00  -9999.00
     1   2005    204   27400.0      13.1      20.5      1.51      2.00      0.00  -9999.00
     1   2005    205    9300.0      13.4      18.2      1.54      2.00      0.00  -9999.00
     1   2005    206   20200.0      10.7      18.5      1.29      2.00      0.00  -9999.00
     1   2005    207   22200.0      14.6      27.0      1.66      2.00      0.00  -9999.00
     1   2005    208   19000.0      12.0      18.0      1.40      2.00      3.70  -9999.00
     1   2005    209   18000.0      14.6      26.7      1.66      2.00      0.00  -9999.00
     1   2005    210   18000.0      12.6      20.8      1.46      2.00      0.00  -9999.00
     1   2005    211    6100.0      10.0      18.7      1.23      2.00      0.40  -9999.00
     1   2005    212   12600.0      15.8      17.8      1.79      2.00      0.10  -9999.00
     1   2005    213   17200.0      14.7      16.0      1.67      2.00      0.00  -9999.00
     1   2005    214   25700.0      17.3      19.3      1.97      2.00      0.00  -9999.00
     1   2005    215   23700.0      11.8      18.5      1.38      2.00      0.00  -9999.00
     1   2005    216   19000.0      15.3      17.8      1.74      2.00      0.80  -9999.00
     1   2005    217   14200.0      11.2      18.6      1.33      2.00      0.00  -9999.00
     1   2005    218   14300.0      12.5      18.6      1.45      2.00      2.40  -9999.00
     1   2005    219   15800.0      11.9      22.1      1.39      2.00      3.10  -9999.00
     1   2005    220   15200.0      11.1      17.5      1.32      2.00      0.60  -9999.00
     1   2005    221   18400.0      13.1      23.1      1.51      2.00      4.30  -9999.00
     1   2005    222   13900.0      14.5      21.0      1.65      2.00      1.40  -9999.00
     1   2005    223   16100.0      11.7      26.8      1.37      2.00      0.00  -9999.00
     1   2005    224    9700.0      15.4      20.0      1.75      2.00      0.00  -9999.00
     1   2005    225   18500.0      16.0      18.7      1.82      2.00     11.40  -9999.00
     1   2005    226   18900.0      13.8      16.7      1.58      2.00     13.00  -9999.00
     1   2005    227   16500.0      11.9      25.0      1.39      2.00      0.00  -9999.00
     1   2005    228   18400.0      13.7      24.4      1.57      2.00      0.00  -9999.00
     1   2005    229   22100.0      11.2      23.1      1.33      2.00      0.00  -9999.00
     1   2005    230   19100.0      11.7      23.6      1.37      2.00      0.00  -9999.00
     1   2005    231   16100.0      10.1      20.2      1.24      2.00      0.00  -9999.00
     1   2005    232    9700.0      14.5      15.8      1.65      2.00      0.40  -9999.00
     1   2005    233   11200.0      10.6      17.8      1.28      2.00      4.60  -9999.00
     1   2005    234   12200.0      14.4      19.9      1.64      2.00      1.90  -9999.00
     1   2005    235   11900.0       9.2      20.0      1.16      2.00      1.90  -9999.00
     1   2005    236   10000.0      10.3      21.2      1.25      2.00      0.10  -9999.00
     1   2005    237   12100.0      13.6      20.4      1.56      2.00      0.00  -9999.00
     1   2005    238   10700.0      14.2      18.7      1.62      2.00      0.10  -9999.00
     1   2005    239   12000.0      12.7      22.5      1.47      2.00     31.90  -9999.00
     1   2005    240   21800.0      11.8      18.7      1.38      2.00      0.00  -9999.00
     1   2005    241   12100.0      14.4      15.1      1.64      2.00      4.00  -9999.00
     1   2005    242    8100.0       8.9      16.2      1.14      2.00      0.70  -9999.00
     1   2005    243    8000.0       9.8      17.0      1.21      2.00      1.90  -9999.00
     1   2005    244    9400.0      14.5      17.2      1.65      2.00      0.50  -9999.00
     1   2005    245   14200.0       9.2      23.0      1.16      2.00      0.00  -9999.00
     1   2005    246    5900.0      12.5      18.3      1.45      2.00      7.10  -9999.00
     1   2005    247    5200.0       5.9      19.7      0.93      2.00      0.00  -9999.00
     1   2005    248    9500.0      15.1      20.7      1.72      2.00      6.10  -9999.00
     1   2005    249   13100.0      14.3      17.8      1.63      2.00      0.00  -9999.00
     1   2005    250   15800.0      16.8      19.6      1.91      2.00      0.00  -9999.00
     1   2005    251    6700.0      10.4      14.8      1.26      2.00      0.00  -9999.00
     1   2005    252    9400.0      14.6      17.8      1.66      2.00      3.20  -9999.00
     1   2005    253   14400.0       7.4      15.8      1.03      2.00      3.90  -9999.00
     1   2005    254   10600.0      15.3      15.9      1.74      2.00      0.10  -9999.00
     1   2005    255    7500.0       9.5      15.9      1.19      2.00      0.10  -9999.00
     1   2005    256   12200.0      10.6      17.8      1.28      2.00      0.10  -9999.00
     1   2005    257   10100.0      11.1      16.2      1.32      2.00      0.70  -9999.00
     1   2005    258    6900.0       9.6      17.3      1.20      2.00      3.00  -9999.00
     1   2005    259    9100.0      11.3      19.1      1.34      2.00      4.20  -9999.00
     1   2005    260   16100.0      10.9      17.6      1.30      2.00     15.60  -9999.00
     1   2005    261    5900.0       9.7      15.0      1.20      2.00      6.60  -9999.00
     1   2005    262    5500.0       6.2      24.1      0.95      2.00      8.50  -9999.00
     1   2005    263    4800.0      11.8      18.4      1.38      2.00     28.50  -9999.00
     1   2005    264   15300.0      10.3      17.9      1.25      2.00      0.00  -9999.00
     1   2005    265   10900.0      10.6      14.1      1.28      2.00      0.00  -9999.00
     1   2005    266   15900.0       2.8      18.6      0.75      2.00      0.00  -9999.00
     1   2005    267   14100.0       9.3      19.9      1.17      2.00      0.00  -9999.00
     1   2005    268   10900.0      13.1      15.1      1.51      2.00      0.00  -9999.00
     1   2005    269    7500.0       7.8      22.1      1.06      2.00      0.00  -9999.00
     1   2005    270   15000.0      10.6      16.5      1.28      2.00      0.00  -9999.00
     1   2005    271   10800.0      10.8      16.5      1.29      2.00      1.60  -9999.00
     1   2005    272   10000.0       5.0      13.7      0.87      2.00      0.00  -9999.00
     1   2005    273    8200.0      10.8      17.2      1.29      2.00     13.70  -9999.00
     1   2005    274   11100.0       3.8      15.3      0.80      2.00      0.00  -9999.00
     1   2005    275    8200.0       8.8      14.9      1.13      2.00      0.00  -9999.00
     1   2005    276   11500.0      11.8      17.9      1.38      2.00      0.00  -9999.00
     1   2005    277   13400.0       5.4      12.3      0.90      2.00      0.00  -9999.00
     1   2005    278    5400.0       6.2      13.3      0.95      2.00     33.40  -9999.00
     1   2005    279   12000.0       5.2      12.6      0.88      2.00      5.60  -9999.00
     1   2005    280    8600.0      13.7      14.5      1.57      2.00      0.00  -9999.00
     1   2005    281   12000.0       9.2      12.3      1.16      2.00      0.00  -9999.00
     1   2005    282    7900.0       6.6      12.4      0.97      2.00      0.00  -9999.00
     1   2005    283   10800.0      10.8      13.4      1.29      2.00      0.00  -9999.00
     1   2005    284    6500.0       4.2      11.9      0.82      2.00     12.40  -9999.00
     1   2005    285    5400.0       7.0      14.9      1.00      2.00      0.00  -9999.00
     1   2005    286    8500.0       4.7      14.3      0.85      2.00      0.00  -9999.00
     1   2005    287   11400.0       8.9      14.5      1.14      2.00      0.00  -9999.00
     1   2005    288    6700.0      10.5      10.6      1.27      2.00      0.00  -9999.00
     1   2005    289    3100.0      12.2      14.2      1.42      2.00     15.50  -9999.00
     1   2005    290    4900.0       8.6      13.8      1.12      2.00      0.10  -9999.00
     1   2005    291    6200.0      10.5      12.5      1.27      2.00      0.20  -9999.00
     1   2005    292    7800.0      10.3      16.3      1.25      2.00      4.00  -9999.00
     1   2005    293    4700.0       9.5      13.4      1.19      2.00     14.60  -9999.00
     1   2005    294    3200.0       0.7      11.1      0.64      2.00      0.00  -9999.00
     1   2005    295    5600.0      11.2      11.4      1.33      2.00      0.00  -9999.00
     1   2005    296    4200.0       7.8      17.1      1.06      2.00      0.00  -9999.00
     1   2005    297    9500.0       2.0      13.5      0.71      2.00      0.00  -9999.00
     1   2005    298    1400.0       3.3      13.6      0.77      2.00     16.90  -9999.00
     1   2005    299    3100.0      11.8      13.8      1.38      2.00      5.80  -9999.00
     1   2005    300    4400.0       6.1      14.9      0.94      2.00      7.40  -9999.00
     1   2005    301    2000.0       9.3      11.3      1.17      2.00      5.00  -9999.00
     1   2005    302    4400.0       6.2      11.4      0.95      2.00      0.80  -9999.00
     1   2005    303    2600.0       2.6      12.7      0.74      2.00      6.80  -9999.00
     1   2005    304    3400.0       7.7      14.0      1.05      2.00      3.50  -9999.00
     1   2005    305    4600.0      12.3      14.3      1.43      2.00      2.10  -9999.00
     1   2005    306    6100.0      -0.6      11.5      0.58      2.00      0.00  -9999.00
     1   2005    307    6500.0       5.7      15.5      0.92      2.00     11.50  -9999.00
     1   2005    308    2300.0       9.9      14.2      1.22      2.00      5.40  -9999.00
     1   2005    309    3200.0       7.3       9.9      1.02      2.00      0.40  -9999.00
     1   2005    310    2100.0       4.8      14.0      0.86      2.00     10.90  -9999.00
     1   2005    311    4800.0       8.0      10.6      1.07      2.00      2.00  -9999.00
     1   2005    312    1300.0       0.6      15.9      0.64      2.00      8.30  -9999.00
     1   2005    313    4100.0       5.4      13.9      0.90      2.00      1.20  -9999.00
     1   2005    314    5700.0       9.4      14.4      1.18      2.00     21.70  -9999.00
     1   2005    315    6800.0       7.1      10.6      1.01      2.00      3.10  -9999.00
     1   2005    316    5000.0      11.3      13.0      1.34      2.00      0.60  -9999.00
     1   2005    317    4000.0       6.3      11.1      0.95      2.00      0.00  -9999.00
     1   2005    318    5100.0       1.4      11.9      0.68      2.00      0.00  -9999.00
     1   2005    319    2200.0       4.6      14.1      0.85      2.00      0.40  -9999.00
     1   2005    320    2600.0      10.8      11.7      1.29      2.00      9.80  -9999.00
     1   2005    321    6200.0       0.5      11.1      0.63      2.00      0.20  -9999.00
     1   2005    322    4000.0       2.5       9.7      0.73      2.00      2.40  -9999.00
     1   2005    323    4200.0       3.0       5.0      0.76      2.00      1.10  -9999.00
     1   2005    324    4600.0       6.4       9.7      0.96      2.00      0.00  -9999.00
     1   2005    325    3500.0       3.6       7.4      0.79      2.00      0.00  -9999.00
     1   2005    326    1900.0       7.7      13.9      1.05      2.00     11.30  -9999.00
     1   2005    327    1800.0       0.2      13.7      0.62      2.00      4.30  -9999.00
     1   2005    328    4400.0       5.3      10.2      0.89      2.00      1.00  -9999.00
     1   2005    329    2000.0       5.4       7.4      0.90      2.00      0.00  -9999.00
     1   2005    330    1900.0       4.0      11.3      0.81      2.00      0.00  -9999.00
     1   2005    331    3300.0       4.6      11.0      0.85      2.00      5.60  -9999.00
     1   2005    332    1600.0       5.1       7.1      0.88      2.00      0.00  -9999.00
     1   2005    333    5000.0       4.9       6.9      0.87      2.00      0.00  -9999.00
     1   2005    334     800.0       9.0      10.0      1.15      2.00      0.40  -9999.00
     1   2005    335    2600.0       3.4       9.7      0.78      2.00      2.70  -9999.00
     1   2005    336     800.0       8.1      12.1      1.08      2.00      1.30  -9999.00
     1   2005    337    1600.0       5.7       7.4      0.92      2.00      9.30  -9999.00
     1   2005    338    1600.0      11.5      13.0      1.36      2.00      1.50  -9999.00
     1   2005    339    1600.0       4.0       6.0      0.81      2.00      2.00  -9999.00
     1   2005    340    1500.0       7.7      11.7      1.05      2.00      5.80  -9999.00
     1   2005    341    3700.0       1.4      11.6      0.68      2.00      0.00  -9999.00
     1   2005    342    2400.0       3.7       5.7      0.80      2.00      0.00  -9999.00
     1   2005    343    2100.0       2.3       6.4      0.72      2.00      0.00  -9999.00
     1   2005    344    1400.0       3.3       3.6      0.77      2.00      0.00  -9999.00
     1   2005    345    1700.0       3.0      11.7      0.76      2.00      0.00  -9999.00
     1   2005    346    1400.0       0.2       6.0      0.62      2.00      0.00  -9999.00
     1   2005    347    1700.0       2.3       6.0      0.72      2.00      0.00  -9999.00
     1   2005    348    3500.0       0.7       6.2      0.64      2.00      0.00  -9999.00
     1   2005    349    4500.0      -1.8      11.5      0.54      2.00      0.00  -9999.00
     1   2005    350    1500.0      -0.1      11.1      0.61      2.00      8.60  -9999.00
     1   2005    351    4500.0       0.1       7.8      0.62      2.00      6.60  -9999.00
     1   2005    352    1500.0       3.6      11.5      0.79      2.00      2.60  -9999.00
     1   2005    353    1900.0       5.4       5.5      0.90      2.00      2.20  -9999.00
     1   2005    354    2500.0      -1.3       8.3      0.56      2.00      0.30  -9999.00
     1   2005    355    1400.0       6.9       9.9      0.99      2.00      8.90  -9999.00
     1   2005    356     900.0       1.0      12.7      0.66      2.00      5.70  -9999.00
     1   2005    357    2500.0       4.6      11.3      0.85      2.00      0.60  -9999.00
     1   2005    358    2600.0       3.0      11.3      0.76      2.00      1.10  -9999.00
     1   2005    359    1900.0      -0.3       6.5      0.60      2.00      5.50  -9999.00
     1   2005    360    3600.0       1.0      12.9      0.66      2.00      0.10  -9999.00
     1   2005    361    3100.0       9.1      10.8      1.16      2.00      4.00  -9999.00
     1   2005    362    1500.0      -2.3       6.0      0.52      2.00      0.00  -9999.00
     1   2005    363    3600.0       2.6       4.6      0.74      2.00      0.00  -9999.00
     1   2005    364    3000.0      -1.2       7.8      0.56      2.00      0.00  -9999.00
     1   2005    365    2500.0      -3.4       7.7      0.48      2.00      0.90  -9999.00
