*-----------------------------------------------------------------------------* 
           CNWG_149.met           51.48   -3.55   69.72
* Date created:  08-Aug-2019     Author: K Coleman 
* 
* NIL VALUE       -9999 
* Source:   data provided by M. Semenov 
*  
* Latitude:    51.48 Longitude:    -3.55 Altitude:    69.72
* 
* Column  Daily value 
* 1       station number 
* 2       year 
* 3       day 
* 4       irradiation                   (kJ m-2 d-1) 
* 5       minimum temperature           (degrees Celsius) 
* 6       maximum temperature           (degrees Celsius) 
* 7       early morning vapour pressure (kPa)             
* 8       mean wind speed (height: 2 m?) (m s-1)          
* 9       precipitation                 (mm d-1)          
* 10      sunshine                      (hrs)             
 		Jday	RAD	    TMIN	TMAX	 VAP	wind	RAIN	SUN  
               kj/m2	°C	    °C	     kPa	m/s	    mm	    hrs 
   51.48  69.72
     1   2005      1    1600.0       2.7       9.3      0.74      2.00      1.30  -9999.00
     1   2005      2    2500.0       1.1      10.9      0.66      2.00     13.30  -9999.00
     1   2005      3    1500.0      -0.3       9.8      0.60      2.00      6.20  -9999.00
     1   2005      4    1200.0       6.5       9.5      0.97      2.00     17.50  -9999.00
     1   2005      5    2700.0       5.9       7.5      0.93      2.00      5.00  -9999.00
     1   2005      6    1800.0       3.3       9.6      0.77      2.00     12.30  -9999.00
     1   2005      7    1500.0       4.3      12.1      0.83      2.00      1.60  -9999.00
     1   2005      8    5000.0       0.6      10.0      0.64      2.00      0.00  -9999.00
     1   2005      9    1600.0       4.4       6.4      0.84      2.00      2.50  -9999.00
     1   2005     10    1300.0       1.3       8.2      0.67      2.00      0.60  -9999.00
     1   2005     11    3500.0       0.0       7.7      0.61      2.00      0.00  -9999.00
     1   2005     12    2000.0       0.9       9.2      0.65      2.00      6.00  -9999.00
     1   2005     13    2000.0       6.7       8.0      0.98      2.00     15.30  -9999.00
     1   2005     14    3000.0       1.1      10.0      0.66      2.00      0.50  -9999.00
     1   2005     15    2000.0       7.2       9.2      1.02      2.00      6.30  -9999.00
     1   2005     16    1900.0       0.5      11.0      0.63      2.00      3.50  -9999.00
     1   2005     17    2500.0      -2.8      10.3      0.50      2.00     15.80  -9999.00
     1   2005     18    1500.0       0.7       8.0      0.64      2.00      0.00  -9999.00
     1   2005     19    3900.0      -2.4       9.2      0.51      2.00      0.00  -9999.00
     1   2005     20    5900.0      -1.0       7.0      0.57      2.00      0.00  -9999.00
     1   2005     21    2100.0      -0.3       8.7      0.60      2.00      0.00  -9999.00
     1   2005     22    4700.0       5.5       9.1      0.90      2.00      0.00  -9999.00
     1   2005     23    3800.0       0.9      12.0      0.65      2.00      0.00  -9999.00
     1   2005     24    4600.0       3.4       5.0      0.78      2.00      0.00  -9999.00
     1   2005     25    2200.0       5.8       8.4      0.92      2.00      0.50  -9999.00
     1   2005     26    4400.0       4.4       7.3      0.84      2.00      0.00  -9999.00
     1   2005     27    1000.0       0.8       2.8      0.65      2.00      5.20  -9999.00
     1   2005     28    2200.0       8.2       9.0      1.09      2.00      2.00  -9999.00
     1   2005     29    4700.0       1.1       3.1      0.66      2.00      0.00  -9999.00
     1   2005     30    3900.0       0.1       2.1      0.62      2.00      3.40  -9999.00
     1   2005     31    4100.0       6.3       9.1      0.95      2.00      8.20  -9999.00
     1   2005     32    3600.0       5.7       9.4      0.92      2.00      0.40  -9999.00
     1   2005     33    2500.0       6.8       8.8      0.99      2.00      4.40  -9999.00
     1   2005     34    2600.0       5.5       8.4      0.90      2.00      1.10  -9999.00
     1   2005     35    2600.0       0.7       2.7      0.64      2.00      2.70  -9999.00
     1   2005     36    4400.0       6.0       8.0      0.93      2.00      0.00  -9999.00
     1   2005     37    4000.0       2.8       9.4      0.75      2.00      0.20  -9999.00
     1   2005     38    3800.0       1.4       3.4      0.68      2.00      2.80  -9999.00
     1   2005     39    3800.0      -1.3      12.0      0.56      2.00      2.80  -9999.00
     1   2005     40    5600.0      -6.1       8.9      0.39      2.00      0.00  -9999.00
     1   2005     41    6200.0       1.7      10.0      0.69      2.00      3.90  -9999.00
     1   2005     42    4100.0      -3.9       9.5      0.46      2.00      0.00  -9999.00
     1   2005     43    8800.0       3.5       9.4      0.78      2.00      0.00  -9999.00
     1   2005     44    5200.0       1.5       9.0      0.68      2.00      0.00  -9999.00
     1   2005     45    8700.0      -0.7       3.6      0.58      2.00      0.00  -9999.00
     1   2005     46    4300.0       0.8      13.3      0.65      2.00      0.00  -9999.00
     1   2005     47    6300.0      -0.9       3.6      0.57      2.00      0.00  -9999.00
     1   2005     48    6200.0       2.3       8.8      0.72      2.00      0.00  -9999.00
     1   2005     49    9700.0      -0.3       0.8      0.60      2.00      0.00  -9999.00
     1   2005     50    5400.0      -7.7       5.6      0.34      2.00      0.00  -9999.00
     1   2005     51    6700.0       2.5       3.5      0.73      2.00      0.00  -9999.00
     1   2005     52    7500.0      -3.9      15.5      0.46      2.00      0.00  -9999.00
     1   2005     53    3400.0       2.4       4.9      0.73      2.00      0.00  -9999.00
     1   2005     54    2700.0       0.9       6.4      0.65      2.00      1.70  -9999.00
     1   2005     55    5700.0       3.5       8.2      0.78      2.00      0.90  -9999.00
     1   2005     56    2300.0       1.1      10.9      0.66      2.00      0.70  -9999.00
     1   2005     57    8400.0       9.2       9.7      1.16      2.00      2.00  -9999.00
     1   2005     58    2800.0       1.2       6.9      0.67      2.00      0.30  -9999.00
     1   2005     59    5400.0       7.6       9.6      1.04      2.00      0.10  -9999.00
     1   2005     60    4000.0       3.2       9.9      0.77      2.00      9.90  -9999.00
     1   2005     61   12200.0       6.2       8.3      0.95      2.00      4.10  -9999.00
     1   2005     62    8700.0       3.1       3.6      0.76      2.00      7.80  -9999.00
     1   2005     63    3600.0       6.1       8.1      0.94      2.00     15.60  -9999.00
     1   2005     64    1900.0      -3.8      10.6      0.46      2.00      6.20  -9999.00
     1   2005     65    3700.0       5.9      10.1      0.93      2.00      0.00  -9999.00
     1   2005     66   13100.0       3.7       5.7      0.80      2.00      0.00  -9999.00
     1   2005     67    8000.0       6.6      10.5      0.97      2.00      5.40  -9999.00
     1   2005     68    4200.0       9.7      10.7      1.20      2.00      0.60  -9999.00
     1   2005     69    4300.0       4.0      12.9      0.81      2.00      0.00  -9999.00
     1   2005     70    6500.0       0.4      11.5      0.63      2.00      0.00  -9999.00
     1   2005     71    5000.0       7.0      11.7      1.00      2.00      5.40  -9999.00
     1   2005     72    4500.0       1.7       3.9      0.69      2.00      0.10  -9999.00
     1   2005     73    5800.0       8.4      10.1      1.10      2.00      0.30  -9999.00
     1   2005     74    6700.0       2.1      10.5      0.71      2.00      0.50  -9999.00
     1   2005     75    8900.0      -0.9       9.1      0.57      2.00      0.60  -9999.00
     1   2005     76    8500.0       1.8       6.0      0.70      2.00      0.40  -9999.00
     1   2005     77   14000.0       5.1      12.0      0.88      2.00      0.00  -9999.00
     1   2005     78    5700.0       2.7      12.8      0.74      2.00      0.00  -9999.00
     1   2005     79   11700.0       1.7      13.3      0.69      2.00      0.00  -9999.00
     1   2005     80    7200.0       6.9      10.9      0.99      2.00      0.00  -9999.00
     1   2005     81    6200.0      -0.1       6.9      0.61      2.00      0.00  -9999.00
     1   2005     82    9500.0       7.2       8.5      1.02      2.00      0.00  -9999.00
     1   2005     83    5100.0       6.5       7.7      0.97      2.00      0.00  -9999.00
     1   2005     84    7100.0       3.4       8.5      0.78      2.00      1.00  -9999.00
     1   2005     85   12300.0       1.8      12.5      0.70      2.00      0.20  -9999.00
     1   2005     86   11100.0       7.3       9.1      1.02      2.00      0.00  -9999.00
     1   2005     87   12300.0       7.4      11.2      1.03      2.00      8.80  -9999.00
     1   2005     88    5700.0       7.6       7.8      1.04      2.00      1.20  -9999.00
     1   2005     89    5500.0       6.6      13.2      0.97      2.00      6.70  -9999.00
     1   2005     90   11300.0       9.3      11.3      1.17      2.00     13.30  -9999.00
     1   2005     91   16700.0       1.3      12.5      0.67      2.00      0.00  -9999.00
     1   2005     92   16800.0      -0.2      13.9      0.60      2.00      0.00  -9999.00
     1   2005     93   18300.0       7.2       9.2      1.02      2.00      0.00  -9999.00
     1   2005     94   16400.0       0.9      13.3      0.65      2.00      3.60  -9999.00
     1   2005     95    8400.0       8.9      12.6      1.14      2.00      9.80  -9999.00
     1   2005     96   13000.0       1.8       9.7      0.70      2.00      7.00  -9999.00
     1   2005     97   10900.0       8.4      13.1      1.10      2.00      1.00  -9999.00
     1   2005     98    8300.0      -0.3       9.5      0.60      2.00      2.00  -9999.00
     1   2005     99   16900.0       6.7      11.2      0.98      2.00      5.10  -9999.00
     1   2005    100   11200.0       6.4      14.4      0.96      2.00      3.10  -9999.00
     1   2005    101   17100.0       2.1      10.7      0.71      2.00      0.00  -9999.00
     1   2005    102   18800.0       4.4      12.6      0.84      2.00      9.50  -9999.00
     1   2005    103   13600.0       3.9       9.8      0.81      2.00      0.30  -9999.00
     1   2005    104   17200.0       4.7      11.3      0.85      2.00      3.50  -9999.00
     1   2005    105   11700.0       9.4      11.4      1.18      2.00      1.10  -9999.00
     1   2005    106    6900.0       4.1       8.3      0.82      2.00      3.10  -9999.00
     1   2005    107    7800.0       0.3       9.5      0.62      2.00      5.70  -9999.00
     1   2005    108    5400.0       8.0      11.3      1.07      2.00      0.60  -9999.00
     1   2005    109    7100.0       5.2      14.0      0.88      2.00      2.20  -9999.00
     1   2005    110   13500.0       3.1      15.5      0.76      2.00      0.30  -9999.00
     1   2005    111    8600.0       2.1      12.1      0.71      2.00      0.40  -9999.00
     1   2005    112   12200.0       6.9       8.9      0.99      2.00      4.80  -9999.00
     1   2005    113   23300.0       8.3      14.5      1.09      2.00      2.00  -9999.00
     1   2005    114   13500.0       4.5      17.0      0.84      2.00     12.40  -9999.00
     1   2005    115   10200.0       4.0      10.7      0.81      2.00      8.00  -9999.00
     1   2005    116   10700.0       6.5      11.9      0.97      2.00      0.40  -9999.00
     1   2005    117   19700.0       6.4      14.2      0.96      2.00      0.00  -9999.00
     1   2005    118   10100.0       6.2      11.9      0.95      2.00      0.40  -9999.00
     1   2005    119   12300.0       5.8       9.2      0.92      2.00      0.20  -9999.00
     1   2005    120   20100.0       2.0      13.3      0.71      2.00      0.00  -9999.00
     1   2005    121   15300.0       5.7      17.1      0.92      2.00      0.00  -9999.00
     1   2005    122   17500.0       6.5      11.3      0.97      2.00      0.40  -9999.00
     1   2005    123   14300.0       1.7      15.2      0.69      2.00      2.00  -9999.00
     1   2005    124    9700.0       4.3      13.8      0.83      2.00      0.10  -9999.00
     1   2005    125   19800.0       8.8      10.1      1.13      2.00     14.20  -9999.00
     1   2005    126    8000.0       8.8       9.5      1.13      2.00      6.50  -9999.00
     1   2005    127    9700.0       9.1      10.6      1.16      2.00      0.10  -9999.00
     1   2005    128    8900.0       9.5      12.7      1.19      2.00     10.10  -9999.00
     1   2005    129   13800.0       8.7      11.8      1.12      2.00     14.50  -9999.00
     1   2005    130    9500.0       4.0       8.4      0.81      2.00      2.10  -9999.00
     1   2005    131   15000.0       2.7      17.6      0.74      2.00      3.30  -9999.00
     1   2005    132   11400.0      10.1      16.1      1.24      2.00      0.70  -9999.00
     1   2005    133   12800.0       9.8      16.2      1.21      2.00      2.20  -9999.00
     1   2005    134   15300.0       8.0      14.2      1.07      2.00      0.50  -9999.00
     1   2005    135   24400.0      10.5      15.1      1.27      2.00      0.00  -9999.00
     1   2005    136   17200.0      11.8      12.6      1.38      2.00      0.00  -9999.00
     1   2005    137   17900.0       9.8      19.4      1.21      2.00      0.00  -9999.00
     1   2005    138   27600.0       8.1      18.9      1.08      2.00      0.00  -9999.00
     1   2005    139   27600.0       5.8      16.0      0.92      2.00      0.00  -9999.00
     1   2005    140   19400.0       3.2      14.1      0.77      2.00      0.00  -9999.00
     1   2005    141   18100.0       7.0      14.1      1.00      2.00      0.10  -9999.00
     1   2005    142   28600.0      11.8      15.7      1.38      2.00      0.00  -9999.00
     1   2005    143   20600.0      11.4      12.7      1.35      2.00      0.00  -9999.00
     1   2005    144   15000.0      10.3      12.3      1.25      2.00      0.10  -9999.00
     1   2005    145   16700.0       6.9      15.0      0.99      2.00      4.00  -9999.00
     1   2005    146   14000.0      10.4      15.3      1.26      2.00     10.20  -9999.00
     1   2005    147    9600.0      10.4      14.3      1.26      2.00      1.60  -9999.00
     1   2005    148   16200.0       5.4      14.2      0.90      2.00      0.00  -9999.00
     1   2005    149   17600.0       9.4      17.8      1.18      2.00      0.00  -9999.00
     1   2005    150   23500.0      11.0      15.3      1.31      2.00      0.00  -9999.00
     1   2005    151   12500.0      11.0      15.6      1.31      2.00      5.50  -9999.00
     1   2005    152   24900.0      10.7      15.6      1.29      2.00      6.80  -9999.00
     1   2005    153   17100.0       8.4      15.1      1.10      2.00      1.40  -9999.00
     1   2005    154   23100.0       9.6      16.2      1.20      2.00      3.00  -9999.00
     1   2005    155   26900.0       6.9      21.2      0.99      2.00      0.00  -9999.00
     1   2005    156   17800.0       4.5      22.1      0.84      2.00      0.00  -9999.00
     1   2005    157   18400.0       8.8      16.5      1.13      2.00      0.40  -9999.00
     1   2005    158   21500.0       5.3      17.0      0.89      2.00      0.00  -9999.00
     1   2005    159   22500.0      13.3      17.2      1.53      2.00      0.50  -9999.00
     1   2005    160   16400.0      11.6      15.9      1.37      2.00      3.10  -9999.00
     1   2005    161   20800.0      11.2      17.8      1.33      2.00      0.00  -9999.00
     1   2005    162   27300.0       8.3      18.7      1.09      2.00      0.00  -9999.00
     1   2005    163   24300.0       8.7      17.4      1.12      2.00      0.00  -9999.00
     1   2005    164   27000.0      13.3      16.2      1.53      2.00      0.00  -9999.00
     1   2005    165   18600.0      12.9      20.3      1.49      2.00      0.00  -9999.00
     1   2005    166   27800.0      10.3      15.8      1.25      2.00      0.00  -9999.00
     1   2005    167    8900.0      10.8      13.7      1.29      2.00      0.10  -9999.00
     1   2005    168   23700.0      13.6      17.4      1.56      2.00      0.00  -9999.00
     1   2005    169   30400.0       9.7      17.0      1.20      2.00      0.00  -9999.00
     1   2005    170   18800.0       8.7      26.4      1.12      2.00      0.00  -9999.00
     1   2005    171   10200.0      12.0      24.7      1.40      2.00      0.00  -9999.00
     1   2005    172   21300.0      10.9      18.3      1.30      2.00      0.00  -9999.00
     1   2005    173   19700.0       8.8      18.4      1.13      2.00      0.00  -9999.00
     1   2005    174   16300.0      12.1      21.1      1.41      2.00      0.00  -9999.00
     1   2005    175   20000.0      11.2      16.4      1.33      2.00      0.00  -9999.00
     1   2005    176   13000.0      13.0      17.9      1.50      2.00      0.50  -9999.00
     1   2005    177   11700.0      13.8      15.3      1.58      2.00      1.70  -9999.00
     1   2005    178   27300.0      11.6      18.6      1.37      2.00      0.00  -9999.00
     1   2005    179   20200.0       4.6      17.1      0.85      2.00      1.20  -9999.00
     1   2005    180   18000.0      11.6      15.9      1.37      2.00      0.20  -9999.00
     1   2005    181    9300.0       6.2      16.3      0.95      2.00      4.90  -9999.00
     1   2005    182   27800.0      12.2      20.0      1.42      2.00      0.00  -9999.00
     1   2005    183   12000.0      10.3      24.2      1.25      2.00      0.00  -9999.00
     1   2005    184   22300.0      13.6      18.4      1.56      2.00      0.00  -9999.00
     1   2005    185   15100.0      12.4      24.9      1.44      2.00      0.00  -9999.00
     1   2005    186   27500.0      12.4      19.0      1.44      2.00      0.00  -9999.00
     1   2005    187   17200.0      13.8      18.3      1.58      2.00      4.00  -9999.00
     1   2005    188   13100.0      14.9      16.7      1.69      2.00     16.30  -9999.00
     1   2005    189   27900.0      12.2      17.4      1.42      2.00      0.00  -9999.00
     1   2005    190   28400.0      11.7      16.7      1.37      2.00      0.00  -9999.00
     1   2005    191   21600.0      13.2      18.9      1.52      2.00      0.00  -9999.00
     1   2005    192   20000.0      14.2      19.4      1.62      2.00      0.00  -9999.00
     1   2005    193   25400.0      10.5      17.0      1.27      2.00      0.00  -9999.00
     1   2005    194    9200.0      11.4      23.2      1.35      2.00      0.00  -9999.00
     1   2005    195   25100.0       9.7      26.3      1.20      2.00      0.00  -9999.00
     1   2005    196   15700.0       8.9      20.9      1.14      2.00      0.00  -9999.00
     1   2005    197   26200.0      10.6      21.9      1.28      2.00      0.00  -9999.00
     1   2005    198   23700.0      14.8      22.8      1.68      2.00      0.00  -9999.00
     1   2005    199   13300.0      11.0      17.5      1.31      2.00      6.00  -9999.00
     1   2005    200   11900.0       9.8      21.7      1.21      2.00     22.60  -9999.00
     1   2005    201   18000.0      13.4      20.6      1.54      2.00      0.90  -9999.00
     1   2005    202   24800.0      11.6      25.2      1.37      2.00      0.00  -9999.00
     1   2005    203   14000.0      14.9      21.6      1.69      2.00      0.00  -9999.00
     1   2005    204   19200.0      14.2      21.6      1.62      2.00      0.00  -9999.00
     1   2005    205   20800.0      14.7      19.8      1.67      2.00      0.00  -9999.00
     1   2005    206   19900.0      11.9      18.5      1.39      2.00      0.00  -9999.00
     1   2005    207   17300.0      12.1      23.7      1.41      2.00      0.00  -9999.00
     1   2005    208   21900.0      13.4      22.7      1.54      2.00      0.00  -9999.00
     1   2005    209   23200.0      13.7      20.4      1.57      2.00      0.00  -9999.00
     1   2005    210   13200.0       8.7      26.5      1.12      2.00      0.00  -9999.00
     1   2005    211   17100.0      12.0      20.1      1.40      2.00      0.00  -9999.00
     1   2005    212   20200.0      12.0      18.8      1.40      2.00      0.00  -9999.00
     1   2005    213   23700.0      16.3      16.7      1.85      2.00      0.00  -9999.00
     1   2005    214   17500.0      12.8      22.9      1.48      2.00      0.00  -9999.00
     1   2005    215   15300.0      14.0      23.5      1.60      2.00      0.00  -9999.00
     1   2005    216   12300.0      11.8      17.2      1.38      2.00      0.60  -9999.00
     1   2005    217   13200.0      12.6      16.8      1.46      2.00      1.60  -9999.00
     1   2005    218   18100.0      15.6      18.8      1.77      2.00      1.40  -9999.00
     1   2005    219   24000.0      12.2      17.8      1.42      2.00      0.00  -9999.00
     1   2005    220   24000.0      10.9      18.4      1.30      2.00      0.00  -9999.00
     1   2005    221   21700.0      11.4      18.0      1.35      2.00      0.00  -9999.00
     1   2005    222   22100.0      13.2      21.7      1.52      2.00      0.00  -9999.00
     1   2005    223   22600.0      14.1      16.9      1.61      2.00      0.00  -9999.00
     1   2005    224   17700.0      13.3      21.0      1.53      2.00     10.20  -9999.00
     1   2005    225   23300.0      15.7      21.1      1.78      2.00      0.00  -9999.00
     1   2005    226   13500.0      15.5      20.1      1.76      2.00      0.10  -9999.00
     1   2005    227    8900.0      14.6      18.7      1.66      2.00      4.70  -9999.00
     1   2005    228   13200.0      12.4      18.5      1.44      2.00      6.20  -9999.00
     1   2005    229   12100.0      16.3      17.6      1.85      2.00      9.60  -9999.00
     1   2005    230   14200.0      10.3      20.2      1.25      2.00      0.00  -9999.00
     1   2005    231   14200.0      13.3      17.9      1.53      2.00      0.10  -9999.00
     1   2005    232   10800.0      15.5      25.5      1.76      2.00      0.30  -9999.00
     1   2005    233    9300.0      13.0      21.8      1.50      2.00      0.30  -9999.00
     1   2005    234   11300.0      13.2      17.2      1.52      2.00      0.10  -9999.00
     1   2005    235   11200.0      13.4      22.6      1.54      2.00      0.70  -9999.00
     1   2005    236   12500.0      11.6      19.1      1.37      2.00      0.00  -9999.00
     1   2005    237   11000.0      15.7      23.0      1.78      2.00     30.90  -9999.00
     1   2005    238   10000.0      10.2      17.3      1.24      2.00      6.10  -9999.00
     1   2005    239   17700.0      16.7      20.4      1.90      2.00      0.00  -9999.00
     1   2005    240   16300.0      13.1      20.4      1.51      2.00      0.00  -9999.00
     1   2005    241   15600.0      11.3      19.8      1.34      2.00      0.00  -9999.00
     1   2005    242   15500.0      12.6      19.5      1.46      2.00      4.60  -9999.00
     1   2005    243    8300.0      17.5      24.7      2.00      2.00      4.30  -9999.00
     1   2005    244    9000.0      15.1      21.1      1.72      2.00     10.20  -9999.00
     1   2005    245    9800.0      15.7      20.0      1.78      2.00      0.90  -9999.00
     1   2005    246    8200.0      11.7      18.2      1.37      2.00      0.00  -9999.00
     1   2005    247   10700.0       9.0      19.9      1.15      2.00      0.00  -9999.00
     1   2005    248    6400.0      12.8      16.9      1.48      2.00      0.00  -9999.00
     1   2005    249   14700.0      11.5      17.2      1.36      2.00      0.00  -9999.00
     1   2005    250    9000.0      14.3      15.8      1.63      2.00      0.10  -9999.00
     1   2005    251   14600.0       7.9      20.0      1.07      2.00      0.10  -9999.00
     1   2005    252    8200.0       9.8      20.4      1.21      2.00      0.10  -9999.00
     1   2005    253    6800.0      10.2      21.0      1.24      2.00      0.10  -9999.00
     1   2005    254    5500.0      11.6      21.3      1.37      2.00      2.00  -9999.00
     1   2005    255    7600.0      13.8      18.4      1.58      2.00      4.00  -9999.00
     1   2005    256    9000.0       6.6      17.0      0.97      2.00      8.90  -9999.00
     1   2005    257    6700.0       8.7      14.6      1.12      2.00      0.10  -9999.00
     1   2005    258    6000.0       9.3      20.7      1.17      2.00      0.10  -9999.00
     1   2005    259    8000.0      10.7      20.8      1.29      2.00      0.00  -9999.00
     1   2005    260    7600.0      11.0      16.9      1.31      2.00     63.50  -9999.00
     1   2005    261   11400.0       8.2      11.3      1.09      2.00      0.70  -9999.00
     1   2005    262    3900.0      11.9      15.8      1.39      2.00      5.00  -9999.00
     1   2005    263    5200.0       8.8      18.9      1.13      2.00      7.20  -9999.00
     1   2005    264   11500.0      14.2      15.2      1.62      2.00      0.00  -9999.00
     1   2005    265   12000.0      11.6      17.9      1.37      2.00      0.00  -9999.00
     1   2005    266    8000.0      13.6      17.2      1.56      2.00     13.40  -9999.00
     1   2005    267    6200.0      11.7      17.0      1.37      2.00      0.00  -9999.00
     1   2005    268    7600.0      13.7      17.8      1.57      2.00      0.20  -9999.00
     1   2005    269    5400.0       9.9      15.2      1.22      2.00      5.80  -9999.00
     1   2005    270   12300.0       8.8      15.7      1.13      2.00      0.10  -9999.00
     1   2005    271   12200.0       9.6      16.1      1.20      2.00      0.10  -9999.00
     1   2005    272    7800.0       6.1      13.9      0.94      2.00      0.00  -9999.00
     1   2005    273    6600.0      10.2      21.3      1.24      2.00      0.00  -9999.00
     1   2005    274   13100.0       1.0      21.8      0.66      2.00      0.00  -9999.00
     1   2005    275    8600.0      11.0      15.9      1.31      2.00      0.00  -9999.00
     1   2005    276   10700.0      10.2      16.5      1.24      2.00      0.10  -9999.00
     1   2005    277    8100.0       6.8      16.8      0.99      2.00      0.00  -9999.00
     1   2005    278    5600.0      11.9      21.7      1.39      2.00      0.10  -9999.00
     1   2005    279    9400.0      11.2      13.2      1.33      2.00     12.20  -9999.00
     1   2005    280    2700.0       8.2      17.5      1.09      2.00      0.40  -9999.00
     1   2005    281    3900.0      11.1      14.8      1.32      2.00      8.70  -9999.00
     1   2005    282    7300.0       4.9      14.1      0.87      2.00      0.00  -9999.00
     1   2005    283    8100.0      11.2      13.2      1.33      2.00      0.00  -9999.00
     1   2005    284    7800.0      11.7      18.6      1.37      2.00      0.00  -9999.00
     1   2005    285   10400.0       1.5      17.8      0.68      2.00      0.00  -9999.00
     1   2005    286    5000.0       8.4      19.7      1.10      2.00      0.10  -9999.00
     1   2005    287    6500.0       6.3      13.3      0.95      2.00      0.00  -9999.00
     1   2005    288    8400.0       9.0      16.7      1.15      2.00      0.00  -9999.00
     1   2005    289    9300.0       7.6      14.1      1.04      2.00      0.00  -9999.00
     1   2005    290    3500.0       8.2      13.9      1.09      2.00      0.10  -9999.00
     1   2005    291    5800.0       8.4      15.9      1.10      2.00      0.60  -9999.00
     1   2005    292    4000.0       9.5      11.5      1.19      2.00      0.80  -9999.00
     1   2005    293   10200.0      12.2      13.8      1.42      2.00      0.80  -9999.00
     1   2005    294    3500.0       8.4      13.6      1.10      2.00      4.80  -9999.00
     1   2005    295    2400.0       1.5      12.1      0.68      2.00      0.00  -9999.00
     1   2005    296    2900.0       8.0      14.2      1.07      2.00      0.10  -9999.00
     1   2005    297    3900.0      12.2      16.3      1.42      2.00      0.00  -9999.00
     1   2005    298    7600.0      10.2      13.9      1.24      2.00      0.00  -9999.00
     1   2005    299    4100.0       9.8      13.2      1.21      2.00      7.80  -9999.00
     1   2005    300    4300.0       8.3      13.1      1.09      2.00      1.10  -9999.00
     1   2005    301    4000.0       4.1      11.1      0.82      2.00      5.70  -9999.00
     1   2005    302    3200.0      10.1      10.5      1.24      2.00      0.00  -9999.00
     1   2005    303    3500.0       7.4      12.3      1.03      2.00      0.10  -9999.00
     1   2005    304    7500.0       5.5      13.7      0.90      2.00      0.00  -9999.00
     1   2005    305    8200.0       9.2      11.2      1.16      2.00      0.00  -9999.00
     1   2005    306    3000.0       4.4      13.2      0.84      2.00      8.20  -9999.00
     1   2005    307    3100.0       7.9      12.8      1.07      2.00      2.50  -9999.00
     1   2005    308    3000.0       4.0      11.1      0.81      2.00      1.10  -9999.00
     1   2005    309    2200.0      10.5      11.0      1.27      2.00      0.20  -9999.00
     1   2005    310    3300.0       9.2      14.7      1.16      2.00      2.30  -9999.00
     1   2005    311    4800.0      10.7      12.5      1.29      2.00      0.30  -9999.00
     1   2005    312    5700.0       5.7      13.3      0.92      2.00      0.00  -9999.00
     1   2005    313    5200.0       1.5       7.2      0.68      2.00      0.00  -9999.00
     1   2005    314    5500.0       7.7      11.6      1.05      2.00      1.90  -9999.00
     1   2005    315    4600.0       6.4      14.5      0.96      2.00     21.40  -9999.00
     1   2005    316    3000.0       7.4      16.1      1.03      2.00     11.50  -9999.00
     1   2005    317    2600.0       2.6       6.7      0.74      2.00      1.90  -9999.00
     1   2005    318    3500.0       5.0      12.1      0.87      2.00     11.10  -9999.00
     1   2005    319    5400.0       2.3      13.1      0.72      2.00      0.00  -9999.00
     1   2005    320    2600.0       8.3      11.2      1.09      2.00      0.00  -9999.00
     1   2005    321    5400.0       9.7      13.6      1.20      2.00      4.20  -9999.00
     1   2005    322    4200.0       7.9       9.9      1.07      2.00      0.40  -9999.00
     1   2005    323    5100.0       1.3      13.0      0.67      2.00      0.30  -9999.00
     1   2005    324    3200.0       5.6      14.1      0.91      2.00      0.30  -9999.00
     1   2005    325    2900.0       8.4      11.1      1.10      2.00      0.40  -9999.00
     1   2005    326    1400.0       1.4      11.3      0.68      2.00      0.20  -9999.00
     1   2005    327    5400.0       0.7       7.5      0.64      2.00      0.00  -9999.00
     1   2005    328    1200.0       2.5       3.0      0.73      2.00      0.00  -9999.00
     1   2005    329    4700.0       6.8       7.9      0.99      2.00      0.00  -9999.00
     1   2005    330    2100.0       5.4       7.0      0.90      2.00      2.10  -9999.00
     1   2005    331    2600.0      -0.7       8.0      0.58      2.00      0.00  -9999.00
     1   2005    332    4700.0       2.3      13.1      0.72      2.00      2.90  -9999.00
     1   2005    333     900.0       0.1      12.4      0.62      2.00      2.80  -9999.00
     1   2005    334    4300.0       1.4       8.9      0.68      2.00      5.40  -9999.00
     1   2005    335     800.0       3.6      12.0      0.79      2.00     14.20  -9999.00
     1   2005    336    1700.0       7.6       7.6      1.04      2.00      5.50  -9999.00
     1   2005    337    1700.0      -1.5      12.5      0.55      2.00      0.10  -9999.00
     1   2005    338    1600.0      10.0      13.5      1.23      2.00      5.90  -9999.00
     1   2005    339    2200.0      11.4      11.8      1.35      2.00      1.90  -9999.00
     1   2005    340    2600.0       4.5       6.5      0.84      2.00      0.00  -9999.00
     1   2005    341    1900.0      10.0      10.4      1.23      2.00      0.60  -9999.00
     1   2005    342    2400.0       6.8      13.2      0.99      2.00     10.10  -9999.00
     1   2005    343    2900.0       2.8       4.8      0.75      2.00      0.00  -9999.00
     1   2005    344    1900.0       1.2       2.6      0.67      2.00      0.00  -9999.00
     1   2005    345    2300.0       2.8      11.1      0.75      2.00      0.00  -9999.00
     1   2005    346    2400.0      -3.3       6.8      0.48      2.00      0.00  -9999.00
     1   2005    347    1500.0       2.3      10.6      0.72      2.00      0.00  -9999.00
     1   2005    348    2700.0       1.9      11.5      0.70      2.00      0.00  -9999.00
     1   2005    349    2000.0       3.6      10.1      0.79      2.00      0.00  -9999.00
     1   2005    350    1500.0       6.7       9.0      0.98      2.00      4.10  -9999.00
     1   2005    351    1500.0       5.9      12.3      0.93      2.00      1.10  -9999.00
     1   2005    352    2400.0       3.0       8.4      0.76      2.00      6.70  -9999.00
     1   2005    353    3800.0      -0.4      10.3      0.59      2.00      0.00  -9999.00
     1   2005    354    1200.0      -0.1       6.6      0.61      2.00      0.00  -9999.00
     1   2005    355    1400.0       4.7       8.9      0.85      2.00      0.80  -9999.00
     1   2005    356    1400.0       2.3      13.7      0.72      2.00      1.20  -9999.00
     1   2005    357    2500.0       1.8       8.0      0.70      2.00      0.30  -9999.00
     1   2005    358    2600.0       5.8       7.8      0.92      2.00      0.10  -9999.00
     1   2005    359    2700.0       2.0      10.2      0.71      2.00      0.00  -9999.00
     1   2005    360    1500.0       4.0       9.8      0.81      2.00     13.40  -9999.00
     1   2005    361    2300.0      -3.5      10.7      0.47      2.00      2.80  -9999.00
     1   2005    362    2300.0       7.8       8.3      1.06      2.00      0.80  -9999.00
     1   2005    363    1700.0       7.0       9.0      1.00      2.00      3.90  -9999.00
     1   2005    364    1800.0       5.4       7.4      0.90      2.00      7.90  -9999.00
     1   2005    365    3500.0       5.7       9.3      0.92      2.00     16.60  -9999.00
