*-----------------------------------------------------------------------------* 
           CNWG_107.met           51.48   -3.55   69.72
* Date created:  08-Aug-2019     Author: K Coleman 
* 
* NIL VALUE       -9999 
* Source:   data provided by M. Semenov 
*  
* Latitude:    51.48 Longitude:    -3.55 Altitude:    69.72
* 
* Column  Daily value 
* 1       station number 
* 2       year 
* 3       day 
* 4       irradiation                   (kJ m-2 d-1) 
* 5       minimum temperature           (degrees Celsius) 
* 6       maximum temperature           (degrees Celsius) 
* 7       early morning vapour pressure (kPa)             
* 8       mean wind speed (height: 2 m?) (m s-1)          
* 9       precipitation                 (mm d-1)          
* 10      sunshine                      (hrs)             
 		Jday	RAD	    TMIN	TMAX	 VAP	wind	RAIN	SUN  
               kj/m2	°C	    °C	     kPa	m/s	    mm	    hrs 
   51.48  69.72
     1   2005      1    3900.0       1.4       8.5      0.68      2.00      7.40  -9999.00
     1   2005      2    1500.0      -0.6       9.2      0.58      2.00      4.60  -9999.00
     1   2005      3    1800.0       0.2       9.4      0.62      2.00      8.50  -9999.00
     1   2005      4    4200.0       7.8      11.7      1.06      2.00     11.70  -9999.00
     1   2005      5    2500.0       8.2      10.2      1.09      2.00      0.40  -9999.00
     1   2005      6    1200.0       6.9       9.4      0.99      2.00      3.60  -9999.00
     1   2005      7    3200.0       6.5      10.0      0.97      2.00      0.30  -9999.00
     1   2005      8    1500.0       3.3      11.2      0.77      2.00     12.10  -9999.00
     1   2005      9     700.0      -3.0       6.2      0.49      2.00      0.00  -9999.00
     1   2005     10    2000.0       1.9      11.3      0.70      2.00      5.10  -9999.00
     1   2005     11    2500.0      -0.3       8.7      0.60      2.00     13.40  -9999.00
     1   2005     12    1700.0       6.6       8.8      0.97      2.00      6.00  -9999.00
     1   2005     13    1900.0       9.9      11.2      1.22      2.00      0.40  -9999.00
     1   2005     14    3900.0       0.6       8.1      0.64      2.00      5.00  -9999.00
     1   2005     15    2800.0       3.2       7.1      0.77      2.00      0.00  -9999.00
     1   2005     16    3500.0       1.4       9.7      0.68      2.00      0.00  -9999.00
     1   2005     17    2900.0       0.7       8.6      0.64      2.00     18.40  -9999.00
     1   2005     18    4900.0       0.4      10.8      0.63      2.00     14.20  -9999.00
     1   2005     19    1900.0       3.4       9.4      0.78      2.00      3.90  -9999.00
     1   2005     20    2500.0       6.5       9.6      0.97      2.00     10.70  -9999.00
     1   2005     21    3400.0       5.9      10.8      0.93      2.00      0.90  -9999.00
     1   2005     22    5600.0       5.5       7.5      0.90      2.00      0.00  -9999.00
     1   2005     23    3200.0      -4.2      -2.2      0.45      2.00      0.00  -9999.00
     1   2005     24    6300.0      -4.9       4.1      0.42      2.00      0.00  -9999.00
     1   2005     25    5300.0       6.3       8.3      0.95      2.00      0.00  -9999.00
     1   2005     26    5600.0       4.2       6.2      0.82      2.00      0.00  -9999.00
     1   2005     27    4400.0       1.2       7.3      0.67      2.00      0.00  -9999.00
     1   2005     28    3500.0      -3.2       9.4      0.48      2.00      0.00  -9999.00
     1   2005     29    2100.0       0.9       2.7      0.65      2.00      0.00  -9999.00
     1   2005     30    7000.0      -6.1       2.0      0.39      2.00      0.00  -9999.00
     1   2005     31    4800.0       4.6       5.2      0.85      2.00      1.00  -9999.00
     1   2005     32    3000.0       1.2       8.6      0.67      2.00      4.90  -9999.00
     1   2005     33    1100.0       5.4      10.0      0.90      2.00     23.10  -9999.00
     1   2005     34    6800.0       6.2      10.1      0.95      2.00      3.50  -9999.00
     1   2005     35    3100.0      -0.1       9.9      0.61      2.00      5.00  -9999.00
     1   2005     36    2200.0       4.1       6.5      0.82      2.00      7.10  -9999.00
     1   2005     37    2700.0      -2.2       7.1      0.52      2.00      1.00  -9999.00
     1   2005     38    2200.0       2.6       9.5      0.74      2.00      3.20  -9999.00
     1   2005     39    2500.0       4.4       9.6      0.84      2.00      0.80  -9999.00
     1   2005     40    6200.0       5.7       7.7      0.92      2.00     10.40  -9999.00
     1   2005     41    5100.0       6.7       8.7      0.98      2.00      1.20  -9999.00
     1   2005     42    2500.0      -6.1      10.4      0.39      2.00      2.50  -9999.00
     1   2005     43    8800.0      -0.3       9.7      0.60      2.00      1.10  -9999.00
     1   2005     44    5500.0       5.1       7.1      0.88      2.00      1.60  -9999.00
     1   2005     45    3900.0       8.3      10.3      1.09      2.00     12.20  -9999.00
     1   2005     46    1400.0      -2.0       4.1      0.53      2.00      0.00  -9999.00
     1   2005     47    5400.0      -1.8       7.5      0.54      2.00      2.80  -9999.00
     1   2005     48    9700.0      -2.1       2.3      0.52      2.00      0.00  -9999.00
     1   2005     49    8200.0       4.7       8.1      0.85      2.00      7.20  -9999.00
     1   2005     50    4100.0       8.1      10.1      1.08      2.00     10.30  -9999.00
     1   2005     51    3100.0       5.7      10.1      0.92      2.00      5.10  -9999.00
     1   2005     52    6600.0       5.8      11.0      0.92      2.00      2.10  -9999.00
     1   2005     53    2700.0       0.8       8.2      0.65      2.00      0.90  -9999.00
     1   2005     54    3700.0       3.7       9.0      0.80      2.00     16.90  -9999.00
     1   2005     55    4000.0       3.3      10.4      0.77      2.00     10.20  -9999.00
     1   2005     56    4400.0       3.7       9.6      0.80      2.00      8.30  -9999.00
     1   2005     57    3300.0       2.2       8.8      0.72      2.00      3.20  -9999.00
     1   2005     58    3900.0       1.7       9.2      0.69      2.00      3.20  -9999.00
     1   2005     59   10700.0      -2.2       7.9      0.52      2.00      0.00  -9999.00
     1   2005     60   11100.0       3.3       9.3      0.77      2.00      7.10  -9999.00
     1   2005     61    6600.0       9.0      10.2      1.15      2.00      4.30  -9999.00
     1   2005     62    7400.0       3.6       9.1      0.79      2.00      5.10  -9999.00
     1   2005     63   10200.0      -0.7      10.1      0.58      2.00      1.50  -9999.00
     1   2005     64    5400.0       8.4      10.1      1.10      2.00      0.90  -9999.00
     1   2005     65    8700.0      -0.8       8.5      0.58      2.00      0.00  -9999.00
     1   2005     66    7700.0       5.1      12.9      0.88      2.00      5.70  -9999.00
     1   2005     67    9800.0       8.0       9.0      1.07      2.00      0.00  -9999.00
     1   2005     68    5900.0       1.8       8.8      0.70      2.00      9.00  -9999.00
     1   2005     69   11600.0       2.8      13.3      0.75      2.00      0.00  -9999.00
     1   2005     70    5700.0       1.3      14.8      0.67      2.00      0.00  -9999.00
     1   2005     71   10100.0       2.4      10.1      0.73      2.00      0.00  -9999.00
     1   2005     72   11300.0      -0.9      11.6      0.57      2.00      0.00  -9999.00
     1   2005     73    9500.0       3.2      11.0      0.77      2.00     10.00  -9999.00
     1   2005     74    6900.0       5.4      10.1      0.90      2.00      0.00  -9999.00
     1   2005     75    4400.0       7.5       8.9      1.04      2.00      5.80  -9999.00
     1   2005     76    4200.0       5.0       7.0      0.87      2.00      0.30  -9999.00
     1   2005     77    4000.0       2.0      14.1      0.71      2.00      0.00  -9999.00
     1   2005     78    9000.0       0.8       9.4      0.65      2.00      0.70  -9999.00
     1   2005     79   15700.0       4.5      10.1      0.84      2.00      0.00  -9999.00
     1   2005     80    5400.0       3.4       4.2      0.78      2.00      8.00  -9999.00
     1   2005     81   10300.0       0.0       3.6      0.61      2.00      0.10  -9999.00
     1   2005     82    2800.0       0.5       8.5      0.63      2.00      0.00  -9999.00
     1   2005     83    5700.0       5.9       7.9      0.93      2.00      0.00  -9999.00
     1   2005     84   12400.0       6.5      12.0      0.97      2.00      0.00  -9999.00
     1   2005     85    6200.0       9.7      12.1      1.20      2.00      0.30  -9999.00
     1   2005     86    4700.0       4.6       8.7      0.85      2.00      7.10  -9999.00
     1   2005     87    4200.0       9.6      10.0      1.20      2.00      0.90  -9999.00
     1   2005     88    9800.0       5.9       9.1      0.93      2.00      0.20  -9999.00
     1   2005     89    6500.0       1.2      10.6      0.67      2.00      5.50  -9999.00
     1   2005     90    6500.0       8.6      11.5      1.12      2.00      0.00  -9999.00
     1   2005     91    8100.0       2.7       7.7      0.74      2.00      0.00  -9999.00
     1   2005     92    8800.0       3.9       9.0      0.81      2.00      3.00  -9999.00
     1   2005     93   11900.0       5.7      10.8      0.92      2.00      2.30  -9999.00
     1   2005     94    7100.0       5.7      16.9      0.92      2.00      0.00  -9999.00
     1   2005     95    8000.0       4.1      13.8      0.82      2.00      1.10  -9999.00
     1   2005     96   12900.0       6.0      13.2      0.93      2.00      2.10  -9999.00
     1   2005     97   15600.0      -0.3      14.3      0.60      2.00      0.00  -9999.00
     1   2005     98   18700.0       2.6       9.8      0.74      2.00     14.40  -9999.00
     1   2005     99    7700.0       0.9       9.7      0.65      2.00      0.50  -9999.00
     1   2005    100   12000.0       5.4      16.1      0.90      2.00      0.00  -9999.00
     1   2005    101   13200.0       6.9      11.6      0.99      2.00      0.00  -9999.00
     1   2005    102    8100.0       4.3      13.1      0.83      2.00      1.10  -9999.00
     1   2005    103   12900.0       2.3      11.9      0.72      2.00      6.00  -9999.00
     1   2005    104    9300.0       4.0       9.9      0.81      2.00      0.60  -9999.00
     1   2005    105   13000.0       4.4       9.8      0.84      2.00      0.60  -9999.00
     1   2005    106    9300.0       6.9      11.0      0.99      2.00      0.50  -9999.00
     1   2005    107   19200.0       9.0      10.3      1.15      2.00      0.00  -9999.00
     1   2005    108   17300.0       0.9      10.3      0.65      2.00      0.00  -9999.00
     1   2005    109   13300.0       0.7      10.1      0.64      2.00      0.00  -9999.00
     1   2005    110   22900.0       7.7      10.6      1.05      2.00      0.00  -9999.00
     1   2005    111   21000.0       2.3      18.3      0.72      2.00      0.00  -9999.00
     1   2005    112   13600.0       7.6      10.6      1.04      2.00      0.00  -9999.00
     1   2005    113   20900.0       6.2      12.4      0.95      2.00      0.00  -9999.00
     1   2005    114   20700.0       9.0      10.0      1.15      2.00      0.00  -9999.00
     1   2005    115   12300.0       4.3      18.2      0.83      2.00      0.00  -9999.00
     1   2005    116   14700.0       5.4      11.0      0.90      2.00      0.00  -9999.00
     1   2005    117   22000.0       5.2      17.6      0.88      2.00      0.00  -9999.00
     1   2005    118   12000.0       3.7      11.7      0.80      2.00     19.30  -9999.00
     1   2005    119   14900.0       5.3      11.6      0.89      2.00      0.30  -9999.00
     1   2005    120   24000.0       6.4      13.3      0.96      2.00      0.00  -9999.00
     1   2005    121   15200.0       7.2      15.5      1.02      2.00      1.70  -9999.00
     1   2005    122   17100.0       8.7      10.9      1.12      2.00      0.60  -9999.00
     1   2005    123   15000.0       3.4      14.8      0.78      2.00      8.40  -9999.00
     1   2005    124   13900.0      11.1      14.8      1.32      2.00      7.40  -9999.00
     1   2005    125   11300.0       8.3      11.6      1.09      2.00      0.70  -9999.00
     1   2005    126   15900.0       8.7      14.3      1.12      2.00      1.80  -9999.00
     1   2005    127   17900.0      10.2      18.7      1.24      2.00      0.00  -9999.00
     1   2005    128    9100.0       8.8      11.2      1.13      2.00      7.10  -9999.00
     1   2005    129   22400.0       5.3      14.6      0.89      2.00      0.00  -9999.00
     1   2005    130   18600.0      10.3      16.7      1.25      2.00      0.00  -9999.00
     1   2005    131   21200.0       8.4      12.7      1.10      2.00      3.40  -9999.00
     1   2005    132   22800.0       7.5      17.6      1.04      2.00      8.00  -9999.00
     1   2005    133   17600.0       7.5      14.7      1.04      2.00      0.00  -9999.00
     1   2005    134   17700.0       7.6       9.6      1.04      2.00      0.10  -9999.00
     1   2005    135   17300.0       5.6      13.3      0.91      2.00      0.00  -9999.00
     1   2005    136   27400.0       9.6      14.9      1.20      2.00      0.00  -9999.00
     1   2005    137   19900.0       9.8      16.0      1.21      2.00      0.00  -9999.00
     1   2005    138   16300.0       9.1      14.4      1.16      2.00      0.40  -9999.00
     1   2005    139   22800.0       9.0      17.6      1.15      2.00      0.00  -9999.00
     1   2005    140   14100.0       7.8      14.3      1.06      2.00      0.80  -9999.00
     1   2005    141   19300.0       8.5      13.3      1.11      2.00      0.20  -9999.00
     1   2005    142   16900.0       3.1      13.3      0.76      2.00      6.30  -9999.00
     1   2005    143    6600.0       8.6      13.1      1.12      2.00     10.90  -9999.00
     1   2005    144   11600.0      10.5      16.5      1.27      2.00      0.00  -9999.00
     1   2005    145   23000.0      11.8      16.7      1.38      2.00      0.00  -9999.00
     1   2005    146   23000.0      11.8      18.2      1.38      2.00      0.00  -9999.00
     1   2005    147   18500.0       9.2      15.0      1.16      2.00      0.00  -9999.00
     1   2005    148   15600.0      11.4      22.0      1.35      2.00      0.00  -9999.00
     1   2005    149   20600.0       9.6      19.1      1.20      2.00      0.00  -9999.00
     1   2005    150   22200.0       8.9      13.3      1.14      2.00      0.00  -9999.00
     1   2005    151   15600.0       9.1      13.8      1.16      2.00      0.00  -9999.00
     1   2005    152   23000.0       9.6      12.8      1.20      2.00      0.00  -9999.00
     1   2005    153   21300.0       8.2      18.0      1.09      2.00      0.00  -9999.00
     1   2005    154   26900.0       6.5      16.9      0.97      2.00      0.00  -9999.00
     1   2005    155   15100.0      12.2      19.0      1.42      2.00      1.50  -9999.00
     1   2005    156   21100.0      12.3      14.0      1.43      2.00      2.20  -9999.00
     1   2005    157   17600.0       4.9      15.7      0.87      2.00      0.10  -9999.00
     1   2005    158   22300.0      10.9      18.0      1.30      2.00      0.00  -9999.00
     1   2005    159   11200.0       8.9      17.0      1.14      2.00      0.00  -9999.00
     1   2005    160   19600.0      11.5      16.1      1.36      2.00      0.50  -9999.00
     1   2005    161   20900.0      12.7      16.8      1.47      2.00      0.10  -9999.00
     1   2005    162    9700.0      12.3      14.9      1.43      2.00      0.90  -9999.00
     1   2005    163   15700.0      11.2      16.2      1.33      2.00      3.40  -9999.00
     1   2005    164   24000.0       8.9      16.7      1.14      2.00      0.00  -9999.00
     1   2005    165   22300.0       7.8      16.1      1.06      2.00      0.00  -9999.00
     1   2005    166   15500.0       9.3      17.8      1.17      2.00      2.70  -9999.00
     1   2005    167   26400.0      12.3      18.6      1.43      2.00     20.60  -9999.00
     1   2005    168   28100.0       9.2      16.6      1.16      2.00      0.00  -9999.00
     1   2005    169   19200.0      11.5      18.8      1.36      2.00      4.10  -9999.00
     1   2005    170   10800.0      11.1      17.3      1.32      2.00      0.10  -9999.00
     1   2005    171   19500.0      12.3      16.0      1.43      2.00      5.40  -9999.00
     1   2005    172   26700.0      11.9      21.1      1.39      2.00      0.00  -9999.00
     1   2005    173   10500.0      13.0      18.6      1.50      2.00      2.80  -9999.00
     1   2005    174   21000.0      11.0      17.7      1.31      2.00      5.70  -9999.00
     1   2005    175   23900.0      13.8      21.8      1.58      2.00      0.00  -9999.00
     1   2005    176   18600.0      10.0      18.7      1.23      2.00      0.00  -9999.00
     1   2005    177   15700.0       9.2      19.5      1.16      2.00      0.00  -9999.00
     1   2005    178   24500.0       9.0      18.7      1.15      2.00      0.00  -9999.00
     1   2005    179   26000.0      12.4      19.4      1.44      2.00      0.00  -9999.00
     1   2005    180   19500.0      11.2      20.3      1.33      2.00      0.10  -9999.00
     1   2005    181   21400.0       9.3      21.7      1.17      2.00      0.00  -9999.00
     1   2005    182   11800.0       8.7      17.7      1.12      2.00     28.80  -9999.00
     1   2005    183    9700.0      13.2      16.8      1.52      2.00      7.50  -9999.00
     1   2005    184    9800.0      14.3      17.1      1.63      2.00      0.30  -9999.00
     1   2005    185   11600.0      12.1      19.8      1.41      2.00      0.90  -9999.00
     1   2005    186   21800.0      12.9      16.3      1.49      2.00      8.80  -9999.00
     1   2005    187    4400.0      12.9      19.9      1.49      2.00      0.10  -9999.00
     1   2005    188   12000.0      13.0      18.3      1.50      2.00      1.60  -9999.00
     1   2005    189   18800.0       9.2      20.9      1.16      2.00      0.00  -9999.00
     1   2005    190   11700.0      12.9      22.7      1.49      2.00      3.90  -9999.00
     1   2005    191    5300.0       8.9      25.6      1.14      2.00      0.30  -9999.00
     1   2005    192   21700.0      11.2      21.8      1.33      2.00      0.00  -9999.00
     1   2005    193   21500.0      14.0      20.9      1.60      2.00      0.00  -9999.00
     1   2005    194   11600.0      14.8      18.1      1.68      2.00      1.60  -9999.00
     1   2005    195   22400.0      16.7      29.4      1.90      2.00      0.00  -9999.00
     1   2005    196   21500.0      13.9      21.3      1.59      2.00      0.00  -9999.00
     1   2005    197   24700.0      12.6      18.8      1.46      2.00      0.00  -9999.00
     1   2005    198   13300.0      10.7      22.4      1.29      2.00      2.90  -9999.00
     1   2005    199   13200.0      12.4      29.3      1.44      2.00      0.00  -9999.00
     1   2005    200   24500.0      16.0      28.6      1.82      2.00      0.00  -9999.00
     1   2005    201   25200.0      15.0      20.0      1.70      2.00      0.00  -9999.00
     1   2005    202   15700.0      11.8      17.4      1.38      2.00      6.00  -9999.00
     1   2005    203   16500.0      14.8      16.8      1.68      2.00      4.10  -9999.00
     1   2005    204   23000.0      11.4      26.3      1.35      2.00      0.00  -9999.00
     1   2005    205    9000.0      12.3      19.6      1.43      2.00     10.80  -9999.00
     1   2005    206   22100.0      13.5      17.3      1.55      2.00      7.00  -9999.00
     1   2005    207   19200.0      10.7      18.8      1.29      2.00      0.30  -9999.00
     1   2005    208   18900.0      12.0      17.5      1.40      2.00     10.00  -9999.00
     1   2005    209   20500.0      11.1      16.9      1.32      2.00      0.00  -9999.00
     1   2005    210   17100.0      13.3      19.8      1.53      2.00      0.00  -9999.00
     1   2005    211   12800.0      13.6      16.4      1.56      2.00      1.80  -9999.00
     1   2005    212   14700.0      16.4      18.2      1.86      2.00      0.00  -9999.00
     1   2005    213   19500.0      12.4      18.2      1.44      2.00      0.90  -9999.00
     1   2005    214   15900.0      12.9      21.5      1.49      2.00      8.90  -9999.00
     1   2005    215   24800.0      14.2      19.6      1.62      2.00     12.30  -9999.00
     1   2005    216   10300.0      15.3      18.1      1.74      2.00      5.80  -9999.00
     1   2005    217   12500.0      13.5      17.0      1.55      2.00     38.10  -9999.00
     1   2005    218   24500.0       8.5      19.9      1.11      2.00      0.00  -9999.00
     1   2005    219   17100.0      12.7      26.9      1.47      2.00      0.00  -9999.00
     1   2005    220   11600.0      10.7      22.0      1.29      2.00      0.00  -9999.00
     1   2005    221   16300.0      13.1      28.1      1.51      2.00      0.00  -9999.00
     1   2005    222   22800.0       9.4      25.2      1.18      2.00      0.00  -9999.00
     1   2005    223   21500.0      10.8      24.7      1.29      2.00      0.00  -9999.00
     1   2005    224   24600.0      13.3      20.2      1.53      2.00      0.00  -9999.00
     1   2005    225    9900.0       9.4      16.2      1.18      2.00      1.30  -9999.00
     1   2005    226    8000.0      14.6      23.0      1.66      2.00      9.60  -9999.00
     1   2005    227   20900.0      10.1      28.1      1.24      2.00      0.00  -9999.00
     1   2005    228   20200.0      12.7      19.9      1.47      2.00      0.00  -9999.00
     1   2005    229    9500.0      14.0      16.4      1.60      2.00      1.20  -9999.00
     1   2005    230   16100.0      11.9      25.1      1.39      2.00      0.00  -9999.00
     1   2005    231    9100.0      13.5      21.6      1.55      2.00      0.10  -9999.00
     1   2005    232    8200.0      14.9      18.1      1.69      2.00      0.10  -9999.00
     1   2005    233   12600.0      14.7      20.1      1.67      2.00      0.00  -9999.00
     1   2005    234   15800.0      14.9      25.2      1.69      2.00     10.90  -9999.00
     1   2005    235   13600.0      16.1      18.1      1.83      2.00      3.40  -9999.00
     1   2005    236    9900.0      13.2      18.1      1.52      2.00     10.80  -9999.00
     1   2005    237   12500.0      17.0      20.1      1.94      2.00      5.10  -9999.00
     1   2005    238   16500.0      14.4      21.2      1.64      2.00      0.00  -9999.00
     1   2005    239   18100.0      15.0      21.1      1.70      2.00      0.00  -9999.00
     1   2005    240   21000.0      10.3      18.0      1.25      2.00      0.00  -9999.00
     1   2005    241   12600.0      12.9      21.2      1.49      2.00      0.00  -9999.00
     1   2005    242    7600.0      15.4      19.0      1.75      2.00     14.30  -9999.00
     1   2005    243   19500.0       9.3      18.3      1.17      2.00      0.00  -9999.00
     1   2005    244   18000.0       9.2      19.1      1.16      2.00      0.00  -9999.00
     1   2005    245   11500.0      10.3      14.4      1.25      2.00      0.60  -9999.00
     1   2005    246   13700.0      15.1      18.9      1.72      2.00      0.10  -9999.00
     1   2005    247    8400.0       9.8      18.4      1.21      2.00      3.70  -9999.00
     1   2005    248    7400.0      12.9      18.7      1.49      2.00      7.50  -9999.00
     1   2005    249    6400.0      11.4      16.9      1.35      2.00      0.10  -9999.00
     1   2005    250   13500.0      14.1      21.2      1.61      2.00      0.00  -9999.00
     1   2005    251   15400.0      12.5      17.9      1.45      2.00      0.00  -9999.00
     1   2005    252   13300.0      14.3      16.0      1.63      2.00      2.90  -9999.00
     1   2005    253   10900.0       9.0      16.5      1.15      2.00      0.00  -9999.00
     1   2005    254   11900.0       5.2      17.6      0.88      2.00      0.00  -9999.00
     1   2005    255   15300.0      11.1      22.1      1.32      2.00      4.60  -9999.00
     1   2005    256    9200.0      15.5      20.7      1.76      2.00      6.30  -9999.00
     1   2005    257    8000.0      12.1      16.1      1.41      2.00      0.10  -9999.00
     1   2005    258   11400.0      13.0      20.4      1.50      2.00     14.30  -9999.00
     1   2005    259    6000.0      14.0      19.7      1.60      2.00      2.80  -9999.00
     1   2005    260   12800.0       7.3      18.2      1.02      2.00      0.00  -9999.00
     1   2005    261   15800.0      10.3      18.1      1.25      2.00      0.00  -9999.00
     1   2005    262   16800.0       9.3      17.0      1.17      2.00      0.00  -9999.00
     1   2005    263   15100.0       7.8      17.6      1.06      2.00      0.50  -9999.00
     1   2005    264    2900.0      13.4      17.4      1.54      2.00      0.40  -9999.00
     1   2005    265   11200.0      10.1      13.1      1.24      2.00      5.10  -9999.00
     1   2005    266    3700.0       8.4      16.2      1.10      2.00      0.70  -9999.00
     1   2005    267    9300.0      13.4      21.3      1.54      2.00     17.20  -9999.00
     1   2005    268    6800.0       7.5      18.6      1.04      2.00      0.10  -9999.00
     1   2005    269   11900.0       8.8      14.7      1.13      2.00      0.00  -9999.00
     1   2005    270   13000.0      10.3      18.6      1.25      2.00      3.50  -9999.00
     1   2005    271   13200.0      11.3      19.5      1.34      2.00      0.90  -9999.00
     1   2005    272    7000.0      15.2      15.5      1.73      2.00      1.50  -9999.00
     1   2005    273    4600.0      13.2      17.2      1.52      2.00      8.00  -9999.00
     1   2005    274    6000.0       6.5      20.4      0.97      2.00      4.90  -9999.00
     1   2005    275    8200.0      10.6      18.1      1.28      2.00     13.90  -9999.00
     1   2005    276    5000.0       9.6      16.8      1.20      2.00      0.00  -9999.00
     1   2005    277    4400.0       6.7      18.4      0.98      2.00      0.80  -9999.00
     1   2005    278   13200.0       6.0      14.8      0.93      2.00      0.00  -9999.00
     1   2005    279    7400.0      10.0      14.2      1.23      2.00      0.00  -9999.00
     1   2005    280   10000.0       2.7      14.4      0.74      2.00      0.00  -9999.00
     1   2005    281    8800.0       9.6      16.0      1.20      2.00      0.00  -9999.00
     1   2005    282    4200.0      13.0      15.7      1.50      2.00      9.30  -9999.00
     1   2005    283    6200.0      11.9      15.5      1.39      2.00      0.10  -9999.00
     1   2005    284    6500.0      12.0      15.7      1.40      2.00      0.80  -9999.00
     1   2005    285    9100.0      10.3      15.1      1.25      2.00      0.10  -9999.00
     1   2005    286    4700.0      14.2      16.0      1.62      2.00      0.10  -9999.00
     1   2005    287    5900.0       0.9      14.6      0.65      2.00     17.90  -9999.00
     1   2005    288    5300.0       1.5      16.2      0.68      2.00      4.80  -9999.00
     1   2005    289    6900.0      12.0      15.3      1.40      2.00      7.10  -9999.00
     1   2005    290    5300.0      11.2      18.3      1.33      2.00     23.60  -9999.00
     1   2005    291    4600.0       3.1      14.3      0.76      2.00      0.10  -9999.00
     1   2005    292    8200.0       9.3      14.8      1.17      2.00     17.10  -9999.00
     1   2005    293    8000.0       9.1      13.9      1.16      2.00      1.20  -9999.00
     1   2005    294    3500.0       7.6      10.7      1.04      2.00      6.70  -9999.00
     1   2005    295    7300.0       3.7      13.9      0.80      2.00      0.10  -9999.00
     1   2005    296    6900.0      10.9      14.8      1.30      2.00      4.40  -9999.00
     1   2005    297    7400.0       7.5      14.0      1.04      2.00      0.80  -9999.00
     1   2005    298    4700.0       8.0      12.7      1.07      2.00      0.30  -9999.00
     1   2005    299    1900.0       7.2      13.5      1.02      2.00      0.10  -9999.00
     1   2005    300    3000.0      12.2      15.8      1.42      2.00      0.70  -9999.00
     1   2005    301    4400.0       4.2      12.2      0.82      2.00      0.00  -9999.00
     1   2005    302    7500.0       3.9      10.6      0.81      2.00      0.00  -9999.00
     1   2005    303    3500.0       9.8      11.8      1.21      2.00      0.00  -9999.00
     1   2005    304    3700.0       7.2      14.5      1.02      2.00      6.40  -9999.00
     1   2005    305    8200.0       7.6      13.3      1.04      2.00      0.00  -9999.00
     1   2005    306    3400.0       9.0      15.4      1.15      2.00     10.20  -9999.00
     1   2005    307    5100.0       9.8      11.8      1.21      2.00      0.00  -9999.00
     1   2005    308    7500.0       3.4      13.9      0.78      2.00      0.00  -9999.00
     1   2005    309    3500.0       7.5      14.4      1.04      2.00      0.80  -9999.00
     1   2005    310    7400.0       9.2      10.6      1.16      2.00      0.00  -9999.00
     1   2005    311    3500.0       4.4       7.2      0.84      2.00      0.00  -9999.00
     1   2005    312    4600.0       2.6       8.7      0.74      2.00      0.00  -9999.00
     1   2005    313    7100.0       4.8      10.8      0.86      2.00      0.80  -9999.00
     1   2005    314    5900.0       7.0      13.0      1.00      2.00      0.00  -9999.00
     1   2005    315    1000.0      10.6      12.6      1.28      2.00      1.00  -9999.00
     1   2005    316    2300.0       4.8       8.6      0.86      2.00      8.70  -9999.00
     1   2005    317    4600.0       6.0      11.4      0.93      2.00     11.80  -9999.00
     1   2005    318    4700.0       7.2      10.3      1.02      2.00      5.90  -9999.00
     1   2005    319    1700.0       6.2       9.7      0.95      2.00      1.00  -9999.00
     1   2005    320    4000.0       4.9       6.4      0.87      2.00      2.10  -9999.00
     1   2005    321    2400.0       7.8       9.8      1.06      2.00      4.40  -9999.00
     1   2005    322    4600.0       2.5      10.5      0.73      2.00      0.00  -9999.00
     1   2005    323    2500.0       1.6       9.6      0.69      2.00      0.00  -9999.00
     1   2005    324    4700.0       0.5      12.7      0.63      2.00      0.00  -9999.00
     1   2005    325    1900.0       5.6       7.1      0.91      2.00      0.00  -9999.00
     1   2005    326    2000.0      -2.0      10.1      0.53      2.00      0.20  -9999.00
     1   2005    327    4400.0       1.3       4.9      0.67      2.00      0.00  -9999.00
     1   2005    328    5500.0      -0.7      10.8      0.58      2.00      0.00  -9999.00
     1   2005    329    2300.0       5.0       5.1      0.87      2.00      0.00  -9999.00
     1   2005    330    5400.0       3.0       8.6      0.76      2.00      0.00  -9999.00
     1   2005    331    3200.0       4.3       7.6      0.83      2.00      0.00  -9999.00
     1   2005    332    3900.0       1.2      12.8      0.67      2.00      0.00  -9999.00
     1   2005    333    4300.0       3.4       8.9      0.78      2.00      0.00  -9999.00
     1   2005    334    4000.0       7.9      11.6      1.07      2.00      0.00  -9999.00
     1   2005    335    1200.0       3.9       8.1      0.81      2.00      0.00  -9999.00
     1   2005    336    4700.0       6.3       8.1      0.95      2.00      0.00  -9999.00
     1   2005    337    4100.0       4.1       6.2      0.82      2.00      0.00  -9999.00
     1   2005    338    1600.0       1.0      12.2      0.66      2.00      0.00  -9999.00
     1   2005    339    1100.0       2.1       4.1      0.71      2.00      0.00  -9999.00
     1   2005    340    1600.0       9.0      11.0      1.15      2.00     27.30  -9999.00
     1   2005    341    1500.0       3.3      11.8      0.77      2.00      3.10  -9999.00
     1   2005    342    2000.0       6.4       8.4      0.96      2.00      0.70  -9999.00
     1   2005    343    4400.0       0.6       3.0      0.64      2.00      0.00  -9999.00
     1   2005    344    1700.0      -1.7      10.2      0.54      2.00      1.10  -9999.00
     1   2005    345    1900.0       4.0      11.3      0.81      2.00      1.00  -9999.00
     1   2005    346    1300.0      -1.7      12.6      0.54      2.00      0.30  -9999.00
     1   2005    347    2600.0       5.3       9.1      0.89      2.00      0.10  -9999.00
     1   2005    348    1300.0       0.4       8.0      0.63      2.00      0.90  -9999.00
     1   2005    349    2200.0       6.0       7.5      0.93      2.00      0.00  -9999.00
     1   2005    350     700.0       1.9       2.4      0.70      2.00      0.00  -9999.00
     1   2005    351    2500.0       3.4       5.4      0.78      2.00      0.00  -9999.00
     1   2005    352    1500.0       2.3       5.2      0.72      2.00      0.00  -9999.00
     1   2005    353    2600.0      -0.6       7.1      0.58      2.00      0.00  -9999.00
     1   2005    354    4100.0       2.1       3.7      0.71      2.00      0.00  -9999.00
     1   2005    355    4200.0       2.1       4.7      0.71      2.00      0.00  -9999.00
     1   2005    356    2000.0       4.3       4.7      0.83      2.00      0.00  -9999.00
     1   2005    357    1400.0       4.5      11.1      0.84      2.00     30.60  -9999.00
     1   2005    358    3200.0       3.8       9.9      0.80      2.00      1.80  -9999.00
     1   2005    359    2000.0       4.8       6.3      0.86      2.00      4.10  -9999.00
     1   2005    360    2300.0       2.4      11.3      0.73      2.00      6.50  -9999.00
     1   2005    361    1500.0       3.3      10.8      0.77      2.00     11.30  -9999.00
     1   2005    362    1800.0       5.2       8.8      0.88      2.00      0.10  -9999.00
     1   2005    363    3700.0       7.2       9.5      1.02      2.00      2.70  -9999.00
     1   2005    364    2500.0       4.3       7.2      0.83      2.00      1.70  -9999.00
     1   2005    365    2200.0      -0.1       9.8      0.61      2.00      0.00  -9999.00
