*-----------------------------------------------------------------------------* 
           CNWG_82.met            51.48   -3.55   69.72
* Date created:  08-Aug-2019     Author: K Coleman 
* 
* NIL VALUE       -9999 
* Source:   data provided by M. Semenov 
*  
* Latitude:    51.48 Longitude:    -3.55 Altitude:    69.72
* 
* Column  Daily value 
* 1       station number 
* 2       year 
* 3       day 
* 4       irradiation                   (kJ m-2 d-1) 
* 5       minimum temperature           (degrees Celsius) 
* 6       maximum temperature           (degrees Celsius) 
* 7       early morning vapour pressure (kPa)             
* 8       mean wind speed (height: 2 m?) (m s-1)          
* 9       precipitation                 (mm d-1)          
* 10      sunshine                      (hrs)             
 		Jday	RAD	    TMIN	TMAX	 VAP	wind	RAIN	SUN  
               kj/m2	°C	    °C	     kPa	m/s	    mm	    hrs 
   51.48  69.72
     1   2005      1    2000.0       0.5       3.9      0.63      2.00      0.00  -9999.00
     1   2005      2    1700.0       7.3       9.3      1.02      2.00      8.20  -9999.00
     1   2005      3    1100.0       4.1       6.1      0.82      2.00      0.00  -9999.00
     1   2005      4    3700.0      -0.4       5.2      0.59      2.00      1.90  -9999.00
     1   2005      5    1300.0       1.4       3.4      0.68      2.00      0.00  -9999.00
     1   2005      6    1800.0       8.5      10.7      1.11      2.00      2.00  -9999.00
     1   2005      7    1900.0       4.2      11.9      0.82      2.00      0.50  -9999.00
     1   2005      8    1200.0       4.6       6.6      0.85      2.00      7.90  -9999.00
     1   2005      9    1800.0      10.1      11.5      1.24      2.00      0.90  -9999.00
     1   2005     10    1800.0       5.7       8.8      0.92      2.00      0.20  -9999.00
     1   2005     11    5100.0       5.4       7.6      0.90      2.00      0.00  -9999.00
     1   2005     12    1000.0      -5.2      11.3      0.41      2.00      7.10  -9999.00
     1   2005     13    3300.0       2.7      11.1      0.74      2.00      5.80  -9999.00
     1   2005     14    4000.0      -3.0       8.1      0.49      2.00      0.00  -9999.00
     1   2005     15     900.0       3.4       5.4      0.78      2.00      0.00  -9999.00
     1   2005     16    3200.0       1.9       5.4      0.70      2.00      0.00  -9999.00
     1   2005     17    4300.0       3.8       6.1      0.80      2.00      0.00  -9999.00
     1   2005     18    5700.0       6.0       8.0      0.93      2.00      0.00  -9999.00
     1   2005     19    2000.0       0.1       8.4      0.62      2.00      0.30  -9999.00
     1   2005     20    2200.0       4.5      11.2      0.84      2.00     14.40  -9999.00
     1   2005     21    1700.0       5.0      10.9      0.87      2.00      5.40  -9999.00
     1   2005     22    2400.0       0.4       2.3      0.63      2.00      0.00  -9999.00
     1   2005     23    4300.0       3.0       8.9      0.76      2.00      1.40  -9999.00
     1   2005     24    1500.0       4.3       6.3      0.83      2.00      0.60  -9999.00
     1   2005     25    3000.0       0.1       9.0      0.62      2.00      0.20  -9999.00
     1   2005     26    6100.0       8.8       9.7      1.13      2.00      0.30  -9999.00
     1   2005     27    4200.0       2.2       4.1      0.72      2.00      0.00  -9999.00
     1   2005     28    2000.0      -3.8       5.2      0.46      2.00      0.00  -9999.00
     1   2005     29    2600.0       2.7       4.7      0.74      2.00      0.00  -9999.00
     1   2005     30    4800.0       2.7       6.8      0.74      2.00      0.00  -9999.00
     1   2005     31    1000.0       1.5      10.2      0.68      2.00      3.20  -9999.00
     1   2005     32    3300.0       4.1      10.8      0.82      2.00      0.00  -9999.00
     1   2005     33    4300.0      -2.6       2.7      0.50      2.00      0.00  -9999.00
     1   2005     34    2900.0       4.6       9.0      0.85      2.00      0.40  -9999.00
     1   2005     35    5000.0       2.7       9.0      0.74      2.00      7.10  -9999.00
     1   2005     36    2600.0       5.2       7.8      0.88      2.00      1.80  -9999.00
     1   2005     37    5100.0       0.0       2.0      0.61      2.00      0.00  -9999.00
     1   2005     38    6600.0      -1.5       7.5      0.55      2.00      0.00  -9999.00
     1   2005     39    5200.0       0.1       2.2      0.62      2.00      0.00  -9999.00
     1   2005     40    1700.0       4.3       7.0      0.83      2.00      0.00  -9999.00
     1   2005     41    2800.0      -6.9       8.2      0.36      2.00      0.00  -9999.00
     1   2005     42    8700.0       0.9       3.7      0.65      2.00      0.00  -9999.00
     1   2005     43    5000.0       4.0      10.5      0.81      2.00      0.00  -9999.00
     1   2005     44    4700.0       0.4       4.8      0.63      2.00      0.00  -9999.00
     1   2005     45    7600.0      -5.7       1.2      0.40      2.00      0.00  -9999.00
     1   2005     46    6000.0       1.8       8.6      0.70      2.00      0.00  -9999.00
     1   2005     47    5700.0       8.3       9.7      1.09      2.00      0.30  -9999.00
     1   2005     48    8700.0       5.4       7.9      0.90      2.00      0.40  -9999.00
     1   2005     49    6000.0       4.4       9.8      0.84      2.00      4.40  -9999.00
     1   2005     50    4200.0       6.4       7.1      0.96      2.00      0.30  -9999.00
     1   2005     51   10200.0       0.3       2.3      0.62      2.00      0.00  -9999.00
     1   2005     52    4400.0       6.1       8.1      0.94      2.00      0.30  -9999.00
     1   2005     53    6200.0      -2.6       4.3      0.50      2.00      0.80  -9999.00
     1   2005     54    6100.0       3.9       9.0      0.81      2.00      2.40  -9999.00
     1   2005     55    5000.0      -0.4       8.2      0.59      2.00     15.20  -9999.00
     1   2005     56    9200.0       9.1      10.6      1.16      2.00      5.10  -9999.00
     1   2005     57    5500.0      -2.6       9.4      0.50      2.00      4.30  -9999.00
     1   2005     58    6800.0       5.1       7.1      0.88      2.00      0.00  -9999.00
     1   2005     59    3900.0      -2.8       6.8      0.50      2.00      0.00  -9999.00
     1   2005     60    5800.0      -3.6       9.7      0.47      2.00      0.00  -9999.00
     1   2005     61    9500.0       1.5       9.3      0.68      2.00      0.00  -9999.00
     1   2005     62    8700.0       3.3       7.7      0.77      2.00      0.00  -9999.00
     1   2005     63    5200.0       5.2       8.8      0.88      2.00      0.00  -9999.00
     1   2005     64    4300.0       1.6      10.3      0.69      2.00     15.80  -9999.00
     1   2005     65   13000.0       2.0       9.9      0.71      2.00      0.00  -9999.00
     1   2005     66    5600.0       4.6      11.1      0.85      2.00      0.30  -9999.00
     1   2005     67    9900.0       7.7       8.7      1.05      2.00      0.00  -9999.00
     1   2005     68   10300.0       3.3       7.1      0.77      2.00      0.00  -9999.00
     1   2005     69    9800.0       1.6      10.2      0.69      2.00      0.00  -9999.00
     1   2005     70    9400.0      -2.6      11.5      0.50      2.00      0.00  -9999.00
     1   2005     71    5200.0       3.4       5.4      0.78      2.00      4.70  -9999.00
     1   2005     72   11900.0       0.6       3.9      0.64      2.00      0.00  -9999.00
     1   2005     73    2200.0       7.3       8.1      1.02      2.00      3.30  -9999.00
     1   2005     74    9000.0       1.2       9.1      0.67      2.00      0.90  -9999.00
     1   2005     75    2600.0       3.2      10.3      0.77      2.00      0.00  -9999.00
     1   2005     76    3900.0       3.1      11.0      0.76      2.00      0.00  -9999.00
     1   2005     77   10400.0       2.9       3.9      0.75      2.00      2.20  -9999.00
     1   2005     78   15900.0       7.5       9.5      1.04      2.00      0.00  -9999.00
     1   2005     79   10300.0      -0.3      11.4      0.60      2.00      2.20  -9999.00
     1   2005     80    6400.0       6.8       9.1      0.99      2.00      0.40  -9999.00
     1   2005     81    9900.0       2.4      12.6      0.73      2.00      0.00  -9999.00
     1   2005     82    8600.0       7.0       7.5      1.00      2.00      0.00  -9999.00
     1   2005     83    8000.0       0.3      11.5      0.62      2.00      0.00  -9999.00
     1   2005     84    9100.0       1.4      12.7      0.68      2.00      0.00  -9999.00
     1   2005     85    5500.0       8.5      11.0      1.11      2.00      0.80  -9999.00
     1   2005     86    6900.0       6.1       7.3      0.94      2.00      0.00  -9999.00
     1   2005     87    8600.0      -3.3       7.2      0.48      2.00      0.00  -9999.00
     1   2005     88   11200.0       2.4       6.7      0.73      2.00      0.00  -9999.00
     1   2005     89   14900.0       9.7      12.4      1.20      2.00      0.00  -9999.00
     1   2005     90    3800.0       7.5       9.5      1.04      2.00      0.10  -9999.00
     1   2005     91   15000.0       4.0       9.7      0.81      2.00      0.00  -9999.00
     1   2005     92    5400.0       3.2      10.2      0.77      2.00      1.10  -9999.00
     1   2005     93    8600.0      -0.2      10.4      0.60      2.00      4.30  -9999.00
     1   2005     94   12900.0       6.8       8.7      0.99      2.00      0.90  -9999.00
     1   2005     95   12900.0       3.8      14.4      0.80      2.00      3.10  -9999.00
     1   2005     96   18300.0      -0.4      12.1      0.59      2.00      0.00  -9999.00
     1   2005     97   20300.0       4.8      15.9      0.86      2.00      0.00  -9999.00
     1   2005     98    9000.0       6.7      10.3      0.98      2.00      0.00  -9999.00
     1   2005     99   12700.0       7.8      13.1      1.06      2.00      0.00  -9999.00
     1   2005    100   10200.0       4.5      12.3      0.84      2.00      0.00  -9999.00
     1   2005    101   19000.0       5.6      10.8      0.91      2.00      0.00  -9999.00
     1   2005    102    8800.0       6.6      12.0      0.97      2.00     17.80  -9999.00
     1   2005    103    6600.0       6.4       8.4      0.96      2.00      4.20  -9999.00
     1   2005    104   19300.0      -0.8      17.9      0.58      2.00      0.00  -9999.00
     1   2005    105    6400.0       5.6      11.2      0.91      2.00     11.10  -9999.00
     1   2005    106    6600.0       8.2      12.0      1.09      2.00      3.30  -9999.00
     1   2005    107    7400.0       8.8      12.4      1.13      2.00      0.90  -9999.00
     1   2005    108   12300.0       4.7      11.7      0.85      2.00      5.80  -9999.00
     1   2005    109    7300.0       2.7      15.5      0.74      2.00      1.10  -9999.00
     1   2005    110   15100.0       5.7       9.5      0.92      2.00      0.00  -9999.00
     1   2005    111   17000.0       2.5      13.0      0.73      2.00      0.00  -9999.00
     1   2005    112   16000.0       2.7      10.2      0.74      2.00      0.40  -9999.00
     1   2005    113    7000.0       6.7      10.2      0.98      2.00      3.40  -9999.00
     1   2005    114   11600.0       7.9      13.8      1.07      2.00     13.40  -9999.00
     1   2005    115   12600.0       0.5      11.8      0.63      2.00     14.70  -9999.00
     1   2005    116   21000.0       5.4      14.6      0.90      2.00      0.00  -9999.00
     1   2005    117   19000.0       3.7      20.9      0.80      2.00      0.00  -9999.00
     1   2005    118   22500.0       6.2      10.2      0.95      2.00      0.00  -9999.00
     1   2005    119   12200.0       4.8      18.0      0.86      2.00      0.00  -9999.00
     1   2005    120   15100.0       6.4      13.7      0.96      2.00      0.00  -9999.00
     1   2005    121   25300.0       5.3      14.7      0.89      2.00      0.00  -9999.00
     1   2005    122   25200.0       7.5      14.9      1.04      2.00      0.00  -9999.00
     1   2005    123   21000.0       0.7      11.9      0.64      2.00      0.00  -9999.00
     1   2005    124   13700.0       5.7      11.6      0.92      2.00      1.60  -9999.00
     1   2005    125   19300.0       2.1      17.8      0.71      2.00      0.00  -9999.00
     1   2005    126   12600.0      10.4      13.7      1.26      2.00      0.80  -9999.00
     1   2005    127   15000.0       8.8      14.3      1.13      2.00      4.40  -9999.00
     1   2005    128    3900.0       5.8      13.9      0.92      2.00      7.70  -9999.00
     1   2005    129   17100.0       4.9      13.7      0.87      2.00      0.10  -9999.00
     1   2005    130   12500.0       7.2      12.5      1.02      2.00      5.20  -9999.00
     1   2005    131    4000.0       8.0       9.8      1.07      2.00      4.40  -9999.00
     1   2005    132    4000.0       8.3      12.4      1.09      2.00     18.10  -9999.00
     1   2005    133   17000.0       6.5      10.1      0.97      2.00      3.10  -9999.00
     1   2005    134   14000.0       7.3      13.4      1.02      2.00      0.70  -9999.00
     1   2005    135   10200.0       9.5      15.1      1.19      2.00      3.50  -9999.00
     1   2005    136   13600.0      11.8      14.2      1.38      2.00      4.10  -9999.00
     1   2005    137   14900.0       1.8      14.8      0.70      2.00      9.80  -9999.00
     1   2005    138    5500.0       9.5      12.3      1.19      2.00      3.20  -9999.00
     1   2005    139   13500.0       7.5      21.9      1.04      2.00      0.20  -9999.00
     1   2005    140   14200.0       8.0      15.9      1.07      2.00      0.00  -9999.00
     1   2005    141   13500.0       8.3      12.5      1.09      2.00      4.20  -9999.00
     1   2005    142   10300.0      12.1      14.1      1.41      2.00      7.90  -9999.00
     1   2005    143   16300.0       9.2      15.8      1.16      2.00     25.00  -9999.00
     1   2005    144   28800.0      11.8      12.7      1.38      2.00      0.00  -9999.00
     1   2005    145   25700.0       5.9      19.1      0.93      2.00      0.00  -9999.00
     1   2005    146   23200.0       3.5      16.0      0.78      2.00      0.00  -9999.00
     1   2005    147   20700.0      12.5      26.6      1.45      2.00      0.00  -9999.00
     1   2005    148    8600.0       8.8      22.2      1.13      2.00      0.00  -9999.00
     1   2005    149   23600.0       5.6      16.6      0.91      2.00      0.00  -9999.00
     1   2005    150   25600.0       4.2      14.4      0.82      2.00      0.00  -9999.00
     1   2005    151   20500.0       4.4      18.5      0.84      2.00      0.00  -9999.00
     1   2005    152   27300.0       9.5      16.5      1.19      2.00      5.10  -9999.00
     1   2005    153   13400.0       8.1      15.2      1.08      2.00      4.00  -9999.00
     1   2005    154   26200.0       9.0      21.6      1.15      2.00      0.00  -9999.00
     1   2005    155   20800.0       9.4      18.6      1.18      2.00      0.00  -9999.00
     1   2005    156   17300.0      11.6      14.9      1.37      2.00      2.00  -9999.00
     1   2005    157    9400.0      12.7      18.5      1.47      2.00      4.00  -9999.00
     1   2005    158   22200.0      11.2      14.7      1.33      2.00      2.60  -9999.00
     1   2005    159   23400.0       9.8      17.1      1.21      2.00      0.10  -9999.00
     1   2005    160   21200.0      11.5      16.1      1.36      2.00      1.70  -9999.00
     1   2005    161   13900.0       8.6      16.5      1.12      2.00      7.30  -9999.00
     1   2005    162   16200.0       7.8      16.3      1.06      2.00      0.00  -9999.00
     1   2005    163   24800.0      10.6      22.5      1.28      2.00      0.00  -9999.00
     1   2005    164   17900.0       9.9      13.6      1.22      2.00      0.00  -9999.00
     1   2005    165   17900.0      13.2      18.0      1.52      2.00     11.40  -9999.00
     1   2005    166   21500.0       8.9      21.3      1.14      2.00      0.00  -9999.00
     1   2005    167    4500.0      12.6      16.6      1.46      2.00      0.80  -9999.00
     1   2005    168   17700.0      14.0      15.4      1.60      2.00     13.60  -9999.00
     1   2005    169   16400.0      13.3      18.7      1.53      2.00      1.30  -9999.00
     1   2005    170   12900.0      11.8      14.7      1.38      2.00      0.20  -9999.00
     1   2005    171   24700.0      10.3      19.6      1.25      2.00      0.00  -9999.00
     1   2005    172   10100.0       7.0      17.6      1.00      2.00      1.20  -9999.00
     1   2005    173   25300.0       9.5      20.8      1.19      2.00      0.00  -9999.00
     1   2005    174   15300.0      13.6      16.3      1.56      2.00      4.00  -9999.00
     1   2005    175   23700.0      10.7      22.3      1.29      2.00      0.00  -9999.00
     1   2005    176   19300.0       9.4      20.4      1.18      2.00      0.10  -9999.00
     1   2005    177   22600.0       9.2      18.4      1.16      2.00      0.20  -9999.00
     1   2005    178   12300.0      11.2      20.9      1.33      2.00      1.60  -9999.00
     1   2005    179    9100.0      10.8      17.0      1.29      2.00      8.10  -9999.00
     1   2005    180   14700.0      10.8      17.3      1.29      2.00     15.70  -9999.00
     1   2005    181   18500.0      15.4      21.1      1.75      2.00      0.00  -9999.00
     1   2005    182   25700.0      11.7      19.6      1.37      2.00      0.00  -9999.00
     1   2005    183   29400.0      12.3      16.8      1.43      2.00      0.00  -9999.00
     1   2005    184   21900.0      12.2      16.7      1.42      2.00      0.00  -9999.00
     1   2005    185   12800.0      13.5      16.6      1.55      2.00      6.50  -9999.00
     1   2005    186   11300.0      13.3      24.9      1.53      2.00     10.00  -9999.00
     1   2005    187   16200.0      14.7      19.4      1.67      2.00      1.30  -9999.00
     1   2005    188   19200.0       9.9      17.4      1.22      2.00      1.20  -9999.00
     1   2005    189   20100.0      13.1      21.3      1.51      2.00      0.00  -9999.00
     1   2005    190   22800.0      13.2      16.5      1.52      2.00      0.00  -9999.00
     1   2005    191   19800.0      12.8      21.7      1.48      2.00      0.00  -9999.00
     1   2005    192   23800.0      14.7      19.4      1.67      2.00      0.00  -9999.00
     1   2005    193   24500.0      10.9      17.1      1.30      2.00      0.00  -9999.00
     1   2005    194   29300.0      12.8      26.2      1.48      2.00      0.00  -9999.00
     1   2005    195   16400.0      12.0      29.7      1.40      2.00      0.00  -9999.00
     1   2005    196   17700.0       9.9      24.7      1.22      2.00      0.00  -9999.00
     1   2005    197   22400.0      15.5      30.4      1.76      2.00      0.00  -9999.00
     1   2005    198   23100.0      14.4      17.6      1.64      2.00      0.00  -9999.00
     1   2005    199   13300.0      12.0      18.3      1.40      2.00      0.00  -9999.00
     1   2005    200   22600.0      15.2      16.1      1.73      2.00      0.00  -9999.00
     1   2005    201   16300.0      10.1      21.8      1.24      2.00      0.00  -9999.00
     1   2005    202   13200.0      13.2      20.8      1.52      2.00      3.30  -9999.00
     1   2005    203   19300.0       9.3      18.3      1.17      2.00      1.00  -9999.00
     1   2005    204   12900.0      15.2      18.2      1.73      2.00      2.40  -9999.00
     1   2005    205   18900.0      11.8      19.2      1.38      2.00      0.00  -9999.00
     1   2005    206   24800.0      12.2      29.4      1.42      2.00      0.00  -9999.00
     1   2005    207   20500.0      13.4      28.7      1.54      2.00      0.00  -9999.00
     1   2005    208   15200.0      11.9      22.7      1.39      2.00      0.00  -9999.00
     1   2005    209   18800.0      14.3      26.0      1.63      2.00      0.00  -9999.00
     1   2005    210   17400.0      11.3      24.9      1.34      2.00      0.00  -9999.00
     1   2005    211   12100.0      14.6      25.5      1.66      2.00      1.70  -9999.00
     1   2005    212   11300.0      11.2      23.1      1.33      2.00      1.90  -9999.00
     1   2005    213   21500.0      10.3      16.3      1.25      2.00     13.00  -9999.00
     1   2005    214   10100.0       8.9      20.9      1.14      2.00      2.00  -9999.00
     1   2005    215    7500.0      11.8      18.6      1.38      2.00      0.10  -9999.00
     1   2005    216   11800.0      14.6      18.9      1.66      2.00     13.60  -9999.00
     1   2005    217   11700.0      12.1      18.3      1.41      2.00      6.50  -9999.00
     1   2005    218   25700.0      12.6      24.6      1.46      2.00      0.00  -9999.00
     1   2005    219    8500.0      13.2      16.5      1.52      2.00      1.80  -9999.00
     1   2005    220   24500.0       9.5      23.1      1.19      2.00      0.00  -9999.00
     1   2005    221   20900.0      13.4      23.4      1.54      2.00      0.00  -9999.00
     1   2005    222   19600.0      10.9      23.7      1.30      2.00      0.00  -9999.00
     1   2005    223   20500.0      16.7      23.0      1.90      2.00      0.00  -9999.00
     1   2005    224   12600.0       9.4      17.4      1.18      2.00      4.70  -9999.00
     1   2005    225   19000.0       9.4      16.3      1.18      2.00     11.90  -9999.00
     1   2005    226   16900.0      11.5      17.6      1.36      2.00     11.10  -9999.00
     1   2005    227   12100.0      13.2      18.1      1.52      2.00      6.70  -9999.00
     1   2005    228   12900.0       9.6      16.0      1.20      2.00      1.90  -9999.00
     1   2005    229   15500.0      10.6      21.1      1.28      2.00      0.00  -9999.00
     1   2005    230    9600.0      14.6      21.8      1.66      2.00      4.50  -9999.00
     1   2005    231    7700.0      12.7      18.1      1.47      2.00      0.40  -9999.00
     1   2005    232   11900.0      12.2      19.7      1.42      2.00      6.80  -9999.00
     1   2005    233   13000.0      16.0      18.0      1.82      2.00      6.70  -9999.00
     1   2005    234   18700.0      11.8      21.1      1.38      2.00      0.00  -9999.00
     1   2005    235   18400.0       6.4      19.2      0.96      2.00      0.00  -9999.00
     1   2005    236   10700.0      14.0      18.5      1.60      2.00      2.50  -9999.00
     1   2005    237   15500.0      14.8      18.0      1.68      2.00      0.30  -9999.00
     1   2005    238   18400.0      13.1      20.0      1.51      2.00      0.40  -9999.00
     1   2005    239   12300.0      11.6      18.2      1.37      2.00      5.70  -9999.00
     1   2005    240   13400.0      11.3      19.0      1.34      2.00      1.20  -9999.00
     1   2005    241   16500.0      16.0      17.6      1.82      2.00      0.00  -9999.00
     1   2005    242    8400.0      12.4      18.4      1.44      2.00     16.60  -9999.00
     1   2005    243   13900.0      13.7      19.1      1.57      2.00     13.40  -9999.00
     1   2005    244   11800.0       8.5      16.0      1.11      2.00      0.70  -9999.00
     1   2005    245    7700.0      11.5      16.0      1.36      2.00      0.10  -9999.00
     1   2005    246    8200.0      13.6      22.9      1.56      2.00      0.00  -9999.00
     1   2005    247   16600.0       9.9      19.4      1.22      2.00      0.00  -9999.00
     1   2005    248   14900.0      15.5      16.6      1.76      2.00      0.00  -9999.00
     1   2005    249    8500.0       7.9      17.4      1.07      2.00      5.10  -9999.00
     1   2005    250   17900.0      15.0      17.7      1.70      2.00      0.00  -9999.00
     1   2005    251   10200.0      10.0      21.3      1.23      2.00      0.00  -9999.00
     1   2005    252   18800.0       7.4      16.9      1.03      2.00      0.00  -9999.00
     1   2005    253   13800.0      11.0      18.3      1.31      2.00      0.00  -9999.00
     1   2005    254    5600.0      14.3      20.0      1.63      2.00      6.30  -9999.00
     1   2005    255   11200.0      10.2      15.6      1.24      2.00      0.10  -9999.00
     1   2005    256   13000.0      10.3      16.3      1.25      2.00      5.30  -9999.00
     1   2005    257   11500.0      12.4      18.4      1.44      2.00     16.30  -9999.00
     1   2005    258    5600.0      13.2      18.9      1.52      2.00      2.40  -9999.00
     1   2005    259   11200.0      14.5      14.8      1.65      2.00      4.20  -9999.00
     1   2005    260   10300.0      10.4      17.6      1.26      2.00      0.00  -9999.00
     1   2005    261   14100.0      10.7      17.6      1.29      2.00      0.00  -9999.00
     1   2005    262    9500.0      12.1      17.2      1.41      2.00      8.00  -9999.00
     1   2005    263    8900.0      10.8      14.7      1.29      2.00      1.50  -9999.00
     1   2005    264   10200.0       6.9      17.7      0.99      2.00      1.00  -9999.00
     1   2005    265    3200.0      11.9      15.3      1.39      2.00      0.80  -9999.00
     1   2005    266   10200.0      12.6      18.2      1.46      2.00      5.20  -9999.00
     1   2005    267   13400.0      13.1      15.1      1.51      2.00      0.00  -9999.00
     1   2005    268   12300.0       4.6      17.4      0.85      2.00      0.10  -9999.00
     1   2005    269   11000.0      10.6      15.9      1.28      2.00      5.60  -9999.00
     1   2005    270    3100.0       5.1      15.0      0.88      2.00      0.30  -9999.00
     1   2005    271   10800.0       9.7      17.1      1.20      2.00      2.50  -9999.00
     1   2005    272   12000.0       4.9      18.2      0.87      2.00      4.80  -9999.00
     1   2005    273    9000.0      13.6      16.7      1.56      2.00     10.30  -9999.00
     1   2005    274    9400.0      10.2      15.4      1.24      2.00      7.40  -9999.00
     1   2005    275    4500.0       9.1      16.0      1.16      2.00      1.60  -9999.00
     1   2005    276    7200.0       9.6      14.4      1.20      2.00      2.70  -9999.00
     1   2005    277    8500.0       8.3      19.6      1.09      2.00     12.00  -9999.00
     1   2005    278   11400.0       6.6      18.5      0.97      2.00      0.00  -9999.00
     1   2005    279    6400.0       6.5      16.0      0.97      2.00      0.10  -9999.00
     1   2005    280    8000.0       9.6      11.7      1.20      2.00      3.90  -9999.00
     1   2005    281   10100.0      13.6      15.4      1.56      2.00      5.60  -9999.00
     1   2005    282    6300.0       6.8      13.0      0.99      2.00      0.00  -9999.00
     1   2005    283    7200.0       9.6      16.3      1.20      2.00      0.00  -9999.00
     1   2005    284    8600.0      10.1      12.5      1.24      2.00      0.40  -9999.00
     1   2005    285    8700.0      11.6      13.6      1.37      2.00      1.40  -9999.00
     1   2005    286    8700.0      11.7      14.8      1.37      2.00      0.10  -9999.00
     1   2005    287    4100.0      13.7      18.6      1.57      2.00     22.40  -9999.00
     1   2005    288   10100.0       9.4      13.5      1.18      2.00      0.00  -9999.00
     1   2005    289    3000.0      10.4      13.7      1.26      2.00      0.00  -9999.00
     1   2005    290   10700.0       7.9      18.7      1.07      2.00      0.00  -9999.00
     1   2005    291    9300.0      10.7      12.7      1.29      2.00      0.00  -9999.00
     1   2005    292    7700.0       6.8      10.9      0.99      2.00      5.50  -9999.00
     1   2005    293    4200.0      13.3      15.4      1.53      2.00      0.60  -9999.00
     1   2005    294    5100.0       7.6      11.5      1.04      2.00      0.10  -9999.00
     1   2005    295    3400.0       9.1      14.1      1.16      2.00     10.80  -9999.00
     1   2005    296    4900.0       7.3      17.9      1.02      2.00      0.00  -9999.00
     1   2005    297    7800.0       8.0      14.1      1.07      2.00      0.00  -9999.00
     1   2005    298    7000.0       9.3      10.8      1.17      2.00      0.00  -9999.00
     1   2005    299    7400.0       7.1      16.2      1.01      2.00      5.20  -9999.00
     1   2005    300    1700.0      12.3      14.3      1.43      2.00      8.50  -9999.00
     1   2005    301    5500.0       8.7      14.0      1.12      2.00      0.00  -9999.00
     1   2005    302    5500.0       6.2      12.7      0.95      2.00      9.10  -9999.00
     1   2005    303    6200.0       7.8      17.0      1.06      2.00      1.30  -9999.00
     1   2005    304    4200.0      10.3      12.3      1.25      2.00      5.00  -9999.00
     1   2005    305    7600.0      10.8      12.8      1.29      2.00      4.90  -9999.00
     1   2005    306    8000.0       3.1       9.6      0.76      2.00      0.00  -9999.00
     1   2005    307    7700.0      -0.2       9.6      0.60      2.00      0.00  -9999.00
     1   2005    308    6100.0       3.7      11.8      0.80      2.00      0.00  -9999.00
     1   2005    309    4600.0       5.6      13.5      0.91      2.00      0.00  -9999.00
     1   2005    310    7500.0      12.0      12.6      1.40      2.00     20.70  -9999.00
     1   2005    311    5100.0       5.3      12.0      0.89      2.00      0.90  -9999.00
     1   2005    312    4800.0      10.5      11.1      1.27      2.00      7.10  -9999.00
     1   2005    313    6200.0       8.5      10.5      1.11      2.00      0.00  -9999.00
     1   2005    314    3200.0       4.0      15.0      0.81      2.00      0.30  -9999.00
     1   2005    315    4000.0       1.4      15.6      0.68      2.00      0.50  -9999.00
     1   2005    316    1800.0       7.2      11.7      1.02      2.00      0.40  -9999.00
     1   2005    317    4500.0       8.7      13.4      1.12      2.00      3.40  -9999.00
     1   2005    318    2300.0       6.8       7.5      0.99      2.00     10.40  -9999.00
     1   2005    319    2300.0       5.3       7.3      0.89      2.00      0.20  -9999.00
     1   2005    320    2300.0       5.8      13.4      0.92      2.00      0.50  -9999.00
     1   2005    321    1500.0      -1.1      10.3      0.56      2.00      0.00  -9999.00
     1   2005    322    1900.0       4.9      12.6      0.87      2.00      0.00  -9999.00
     1   2005    323    3000.0       7.7      10.3      1.05      2.00     10.40  -9999.00
     1   2005    324    1900.0       5.5       9.8      0.90      2.00     19.00  -9999.00
     1   2005    325    2500.0      -0.5       7.8      0.59      2.00      4.80  -9999.00
     1   2005    326    4100.0       4.4       6.4      0.84      2.00     11.50  -9999.00
     1   2005    327    2100.0      10.1      10.6      1.24      2.00     22.30  -9999.00
     1   2005    328    3300.0       6.3      12.2      0.95      2.00      0.40  -9999.00
     1   2005    329    1300.0       1.5      12.5      0.68      2.00      0.40  -9999.00
     1   2005    330    3000.0       4.0      15.0      0.81      2.00      1.50  -9999.00
     1   2005    331    1800.0       0.9      10.3      0.65      2.00      5.00  -9999.00
     1   2005    332    4500.0       0.4       8.9      0.63      2.00      0.00  -9999.00
     1   2005    333    2300.0       9.0      11.0      1.15      2.00     18.30  -9999.00
     1   2005    334     800.0       4.1       6.4      0.82      2.00     11.50  -9999.00
     1   2005    335    3400.0       7.5      10.6      1.04      2.00      0.00  -9999.00
     1   2005    336    3000.0       8.7      12.8      1.12      2.00      6.40  -9999.00
     1   2005    337     800.0       1.6       5.1      0.69      2.00      0.80  -9999.00
     1   2005    338    3000.0       1.7       5.0      0.69      2.00      0.10  -9999.00
     1   2005    339    2300.0       5.9      13.8      0.93      2.00      0.10  -9999.00
     1   2005    340     700.0       4.0      10.6      0.81      2.00     20.60  -9999.00
     1   2005    341    1500.0       7.3      11.1      1.02      2.00      2.70  -9999.00
     1   2005    342    1300.0       2.1       7.5      0.71      2.00      0.10  -9999.00
     1   2005    343    1500.0       3.8      11.9      0.80      2.00      0.70  -9999.00
     1   2005    344    1400.0       5.3       8.4      0.89      2.00      9.30  -9999.00
     1   2005    345    3200.0      -2.3       8.7      0.52      2.00      0.10  -9999.00
     1   2005    346    1600.0      -0.5       4.5      0.59      2.00      1.80  -9999.00
     1   2005    347    2800.0       8.1       9.8      1.08      2.00      0.20  -9999.00
     1   2005    348    1300.0       3.8       5.8      0.80      2.00      0.10  -9999.00
     1   2005    349    2300.0       1.5       8.4      0.68      2.00     16.10  -9999.00
     1   2005    350    1300.0       8.9      12.0      1.14      2.00      0.10  -9999.00
     1   2005    351    2300.0       7.5      12.7      1.04      2.00      2.40  -9999.00
     1   2005    352     900.0       3.4      10.9      0.78      2.00     13.30  -9999.00
     1   2005    353    1400.0       8.5       9.6      1.11      2.00      0.10  -9999.00
     1   2005    354    1500.0       8.5       8.8      1.11      2.00      2.80  -9999.00
     1   2005    355     700.0       5.7       7.8      0.92      2.00      0.10  -9999.00
     1   2005    356    1400.0       6.1       9.4      0.94      2.00      5.70  -9999.00
     1   2005    357    2700.0       1.7      11.6      0.69      2.00     15.50  -9999.00
     1   2005    358    1400.0       0.2       8.4      0.62      2.00      2.00  -9999.00
     1   2005    359    1400.0       7.4      10.9      1.03      2.00      2.40  -9999.00
     1   2005    360    1700.0       7.4      10.1      1.03      2.00      0.00  -9999.00
     1   2005    361    1500.0      -2.9       4.1      0.49      2.00      0.00  -9999.00
     1   2005    362    4300.0       3.9       5.9      0.81      2.00      0.00  -9999.00
     1   2005    363    3700.0      -0.6       3.7      0.58      2.00      0.00  -9999.00
     1   2005    364    3200.0       8.3      10.3      1.09      2.00      0.30  -9999.00
     1   2005    365    4600.0       2.3      10.1      0.72      2.00     15.00  -9999.00
