*-----------------------------------------------------------------------------* 
           CNWG_205.met           51.48   -3.55   69.72
* Date created:  08-Aug-2019     Author: K Coleman 
* 
* NIL VALUE       -9999 
* Source:   data provided by M. Semenov 
*  
* Latitude:    51.48 Longitude:    -3.55 Altitude:    69.72
* 
* Column  Daily value 
* 1       station number 
* 2       year 
* 3       day 
* 4       irradiation                   (kJ m-2 d-1) 
* 5       minimum temperature           (degrees Celsius) 
* 6       maximum temperature           (degrees Celsius) 
* 7       early morning vapour pressure (kPa)             
* 8       mean wind speed (height: 2 m?) (m s-1)          
* 9       precipitation                 (mm d-1)          
* 10      sunshine                      (hrs)             
 		Jday	RAD	    TMIN	TMAX	 VAP	wind	RAIN	SUN  
               kj/m2	°C	    °C	     kPa	m/s	    mm	    hrs 
   51.48  69.72
     1   2005      1    1500.0      -5.6       7.6      0.40      2.00     12.30  -9999.00
     1   2005      2    1800.0       1.0      12.5      0.66      2.00      0.10  -9999.00
     1   2005      3    1600.0       2.6      11.7      0.74      2.00      0.40  -9999.00
     1   2005      4    1700.0       7.5      10.8      1.04      2.00      0.20  -9999.00
     1   2005      5    4800.0       2.2      10.5      0.72      2.00      0.90  -9999.00
     1   2005      6    3100.0       5.5       9.6      0.90      2.00      2.00  -9999.00
     1   2005      7    3500.0       0.8       6.6      0.65      2.00      0.00  -9999.00
     1   2005      8    1500.0      -0.1       6.5      0.61      2.00      2.00  -9999.00
     1   2005      9    1500.0       1.0       3.0      0.66      2.00     10.20  -9999.00
     1   2005     10    1800.0       0.2       9.2      0.62      2.00     12.10  -9999.00
     1   2005     11    2100.0       7.0       9.0      1.00      2.00      1.70  -9999.00
     1   2005     12    1700.0       7.1       9.1      1.01      2.00      0.20  -9999.00
     1   2005     13    1800.0       4.8       9.8      0.86      2.00      1.80  -9999.00
     1   2005     14     900.0       9.3      13.8      1.17      2.00      2.60  -9999.00
     1   2005     15    1800.0       3.9       9.7      0.81      2.00      5.70  -9999.00
     1   2005     16    1500.0       7.0      11.8      1.00      2.00      1.80  -9999.00
     1   2005     17    1700.0       5.7       9.0      0.92      2.00      0.60  -9999.00
     1   2005     18    1200.0       0.7      11.0      0.64      2.00      2.20  -9999.00
     1   2005     19    2000.0       4.1       9.4      0.82      2.00      6.80  -9999.00
     1   2005     20    1800.0       0.3       8.6      0.62      2.00      0.30  -9999.00
     1   2005     21    2200.0       2.7      11.5      0.74      2.00     11.50  -9999.00
     1   2005     22    1900.0       3.9       4.4      0.81      2.00      0.00  -9999.00
     1   2005     23    4600.0       3.6       6.9      0.79      2.00      2.90  -9999.00
     1   2005     24    1200.0       3.7       6.2      0.80      2.00      7.20  -9999.00
     1   2005     25    2300.0       4.3       8.1      0.83      2.00      0.20  -9999.00
     1   2005     26    2100.0       2.4      10.1      0.73      2.00      0.50  -9999.00
     1   2005     27    2000.0       3.4      13.6      0.78      2.00      0.30  -9999.00
     1   2005     28    3600.0       3.2       6.7      0.77      2.00      0.60  -9999.00
     1   2005     29    1000.0       6.3      10.3      0.95      2.00      0.50  -9999.00
     1   2005     30    2900.0       5.3       5.5      0.89      2.00      1.40  -9999.00
     1   2005     31    2300.0       3.0      11.5      0.76      2.00      2.60  -9999.00
     1   2005     32    2300.0       2.9       9.9      0.75      2.00      6.50  -9999.00
     1   2005     33    3600.0       4.5      10.6      0.84      2.00      6.60  -9999.00
     1   2005     34    6500.0       2.6       9.1      0.74      2.00      2.80  -9999.00
     1   2005     35    3500.0       4.2       9.6      0.82      2.00      0.60  -9999.00
     1   2005     36    2200.0       3.8       6.7      0.80      2.00      0.30  -9999.00
     1   2005     37    6900.0       6.7       7.6      0.98      2.00      0.40  -9999.00
     1   2005     38    8000.0      -3.1      -1.1      0.49      2.00      0.00  -9999.00
     1   2005     39    3500.0       7.4       9.6      1.03      2.00      1.00  -9999.00
     1   2005     40    6700.0       7.7       7.7      1.05      2.00      1.00  -9999.00
     1   2005     41    5800.0      -3.4      -1.1      0.48      2.00      0.00  -9999.00
     1   2005     42    7900.0      -1.2       7.4      0.56      2.00      0.00  -9999.00
     1   2005     43    2200.0      -2.8       8.2      0.50      2.00      0.00  -9999.00
     1   2005     44    7000.0      -1.6      11.4      0.54      2.00      0.00  -9999.00
     1   2005     45    1800.0       3.7       9.5      0.80      2.00      5.40  -9999.00
     1   2005     46    9300.0      -2.3      12.8      0.52      2.00      0.00  -9999.00
     1   2005     47    6100.0      -1.6       9.9      0.54      2.00      0.00  -9999.00
     1   2005     48    8900.0      -2.0       5.7      0.53      2.00      0.00  -9999.00
     1   2005     49    5300.0       4.1       8.9      0.82      2.00      0.90  -9999.00
     1   2005     50    4100.0       2.5       5.1      0.73      2.00      0.40  -9999.00
     1   2005     51    2100.0       4.8       4.9      0.86      2.00      0.30  -9999.00
     1   2005     52    6500.0       5.0       5.3      0.87      2.00      4.20  -9999.00
     1   2005     53    4000.0       6.2       8.2      0.95      2.00      0.40  -9999.00
     1   2005     54    6000.0       4.3      13.1      0.83      2.00      0.50  -9999.00
     1   2005     55    6200.0       3.7       9.6      0.80      2.00      0.80  -9999.00
     1   2005     56    7700.0       4.2       9.1      0.82      2.00      0.10  -9999.00
     1   2005     57    1700.0       3.1      10.1      0.76      2.00      1.60  -9999.00
     1   2005     58    6300.0       3.1      11.6      0.76      2.00      6.30  -9999.00
     1   2005     59    6400.0       3.8       9.1      0.80      2.00      6.20  -9999.00
     1   2005     60    6000.0       3.1       4.6      0.76      2.00      1.90  -9999.00
     1   2005     61    4100.0       1.2       9.7      0.67      2.00      0.10  -9999.00
     1   2005     62   10400.0       6.8      10.2      0.99      2.00      0.60  -9999.00
     1   2005     63    2700.0       3.3       5.3      0.77      2.00      0.70  -9999.00
     1   2005     64    4100.0      -1.9      10.7      0.53      2.00      0.90  -9999.00
     1   2005     65    4700.0       5.1      10.0      0.88      2.00      9.90  -9999.00
     1   2005     66   10800.0       5.2       9.3      0.88      2.00      0.90  -9999.00
     1   2005     67   13400.0       4.9       9.1      0.87      2.00      0.00  -9999.00
     1   2005     68    6700.0       3.4      14.9      0.78      2.00      6.40  -9999.00
     1   2005     69    7700.0       0.2       5.8      0.62      2.00      0.00  -9999.00
     1   2005     70    4000.0       1.4       6.7      0.68      2.00      3.30  -9999.00
     1   2005     71    3600.0       0.2      16.6      0.62      2.00      0.10  -9999.00
     1   2005     72   13400.0      -2.3       7.5      0.52      2.00      0.00  -9999.00
     1   2005     73   12300.0       3.5      11.5      0.78      2.00      0.00  -9999.00
     1   2005     74    4800.0      -2.0      12.3      0.53      2.00      0.00  -9999.00
     1   2005     75    4700.0       6.7       7.0      0.98      2.00      0.00  -9999.00
     1   2005     76   12700.0       2.3      10.8      0.72      2.00      0.60  -9999.00
     1   2005     77    5500.0       0.4      12.2      0.63      2.00      0.20  -9999.00
     1   2005     78    2900.0      -4.3       8.1      0.44      2.00      0.00  -9999.00
     1   2005     79   10000.0       7.1      10.2      1.01      2.00      2.30  -9999.00
     1   2005     80   13200.0       6.9       8.4      0.99      2.00      6.40  -9999.00
     1   2005     81    6400.0       5.5       7.0      0.90      2.00      0.20  -9999.00
     1   2005     82   10200.0      10.0      12.3      1.23      2.00      1.00  -9999.00
     1   2005     83   15600.0       5.0       9.0      0.87      2.00      1.90  -9999.00
     1   2005     84   10900.0       5.7      10.8      0.92      2.00      1.00  -9999.00
     1   2005     85   10700.0       4.0       9.0      0.81      2.00      1.90  -9999.00
     1   2005     86    4400.0       6.2      10.8      0.95      2.00      6.50  -9999.00
     1   2005     87   16500.0       0.6      15.2      0.64      2.00      0.00  -9999.00
     1   2005     88   17400.0       8.5      10.7      1.11      2.00      0.00  -9999.00
     1   2005     89   13900.0       7.0       8.9      1.00      2.00      0.90  -9999.00
     1   2005     90   11000.0       4.0       9.4      0.81      2.00      1.10  -9999.00
     1   2005     91   13200.0       3.5      10.7      0.78      2.00      5.70  -9999.00
     1   2005     92   12200.0       7.7      12.8      1.05      2.00     22.10  -9999.00
     1   2005     93    6800.0       3.6       8.7      0.79      2.00      4.00  -9999.00
     1   2005     94    6000.0       1.2       9.7      0.67      2.00      0.60  -9999.00
     1   2005     95   17300.0       2.2       6.0      0.72      2.00      3.00  -9999.00
     1   2005     96   20000.0       1.9      14.4      0.70      2.00      0.00  -9999.00
     1   2005     97   13400.0       8.5      12.4      1.11      2.00     19.80  -9999.00
     1   2005     98   10300.0       6.1      10.4      0.94      2.00      2.10  -9999.00
     1   2005     99   10200.0       2.7      13.6      0.74      2.00      1.10  -9999.00
     1   2005    100   18800.0       2.8      14.8      0.75      2.00      3.80  -9999.00
     1   2005    101   21200.0       1.2      11.8      0.67      2.00      1.10  -9999.00
     1   2005    102   14200.0       2.8      11.1      0.75      2.00      2.00  -9999.00
     1   2005    103   12500.0       2.2      13.2      0.72      2.00      0.40  -9999.00
     1   2005    104   14200.0       3.7      11.9      0.80      2.00      2.40  -9999.00
     1   2005    105    9400.0       3.9       8.0      0.81      2.00      1.40  -9999.00
     1   2005    106   18700.0       6.6      13.7      0.97      2.00      0.00  -9999.00
     1   2005    107   14100.0       2.9      11.1      0.75      2.00      0.50  -9999.00
     1   2005    108   15800.0       0.8      11.5      0.65      2.00      9.50  -9999.00
     1   2005    109   16900.0       4.8      12.3      0.86      2.00      0.00  -9999.00
     1   2005    110   17600.0       5.0      14.5      0.87      2.00      0.00  -9999.00
     1   2005    111   17000.0       4.1      13.6      0.82      2.00      0.00  -9999.00
     1   2005    112   16600.0       7.4      17.2      1.03      2.00      0.00  -9999.00
     1   2005    113   18100.0       2.4      15.1      0.73      2.00      0.00  -9999.00
     1   2005    114    7600.0       7.9      14.4      1.07      2.00      0.30  -9999.00
     1   2005    115   11000.0       7.3      11.3      1.02      2.00     12.30  -9999.00
     1   2005    116   10800.0       5.8      11.9      0.92      2.00      0.50  -9999.00
     1   2005    117   10400.0       8.8      12.6      1.13      2.00      6.00  -9999.00
     1   2005    118    9900.0       8.3      10.4      1.09      2.00      1.00  -9999.00
     1   2005    119    9500.0       9.1      14.8      1.16      2.00      1.00  -9999.00
     1   2005    120   10500.0       5.8      14.5      0.92      2.00      1.10  -9999.00
     1   2005    121   14700.0       3.1      13.4      0.76      2.00     14.30  -9999.00
     1   2005    122   18200.0      11.2      13.8      1.33      2.00      0.00  -9999.00
     1   2005    123    6000.0       7.9      14.0      1.07      2.00      6.60  -9999.00
     1   2005    124   12200.0       6.7      14.5      0.98      2.00      6.30  -9999.00
     1   2005    125   18500.0       8.6      14.6      1.12      2.00      2.00  -9999.00
     1   2005    126   19100.0       2.9      19.0      0.75      2.00      0.00  -9999.00
     1   2005    127   18400.0      10.8      14.6      1.29      2.00      3.40  -9999.00
     1   2005    128   19100.0       2.3      23.2      0.72      2.00      0.00  -9999.00
     1   2005    129   21200.0      10.7      16.4      1.29      2.00      0.00  -9999.00
     1   2005    130   20900.0       8.8      14.9      1.13      2.00      0.00  -9999.00
     1   2005    131   20400.0       9.5      17.9      1.19      2.00      0.00  -9999.00
     1   2005    132   14000.0       7.1      14.2      1.01      2.00      0.00  -9999.00
     1   2005    133   16800.0       6.0      16.0      0.93      2.00      0.00  -9999.00
     1   2005    134   26000.0       7.3      13.2      1.02      2.00      0.00  -9999.00
     1   2005    135   19400.0       6.6      21.1      0.97      2.00      0.00  -9999.00
     1   2005    136   27800.0       6.3      15.3      0.95      2.00      0.00  -9999.00
     1   2005    137   27900.0       5.6      18.3      0.91      2.00      0.00  -9999.00
     1   2005    138   18800.0       5.4      23.2      0.90      2.00      0.00  -9999.00
     1   2005    139   23300.0       5.8      12.9      0.92      2.00      0.00  -9999.00
     1   2005    140   13700.0      10.1      17.8      1.24      2.00      0.70  -9999.00
     1   2005    141   13100.0       9.6      22.8      1.20      2.00      5.20  -9999.00
     1   2005    142   10400.0       7.1      16.0      1.01      2.00      0.30  -9999.00
     1   2005    143   20900.0      10.1      13.1      1.24      2.00      0.00  -9999.00
     1   2005    144   15000.0      10.4      22.9      1.26      2.00      0.00  -9999.00
     1   2005    145   20100.0       7.5      21.8      1.04      2.00      0.00  -9999.00
     1   2005    146   26000.0      11.3      16.5      1.34      2.00      0.00  -9999.00
     1   2005    147   24100.0       4.9      15.9      0.87      2.00      0.00  -9999.00
     1   2005    148   22100.0      13.1      13.7      1.51      2.00      0.00  -9999.00
     1   2005    149   18300.0      11.0      14.5      1.31      2.00      0.00  -9999.00
     1   2005    150   21400.0       5.9      14.0      0.93      2.00      0.00  -9999.00
     1   2005    151   13900.0       9.7      14.1      1.20      2.00      0.00  -9999.00
     1   2005    152    8100.0      11.6      17.3      1.37      2.00      0.80  -9999.00
     1   2005    153   26200.0       6.2      15.9      0.95      2.00      0.00  -9999.00
     1   2005    154   15700.0      12.2      15.3      1.42      2.00      1.90  -9999.00
     1   2005    155   10100.0      10.8      17.0      1.29      2.00     15.00  -9999.00
     1   2005    156   20600.0       5.2      15.6      0.88      2.00      0.10  -9999.00
     1   2005    157   15900.0       8.9      16.0      1.14      2.00      0.80  -9999.00
     1   2005    158   14700.0      12.3      17.6      1.43      2.00      3.10  -9999.00
     1   2005    159   14600.0      11.7      17.4      1.37      2.00      4.60  -9999.00
     1   2005    160   21100.0      11.3      15.5      1.34      2.00      1.30  -9999.00
     1   2005    161   11900.0      12.0      16.4      1.40      2.00      0.00  -9999.00
     1   2005    162   25200.0       6.1      24.7      0.94      2.00      0.00  -9999.00
     1   2005    163   27100.0       9.5      16.2      1.19      2.00      0.00  -9999.00
     1   2005    164   15900.0      13.4      16.7      1.54      2.00      1.60  -9999.00
     1   2005    165   10700.0       9.0      17.4      1.15      2.00      3.60  -9999.00
     1   2005    166   17000.0       7.2      16.5      1.02      2.00      0.10  -9999.00
     1   2005    167   15200.0      10.0      17.8      1.23      2.00      8.10  -9999.00
     1   2005    168   19100.0      10.8      25.7      1.29      2.00      0.00  -9999.00
     1   2005    169   27500.0      14.6      17.7      1.66      2.00      0.00  -9999.00
     1   2005    170   29000.0      11.8      19.7      1.38      2.00      0.00  -9999.00
     1   2005    171   13100.0      11.5      18.1      1.36      2.00      2.40  -9999.00
     1   2005    172   25000.0       9.1      28.0      1.16      2.00      0.00  -9999.00
     1   2005    173   19200.0       7.6      16.9      1.04      2.00      0.80  -9999.00
     1   2005    174    8600.0      12.6      14.1      1.46      2.00      2.70  -9999.00
     1   2005    175   12800.0      15.6      18.1      1.77      2.00      3.50  -9999.00
     1   2005    176   11200.0      14.4      18.3      1.64      2.00      2.50  -9999.00
     1   2005    177   28400.0      10.2      17.1      1.24      2.00      0.00  -9999.00
     1   2005    178   24900.0      10.3      20.8      1.25      2.00      0.00  -9999.00
     1   2005    179   18700.0      14.6      18.1      1.66      2.00      0.00  -9999.00
     1   2005    180   10000.0       6.3      22.1      0.95      2.00      0.00  -9999.00
     1   2005    181   20700.0      16.2      23.2      1.84      2.00      0.00  -9999.00
     1   2005    182   16400.0      15.5      22.6      1.76      2.00      0.00  -9999.00
     1   2005    183   26300.0      10.7      25.1      1.29      2.00      0.00  -9999.00
     1   2005    184   21200.0      14.5      18.0      1.65      2.00      4.20  -9999.00
     1   2005    185   11900.0      12.8      21.2      1.48      2.00      0.10  -9999.00
     1   2005    186   14000.0      12.6      14.6      1.46      2.00      1.60  -9999.00
     1   2005    187   22700.0      11.5      18.2      1.36      2.00      0.00  -9999.00
     1   2005    188   24000.0      17.2      19.2      1.96      2.00      3.60  -9999.00
     1   2005    189   21000.0       6.7      21.3      0.98      2.00     11.20  -9999.00
     1   2005    190    6800.0      14.5      20.1      1.65      2.00      0.10  -9999.00
     1   2005    191   19500.0      12.6      24.5      1.46      2.00     18.70  -9999.00
     1   2005    192   16700.0      13.5      15.5      1.55      2.00      0.90  -9999.00
     1   2005    193   20600.0      11.6      20.3      1.37      2.00      0.00  -9999.00
     1   2005    194   19200.0       9.2      25.1      1.16      2.00      0.00  -9999.00
     1   2005    195   22600.0      15.0      16.5      1.70      2.00      0.00  -9999.00
     1   2005    196   25700.0      13.1      25.3      1.51      2.00      0.00  -9999.00
     1   2005    197   14400.0       9.8      21.6      1.21      2.00      0.00  -9999.00
     1   2005    198   18300.0      14.5      16.6      1.65      2.00      0.10  -9999.00
     1   2005    199   12300.0      16.5      18.3      1.88      2.00      5.00  -9999.00
     1   2005    200   24000.0      11.1      17.8      1.32      2.00     30.50  -9999.00
     1   2005    201   10500.0      13.4      19.6      1.54      2.00      7.70  -9999.00
     1   2005    202   10700.0      14.3      18.1      1.63      2.00      0.20  -9999.00
     1   2005    203   16700.0      12.4      16.0      1.44      2.00      0.30  -9999.00
     1   2005    204   15200.0      14.0      20.4      1.60      2.00      0.10  -9999.00
     1   2005    205   17700.0      16.7      18.3      1.90      2.00      2.90  -9999.00
     1   2005    206   18300.0      15.5      18.4      1.76      2.00      0.00  -9999.00
     1   2005    207   25100.0      11.4      19.2      1.35      2.00      8.20  -9999.00
     1   2005    208   18500.0      15.2      18.3      1.73      2.00      0.20  -9999.00
     1   2005    209   27600.0      19.0      23.9      2.20      2.00      0.00  -9999.00
     1   2005    210   22700.0      15.0      24.7      1.70      2.00      0.00  -9999.00
     1   2005    211   16200.0      10.1      21.7      1.24      2.00      0.00  -9999.00
     1   2005    212   19300.0      15.5      17.4      1.76      2.00      2.90  -9999.00
     1   2005    213   12400.0      10.1      18.9      1.24      2.00      0.80  -9999.00
     1   2005    214   14100.0      12.5      18.8      1.45      2.00      0.00  -9999.00
     1   2005    215   11800.0      13.4      21.0      1.54      2.00     32.60  -9999.00
     1   2005    216   12100.0       9.1      18.4      1.16      2.00      0.00  -9999.00
     1   2005    217    9100.0      13.0      17.3      1.50      2.00      9.70  -9999.00
     1   2005    218    7400.0      15.9      20.1      1.81      2.00      2.00  -9999.00
     1   2005    219   11900.0      14.9      16.2      1.69      2.00      0.70  -9999.00
     1   2005    220   18900.0      16.4      20.2      1.86      2.00      0.70  -9999.00
     1   2005    221   20300.0      17.0      19.7      1.94      2.00      0.00  -9999.00
     1   2005    222   14500.0      11.6      18.6      1.37      2.00      0.00  -9999.00
     1   2005    223   17800.0      13.0      22.1      1.50      2.00      0.00  -9999.00
     1   2005    224    8400.0      13.6      16.4      1.56      2.00      0.50  -9999.00
     1   2005    225    8500.0      12.9      18.9      1.49      2.00      4.40  -9999.00
     1   2005    226   17600.0      11.0      28.4      1.31      2.00      0.00  -9999.00
     1   2005    227   16900.0       8.8      21.8      1.13      2.00      5.70  -9999.00
     1   2005    228    8200.0      14.3      18.0      1.63      2.00      0.70  -9999.00
     1   2005    229   18100.0      12.0      18.1      1.40      2.00      0.10  -9999.00
     1   2005    230    7800.0      15.7      19.0      1.78      2.00      2.60  -9999.00
     1   2005    231   19300.0       8.6      19.3      1.12      2.00      0.00  -9999.00
     1   2005    232    7800.0       8.5      22.4      1.11      2.00     14.60  -9999.00
     1   2005    233    6500.0      17.4      19.8      1.99      2.00      0.00  -9999.00
     1   2005    234   15500.0      10.0      18.7      1.23      2.00      0.00  -9999.00
     1   2005    235   15500.0      13.6      24.8      1.56      2.00      0.00  -9999.00
     1   2005    236   15900.0      13.0      17.2      1.50      2.00      0.00  -9999.00
     1   2005    237   14500.0      12.6      28.2      1.46      2.00      0.00  -9999.00
     1   2005    238   14100.0      10.8      20.5      1.29      2.00      0.00  -9999.00
     1   2005    239   17800.0      15.8      25.0      1.79      2.00      0.00  -9999.00
     1   2005    240    8100.0       9.6      22.4      1.20      2.00      4.30  -9999.00
     1   2005    241    9300.0      13.6      19.7      1.56      2.00     12.00  -9999.00
     1   2005    242    6400.0      14.3      19.3      1.63      2.00      2.10  -9999.00
     1   2005    243    6700.0      11.0      21.6      1.31      2.00      0.20  -9999.00
     1   2005    244   11100.0      15.0      20.5      1.70      2.00      0.00  -9999.00
     1   2005    245   15000.0       7.7      15.7      1.05      2.00     13.50  -9999.00
     1   2005    246   15500.0       6.9      18.0      0.99      2.00      0.00  -9999.00
     1   2005    247   10200.0      14.7      17.4      1.67      2.00      1.50  -9999.00
     1   2005    248   14200.0       8.6      20.2      1.12      2.00      0.00  -9999.00
     1   2005    249   17400.0      13.2      24.8      1.52      2.00      0.00  -9999.00
     1   2005    250   13000.0      13.0      19.1      1.50      2.00      6.80  -9999.00
     1   2005    251    9200.0      13.2      20.0      1.52      2.00      0.10  -9999.00
     1   2005    252   14900.0      14.4      17.0      1.64      2.00      0.60  -9999.00
     1   2005    253   15700.0      14.1      16.6      1.61      2.00      0.00  -9999.00
     1   2005    254    8500.0       7.8      17.7      1.06      2.00      0.00  -9999.00
     1   2005    255   14700.0      11.4      19.0      1.35      2.00      0.00  -9999.00
     1   2005    256    9800.0      14.4      18.8      1.64      2.00      0.00  -9999.00
     1   2005    257    9900.0      12.0      18.1      1.40      2.00      0.00  -9999.00
     1   2005    258   17700.0      12.3      15.0      1.43      2.00      0.00  -9999.00
     1   2005    259    7500.0      12.6      16.4      1.46      2.00      0.10  -9999.00
     1   2005    260    7100.0      13.7      16.0      1.57      2.00      0.10  -9999.00
     1   2005    261    7500.0       9.5      17.2      1.19      2.00      3.30  -9999.00
     1   2005    262   16800.0      11.0      14.7      1.31      2.00      0.00  -9999.00
     1   2005    263   15100.0       9.8      15.2      1.21      2.00      0.00  -9999.00
     1   2005    264   11800.0       6.9      17.4      0.99      2.00      0.00  -9999.00
     1   2005    265   13300.0      14.2      15.8      1.62      2.00      0.00  -9999.00
     1   2005    266   12600.0      11.8      16.1      1.38      2.00      4.60  -9999.00
     1   2005    267   10900.0       7.7      15.0      1.05      2.00     45.40  -9999.00
     1   2005    268    8700.0      14.1      16.0      1.61      2.00      2.80  -9999.00
     1   2005    269   10700.0      10.9      16.5      1.30      2.00      0.20  -9999.00
     1   2005    270    9500.0       7.1      16.9      1.01      2.00     14.40  -9999.00
     1   2005    271    9900.0      11.5      14.3      1.36      2.00      5.40  -9999.00
     1   2005    272   12200.0      11.1      15.2      1.32      2.00      0.00  -9999.00
     1   2005    273   13500.0      11.3      15.4      1.34      2.00      0.00  -9999.00
     1   2005    274    4800.0       8.0      16.7      1.07      2.00      0.40  -9999.00
     1   2005    275    9000.0      13.4      14.4      1.54      2.00      2.50  -9999.00
     1   2005    276   11000.0      15.0      16.6      1.70      2.00      2.70  -9999.00
     1   2005    277    6200.0      12.1      14.0      1.41      2.00      9.40  -9999.00
     1   2005    278    4500.0      12.0      13.4      1.40      2.00      4.90  -9999.00
     1   2005    279    8000.0      11.8      14.7      1.38      2.00      0.10  -9999.00
     1   2005    280    4500.0       4.4      17.7      0.84      2.00     13.40  -9999.00
     1   2005    281    6300.0      12.8      14.8      1.48      2.00      0.50  -9999.00
     1   2005    282    4700.0       9.8      12.4      1.21      2.00      1.40  -9999.00
     1   2005    283   10000.0       6.3      19.5      0.95      2.00      0.00  -9999.00
     1   2005    284    9100.0       6.7      14.0      0.98      2.00      9.70  -9999.00
     1   2005    285    3700.0       5.9      14.7      0.93      2.00      0.10  -9999.00
     1   2005    286    3200.0      12.5      14.5      1.45      2.00      0.30  -9999.00
     1   2005    287    5300.0       9.3      13.6      1.17      2.00     10.90  -9999.00
     1   2005    288    6300.0      11.9      15.1      1.39      2.00      5.10  -9999.00
     1   2005    289    5200.0       9.9      16.2      1.22      2.00     13.70  -9999.00
     1   2005    290    6900.0      11.2      14.9      1.33      2.00      2.50  -9999.00
     1   2005    291    5900.0       8.9      10.9      1.14      2.00      9.80  -9999.00
     1   2005    292    6900.0       9.1      14.2      1.16      2.00      0.10  -9999.00
     1   2005    293    1500.0      11.5      13.6      1.36      2.00      0.10  -9999.00
     1   2005    294    4800.0       6.2      12.9      0.95      2.00      0.60  -9999.00
     1   2005    295    7200.0       4.2      16.3      0.82      2.00      0.10  -9999.00
     1   2005    296    6100.0       9.3      11.7      1.17      2.00      9.20  -9999.00
     1   2005    297    3100.0       8.7      10.7      1.12      2.00      2.20  -9999.00
     1   2005    298    8000.0      11.8      13.7      1.38      2.00      1.80  -9999.00
     1   2005    299    1300.0       6.6      16.4      0.97      2.00      1.20  -9999.00
     1   2005    300    4900.0       6.4      13.5      0.96      2.00      4.50  -9999.00
     1   2005    301    2800.0       9.3      12.8      1.17      2.00      5.20  -9999.00
     1   2005    302    4700.0       9.3      12.8      1.17      2.00      5.40  -9999.00
     1   2005    303    5400.0       4.8      13.9      0.86      2.00     12.60  -9999.00
     1   2005    304    5200.0       5.6       9.3      0.91      2.00      0.00  -9999.00
     1   2005    305    4000.0       3.1       9.0      0.76      2.00      0.00  -9999.00
     1   2005    306    3400.0       6.2       8.9      0.95      2.00      0.00  -9999.00
     1   2005    307    2600.0       3.8       9.6      0.80      2.00      0.00  -9999.00
     1   2005    308    4800.0       4.6       9.4      0.85      2.00      0.00  -9999.00
     1   2005    309    4500.0       3.2       6.9      0.77      2.00      0.00  -9999.00
     1   2005    310    6100.0       1.6      11.8      0.69      2.00      0.40  -9999.00
     1   2005    311    2400.0       7.5      13.7      1.04      2.00     23.80  -9999.00
     1   2005    312    4300.0       8.0      11.1      1.07      2.00      0.30  -9999.00
     1   2005    313    2900.0       7.2       7.7      1.02      2.00      8.50  -9999.00
     1   2005    314    1000.0       7.2      10.2      1.02      2.00      2.10  -9999.00
     1   2005    315    6800.0       9.3      11.3      1.17      2.00      3.70  -9999.00
     1   2005    316    5600.0       3.8      12.4      0.80      2.00      8.30  -9999.00
     1   2005    317    4300.0       5.8       8.5      0.92      2.00      0.20  -9999.00
     1   2005    318    4600.0       3.9       5.9      0.81      2.00      0.00  -9999.00
     1   2005    319    2200.0       9.3       9.3      1.17      2.00      1.20  -9999.00
     1   2005    320    4100.0       0.8      12.1      0.65      2.00      0.00  -9999.00
     1   2005    321    2200.0       6.4      10.2      0.96      2.00      4.40  -9999.00
     1   2005    322    2100.0      11.4      11.6      1.35      2.00      0.00  -9999.00
     1   2005    323    2700.0       0.6      14.0      0.64      2.00      1.60  -9999.00
     1   2005    324     900.0       5.6      12.0      0.91      2.00      2.00  -9999.00
     1   2005    325    3700.0      10.2      12.2      1.24      2.00      1.20  -9999.00
     1   2005    326    2100.0       3.6       8.3      0.79      2.00     10.70  -9999.00
     1   2005    327    3200.0       5.9       8.1      0.93      2.00      4.60  -9999.00
     1   2005    328    5500.0       5.9       6.5      0.93      2.00      0.00  -9999.00
     1   2005    329    4100.0       1.0       8.3      0.66      2.00      5.20  -9999.00
     1   2005    330    2600.0      -0.8      11.4      0.58      2.00      1.50  -9999.00
     1   2005    331    3300.0       5.2      11.9      0.88      2.00      8.70  -9999.00
     1   2005    332    1800.0       5.8      12.0      0.92      2.00      3.90  -9999.00
     1   2005    333    2200.0       9.1      12.0      1.16      2.00      0.50  -9999.00
     1   2005    334    1600.0       3.5      10.3      0.78      2.00      4.80  -9999.00
     1   2005    335    2500.0       7.1       8.7      1.01      2.00     12.30  -9999.00
     1   2005    336    1200.0       5.8       8.7      0.92      2.00     18.10  -9999.00
     1   2005    337    2300.0       2.9       6.1      0.75      2.00      0.00  -9999.00
     1   2005    338     700.0       3.4       8.2      0.78      2.00     17.60  -9999.00
     1   2005    339    2100.0       3.6       9.8      0.79      2.00      1.30  -9999.00
     1   2005    340    1500.0      11.6      11.8      1.37      2.00      0.10  -9999.00
     1   2005    341    1600.0       4.9       7.3      0.87      2.00      1.60  -9999.00
     1   2005    342    1500.0      -0.4       1.6      0.59      2.00      1.90  -9999.00
     1   2005    343    1000.0       5.5       6.3      0.90      2.00      9.40  -9999.00
     1   2005    344     700.0       3.3      10.5      0.77      2.00      0.20  -9999.00
     1   2005    345    1500.0       2.0      11.3      0.71      2.00      0.10  -9999.00
     1   2005    346    3000.0       0.9       6.1      0.65      2.00      0.00  -9999.00
     1   2005    347    2000.0       7.8       9.1      1.06      2.00      0.00  -9999.00
     1   2005    348    2700.0       8.3      11.2      1.09      2.00      2.10  -9999.00
     1   2005    349    4500.0       2.1       6.2      0.71      2.00      0.00  -9999.00
     1   2005    350    1300.0       0.9      11.1      0.65      2.00      7.10  -9999.00
     1   2005    351    3200.0       1.6      10.5      0.69      2.00      0.00  -9999.00
     1   2005    352    3400.0      -0.1       5.2      0.61      2.00      0.00  -9999.00
     1   2005    353    1200.0       5.0       7.6      0.87      2.00      0.00  -9999.00
     1   2005    354    2700.0       0.7       6.9      0.64      2.00      0.30  -9999.00
     1   2005    355    2300.0      -0.3      11.6      0.60      2.00      4.30  -9999.00
     1   2005    356    1600.0       1.0      11.8      0.66      2.00      2.00  -9999.00
     1   2005    357    1800.0       4.1       6.1      0.82      2.00      0.50  -9999.00
     1   2005    358    2700.0       1.4       4.0      0.68      2.00      0.00  -9999.00
     1   2005    359    2500.0       5.9      10.5      0.93      2.00      7.50  -9999.00
     1   2005    360    2700.0       2.0       9.7      0.71      2.00      0.10  -9999.00
     1   2005    361    2700.0       8.7      11.8      1.12      2.00      0.10  -9999.00
     1   2005    362    1800.0       4.4       6.4      0.84      2.00      0.00  -9999.00
     1   2005    363    1600.0       7.8       8.6      1.06      2.00      1.20  -9999.00
     1   2005    364    2400.0       4.9      11.3      0.87      2.00      5.60  -9999.00
     1   2005    365     700.0       6.8       7.3      0.99      2.00      3.20  -9999.00
