*-----------------------------------------------------------------------------* 
           CNWG_31.met            51.48   -3.55   69.72
* Date created:  08-Aug-2019     Author: K Coleman 
* 
* NIL VALUE       -9999 
* Source:   data provided by M. Semenov 
*  
* Latitude:    51.48 Longitude:    -3.55 Altitude:    69.72
* 
* Column  Daily value 
* 1       station number 
* 2       year 
* 3       day 
* 4       irradiation                   (kJ m-2 d-1) 
* 5       minimum temperature           (degrees Celsius) 
* 6       maximum temperature           (degrees Celsius) 
* 7       early morning vapour pressure (kPa)             
* 8       mean wind speed (height: 2 m?) (m s-1)          
* 9       precipitation                 (mm d-1)          
* 10      sunshine                      (hrs)             
 		Jday	RAD	    TMIN	TMAX	 VAP	wind	RAIN	SUN  
               kj/m2	°C	    °C	     kPa	m/s	    mm	    hrs 
   51.48  69.72
     1   2005      1    2600.0       3.9       9.5      0.81      2.00      0.60  -9999.00
     1   2005      2    3500.0       4.9       8.2      0.87      2.00      0.30  -9999.00
     1   2005      3    3700.0       3.8       8.1      0.80      2.00      0.10  -9999.00
     1   2005      4    3700.0       5.9       7.9      0.93      2.00      7.50  -9999.00
     1   2005      5    1700.0       4.1      10.7      0.82      2.00      0.90  -9999.00
     1   2005      6    1800.0       5.3      10.6      0.89      2.00      1.10  -9999.00
     1   2005      7    3000.0      -0.6       8.0      0.58      2.00      0.80  -9999.00
     1   2005      8    3600.0       8.0       9.6      1.07      2.00      1.30  -9999.00
     1   2005      9     700.0       2.5       8.4      0.73      2.00      0.30  -9999.00
     1   2005     10     800.0       1.3       9.8      0.67      2.00      1.00  -9999.00
     1   2005     11    2800.0       6.8       8.0      0.99      2.00      0.80  -9999.00
     1   2005     12    2500.0       3.7      11.6      0.80      2.00      1.20  -9999.00
     1   2005     13    1200.0       1.2      10.1      0.67      2.00      0.90  -9999.00
     1   2005     14    3000.0       2.4       9.5      0.73      2.00      0.50  -9999.00
     1   2005     15    1500.0       4.4       6.6      0.84      2.00      1.30  -9999.00
     1   2005     16    2700.0       6.7       8.2      0.98      2.00      0.30  -9999.00
     1   2005     17    3000.0       4.2      11.6      0.82      2.00      8.20  -9999.00
     1   2005     18    3600.0       1.1       5.4      0.66      2.00      1.50  -9999.00
     1   2005     19    4600.0       1.2      11.7      0.67      2.00      8.30  -9999.00
     1   2005     20    4600.0       6.3       9.7      0.95      2.00     11.70  -9999.00
     1   2005     21    2400.0       1.4       6.3      0.68      2.00      0.00  -9999.00
     1   2005     22    5500.0       4.1       6.8      0.82      2.00      0.00  -9999.00
     1   2005     23    2000.0       0.4      10.7      0.63      2.00      0.50  -9999.00
     1   2005     24    3400.0       4.4       9.3      0.84      2.00      1.50  -9999.00
     1   2005     25     900.0       6.3       8.2      0.95      2.00      7.00  -9999.00
     1   2005     26    3700.0       3.4       5.4      0.78      2.00      0.20  -9999.00
     1   2005     27    3300.0      -1.7       8.5      0.54      2.00      1.40  -9999.00
     1   2005     28    3700.0      -3.3       2.7      0.48      2.00      0.20  -9999.00
     1   2005     29    5800.0      -0.2       4.2      0.60      2.00      2.90  -9999.00
     1   2005     30    1000.0       5.8       7.8      0.92      2.00      2.30  -9999.00
     1   2005     31    5100.0       0.0       9.2      0.61      2.00      0.50  -9999.00
     1   2005     32    2700.0       2.8      10.5      0.75      2.00      8.10  -9999.00
     1   2005     33    2100.0       6.9      11.0      0.99      2.00      6.80  -9999.00
     1   2005     34    2900.0       5.0       8.0      0.87      2.00      0.60  -9999.00
     1   2005     35    2200.0       3.1       7.1      0.76      2.00      5.20  -9999.00
     1   2005     36    7000.0       3.9       9.1      0.81      2.00      6.10  -9999.00
     1   2005     37    2800.0       3.3       8.8      0.77      2.00      2.20  -9999.00
     1   2005     38    4700.0       6.1       9.9      0.94      2.00      6.50  -9999.00
     1   2005     39    1300.0       3.8       5.8      0.80      2.00      3.50  -9999.00
     1   2005     40    3700.0       5.9       9.5      0.93      2.00      0.60  -9999.00
     1   2005     41    2600.0       6.3       9.7      0.95      2.00      3.80  -9999.00
     1   2005     42    4800.0       6.7      10.0      0.98      2.00      4.30  -9999.00
     1   2005     43    6500.0       6.9       8.9      0.99      2.00      2.00  -9999.00
     1   2005     44    5600.0      -3.3       4.0      0.48      2.00      0.00  -9999.00
     1   2005     45    9100.0      -0.1      14.9      0.61      2.00      0.00  -9999.00
     1   2005     46    5500.0       0.2       9.8      0.62      2.00      0.00  -9999.00
     1   2005     47    7800.0      -2.9       6.6      0.49      2.00      0.00  -9999.00
     1   2005     48    7200.0       5.1       7.1      0.88      2.00      0.00  -9999.00
     1   2005     49    3500.0       3.6       9.8      0.79      2.00      3.20  -9999.00
     1   2005     50    5700.0       5.8      12.2      0.92      2.00      3.20  -9999.00
     1   2005     51    4300.0      -0.7       4.5      0.58      2.00     10.40  -9999.00
     1   2005     52    3100.0       2.1      12.0      0.71      2.00      0.40  -9999.00
     1   2005     53    8100.0      -1.4       9.1      0.55      2.00     16.60  -9999.00
     1   2005     54    5700.0       4.8       9.0      0.86      2.00      8.10  -9999.00
     1   2005     55    2500.0       8.9       9.9      1.14      2.00      0.10  -9999.00
     1   2005     56    4300.0      -4.9       7.5      0.42      2.00      0.60  -9999.00
     1   2005     57    4900.0       3.6       9.1      0.79      2.00      2.60  -9999.00
     1   2005     58    4500.0      -3.1      10.3      0.49      2.00      2.60  -9999.00
     1   2005     59    8200.0      -2.0       4.7      0.53      2.00      0.00  -9999.00
     1   2005     60    7800.0      -0.5       3.9      0.59      2.00      0.00  -9999.00
     1   2005     61   12200.0      -6.3      10.0      0.38      2.00      0.00  -9999.00
     1   2005     62    5000.0      -0.3      14.6      0.60      2.00      0.00  -9999.00
     1   2005     63    4500.0      -1.0       9.5      0.57      2.00      0.00  -9999.00
     1   2005     64   12800.0       2.3       5.5      0.72      2.00      0.00  -9999.00
     1   2005     65    4000.0       4.2      10.2      0.82      2.00      0.00  -9999.00
     1   2005     66   12900.0       1.3      10.9      0.67      2.00      0.00  -9999.00
     1   2005     67    9000.0       3.2      11.9      0.77      2.00      0.00  -9999.00
     1   2005     68   10600.0       4.5       6.5      0.84      2.00      0.80  -9999.00
     1   2005     69   10100.0       0.2      10.7      0.62      2.00      0.00  -9999.00
     1   2005     70    9000.0       5.4       9.2      0.90      2.00      3.40  -9999.00
     1   2005     71   12000.0       7.7      10.0      1.05      2.00      5.30  -9999.00
     1   2005     72    8100.0       6.5       7.7      0.97      2.00      0.00  -9999.00
     1   2005     73    4600.0       0.8      12.5      0.65      2.00      0.20  -9999.00
     1   2005     74    7600.0      -2.4      12.0      0.51      2.00      1.90  -9999.00
     1   2005     75    6500.0       1.3       9.9      0.67      2.00      0.00  -9999.00
     1   2005     76    4700.0       6.3      10.8      0.95      2.00      4.20  -9999.00
     1   2005     77    4200.0       3.3       9.9      0.77      2.00      8.70  -9999.00
     1   2005     78   11100.0       3.3       9.2      0.77      2.00      0.00  -9999.00
     1   2005     79    6300.0       0.7       9.3      0.64      2.00      0.00  -9999.00
     1   2005     80    4900.0       5.5       9.1      0.90      2.00      0.00  -9999.00
     1   2005     81    3000.0       5.1      10.1      0.88      2.00      0.00  -9999.00
     1   2005     82    9300.0       7.8      12.8      1.06      2.00      0.00  -9999.00
     1   2005     83   10100.0       8.9      11.8      1.14      2.00      0.90  -9999.00
     1   2005     84   13600.0       5.3       8.6      0.89      2.00      0.00  -9999.00
     1   2005     85   14700.0       3.8      12.5      0.80      2.00      0.00  -9999.00
     1   2005     86   14800.0       0.5       9.5      0.63      2.00      1.40  -9999.00
     1   2005     87    8900.0       3.9       5.1      0.81      2.00      5.00  -9999.00
     1   2005     88   11600.0      -0.7      13.3      0.58      2.00      0.80  -9999.00
     1   2005     89    9100.0       3.8       8.4      0.80      2.00      2.50  -9999.00
     1   2005     90    9600.0       3.5       9.5      0.78      2.00      0.00  -9999.00
     1   2005     91   10100.0       8.5      11.1      1.11      2.00      1.00  -9999.00
     1   2005     92    5900.0       6.9      10.4      0.99      2.00     13.50  -9999.00
     1   2005     93    5900.0       8.1      12.7      1.08      2.00      0.20  -9999.00
     1   2005     94    9200.0       6.9      11.5      0.99      2.00      0.30  -9999.00
     1   2005     95   18800.0      10.1      11.0      1.24      2.00      0.00  -9999.00
     1   2005     96   12700.0       4.3       9.1      0.83      2.00      0.60  -9999.00
     1   2005     97   11600.0       5.4      12.5      0.90      2.00      2.40  -9999.00
     1   2005     98   17500.0       8.1      13.4      1.08      2.00      2.30  -9999.00
     1   2005     99    8500.0       8.1       9.9      1.08      2.00      7.80  -9999.00
     1   2005    100    6400.0       6.5       8.5      0.97      2.00      0.90  -9999.00
     1   2005    101   12600.0       8.6      13.2      1.12      2.00      4.70  -9999.00
     1   2005    102   14600.0       4.7      10.0      0.85      2.00     10.20  -9999.00
     1   2005    103   10200.0       4.3      10.6      0.83      2.00      4.80  -9999.00
     1   2005    104    8800.0       5.6      13.3      0.91      2.00     13.90  -9999.00
     1   2005    105   21900.0       1.3       8.9      0.67      2.00      0.00  -9999.00
     1   2005    106    8400.0       2.4      10.8      0.73      2.00      0.00  -9999.00
     1   2005    107   22500.0       2.9       9.7      0.75      2.00      1.80  -9999.00
     1   2005    108   12500.0       3.6      18.4      0.79      2.00      0.00  -9999.00
     1   2005    109   13300.0       6.3      15.4      0.95      2.00      1.10  -9999.00
     1   2005    110   15400.0       4.8      11.1      0.86      2.00      1.10  -9999.00
     1   2005    111   20800.0       4.0      24.2      0.81      2.00      0.00  -9999.00
     1   2005    112   14400.0       5.3      13.1      0.89      2.00      3.90  -9999.00
     1   2005    113   14200.0       3.6      13.5      0.79      2.00      0.20  -9999.00
     1   2005    114   22000.0       8.6      12.9      1.12      2.00      7.60  -9999.00
     1   2005    115   16200.0       4.2      15.6      0.82      2.00      0.00  -9999.00
     1   2005    116   14800.0       7.2      13.2      1.02      2.00      0.20  -9999.00
     1   2005    117    7600.0      10.4      11.3      1.26      2.00      1.00  -9999.00
     1   2005    118   15300.0       2.4      12.0      0.73      2.00      0.00  -9999.00
     1   2005    119   16300.0       1.2      17.6      0.67      2.00      0.00  -9999.00
     1   2005    120   11400.0       4.4      10.4      0.84      2.00      1.40  -9999.00
     1   2005    121    7700.0       6.9      13.0      0.99      2.00      1.70  -9999.00
     1   2005    122   16600.0       8.0      14.3      1.07      2.00      0.00  -9999.00
     1   2005    123   19400.0       2.3      17.8      0.72      2.00      8.90  -9999.00
     1   2005    124   19300.0      10.8      12.1      1.29      2.00      0.00  -9999.00
     1   2005    125   21000.0       4.1      15.8      0.82      2.00      0.00  -9999.00
     1   2005    126   19500.0       9.5      12.9      1.19      2.00      0.00  -9999.00
     1   2005    127   15700.0       8.3      12.2      1.09      2.00      0.80  -9999.00
     1   2005    128   16800.0       7.6      11.7      1.04      2.00      1.10  -9999.00
     1   2005    129   10400.0      10.2      17.6      1.24      2.00      4.40  -9999.00
     1   2005    130   12600.0       5.4       9.6      0.90      2.00      0.00  -9999.00
     1   2005    131   23000.0       8.9      17.6      1.14      2.00      0.00  -9999.00
     1   2005    132   26600.0       6.9      13.7      0.99      2.00      0.00  -9999.00
     1   2005    133   17600.0       7.4      14.8      1.03      2.00      8.10  -9999.00
     1   2005    134   24400.0       8.6      17.4      1.12      2.00      0.00  -9999.00
     1   2005    135   19300.0       9.1      10.8      1.16      2.00      0.00  -9999.00
     1   2005    136   16600.0       5.8      21.6      0.92      2.00      9.40  -9999.00
     1   2005    137    5900.0       9.4      18.3      1.18      2.00      0.10  -9999.00
     1   2005    138   16500.0      11.5      14.4      1.36      2.00      0.00  -9999.00
     1   2005    139   10300.0       8.4      13.5      1.10      2.00      0.80  -9999.00
     1   2005    140   16300.0       4.7      16.9      0.85      2.00      7.90  -9999.00
     1   2005    141   13400.0       7.7      16.3      1.05      2.00      0.70  -9999.00
     1   2005    142   18600.0       8.8      14.0      1.13      2.00      0.00  -9999.00
     1   2005    143   14400.0       7.5      14.8      1.04      2.00      0.10  -9999.00
     1   2005    144   22100.0       6.6      14.9      0.97      2.00      0.00  -9999.00
     1   2005    145   14200.0      10.4      18.3      1.26      2.00      0.00  -9999.00
     1   2005    146    9800.0       6.6      12.4      0.97      2.00      0.10  -9999.00
     1   2005    147   13700.0       6.1      16.6      0.94      2.00      4.10  -9999.00
     1   2005    148   14700.0      10.1      14.8      1.24      2.00      0.10  -9999.00
     1   2005    149   22200.0      12.2      18.8      1.42      2.00      3.40  -9999.00
     1   2005    150   21800.0      11.4      15.3      1.35      2.00      6.80  -9999.00
     1   2005    151   27700.0       9.5      14.0      1.19      2.00      0.00  -9999.00
     1   2005    152   13400.0       9.8      16.9      1.21      2.00      0.10  -9999.00
     1   2005    153    5600.0      13.1      15.7      1.51      2.00      3.40  -9999.00
     1   2005    154   13800.0       6.5      15.5      0.97      2.00      6.70  -9999.00
     1   2005    155   26100.0       9.4      23.5      1.18      2.00      0.00  -9999.00
     1   2005    156   18900.0      11.4      17.4      1.35      2.00      0.00  -9999.00
     1   2005    157   13600.0      12.2      24.2      1.42      2.00      0.00  -9999.00
     1   2005    158   28400.0       8.4      18.2      1.10      2.00      0.00  -9999.00
     1   2005    159   26200.0      11.6      16.3      1.37      2.00      0.00  -9999.00
     1   2005    160   18500.0       9.8      19.7      1.21      2.00      0.00  -9999.00
     1   2005    161   18300.0       9.5      17.0      1.19      2.00      0.00  -9999.00
     1   2005    162   30200.0      13.2      15.1      1.52      2.00      0.00  -9999.00
     1   2005    163   25700.0      10.9      15.9      1.30      2.00      0.00  -9999.00
     1   2005    164   21300.0       6.0      16.5      0.93      2.00      0.00  -9999.00
     1   2005    165   12600.0      13.1      20.8      1.51      2.00      0.00  -9999.00
     1   2005    166   16800.0       8.7      20.9      1.12      2.00      0.00  -9999.00
     1   2005    167   19400.0      11.5      15.0      1.36      2.00      0.10  -9999.00
     1   2005    168   17600.0      11.8      14.3      1.38      2.00      0.40  -9999.00
     1   2005    169   14300.0       9.9      14.3      1.22      2.00      0.10  -9999.00
     1   2005    170   14700.0       8.9      13.6      1.14      2.00      0.20  -9999.00
     1   2005    171   21700.0      12.9      15.5      1.49      2.00      0.00  -9999.00
     1   2005    172   18000.0      10.2      15.3      1.24      2.00      0.00  -9999.00
     1   2005    173   14400.0       9.1      15.0      1.16      2.00      0.00  -9999.00
     1   2005    174   14500.0      11.9      19.5      1.39      2.00      0.00  -9999.00
     1   2005    175   11800.0       7.2      16.0      1.02      2.00      0.00  -9999.00
     1   2005    176   29300.0      13.9      18.7      1.59      2.00      0.00  -9999.00
     1   2005    177   21500.0      12.8      20.1      1.48      2.00      1.10  -9999.00
     1   2005    178   13300.0      13.7      18.9      1.57      2.00      2.40  -9999.00
     1   2005    179   26800.0       9.5      23.2      1.19      2.00      0.00  -9999.00
     1   2005    180   13900.0      15.4      17.4      1.75      2.00      0.70  -9999.00
     1   2005    181    8900.0      12.7      18.9      1.47      2.00      6.40  -9999.00
     1   2005    182   24300.0      13.3      22.9      1.53      2.00      0.00  -9999.00
     1   2005    183   23000.0      12.2      16.9      1.42      2.00      0.00  -9999.00
     1   2005    184   25700.0      13.7      23.5      1.57      2.00      0.00  -9999.00
     1   2005    185   27700.0      16.1      22.5      1.83      2.00      0.00  -9999.00
     1   2005    186   23600.0      10.5      25.6      1.27      2.00      0.00  -9999.00
     1   2005    187   17600.0      13.0      23.7      1.50      2.00      0.00  -9999.00
     1   2005    188   27000.0      12.6      25.5      1.46      2.00      0.00  -9999.00
     1   2005    189   22400.0      11.5      26.3      1.36      2.00      0.00  -9999.00
     1   2005    190   10600.0      10.4      20.8      1.26      2.00      0.00  -9999.00
     1   2005    191   21700.0      12.3      24.7      1.43      2.00      0.00  -9999.00
     1   2005    192   21900.0      14.3      20.7      1.63      2.00      0.00  -9999.00
     1   2005    193   26800.0      10.3      29.6      1.25      2.00      0.00  -9999.00
     1   2005    194   13800.0      13.9      21.1      1.59      2.00      0.00  -9999.00
     1   2005    195   27900.0      11.8      25.5      1.38      2.00      0.00  -9999.00
     1   2005    196   13600.0      13.7      20.0      1.57      2.00      0.40  -9999.00
     1   2005    197   25200.0      14.0      17.0      1.60      2.00      2.50  -9999.00
     1   2005    198   14700.0      12.8      18.6      1.48      2.00      0.50  -9999.00
     1   2005    199   19800.0       9.6      25.9      1.20      2.00      0.00  -9999.00
     1   2005    200    8000.0      15.0      20.9      1.70      2.00      8.20  -9999.00
     1   2005    201   11500.0      14.2      17.3      1.62      2.00      3.00  -9999.00
     1   2005    202   22600.0      14.5      18.7      1.65      2.00      0.40  -9999.00
     1   2005    203    9800.0      17.7      18.5      2.02      2.00      2.30  -9999.00
     1   2005    204   21100.0      14.1      19.1      1.61      2.00      0.30  -9999.00
     1   2005    205   13300.0      12.6      19.1      1.46      2.00      6.40  -9999.00
     1   2005    206   15900.0      13.6      23.3      1.56      2.00      4.70  -9999.00
     1   2005    207   12600.0      10.6      17.3      1.28      2.00      0.40  -9999.00
     1   2005    208   19000.0       7.3      24.4      1.02      2.00      0.00  -9999.00
     1   2005    209    7700.0      13.9      18.8      1.59      2.00      0.10  -9999.00
     1   2005    210   12200.0      11.7      19.1      1.37      2.00      0.30  -9999.00
     1   2005    211   24300.0      11.3      19.6      1.34      2.00      0.00  -9999.00
     1   2005    212   16500.0      14.4      23.6      1.64      2.00      0.00  -9999.00
     1   2005    213   14000.0      14.0      22.2      1.60      2.00      0.00  -9999.00
     1   2005    214   13300.0      14.1      18.6      1.61      2.00     19.70  -9999.00
     1   2005    215    7800.0      14.9      23.2      1.69      2.00      0.80  -9999.00
     1   2005    216    7900.0      14.6      18.1      1.66      2.00      0.20  -9999.00
     1   2005    217    8100.0      12.1      22.9      1.41      2.00      2.40  -9999.00
     1   2005    218   26200.0      15.4      24.8      1.75      2.00      0.00  -9999.00
     1   2005    219    8400.0      13.0      24.8      1.50      2.00      2.10  -9999.00
     1   2005    220   12700.0       9.7      24.7      1.20      2.00      0.00  -9999.00
     1   2005    221   14000.0      12.0      18.2      1.40      2.00      7.20  -9999.00
     1   2005    222   18900.0       9.4      20.9      1.18      2.00      0.00  -9999.00
     1   2005    223   16000.0      13.6      21.0      1.56      2.00      0.00  -9999.00
     1   2005    224   21600.0      13.2      24.3      1.52      2.00      0.00  -9999.00
     1   2005    225   14700.0      13.4      25.2      1.54      2.00      0.00  -9999.00
     1   2005    226   22900.0      10.0      15.4      1.23      2.00      0.00  -9999.00
     1   2005    227   11100.0       9.2      26.9      1.16      2.00      0.00  -9999.00
     1   2005    228   21700.0      13.2      16.8      1.52      2.00      0.00  -9999.00
     1   2005    229   15400.0      11.7      19.0      1.37      2.00      0.00  -9999.00
     1   2005    230   16700.0      10.8      19.9      1.29      2.00      0.00  -9999.00
     1   2005    231   22800.0      15.4      20.0      1.75      2.00      0.00  -9999.00
     1   2005    232   15300.0      13.3      18.1      1.53      2.00     17.50  -9999.00
     1   2005    233   10500.0      10.3      24.7      1.25      2.00      7.20  -9999.00
     1   2005    234   14500.0      11.8      16.2      1.38      2.00     11.90  -9999.00
     1   2005    235   20200.0       8.0      18.6      1.07      2.00      0.00  -9999.00
     1   2005    236   17300.0       9.9      18.5      1.22      2.00      0.00  -9999.00
     1   2005    237   19300.0      14.4      19.1      1.64      2.00      0.00  -9999.00
     1   2005    238   14800.0      13.7      24.0      1.57      2.00      0.00  -9999.00
     1   2005    239   16000.0      15.4      17.4      1.75      2.00      0.00  -9999.00
     1   2005    240    7300.0      12.8      17.9      1.48      2.00      3.10  -9999.00
     1   2005    241   19300.0      15.0      18.3      1.70      2.00      0.50  -9999.00
     1   2005    242   15200.0      16.0      18.6      1.82      2.00      1.70  -9999.00
     1   2005    243    6500.0      15.9      19.4      1.81      2.00      0.20  -9999.00
     1   2005    244   15500.0      12.8      15.2      1.48      2.00      0.00  -9999.00
     1   2005    245   15400.0       9.0      22.3      1.15      2.00      0.00  -9999.00
     1   2005    246   11500.0      14.1      17.1      1.61      2.00      7.70  -9999.00
     1   2005    247   14600.0       7.7      18.4      1.05      2.00      0.00  -9999.00
     1   2005    248    9800.0      10.6      20.1      1.28      2.00     13.60  -9999.00
     1   2005    249   14500.0      15.2      17.2      1.73      2.00      0.90  -9999.00
     1   2005    250    6900.0      15.5      19.0      1.76      2.00      0.10  -9999.00
     1   2005    251    6000.0      11.1      17.3      1.32      2.00      0.20  -9999.00
     1   2005    252   15000.0      10.6      18.1      1.28      2.00      0.20  -9999.00
     1   2005    253   10700.0      12.4      18.2      1.44      2.00      5.80  -9999.00
     1   2005    254   12500.0      12.9      20.9      1.49      2.00     19.40  -9999.00
     1   2005    255    8300.0      10.3      21.4      1.25      2.00      0.00  -9999.00
     1   2005    256    5500.0      13.3      17.9      1.53      2.00      0.00  -9999.00
     1   2005    257   11400.0       8.0      16.5      1.07      2.00      6.60  -9999.00
     1   2005    258   11100.0      11.4      18.6      1.35      2.00      5.50  -9999.00
     1   2005    259   10000.0       8.1      18.8      1.08      2.00      5.40  -9999.00
     1   2005    260   15400.0      13.9      20.9      1.59      2.00      0.00  -9999.00
     1   2005    261   15700.0      13.0      18.6      1.50      2.00      0.00  -9999.00
     1   2005    262    7100.0      12.3      20.8      1.43      2.00      0.00  -9999.00
     1   2005    263   11700.0      11.9      15.3      1.39      2.00      0.00  -9999.00
     1   2005    264    8900.0      15.6      15.8      1.77      2.00      0.00  -9999.00
     1   2005    265   12200.0      12.9      22.0      1.49      2.00      0.00  -9999.00
     1   2005    266   15000.0      14.4      15.4      1.64      2.00      0.00  -9999.00
     1   2005    267   13200.0       6.6      19.9      0.97      2.00      0.00  -9999.00
     1   2005    268   12700.0      10.1      13.4      1.24      2.00      0.00  -9999.00
     1   2005    269   14000.0       7.3      17.4      1.02      2.00      0.00  -9999.00
     1   2005    270   10600.0       8.9      16.1      1.14      2.00      0.00  -9999.00
     1   2005    271   13000.0      11.6      13.2      1.37      2.00      0.00  -9999.00
     1   2005    272   13700.0       2.2      17.0      0.72      2.00      0.00  -9999.00
     1   2005    273   13500.0       8.5      19.0      1.11      2.00      0.00  -9999.00
     1   2005    274    5000.0      10.3      15.2      1.25      2.00      0.00  -9999.00
     1   2005    275    4800.0      13.1      14.7      1.51      2.00      0.10  -9999.00
     1   2005    276    2600.0      11.1      13.1      1.32      2.00      2.40  -9999.00
     1   2005    277   12400.0       9.9      16.1      1.22      2.00      0.00  -9999.00
     1   2005    278    7000.0      15.1      17.1      1.72      2.00     20.40  -9999.00
     1   2005    279    5700.0       4.8      16.2      0.86      2.00      2.60  -9999.00
     1   2005    280    8100.0      11.6      15.2      1.37      2.00      0.70  -9999.00
     1   2005    281    2000.0      14.0      17.6      1.60      2.00      0.30  -9999.00
     1   2005    282    6300.0      12.1      12.3      1.41      2.00      1.50  -9999.00
     1   2005    283    7600.0       3.6      17.1      0.79      2.00      0.00  -9999.00
     1   2005    284    6300.0      10.7      15.8      1.29      2.00      1.60  -9999.00
     1   2005    285    9800.0       5.6      16.7      0.91      2.00      0.50  -9999.00
     1   2005    286    9300.0       7.8      16.3      1.06      2.00      0.00  -9999.00
     1   2005    287    3600.0       9.4      14.6      1.18      2.00      1.60  -9999.00
     1   2005    288    7900.0      10.4      13.2      1.26      2.00      9.00  -9999.00
     1   2005    289    6400.0      10.0      12.0      1.23      2.00      0.90  -9999.00
     1   2005    290    7800.0      11.6      15.2      1.37      2.00      0.90  -9999.00
     1   2005    291    5300.0      13.5      15.2      1.55      2.00      0.00  -9999.00
     1   2005    292    8600.0       4.1      13.4      0.82      2.00      0.10  -9999.00
     1   2005    293    1500.0       8.5      17.2      1.11      2.00     11.00  -9999.00
     1   2005    294    6000.0       7.7      10.6      1.05      2.00      8.10  -9999.00
     1   2005    295    5100.0       8.3      14.4      1.09      2.00      5.70  -9999.00
     1   2005    296    7200.0       4.1      11.6      0.82      2.00      2.40  -9999.00
     1   2005    297    7100.0       4.6      10.5      0.85      2.00      0.00  -9999.00
     1   2005    298    3600.0       5.9      14.8      0.93      2.00      7.00  -9999.00
     1   2005    299    3400.0       8.9      10.8      1.14      2.00     25.60  -9999.00
     1   2005    300    3800.0       6.6       8.0      0.97      2.00      0.10  -9999.00
     1   2005    301    3400.0       6.3      11.7      0.95      2.00      0.00  -9999.00
     1   2005    302    3300.0       9.7      10.9      1.20      2.00     10.80  -9999.00
     1   2005    303    3600.0       5.8       7.8      0.92      2.00      0.00  -9999.00
     1   2005    304    2000.0       5.3       8.1      0.89      2.00      0.00  -9999.00
     1   2005    305    5900.0       8.0       9.0      1.07      2.00     21.20  -9999.00
     1   2005    306    2700.0      11.6      13.6      1.37      2.00      3.50  -9999.00
     1   2005    307    3800.0       3.9      14.4      0.81      2.00      8.00  -9999.00
     1   2005    308    3600.0       3.8       8.4      0.80      2.00     18.60  -9999.00
     1   2005    309    2700.0       5.8      13.6      0.92      2.00      1.50  -9999.00
     1   2005    310    2600.0       8.3      13.2      1.09      2.00      0.30  -9999.00
     1   2005    311    3700.0       7.0      14.6      1.00      2.00     16.70  -9999.00
     1   2005    312    2400.0      -3.2      13.0      0.48      2.00      2.80  -9999.00
     1   2005    313    4100.0       7.6       8.4      1.04      2.00      0.00  -9999.00
     1   2005    314    3000.0       7.8      12.2      1.06      2.00      0.00  -9999.00
     1   2005    315    3600.0       7.7      11.8      1.05      2.00     17.50  -9999.00
     1   2005    316    5200.0       2.3      14.2      0.72      2.00      0.50  -9999.00
     1   2005    317    2900.0       6.4      13.5      0.96      2.00     16.10  -9999.00
     1   2005    318    5000.0       1.4      11.2      0.68      2.00      0.00  -9999.00
     1   2005    319    5300.0       6.4      11.9      0.96      2.00      0.00  -9999.00
     1   2005    320    6300.0       3.2       4.8      0.77      2.00      4.80  -9999.00
     1   2005    321    4000.0       8.5      10.5      1.11      2.00     12.20  -9999.00
     1   2005    322    1600.0       5.2      11.8      0.88      2.00      3.30  -9999.00
     1   2005    323    2400.0      -0.4       8.9      0.59      2.00     12.10  -9999.00
     1   2005    324    3600.0       4.3       8.6      0.83      2.00      2.10  -9999.00
     1   2005    325    3100.0       4.7      12.1      0.85      2.00     12.10  -9999.00
     1   2005    326    2100.0       5.7       7.3      0.92      2.00      0.40  -9999.00
     1   2005    327    2200.0       9.2      14.3      1.16      2.00      7.60  -9999.00
     1   2005    328    4500.0       2.0       9.0      0.71      2.00      0.00  -9999.00
     1   2005    329    3900.0       4.3       6.3      0.83      2.00      0.00  -9999.00
     1   2005    330    1900.0       6.6       7.0      0.97      2.00      0.00  -9999.00
     1   2005    331    4800.0       8.7      11.3      1.12      2.00     15.40  -9999.00
     1   2005    332    3300.0       2.5      11.2      0.73      2.00      0.50  -9999.00
     1   2005    333    4700.0       7.8      12.5      1.06      2.00     15.80  -9999.00
     1   2005    334     800.0       2.1      10.2      0.71      2.00      2.10  -9999.00
     1   2005    335    3400.0       4.6      10.3      0.85      2.00      0.00  -9999.00
     1   2005    336    1600.0       5.0       9.1      0.87      2.00     14.60  -9999.00
     1   2005    337    2400.0      -2.2       4.4      0.52      2.00      0.00  -9999.00
     1   2005    338    1100.0       0.7       7.2      0.64      2.00      0.00  -9999.00
     1   2005    339    3600.0       4.6      11.9      0.85      2.00      2.00  -9999.00
     1   2005    340     700.0       5.5       6.1      0.90      2.00      0.80  -9999.00
     1   2005    341    1700.0      -0.3      10.1      0.60      2.00      0.30  -9999.00
     1   2005    342    2200.0       3.8       9.7      0.80      2.00      1.50  -9999.00
     1   2005    343    3800.0       3.2      10.2      0.77      2.00      0.70  -9999.00
     1   2005    344    2500.0       2.4      10.1      0.73      2.00      0.60  -9999.00
     1   2005    345    2000.0       7.2      13.3      1.02      2.00      0.10  -9999.00
     1   2005    346    1600.0       6.7       8.7      0.98      2.00      9.80  -9999.00
     1   2005    347     700.0       2.5      11.3      0.73      2.00     18.10  -9999.00
     1   2005    348     700.0      -3.3      13.1      0.48      2.00      0.80  -9999.00
     1   2005    349    2400.0       3.1       4.7      0.76      2.00      6.40  -9999.00
     1   2005    350    1400.0      -2.1      10.1      0.52      2.00      0.50  -9999.00
     1   2005    351    1400.0       1.9       9.7      0.70      2.00      0.50  -9999.00
     1   2005    352    1800.0       0.0      11.9      0.61      2.00      4.10  -9999.00
     1   2005    353    3300.0       5.7       7.7      0.92      2.00      0.30  -9999.00
     1   2005    354    1300.0       4.2       6.1      0.82      2.00      9.00  -9999.00
     1   2005    355    1400.0       9.8      11.8      1.21      2.00      0.10  -9999.00
     1   2005    356    1500.0       6.8      11.7      0.99      2.00      0.10  -9999.00
     1   2005    357    1300.0      -2.4       8.0      0.51      2.00      2.50  -9999.00
     1   2005    358    1100.0       9.2      11.2      1.16      2.00      0.80  -9999.00
     1   2005    359    4200.0       2.7       4.7      0.74      2.00      0.00  -9999.00
     1   2005    360    2000.0       2.8      11.0      0.75      2.00      2.10  -9999.00
     1   2005    361    3500.0       4.0       7.7      0.81      2.00      0.00  -9999.00
     1   2005    362    3300.0       0.9       4.3      0.65      2.00      0.00  -9999.00
     1   2005    363    2000.0       4.4      12.5      0.84      2.00      1.60  -9999.00
     1   2005    364    3900.0       3.3       5.3      0.77      2.00      0.00  -9999.00
     1   2005    365    1600.0       9.2       9.2      1.16      2.00      1.30  -9999.00
