*-----------------------------------------------------------------------------* 
           CNWG_170.met           51.48   -3.55   69.72
* Date created:  08-Aug-2019     Author: K Coleman 
* 
* NIL VALUE       -9999 
* Source:   data provided by M. Semenov 
*  
* Latitude:    51.48 Longitude:    -3.55 Altitude:    69.72
* 
* Column  Daily value 
* 1       station number 
* 2       year 
* 3       day 
* 4       irradiation                   (kJ m-2 d-1) 
* 5       minimum temperature           (degrees Celsius) 
* 6       maximum temperature           (degrees Celsius) 
* 7       early morning vapour pressure (kPa)             
* 8       mean wind speed (height: 2 m?) (m s-1)          
* 9       precipitation                 (mm d-1)          
* 10      sunshine                      (hrs)             
 		Jday	RAD	    TMIN	TMAX	 VAP	wind	RAIN	SUN  
               kj/m2	°C	    °C	     kPa	m/s	    mm	    hrs 
   51.48  69.72
     1   2005      1    3500.0      -1.4      10.0      0.55      2.00      0.00  -9999.00
     1   2005      2    3700.0       0.5       2.5      0.63      2.00      0.00  -9999.00
     1   2005      3    3200.0      -0.1       9.2      0.61      2.00      4.40  -9999.00
     1   2005      4    2000.0       9.0      11.0      1.15      2.00      5.10  -9999.00
     1   2005      5    2300.0       3.7      10.4      0.80      2.00      5.20  -9999.00
     1   2005      6    2300.0       2.8      11.8      0.75      2.00      0.20  -9999.00
     1   2005      7    2800.0       4.9       7.7      0.87      2.00      0.90  -9999.00
     1   2005      8    1200.0       4.1      12.1      0.82      2.00      9.80  -9999.00
     1   2005      9    1900.0       4.4       9.0      0.84      2.00      2.10  -9999.00
     1   2005     10    3600.0       6.1       8.9      0.94      2.00      0.90  -9999.00
     1   2005     11    3100.0       5.9       7.9      0.93      2.00     10.20  -9999.00
     1   2005     12    1600.0       0.5      10.1      0.63      2.00      1.90  -9999.00
     1   2005     13    5300.0      -0.7       6.5      0.58      2.00      3.30  -9999.00
     1   2005     14    2700.0       2.8       4.8      0.75      2.00      0.00  -9999.00
     1   2005     15    1700.0       7.0       9.0      1.00      2.00      1.20  -9999.00
     1   2005     16    1500.0       1.4       8.4      0.68      2.00      1.50  -9999.00
     1   2005     17    3600.0       1.9       9.3      0.70      2.00      9.50  -9999.00
     1   2005     18     800.0       0.7       9.4      0.64      2.00     14.20  -9999.00
     1   2005     19    3300.0       1.4       5.5      0.68      2.00      2.20  -9999.00
     1   2005     20    2700.0       9.2      10.2      1.16      2.00      2.60  -9999.00
     1   2005     21    1800.0       5.2       8.4      0.88      2.00      0.70  -9999.00
     1   2005     22    2100.0       8.5      13.6      1.11      2.00      8.10  -9999.00
     1   2005     23    2100.0       0.6       2.6      0.64      2.00      0.00  -9999.00
     1   2005     24    4600.0       3.9       9.3      0.81      2.00      5.40  -9999.00
     1   2005     25    3000.0       8.9      11.0      1.14      2.00      4.70  -9999.00
     1   2005     26    5700.0       3.3       5.3      0.77      2.00      0.00  -9999.00
     1   2005     27    5300.0       4.1      11.2      0.82      2.00      0.70  -9999.00
     1   2005     28    1800.0       7.7       8.5      1.05      2.00      0.20  -9999.00
     1   2005     29    2700.0       8.6      10.4      1.12      2.00      3.80  -9999.00
     1   2005     30    1000.0       5.5       7.5      0.90      2.00      4.70  -9999.00
     1   2005     31    2000.0      -0.5       5.8      0.59      2.00      0.00  -9999.00
     1   2005     32    1700.0       7.4       8.0      1.03      2.00      0.50  -9999.00
     1   2005     33    3800.0      -2.3       8.7      0.52      2.00      2.60  -9999.00
     1   2005     34    4500.0       1.2      12.6      0.67      2.00      0.30  -9999.00
     1   2005     35    2900.0       6.5      10.7      0.97      2.00      3.80  -9999.00
     1   2005     36    1100.0       7.1       7.2      1.01      2.00      3.60  -9999.00
     1   2005     37    2700.0       5.3       7.1      0.89      2.00      0.60  -9999.00
     1   2005     38    3300.0       2.9       9.6      0.75      2.00      0.40  -9999.00
     1   2005     39    2900.0      -5.2       8.3      0.41      2.00      7.80  -9999.00
     1   2005     40    5200.0       2.2       5.5      0.72      2.00      4.30  -9999.00
     1   2005     41    1300.0       4.9      10.3      0.87      2.00      0.00  -9999.00
     1   2005     42    6900.0       6.2       6.5      0.95      2.00      0.40  -9999.00
     1   2005     43    4700.0       6.8       9.0      0.99      2.00      3.20  -9999.00
     1   2005     44    3200.0      -2.8       8.5      0.50      2.00      1.90  -9999.00
     1   2005     45    3600.0       4.2       6.9      0.82      2.00      0.80  -9999.00
     1   2005     46    5500.0       2.7       6.2      0.74      2.00     19.20  -9999.00
     1   2005     47    8700.0       6.4       7.8      0.96      2.00      0.00  -9999.00
     1   2005     48    7400.0       4.0       7.0      0.81      2.00      0.00  -9999.00
     1   2005     49    5500.0       0.3       5.5      0.62      2.00      0.00  -9999.00
     1   2005     50    7600.0       3.9       5.9      0.81      2.00      3.80  -9999.00
     1   2005     51    7100.0       3.0       3.5      0.76      2.00      0.00  -9999.00
     1   2005     52    7300.0      -3.8       4.5      0.46      2.00      0.00  -9999.00
     1   2005     53    9500.0      -2.3      13.3      0.52      2.00      0.00  -9999.00
     1   2005     54    6900.0      -1.5       6.0      0.55      2.00      0.00  -9999.00
     1   2005     55    9800.0       0.4       2.4      0.63      2.00      0.00  -9999.00
     1   2005     56   10800.0      -5.9       6.6      0.39      2.00      0.00  -9999.00
     1   2005     57   10400.0      -1.8       7.7      0.54      2.00      0.00  -9999.00
     1   2005     58    7200.0       6.1      10.8      0.94      2.00      0.00  -9999.00
     1   2005     59    2200.0       2.7       4.7      0.74      2.00      0.00  -9999.00
     1   2005     60    4200.0      -1.4      10.9      0.55      2.00      0.00  -9999.00
     1   2005     61   10200.0       0.6      10.7      0.64      2.00      0.00  -9999.00
     1   2005     62    7000.0       2.1      12.2      0.71      2.00      0.00  -9999.00
     1   2005     63    4600.0       1.9      12.6      0.70      2.00      0.20  -9999.00
     1   2005     64    7300.0       2.2      10.7      0.72      2.00      1.60  -9999.00
     1   2005     65    6400.0       6.4       9.8      0.96      2.00      0.90  -9999.00
     1   2005     66    9600.0       4.8       9.3      0.86      2.00      0.60  -9999.00
     1   2005     67   11300.0       8.2       9.8      1.09      2.00      1.50  -9999.00
     1   2005     68    9400.0       7.8       9.8      1.06      2.00      2.00  -9999.00
     1   2005     69    9100.0       7.4      11.9      1.03      2.00      4.60  -9999.00
     1   2005     70    7300.0       4.2       6.2      0.82      2.00      0.00  -9999.00
     1   2005     71   11200.0       4.3       9.0      0.83      2.00      0.00  -9999.00
     1   2005     72   14500.0       7.2      13.4      1.02      2.00      0.00  -9999.00
     1   2005     73    4100.0       6.7       8.9      0.98      2.00      0.20  -9999.00
     1   2005     74    9400.0       6.1      11.6      0.94      2.00      0.00  -9999.00
     1   2005     75    7300.0       5.2       9.4      0.88      2.00      2.60  -9999.00
     1   2005     76   11600.0       5.3       9.6      0.89      2.00      0.10  -9999.00
     1   2005     77    5400.0       4.1      11.3      0.82      2.00      1.30  -9999.00
     1   2005     78    7200.0       5.7      10.9      0.92      2.00     10.80  -9999.00
     1   2005     79   10300.0       3.5       7.1      0.78      2.00      0.00  -9999.00
     1   2005     80    8000.0       3.8       6.5      0.80      2.00      0.00  -9999.00
     1   2005     81    9800.0       1.6      16.8      0.69      2.00      0.00  -9999.00
     1   2005     82   15700.0       1.7      13.0      0.69      2.00      0.00  -9999.00
     1   2005     83    5300.0       7.7       8.9      1.05      2.00      0.70  -9999.00
     1   2005     84    7800.0       2.6       9.1      0.74      2.00      0.00  -9999.00
     1   2005     85    5100.0      -2.1      11.8      0.52      2.00      0.10  -9999.00
     1   2005     86    8500.0       8.7      10.1      1.12      2.00      6.20  -9999.00
     1   2005     87    9000.0       2.9      11.4      0.75      2.00      7.80  -9999.00
     1   2005     88    6400.0      -0.9       8.9      0.57      2.00      4.30  -9999.00
     1   2005     89    9500.0       3.9       9.2      0.81      2.00      0.00  -9999.00
     1   2005     90   15600.0       8.5      11.0      1.11      2.00      0.00  -9999.00
     1   2005     91    9500.0       6.7       8.8      0.98      2.00      3.40  -9999.00
     1   2005     92   15000.0      10.3      12.2      1.25      2.00      0.60  -9999.00
     1   2005     93    5300.0       6.7      11.7      0.98      2.00      0.30  -9999.00
     1   2005     94    6700.0       6.4      10.3      0.96      2.00      0.40  -9999.00
     1   2005     95    9500.0       8.5      10.3      1.11      2.00      0.00  -9999.00
     1   2005     96   17200.0      -1.3       7.9      0.56      2.00      0.00  -9999.00
     1   2005     97   20300.0       5.8      12.1      0.92      2.00      0.00  -9999.00
     1   2005     98   17300.0       4.4      11.0      0.84      2.00      0.00  -9999.00
     1   2005     99   20700.0       4.7      10.0      0.85      2.00      0.00  -9999.00
     1   2005    100   17700.0       4.5      10.0      0.84      2.00      0.00  -9999.00
     1   2005    101   16100.0       5.3      15.6      0.89      2.00      0.00  -9999.00
     1   2005    102    9300.0       2.5       6.4      0.73      2.00      8.60  -9999.00
     1   2005    103   14100.0       5.5      14.0      0.90      2.00      0.00  -9999.00
     1   2005    104   11100.0       8.8      14.4      1.13      2.00      0.00  -9999.00
     1   2005    105   18100.0      10.1      10.8      1.24      2.00      0.00  -9999.00
     1   2005    106   17100.0       3.0       9.5      0.76      2.00      1.40  -9999.00
     1   2005    107   15200.0       4.0      10.6      0.81      2.00      3.50  -9999.00
     1   2005    108    8000.0      -0.7      11.9      0.58      2.00      2.60  -9999.00
     1   2005    109   18000.0       3.1      13.6      0.76      2.00      0.40  -9999.00
     1   2005    110   12300.0       5.4      11.3      0.90      2.00      0.50  -9999.00
     1   2005    111   11100.0       0.3      16.1      0.62      2.00      0.00  -9999.00
     1   2005    112   13000.0       4.0      14.0      0.81      2.00      0.00  -9999.00
     1   2005    113   11800.0       9.2      13.0      1.16      2.00      0.00  -9999.00
     1   2005    114   21300.0       9.6      20.6      1.20      2.00      0.00  -9999.00
     1   2005    115   20800.0       2.9      10.3      0.75      2.00      0.00  -9999.00
     1   2005    116   20800.0       0.2       6.7      0.62      2.00      0.00  -9999.00
     1   2005    117   12500.0       7.0      17.0      1.00      2.00      0.00  -9999.00
     1   2005    118   19200.0       5.5      19.8      0.90      2.00      0.00  -9999.00
     1   2005    119   16800.0       8.2      11.2      1.09      2.00      4.70  -9999.00
     1   2005    120   15900.0       4.1      14.7      0.82      2.00      0.40  -9999.00
     1   2005    121   18700.0       5.5      16.3      0.90      2.00      0.00  -9999.00
     1   2005    122   21800.0       8.0      13.4      1.07      2.00      0.00  -9999.00
     1   2005    123   14800.0       3.2      14.8      0.77      2.00      0.00  -9999.00
     1   2005    124   21500.0       6.8      16.6      0.99      2.00      0.00  -9999.00
     1   2005    125   22900.0      10.2      18.8      1.24      2.00      0.00  -9999.00
     1   2005    126   10100.0      10.1      15.6      1.24      2.00      0.00  -9999.00
     1   2005    127   18700.0      11.2      22.7      1.33      2.00      0.00  -9999.00
     1   2005    128   22300.0       2.3      18.1      0.72      2.00      0.00  -9999.00
     1   2005    129    7900.0       6.5      13.0      0.97      2.00      0.00  -9999.00
     1   2005    130   11000.0       4.1      12.9      0.82      2.00     13.50  -9999.00
     1   2005    131   11500.0       7.1      11.7      1.01      2.00     14.50  -9999.00
     1   2005    132   15100.0       7.8      13.9      1.06      2.00     31.50  -9999.00
     1   2005    133   13400.0      14.0      21.4      1.60      2.00      0.00  -9999.00
     1   2005    134   12700.0       6.3      17.2      0.95      2.00      0.00  -9999.00
     1   2005    135   16900.0       6.2      21.1      0.95      2.00      0.00  -9999.00
     1   2005    136   18100.0       9.4      12.1      1.18      2.00      9.90  -9999.00
     1   2005    137    9400.0      10.4      17.0      1.26      2.00     21.80  -9999.00
     1   2005    138    4100.0       8.9      14.7      1.14      2.00      4.10  -9999.00
     1   2005    139   11400.0       7.2      15.4      1.02      2.00      1.30  -9999.00
     1   2005    140   18300.0       7.3      15.5      1.02      2.00      0.00  -9999.00
     1   2005    141   10000.0       7.8      17.1      1.06      2.00      0.10  -9999.00
     1   2005    142   15300.0       9.2      24.4      1.16      2.00      0.20  -9999.00
     1   2005    143   17500.0       9.4      13.8      1.18      2.00      0.90  -9999.00
     1   2005    144   23300.0      11.3      22.9      1.34      2.00      0.00  -9999.00
     1   2005    145   19600.0      15.0      16.3      1.70      2.00      0.00  -9999.00
     1   2005    146   13200.0       7.6      18.5      1.04      2.00      0.00  -9999.00
     1   2005    147   24900.0       9.6      14.7      1.20      2.00      0.00  -9999.00
     1   2005    148   25300.0      11.8      17.8      1.38      2.00      0.00  -9999.00
     1   2005    149   25000.0       8.6      16.0      1.12      2.00      0.00  -9999.00
     1   2005    150   18100.0      11.1      18.0      1.32      2.00      0.00  -9999.00
     1   2005    151    8800.0       9.8      14.8      1.21      2.00     10.00  -9999.00
     1   2005    152   20000.0       7.2      15.6      1.02      2.00     10.90  -9999.00
     1   2005    153   25800.0      11.4      15.6      1.35      2.00     18.10  -9999.00
     1   2005    154   11000.0      10.1      15.6      1.24      2.00      0.10  -9999.00
     1   2005    155   29600.0      12.6      16.3      1.46      2.00      0.00  -9999.00
     1   2005    156   20800.0       8.5      20.4      1.11      2.00      0.00  -9999.00
     1   2005    157   10900.0       8.7      18.3      1.12      2.00     21.80  -9999.00
     1   2005    158   13400.0       6.8      23.0      0.99      2.00      0.00  -9999.00
     1   2005    159   27000.0      16.3      25.1      1.85      2.00      0.00  -9999.00
     1   2005    160   21200.0       8.4      13.8      1.10      2.00      0.10  -9999.00
     1   2005    161    8600.0       7.6      19.4      1.04      2.00      0.30  -9999.00
     1   2005    162   13000.0      11.1      19.0      1.32      2.00      0.00  -9999.00
     1   2005    163   27000.0      13.2      20.7      1.52      2.00      0.00  -9999.00
     1   2005    164    9700.0      10.9      16.7      1.30      2.00      0.00  -9999.00
     1   2005    165   28800.0       5.9      24.5      0.93      2.00      0.00  -9999.00
     1   2005    166   18100.0      11.6      19.1      1.37      2.00      0.10  -9999.00
     1   2005    167   16800.0      11.7      14.2      1.37      2.00     21.10  -9999.00
     1   2005    168   12600.0      11.1      18.1      1.32      2.00      0.10  -9999.00
     1   2005    169   15300.0      11.3      26.1      1.34      2.00      0.00  -9999.00
     1   2005    170   19900.0       5.9      17.5      0.93      2.00      3.90  -9999.00
     1   2005    171   22300.0      14.8      16.4      1.68      2.00      0.80  -9999.00
     1   2005    172   19500.0      13.3      16.1      1.53      2.00     11.10  -9999.00
     1   2005    173   16400.0      10.2      17.0      1.24      2.00      0.10  -9999.00
     1   2005    174   17700.0      13.3      14.9      1.53      2.00      0.10  -9999.00
     1   2005    175   14300.0      13.5      23.5      1.55      2.00      0.00  -9999.00
     1   2005    176    8100.0      11.6      17.2      1.37      2.00      3.10  -9999.00
     1   2005    177   13300.0       5.8      18.7      0.92      2.00      0.00  -9999.00
     1   2005    178   13200.0      11.7      17.8      1.37      2.00      0.30  -9999.00
     1   2005    179   12100.0      10.6      17.1      1.28      2.00      9.20  -9999.00
     1   2005    180   30100.0       8.9      21.4      1.14      2.00      0.00  -9999.00
     1   2005    181   18400.0      16.0      18.1      1.82      2.00      0.00  -9999.00
     1   2005    182   23800.0      11.8      18.7      1.38      2.00      0.00  -9999.00
     1   2005    183   11100.0       5.4      24.3      0.90      2.00      0.00  -9999.00
     1   2005    184   15400.0      12.8      14.1      1.48      2.00      6.00  -9999.00
     1   2005    185   18600.0       7.4      21.1      1.03      2.00      2.00  -9999.00
     1   2005    186   13300.0      12.8      17.5      1.48      2.00      0.10  -9999.00
     1   2005    187    6800.0      13.0      16.6      1.50      2.00      0.30  -9999.00
     1   2005    188   28800.0      10.6      18.5      1.28      2.00      0.00  -9999.00
     1   2005    189   10800.0      11.6      28.7      1.37      2.00      3.10  -9999.00
     1   2005    190    4400.0       8.9      19.4      1.14      2.00      0.50  -9999.00
     1   2005    191   18200.0      12.4      20.6      1.44      2.00      3.40  -9999.00
     1   2005    192   13000.0      13.6      18.0      1.56      2.00      4.00  -9999.00
     1   2005    193   18600.0      15.2      18.0      1.73      2.00      9.90  -9999.00
     1   2005    194    4300.0      14.8      17.7      1.68      2.00      3.90  -9999.00
     1   2005    195   14000.0      11.7      19.7      1.37      2.00      0.00  -9999.00
     1   2005    196   24000.0      16.8      24.7      1.91      2.00      0.00  -9999.00
     1   2005    197   27800.0      12.3      22.9      1.43      2.00      0.00  -9999.00
     1   2005    198   13000.0      15.9      17.9      1.81      2.00     15.40  -9999.00
     1   2005    199   22400.0      14.0      21.6      1.60      2.00      0.00  -9999.00
     1   2005    200   27800.0      10.8      18.3      1.29      2.00      0.00  -9999.00
     1   2005    201   19200.0      13.4      20.4      1.54      2.00      3.10  -9999.00
     1   2005    202   21200.0      10.2      19.5      1.24      2.00      0.00  -9999.00
     1   2005    203   24100.0      12.9      21.3      1.49      2.00      0.00  -9999.00
     1   2005    204   27600.0      11.7      21.8      1.37      2.00      0.00  -9999.00
     1   2005    205   21700.0      13.9      20.8      1.59      2.00      0.00  -9999.00
     1   2005    206   22000.0      13.8      18.0      1.58      2.00      0.00  -9999.00
     1   2005    207   27300.0      11.7      19.7      1.37      2.00      0.00  -9999.00
     1   2005    208   11200.0      10.2      24.7      1.24      2.00      0.00  -9999.00
     1   2005    209   10100.0      10.5      21.1      1.27      2.00      0.00  -9999.00
     1   2005    210    5100.0      14.8      17.9      1.68      2.00     11.10  -9999.00
     1   2005    211   16000.0      14.5      26.7      1.65      2.00      0.00  -9999.00
     1   2005    212   15400.0      10.9      20.8      1.30      2.00      0.00  -9999.00
     1   2005    213   19500.0      13.3      19.0      1.53      2.00      0.00  -9999.00
     1   2005    214   24600.0      13.0      21.5      1.50      2.00      0.00  -9999.00
     1   2005    215   23300.0      12.4      19.6      1.44      2.00      0.00  -9999.00
     1   2005    216   16800.0      13.9      21.3      1.59      2.00      0.00  -9999.00
     1   2005    217    8900.0      14.0      20.8      1.60      2.00      3.40  -9999.00
     1   2005    218    7200.0      14.4      24.7      1.64      2.00     36.30  -9999.00
     1   2005    219   13600.0       8.8      21.6      1.13      2.00      1.00  -9999.00
     1   2005    220   17000.0       8.4      25.7      1.10      2.00      0.00  -9999.00
     1   2005    221    8100.0      12.7      18.3      1.47      2.00     39.90  -9999.00
     1   2005    222   16500.0      13.0      15.5      1.50      2.00      0.80  -9999.00
     1   2005    223    9500.0      11.1      18.2      1.32      2.00      1.80  -9999.00
     1   2005    224    7600.0      13.7      20.1      1.57      2.00      6.90  -9999.00
     1   2005    225   20200.0      12.9      23.0      1.49      2.00      0.00  -9999.00
     1   2005    226   14900.0      14.6      19.4      1.66      2.00     13.20  -9999.00
     1   2005    227   11200.0      12.7      20.7      1.47      2.00      0.00  -9999.00
     1   2005    228   11300.0      16.6      23.4      1.89      2.00      0.60  -9999.00
     1   2005    229   24100.0      15.3      25.3      1.74      2.00      0.00  -9999.00
     1   2005    230   17500.0      13.5      18.4      1.55      2.00      0.10  -9999.00
     1   2005    231   21400.0      17.6      23.5      2.01      2.00      0.00  -9999.00
     1   2005    232   15300.0      11.4      16.0      1.35      2.00      4.20  -9999.00
     1   2005    233   20800.0      13.5      19.7      1.55      2.00      0.00  -9999.00
     1   2005    234   23100.0       6.8      19.3      0.99      2.00      0.00  -9999.00
     1   2005    235   21100.0      13.4      21.6      1.54      2.00      0.00  -9999.00
     1   2005    236   12500.0      14.3      22.3      1.63      2.00      0.00  -9999.00
     1   2005    237   10100.0      13.3      17.1      1.53      2.00     11.10  -9999.00
     1   2005    238   16900.0      13.1      22.0      1.51      2.00      0.00  -9999.00
     1   2005    239   14400.0      13.1      17.7      1.51      2.00      0.00  -9999.00
     1   2005    240   21800.0      11.9      19.8      1.39      2.00      0.00  -9999.00
     1   2005    241    9400.0      15.3      23.8      1.74      2.00      0.00  -9999.00
     1   2005    242    8100.0       9.4      18.2      1.18      2.00      0.00  -9999.00
     1   2005    243   16800.0      15.0      17.6      1.70      2.00      6.60  -9999.00
     1   2005    244   16600.0      12.9      19.8      1.49      2.00      3.80  -9999.00
     1   2005    245   19400.0       5.4      16.6      0.90      2.00      0.00  -9999.00
     1   2005    246   10400.0      12.4      22.7      1.44      2.00      0.00  -9999.00
     1   2005    247   18100.0      10.8      23.4      1.29      2.00      0.00  -9999.00
     1   2005    248    8900.0      10.6      20.8      1.28      2.00      0.00  -9999.00
     1   2005    249   19300.0       8.7      18.8      1.12      2.00      0.00  -9999.00
     1   2005    250    7500.0      12.3      16.0      1.43      2.00      0.00  -9999.00
     1   2005    251   11200.0      10.2      20.3      1.24      2.00      0.00  -9999.00
     1   2005    252   15200.0       9.4      23.2      1.18      2.00      0.00  -9999.00
     1   2005    253   18900.0       9.9      16.1      1.22      2.00      0.00  -9999.00
     1   2005    254   12100.0       9.0      19.0      1.15      2.00      3.00  -9999.00
     1   2005    255    5700.0      14.1      18.2      1.61      2.00      0.20  -9999.00
     1   2005    256   14400.0      10.4      19.7      1.26      2.00      0.10  -9999.00
     1   2005    257   16800.0      13.6      19.7      1.56      2.00      0.00  -9999.00
     1   2005    258    9500.0       8.9      15.3      1.14      2.00     11.10  -9999.00
     1   2005    259   17500.0      13.2      15.4      1.52      2.00      0.10  -9999.00
     1   2005    260   15100.0      11.8      14.1      1.38      2.00      0.60  -9999.00
     1   2005    261    8000.0      11.7      18.3      1.37      2.00     15.30  -9999.00
     1   2005    262   11300.0       7.4      19.2      1.03      2.00      9.30  -9999.00
     1   2005    263    6400.0      11.4      18.1      1.35      2.00      0.00  -9999.00
     1   2005    264   12600.0      11.6      20.3      1.37      2.00     16.00  -9999.00
     1   2005    265   13300.0      13.0      14.7      1.50      2.00      7.30  -9999.00
     1   2005    266    8900.0      10.3      15.5      1.25      2.00      3.50  -9999.00
     1   2005    267    4400.0      12.0      19.5      1.40      2.00      3.80  -9999.00
     1   2005    268    9800.0       9.7      18.1      1.20      2.00      0.00  -9999.00
     1   2005    269   15200.0       9.4      19.4      1.18      2.00      0.00  -9999.00
     1   2005    270    2300.0       6.5      16.7      0.97      2.00      0.10  -9999.00
     1   2005    271    7000.0      12.3      17.1      1.43      2.00      0.00  -9999.00
     1   2005    272   10700.0      11.8      15.6      1.38      2.00      7.00  -9999.00
     1   2005    273   11100.0      14.8      15.1      1.68      2.00      6.30  -9999.00
     1   2005    274    7500.0      12.3      14.4      1.43      2.00      9.50  -9999.00
     1   2005    275   13900.0      10.8      11.7      1.29      2.00      0.00  -9999.00
     1   2005    276   10400.0      11.9      13.0      1.39      2.00      6.60  -9999.00
     1   2005    277   10900.0       8.0      13.2      1.07      2.00      0.00  -9999.00
     1   2005    278    8900.0       7.1      11.3      1.01      2.00      0.00  -9999.00
     1   2005    279    9700.0       6.6      20.2      0.97      2.00      0.00  -9999.00
     1   2005    280    5600.0      14.7      15.0      1.67      2.00      5.30  -9999.00
     1   2005    281   12500.0       8.0      15.6      1.07      2.00      2.00  -9999.00
     1   2005    282    3100.0       9.7      16.4      1.20      2.00      0.00  -9999.00
     1   2005    283    9700.0       8.2      11.0      1.09      2.00      0.00  -9999.00
     1   2005    284    7000.0      10.3      15.4      1.25      2.00      0.00  -9999.00
     1   2005    285    5200.0       3.6      12.9      0.79      2.00      0.00  -9999.00
     1   2005    286    9300.0       7.1      17.0      1.01      2.00     14.80  -9999.00
     1   2005    287    8600.0       6.8      14.0      0.99      2.00      0.00  -9999.00
     1   2005    288    3500.0      10.3      16.8      1.25      2.00      0.00  -9999.00
     1   2005    289    7500.0       2.1       9.8      0.71      2.00      0.00  -9999.00
     1   2005    290    2600.0       5.8      14.1      0.92      2.00      0.00  -9999.00
     1   2005    291    5100.0      11.0      14.8      1.31      2.00      6.40  -9999.00
     1   2005    292    9500.0      11.9      13.9      1.39      2.00      0.00  -9999.00
     1   2005    293    7700.0      12.9      13.1      1.49      2.00      0.00  -9999.00
     1   2005    294    8300.0       9.7      13.2      1.20      2.00      0.00  -9999.00
     1   2005    295    4800.0       5.7      13.9      0.92      2.00      0.00  -9999.00
     1   2005    296    5600.0       5.5      15.1      0.90      2.00      0.40  -9999.00
     1   2005    297    6400.0       5.8       8.9      0.92      2.00      0.10  -9999.00
     1   2005    298    1600.0       7.3      12.3      1.02      2.00      0.10  -9999.00
     1   2005    299    5600.0       3.5      13.7      0.78      2.00      1.70  -9999.00
     1   2005    300    4800.0       7.0      10.9      1.00      2.00      0.30  -9999.00
     1   2005    301    5400.0       6.4      13.7      0.96      2.00      0.00  -9999.00
     1   2005    302    4400.0       6.8       8.8      0.99      2.00      0.00  -9999.00
     1   2005    303    5900.0       9.2      11.9      1.16      2.00      0.00  -9999.00
     1   2005    304    6000.0      11.0      13.6      1.31      2.00     21.50  -9999.00
     1   2005    305    4700.0       4.3      10.1      0.83      2.00     10.00  -9999.00
     1   2005    306    5900.0       8.6      15.5      1.12      2.00      0.30  -9999.00
     1   2005    307    4300.0       4.1      12.9      0.82      2.00      0.80  -9999.00
     1   2005    308    3200.0       8.3      10.3      1.09      2.00      0.00  -9999.00
     1   2005    309    2900.0      10.7      12.7      1.29      2.00      7.50  -9999.00
     1   2005    310    4200.0       6.5      13.8      0.97      2.00      0.00  -9999.00
     1   2005    311    4700.0       4.5      14.5      0.84      2.00      0.00  -9999.00
     1   2005    312    2300.0       6.7       8.6      0.98      2.00      0.00  -9999.00
     1   2005    313    4600.0      10.2      14.7      1.24      2.00      4.10  -9999.00
     1   2005    314    1800.0       5.6      13.0      0.91      2.00      0.60  -9999.00
     1   2005    315    3900.0       1.9       8.8      0.70      2.00      0.00  -9999.00
     1   2005    316    2500.0       6.3       8.8      0.95      2.00      0.00  -9999.00
     1   2005    317    4600.0       8.6      10.7      1.12      2.00      0.00  -9999.00
     1   2005    318    3500.0       4.7       9.3      0.85      2.00      0.00  -9999.00
     1   2005    319    3700.0       5.1      12.5      0.88      2.00      0.00  -9999.00
     1   2005    320    2700.0       8.3       9.2      1.09      2.00      0.00  -9999.00
     1   2005    321    3300.0       8.3      12.8      1.09      2.00      0.00  -9999.00
     1   2005    322    5300.0       5.0       9.0      0.87      2.00      0.00  -9999.00
     1   2005    323    3500.0       5.8       9.3      0.92      2.00      0.00  -9999.00
     1   2005    324    3100.0       5.8      13.1      0.92      2.00      0.00  -9999.00
     1   2005    325    2700.0      -2.0      12.8      0.53      2.00      0.00  -9999.00
     1   2005    326    2500.0       7.6      11.0      1.04      2.00      0.00  -9999.00
     1   2005    327    2000.0       2.5       9.7      0.73      2.00      0.00  -9999.00
     1   2005    328    5500.0       0.1      11.4      0.62      2.00      0.00  -9999.00
     1   2005    329    4500.0       0.9       6.4      0.65      2.00      0.00  -9999.00
     1   2005    330    4200.0       1.2       8.1      0.67      2.00      0.00  -9999.00
     1   2005    331    5300.0       5.0       7.0      0.87      2.00      0.00  -9999.00
     1   2005    332    3400.0      -4.5       8.4      0.44      2.00      0.00  -9999.00
     1   2005    333    4400.0       4.1       9.0      0.82      2.00      0.00  -9999.00
     1   2005    334    1300.0       5.9      13.7      0.93      2.00      0.30  -9999.00
     1   2005    335    4400.0       1.6      11.6      0.69      2.00      0.00  -9999.00
     1   2005    336    2800.0      -0.7       8.1      0.58      2.00      0.10  -9999.00
     1   2005    337    3100.0       0.8      12.1      0.65      2.00      0.00  -9999.00
     1   2005    338    2600.0      -0.6      10.4      0.58      2.00      9.70  -9999.00
     1   2005    339    2200.0       9.0      11.8      1.15      2.00      0.30  -9999.00
     1   2005    340    2800.0      -1.4      13.5      0.55      2.00      0.20  -9999.00
     1   2005    341    1500.0       3.4       5.4      0.78      2.00      2.50  -9999.00
     1   2005    342    1500.0       6.5       9.9      0.97      2.00      0.80  -9999.00
     1   2005    343    1200.0       4.3       5.7      0.83      2.00      5.80  -9999.00
     1   2005    344    4300.0       1.9       3.5      0.70      2.00      0.00  -9999.00
     1   2005    345    3800.0       0.7       9.3      0.64      2.00      5.20  -9999.00
     1   2005    346    2500.0       1.8      10.4      0.70      2.00     13.70  -9999.00
     1   2005    347    1300.0       3.7       7.0      0.80      2.00      0.80  -9999.00
     1   2005    348     700.0       2.2       9.9      0.72      2.00     15.10  -9999.00
     1   2005    349    3000.0       7.3      10.8      1.02      2.00      0.10  -9999.00
     1   2005    350    4200.0       4.4       9.2      0.84      2.00     14.40  -9999.00
     1   2005    351    1800.0       4.7       6.3      0.85      2.00      3.20  -9999.00
     1   2005    352    2100.0       9.1      10.0      1.16      2.00      1.20  -9999.00
     1   2005    353     700.0       3.7       5.7      0.80      2.00     21.90  -9999.00
     1   2005    354    1900.0       1.7       3.7      0.69      2.00      0.10  -9999.00
     1   2005    355    1600.0      -0.7      11.3      0.58      2.00      0.00  -9999.00
     1   2005    356    3400.0       2.0      10.8      0.71      2.00      0.00  -9999.00
     1   2005    357    2300.0       5.5      12.0      0.90      2.00      0.20  -9999.00
     1   2005    358    4200.0      -0.9       0.7      0.57      2.00      0.00  -9999.00
     1   2005    359    3200.0       5.7       7.7      0.92      2.00      3.90  -9999.00
     1   2005    360    1500.0       2.9       4.9      0.75      2.00      0.20  -9999.00
     1   2005    361     800.0       6.4       8.2      0.96      2.00      4.90  -9999.00
     1   2005    362    2100.0       6.2       6.7      0.95      2.00      4.60  -9999.00
     1   2005    363    2600.0       6.7       8.7      0.98      2.00      2.20  -9999.00
     1   2005    364    1700.0       5.2       5.8      0.88      2.00      8.00  -9999.00
     1   2005    365    3000.0       7.7       8.2      1.05      2.00      0.10  -9999.00
