*-----------------------------------------------------------------------------* 
           WHWG_223.met           52.12    0.96   89.00
* Date created:  08-Aug-2019     Author: K Coleman 
* 
* NIL VALUE       -9999 
* Source:   data provided by M. Semenov 
*  
* Latitude:    52.12 Longitude:     0.96 Altitude:    89.00
* 
* Column  Daily value 
* 1       station number 
* 2       year 
* 3       day 
* 4       irradiation                   (kJ m-2 d-1) 
* 5       minimum temperature           (degrees Celsius) 
* 6       maximum temperature           (degrees Celsius) 
* 7       early morning vapour pressure (kPa)             
* 8       mean wind speed (height: 2 m?) (m s-1)          
* 9       precipitation                 (mm d-1)          
* 10      sunshine                      (hrs)             
 		Jday	RAD	    TMIN	TMAX	 VAP	wind	RAIN	SUN  
               kj/m2	°C	    °C	     kPa	m/s	    mm	    hrs 
   52.12  89.00
     1   2005      1     700.0       0.0       3.9      0.61      2.00      0.50  -9999.00
     1   2005      2     700.0       3.1       5.1      0.76      2.00      2.90  -9999.00
     1   2005      3     700.0       1.6       6.7      0.69      2.00      1.20  -9999.00
     1   2005      4     800.0       3.4       7.5      0.78      2.00      6.60  -9999.00
     1   2005      5    3500.0       0.3       5.9      0.62      2.00      1.00  -9999.00
     1   2005      6     700.0      -0.5       6.0      0.59      2.00     11.30  -9999.00
     1   2005      7    4600.0       4.9      13.1      0.87      2.00      0.10  -9999.00
     1   2005      8     700.0       4.6      11.9      0.85      2.00      0.10  -9999.00
     1   2005      9     700.0       0.5       7.2      0.63      2.00      0.10  -9999.00
     1   2005     10     800.0      -0.3       5.1      0.60      2.00      0.00  -9999.00
     1   2005     11    1500.0       4.8       9.6      0.86      2.00      0.00  -9999.00
     1   2005     12    3400.0       2.8      13.6      0.75      2.00      0.30  -9999.00
     1   2005     13    5400.0       1.9       9.4      0.70      2.00      0.00  -9999.00
     1   2005     14     800.0       1.5      13.0      0.68      2.00      5.40  -9999.00
     1   2005     15    2800.0      -1.2       4.0      0.56      2.00      2.10  -9999.00
     1   2005     16     700.0      -0.8       3.8      0.58      2.00      2.20  -9999.00
     1   2005     17    3700.0      -2.1      -0.1      0.52      2.00      0.30  -9999.00
     1   2005     18    4300.0       1.4       5.4      0.68      2.00      3.90  -9999.00
     1   2005     19    4400.0      -4.2       5.7      0.45      2.00      1.20  -9999.00
     1   2005     20    3000.0      -2.4      -0.6      0.51      2.00      0.00  -9999.00
     1   2005     21     900.0       0.1       1.5      0.62      2.00      0.10  -9999.00
     1   2005     22    1100.0      -0.2       3.6      0.60      2.00      4.80  -9999.00
     1   2005     23    1800.0      -2.3       6.8      0.52      2.00      0.70  -9999.00
     1   2005     24    2700.0       1.8       7.9      0.70      2.00      0.10  -9999.00
     1   2005     25    6900.0       3.1       7.8      0.76      2.00     10.50  -9999.00
     1   2005     26     800.0       4.9       6.8      0.87      2.00      3.30  -9999.00
     1   2005     27    3800.0      -3.7       5.5      0.46      2.00      0.50  -9999.00
     1   2005     28     900.0       0.4       6.1      0.63      2.00      0.30  -9999.00
     1   2005     29    7300.0      -0.9       8.1      0.57      2.00      1.90  -9999.00
     1   2005     30    1700.0       2.1       5.9      0.71      2.00      0.10  -9999.00
     1   2005     31     900.0       0.0       7.7      0.61      2.00      0.10  -9999.00
     1   2005     32    1900.0       1.5       8.7      0.68      2.00      2.20  -9999.00
     1   2005     33    7000.0       5.3       9.9      0.89      2.00      1.60  -9999.00
     1   2005     34    1200.0       5.6       8.6      0.91      2.00      5.60  -9999.00
     1   2005     35    1700.0      -1.3       2.9      0.56      2.00      0.10  -9999.00
     1   2005     36    1200.0      -0.5       2.1      0.59      2.00      0.00  -9999.00
     1   2005     37    1800.0       5.0      10.4      0.87      2.00      0.00  -9999.00
     1   2005     38    6500.0       3.9       9.0      0.81      2.00      0.00  -9999.00
     1   2005     39    1300.0       1.9      10.1      0.70      2.00      0.00  -9999.00
     1   2005     40    1400.0       5.5      10.3      0.90      2.00      0.10  -9999.00
     1   2005     41    1100.0       2.1       9.7      0.71      2.00      2.80  -9999.00
     1   2005     42    3100.0      -0.1      11.4      0.61      2.00      1.00  -9999.00
     1   2005     43    6100.0       4.1       8.0      0.82      2.00      0.00  -9999.00
     1   2005     44    2400.0       2.5       7.7      0.73      2.00      0.00  -9999.00
     1   2005     45    1500.0       3.0       8.2      0.76      2.00      0.00  -9999.00
     1   2005     46    8100.0       4.7      11.1      0.85      2.00      0.40  -9999.00
     1   2005     47    4700.0       5.3      10.4      0.89      2.00      0.00  -9999.00
     1   2005     48    1900.0       3.4       9.0      0.78      2.00      1.80  -9999.00
     1   2005     49    1600.0      -0.7       6.9      0.58      2.00      0.00  -9999.00
     1   2005     50    5800.0       1.4       4.9      0.68      2.00      0.00  -9999.00
     1   2005     51    3700.0       1.6       6.2      0.69      2.00      0.00  -9999.00
     1   2005     52    1300.0       2.8       4.5      0.75      2.00      2.60  -9999.00
     1   2005     53    9200.0      -0.1       7.9      0.61      2.00      0.00  -9999.00
     1   2005     54    9700.0       3.0       9.4      0.76      2.00      0.00  -9999.00
     1   2005     55    7400.0       0.6       7.2      0.64      2.00      8.20  -9999.00
     1   2005     56    9200.0       3.0       5.5      0.76      2.00      5.00  -9999.00
     1   2005     57    4900.0       3.2       9.4      0.77      2.00      0.60  -9999.00
     1   2005     58    2700.0       4.7       9.9      0.85      2.00      0.00  -9999.00
     1   2005     59    6200.0      -1.4       7.2      0.55      2.00      0.00  -9999.00
     1   2005     60    6600.0      -4.8       9.4      0.43      2.00      0.00  -9999.00
     1   2005     61    7000.0       5.5       9.7      0.90      2.00      0.00  -9999.00
     1   2005     62    2100.0       2.0       9.7      0.71      2.00      0.00  -9999.00
     1   2005     63   11300.0       0.9      12.0      0.65      2.00      0.00  -9999.00
     1   2005     64    8900.0      -2.3       9.3      0.52      2.00      0.00  -9999.00
     1   2005     65    7100.0       4.9       9.6      0.87      2.00      0.00  -9999.00
     1   2005     66   10200.0       1.0       6.9      0.66      2.00      0.00  -9999.00
     1   2005     67   13900.0       2.8      13.0      0.75      2.00      0.00  -9999.00
     1   2005     68    2100.0       3.3      11.5      0.77      2.00      0.00  -9999.00
     1   2005     69   12000.0       2.3      12.8      0.72      2.00      0.00  -9999.00
     1   2005     70    2000.0      -0.3      12.7      0.60      2.00      1.30  -9999.00
     1   2005     71    1900.0       4.5      10.5      0.84      2.00      1.40  -9999.00
     1   2005     72   10900.0       5.7       9.5      0.92      2.00      0.00  -9999.00
     1   2005     73    6800.0       3.4       9.9      0.78      2.00      0.00  -9999.00
     1   2005     74    2100.0       5.4      10.5      0.90      2.00      0.00  -9999.00
     1   2005     75   13200.0       2.5      11.5      0.73      2.00      0.00  -9999.00
     1   2005     76    4500.0       6.4      10.1      0.96      2.00      3.10  -9999.00
     1   2005     77   12300.0       5.6      11.5      0.91      2.00      3.40  -9999.00
     1   2005     78    5000.0       3.5      12.9      0.78      2.00      4.50  -9999.00
     1   2005     79    2500.0       2.9       9.1      0.75      2.00      3.20  -9999.00
     1   2005     80    9600.0       6.4       9.5      0.96      2.00      0.00  -9999.00
     1   2005     81    3700.0      -0.1       9.9      0.61      2.00      0.90  -9999.00
     1   2005     82    6600.0       1.5      10.9      0.68      2.00      1.20  -9999.00
     1   2005     83    3000.0       0.9      12.5      0.65      2.00      0.00  -9999.00
     1   2005     84   10500.0      -0.5      10.9      0.59      2.00      0.00  -9999.00
     1   2005     85   13400.0       3.2      12.8      0.77      2.00      0.00  -9999.00
     1   2005     86    2500.0       0.3      12.0      0.62      2.00      0.00  -9999.00
     1   2005     87    3800.0       1.5      11.4      0.68      2.00      0.00  -9999.00
     1   2005     88   10300.0       3.3      12.8      0.77      2.00      0.00  -9999.00
     1   2005     89   17000.0       4.5      10.6      0.84      2.00      0.00  -9999.00
     1   2005     90    4300.0       1.9       6.7      0.70      2.00      0.00  -9999.00
     1   2005     91   11000.0       9.8      14.5      1.21      2.00      0.00  -9999.00
     1   2005     92    5400.0       8.1      13.7      1.08      2.00      0.00  -9999.00
     1   2005     93   14000.0       6.5      15.4      0.97      2.00      0.00  -9999.00
     1   2005     94   12600.0       3.6      18.7      0.79      2.00      0.40  -9999.00
     1   2005     95    4900.0       3.7      11.1      0.80      2.00      0.40  -9999.00
     1   2005     96   17900.0       4.6       9.6      0.85      2.00      4.00  -9999.00
     1   2005     97   14000.0       5.7      11.4      0.92      2.00      2.90  -9999.00
     1   2005     98   17000.0       3.2      12.8      0.77      2.00      0.40  -9999.00
     1   2005     99    4000.0       4.5       9.3      0.84      2.00      3.70  -9999.00
     1   2005    100    4400.0       6.3       7.2      0.95      2.00      0.50  -9999.00
     1   2005    101   12500.0      -1.9      10.0      0.53      2.00      0.20  -9999.00
     1   2005    102    3300.0       2.7      10.1      0.74      2.00      0.60  -9999.00
     1   2005    103   16300.0       1.8      12.2      0.70      2.00      0.00  -9999.00
     1   2005    104   16900.0       3.0      14.8      0.76      2.00      0.00  -9999.00
     1   2005    105   17500.0       0.5      10.4      0.63      2.00      0.10  -9999.00
     1   2005    106   20400.0       3.0      12.6      0.76      2.00      6.10  -9999.00
     1   2005    107    3300.0       2.2      11.3      0.72      2.00      0.10  -9999.00
     1   2005    108   18400.0       3.2      13.4      0.77      2.00      0.00  -9999.00
     1   2005    109   12100.0       2.3       8.0      0.72      2.00      0.20  -9999.00
     1   2005    110   18700.0       4.8       8.5      0.86      2.00      4.60  -9999.00
     1   2005    111   20200.0       6.0      19.8      0.93      2.00      0.00  -9999.00
     1   2005    112    9300.0      10.0      17.8      1.23      2.00      0.00  -9999.00
     1   2005    113   20900.0       5.8      17.0      0.92      2.00      0.00  -9999.00
     1   2005    114   20700.0       5.1      15.0      0.88      2.00      0.00  -9999.00
     1   2005    115    7600.0       5.4      11.6      0.90      2.00      2.30  -9999.00
     1   2005    116   19000.0       4.7      13.0      0.85      2.00      3.20  -9999.00
     1   2005    117   20800.0       7.6      14.1      1.04      2.00      0.00  -9999.00
     1   2005    118   14500.0       5.2      10.8      0.88      2.00      0.00  -9999.00
     1   2005    119   18800.0       4.7      18.7      0.85      2.00      0.00  -9999.00
     1   2005    120   20400.0       5.2      18.6      0.88      2.00      0.00  -9999.00
     1   2005    121   16300.0       5.9      19.2      0.93      2.00      0.00  -9999.00
     1   2005    122   20100.0       7.0      14.1      1.00      2.00      3.00  -9999.00
     1   2005    123    8400.0       5.7      11.5      0.92      2.00      5.80  -9999.00
     1   2005    124   14200.0       2.9      12.2      0.75      2.00      2.20  -9999.00
     1   2005    125    4200.0      11.8      14.4      1.38      2.00      0.20  -9999.00
     1   2005    126   24200.0      12.8      17.1      1.48      2.00      0.00  -9999.00
     1   2005    127   18600.0       8.2      13.8      1.09      2.00      9.90  -9999.00
     1   2005    128   24200.0       8.9      15.9      1.14      2.00      0.00  -9999.00
     1   2005    129    9800.0       3.2      16.8      0.77      2.00      0.00  -9999.00
     1   2005    130   23700.0       4.3      20.9      0.83      2.00      0.00  -9999.00
     1   2005    131   22500.0       4.4      13.4      0.84      2.00      0.00  -9999.00
     1   2005    132    4000.0       5.8       7.9      0.92      2.00      3.40  -9999.00
     1   2005    133   23400.0       0.9       9.7      0.65      2.00      8.80  -9999.00
     1   2005    134   24000.0       5.3      11.7      0.89      2.00      1.20  -9999.00
     1   2005    135    8200.0       7.6      12.4      1.04      2.00      2.20  -9999.00
     1   2005    136   27800.0       4.9      11.2      0.87      2.00      0.00  -9999.00
     1   2005    137    5300.0       9.4      17.9      1.18      2.00      0.30  -9999.00
     1   2005    138   25400.0       7.0      16.7      1.00      2.00      0.60  -9999.00
     1   2005    139   19200.0       8.0      17.0      1.07      2.00      0.40  -9999.00
     1   2005    140    8400.0       7.5      16.7      1.04      2.00      0.40  -9999.00
     1   2005    141   11800.0      10.8      18.6      1.29      2.00      0.00  -9999.00
     1   2005    142    5900.0       9.8      16.1      1.21      2.00      0.80  -9999.00
     1   2005    143   25400.0       9.4      17.4      1.18      2.00      0.00  -9999.00
     1   2005    144   13500.0       8.3      17.2      1.09      2.00      0.00  -9999.00
     1   2005    145    9000.0       6.3      17.5      0.95      2.00      0.00  -9999.00
     1   2005    146   10700.0       9.5      18.6      1.19      2.00      0.00  -9999.00
     1   2005    147   21300.0       9.6      19.0      1.20      2.00      0.00  -9999.00
     1   2005    148    6600.0       7.4      16.6      1.03      2.00      0.00  -9999.00
     1   2005    149   19200.0       6.7      14.5      0.98      2.00      2.80  -9999.00
     1   2005    150    8600.0       7.1      13.3      1.01      2.00      0.60  -9999.00
     1   2005    151   17200.0       8.0      18.0      1.07      2.00      1.40  -9999.00
     1   2005    152   10900.0       7.3      15.8      1.02      2.00      0.50  -9999.00
     1   2005    153   20400.0      10.1      17.5      1.24      2.00      8.40  -9999.00
     1   2005    154    8100.0      12.3      17.5      1.43      2.00      0.00  -9999.00
     1   2005    155   24900.0      10.3      19.6      1.25      2.00      0.00  -9999.00
     1   2005    156   16100.0      14.4      18.6      1.64      2.00      0.40  -9999.00
     1   2005    157   28000.0      12.2      21.8      1.42      2.00      0.00  -9999.00
     1   2005    158   26200.0       8.6      22.4      1.12      2.00      0.00  -9999.00
     1   2005    159   24000.0       9.5      21.3      1.19      2.00      0.00  -9999.00
     1   2005    160    6700.0       9.9      19.7      1.22      2.00      0.00  -9999.00
     1   2005    161   17100.0       5.8      16.7      0.92      2.00      0.00  -9999.00
     1   2005    162   25000.0       9.8      18.8      1.21      2.00      0.00  -9999.00
     1   2005    163   22000.0       9.3      17.9      1.17      2.00      0.00  -9999.00
     1   2005    164   24400.0      10.9      17.4      1.30      2.00      0.00  -9999.00
     1   2005    165   11300.0       3.4      16.9      0.78      2.00      0.00  -9999.00
     1   2005    166    4800.0       9.7      16.0      1.20      2.00      0.00  -9999.00
     1   2005    167   29200.0       8.1      18.0      1.08      2.00      0.00  -9999.00
     1   2005    168   27500.0       9.6      19.6      1.20      2.00      0.00  -9999.00
     1   2005    169   29800.0       8.3      21.4      1.09      2.00      0.00  -9999.00
     1   2005    170   28300.0       9.5      20.1      1.19      2.00      0.00  -9999.00
     1   2005    171   27700.0      10.1      15.4      1.24      2.00      0.00  -9999.00
     1   2005    172   14900.0      12.0      19.4      1.40      2.00      0.00  -9999.00
     1   2005    173   20100.0      10.7      24.0      1.29      2.00      0.00  -9999.00
     1   2005    174   27800.0      12.5      22.9      1.45      2.00      2.50  -9999.00
     1   2005    175   27400.0      11.1      21.6      1.32      2.00      0.00  -9999.00
     1   2005    176   25800.0      11.3      20.2      1.34      2.00      0.00  -9999.00
     1   2005    177   28600.0      11.0      19.4      1.31      2.00      0.00  -9999.00
     1   2005    178   24400.0       8.1      20.5      1.08      2.00      0.00  -9999.00
     1   2005    179   29200.0       9.4      18.3      1.18      2.00      0.00  -9999.00
     1   2005    180   28300.0      11.5      18.6      1.36      2.00      0.00  -9999.00
     1   2005    181   29400.0      10.1      19.1      1.24      2.00      0.00  -9999.00
     1   2005    182    9900.0       6.9      20.0      0.99      2.00      0.00  -9999.00
     1   2005    183   24300.0      13.6      26.8      1.56      2.00      0.00  -9999.00
     1   2005    184   26800.0      11.3      29.0      1.34      2.00      0.00  -9999.00
     1   2005    185   24500.0      10.6      17.8      1.28      2.00      0.60  -9999.00
     1   2005    186    4400.0       9.2      16.7      1.16      2.00      0.90  -9999.00
     1   2005    187   28600.0      12.1      20.7      1.41      2.00      0.00  -9999.00
     1   2005    188   11700.0      11.6      16.1      1.37      2.00      1.60  -9999.00
     1   2005    189   14700.0      10.9      21.7      1.30      2.00      0.00  -9999.00
     1   2005    190   10500.0       9.7      18.2      1.20      2.00      0.30  -9999.00
     1   2005    191   14000.0      11.4      20.9      1.35      2.00      0.70  -9999.00
     1   2005    192   20200.0      11.5      18.9      1.36      2.00      0.20  -9999.00
     1   2005    193    4500.0      11.5      17.7      1.36      2.00      8.60  -9999.00
     1   2005    194   14500.0       9.7      19.4      1.20      2.00      0.40  -9999.00
     1   2005    195   24000.0      10.4      18.8      1.26      2.00      7.80  -9999.00
     1   2005    196   26000.0      12.2      18.1      1.42      2.00      1.00  -9999.00
     1   2005    197   22000.0      12.7      20.2      1.47      2.00      9.70  -9999.00
     1   2005    198   15200.0      12.5      21.4      1.45      2.00      0.10  -9999.00
     1   2005    199   19800.0      10.4      18.7      1.26      2.00      0.60  -9999.00
     1   2005    200    4100.0      13.1      21.2      1.51      2.00      0.30  -9999.00
     1   2005    201    7500.0      12.3      21.1      1.43      2.00      2.30  -9999.00
     1   2005    202   20400.0      11.7      23.6      1.37      2.00      0.00  -9999.00
     1   2005    203   28000.0      11.3      22.5      1.34      2.00      0.00  -9999.00
     1   2005    204   25000.0       7.0      22.9      1.00      2.00      0.00  -9999.00
     1   2005    205   13900.0      10.7      18.6      1.29      2.00      3.40  -9999.00
     1   2005    206    4300.0      11.1      18.6      1.32      2.00      0.90  -9999.00
     1   2005    207   25500.0       9.0      15.6      1.15      2.00      0.00  -9999.00
     1   2005    208   26500.0      11.4      21.3      1.35      2.00      0.00  -9999.00
     1   2005    209   24600.0      12.7      22.5      1.47      2.00      0.00  -9999.00
     1   2005    210   26200.0      13.0      23.8      1.50      2.00      0.00  -9999.00
     1   2005    211    5300.0      13.2      22.5      1.52      2.00      0.00  -9999.00
     1   2005    212   24300.0      12.5      22.2      1.45      2.00      0.00  -9999.00
     1   2005    213   25900.0      15.8      25.4      1.79      2.00      0.00  -9999.00
     1   2005    214   19500.0      14.6      23.7      1.66      2.00      0.00  -9999.00
     1   2005    215   19200.0      11.9      23.0      1.39      2.00      0.00  -9999.00
     1   2005    216   23500.0       8.7      20.4      1.12      2.00      0.00  -9999.00
     1   2005    217   23000.0      14.1      21.7      1.61      2.00      0.00  -9999.00
     1   2005    218   22300.0      16.4      24.2      1.86      2.00      0.00  -9999.00
     1   2005    219   23600.0      10.5      19.3      1.27      2.00      9.40  -9999.00
     1   2005    220   12700.0      13.7      20.5      1.57      2.00      3.30  -9999.00
     1   2005    221   14700.0      14.3      22.9      1.63      2.00      5.70  -9999.00
     1   2005    222   19400.0      10.5      23.5      1.27      2.00      0.00  -9999.00
     1   2005    223   24800.0      11.2      20.0      1.33      2.00      0.00  -9999.00
     1   2005    224   12400.0      14.3      20.3      1.63      2.00      1.80  -9999.00
     1   2005    225   18000.0       8.3      21.5      1.09      2.00      0.00  -9999.00
     1   2005    226   19300.0      11.3      21.5      1.34      2.00      0.00  -9999.00
     1   2005    227    8900.0      13.8      21.2      1.58      2.00      7.20  -9999.00
     1   2005    228   14700.0      13.3      22.4      1.53      2.00      0.60  -9999.00
     1   2005    229   22300.0      13.6      22.5      1.56      2.00      0.00  -9999.00
     1   2005    230   21900.0      14.9      23.0      1.69      2.00      0.00  -9999.00
     1   2005    231    7500.0      14.3      25.7      1.63      2.00      0.70  -9999.00
     1   2005    232   18700.0      16.5      28.7      1.88      2.00      2.00  -9999.00
     1   2005    233   22100.0      12.3      24.4      1.43      2.00      0.00  -9999.00
     1   2005    234   18500.0      11.9      28.2      1.39      2.00      4.20  -9999.00
     1   2005    235    9000.0      15.5      22.6      1.76      2.00      1.20  -9999.00
     1   2005    236    4300.0      15.6      24.5      1.77      2.00     14.60  -9999.00
     1   2005    237   10600.0      11.1      17.4      1.32      2.00     17.50  -9999.00
     1   2005    238    4200.0      13.8      17.5      1.58      2.00      0.30  -9999.00
     1   2005    239    5900.0      10.5      19.9      1.27      2.00      0.70  -9999.00
     1   2005    240    5600.0      12.9      20.3      1.49      2.00     11.30  -9999.00
     1   2005    241   10900.0      13.3      19.7      1.53      2.00     15.90  -9999.00
     1   2005    242   17200.0      16.8      19.0      1.91      2.00      7.80  -9999.00
     1   2005    243   18400.0       8.6      20.2      1.12      2.00      0.00  -9999.00
     1   2005    244    9800.0      10.1      19.1      1.24      2.00      0.10  -9999.00
     1   2005    245   11800.0      14.9      22.5      1.69      2.00      2.00  -9999.00
     1   2005    246    9800.0      14.8      20.8      1.68      2.00      0.60  -9999.00
     1   2005    247   13500.0      11.5      17.7      1.36      2.00     38.90  -9999.00
     1   2005    248   18100.0      13.5      20.6      1.55      2.00      0.00  -9999.00
     1   2005    249   15700.0      13.0      19.7      1.50      2.00      0.00  -9999.00
     1   2005    250   18000.0      15.2      16.6      1.73      2.00      0.00  -9999.00
     1   2005    251   14200.0       7.5      20.4      1.04      2.00      0.00  -9999.00
     1   2005    252   16300.0      11.2      17.6      1.33      2.00      0.00  -9999.00
     1   2005    253   17600.0      10.4      23.9      1.26      2.00      0.00  -9999.00
     1   2005    254   14900.0      10.8      18.6      1.29      2.00      0.10  -9999.00
     1   2005    255   15500.0      10.1      17.5      1.24      2.00      2.30  -9999.00
     1   2005    256    3800.0      13.2      17.5      1.52      2.00      0.10  -9999.00
     1   2005    257    4600.0      10.7      16.0      1.29      2.00      0.00  -9999.00
     1   2005    258    2700.0      10.1      18.1      1.24      2.00      0.00  -9999.00
     1   2005    259   12800.0       9.1      16.2      1.16      2.00      0.00  -9999.00
     1   2005    260   12000.0      13.2      16.6      1.52      2.00     12.90  -9999.00
     1   2005    261   12300.0      10.3      19.1      1.25      2.00      0.00  -9999.00
     1   2005    262   13100.0       6.6      24.8      0.97      2.00      0.00  -9999.00
     1   2005    263    2300.0       7.6      14.1      1.04      2.00      0.00  -9999.00
     1   2005    264   10000.0      11.4      16.2      1.35      2.00      5.10  -9999.00
     1   2005    265   10900.0      10.7      16.1      1.29      2.00      9.00  -9999.00
     1   2005    266    4900.0       9.4      15.4      1.18      2.00      0.00  -9999.00
     1   2005    267    5800.0       8.2      19.1      1.09      2.00      0.00  -9999.00
     1   2005    268    2500.0      11.1      18.7      1.32      2.00     11.20  -9999.00
     1   2005    269    9000.0       9.4      18.6      1.18      2.00      0.10  -9999.00
     1   2005    270   12300.0       6.6      18.5      0.97      2.00      0.00  -9999.00
     1   2005    271   11400.0      11.3      17.0      1.34      2.00      0.10  -9999.00
     1   2005    272    6000.0       9.5      15.3      1.19      2.00     18.90  -9999.00
     1   2005    273    8300.0       1.6      16.5      0.69      2.00      0.00  -9999.00
     1   2005    274    4400.0       9.6      16.6      1.20      2.00      0.10  -9999.00
     1   2005    275    5200.0       9.2      15.1      1.16      2.00     13.40  -9999.00
     1   2005    276   12700.0      11.0      15.7      1.31      2.00      6.70  -9999.00
     1   2005    277    5800.0       7.6      16.0      1.04      2.00      5.20  -9999.00
     1   2005    278    4000.0       9.1      13.5      1.16      2.00      0.00  -9999.00
     1   2005    279   11100.0      12.1      16.0      1.41      2.00      0.20  -9999.00
     1   2005    280    8800.0       9.0      18.7      1.15      2.00      0.30  -9999.00
     1   2005    281    1800.0       9.2      14.6      1.16      2.00      1.60  -9999.00
     1   2005    282    2100.0       9.9      14.4      1.22      2.00      0.00  -9999.00
     1   2005    283    6600.0       7.0      14.5      1.00      2.00      0.00  -9999.00
     1   2005    284   11100.0       0.9      13.6      0.65      2.00      1.40  -9999.00
     1   2005    285   11300.0      14.4      18.0      1.64      2.00      8.20  -9999.00
     1   2005    286   11300.0      10.9      19.3      1.30      2.00      0.00  -9999.00
     1   2005    287    2300.0       6.8      14.8      0.99      2.00      0.40  -9999.00
     1   2005    288    1800.0       3.6      12.0      0.79      2.00      4.90  -9999.00
     1   2005    289   10400.0       6.1      14.5      0.94      2.00      0.00  -9999.00
     1   2005    290    6200.0       7.3      15.0      1.02      2.00      0.00  -9999.00
     1   2005    291    2000.0       8.6      15.3      1.12      2.00      0.90  -9999.00
     1   2005    292    6900.0       6.6      17.2      0.97      2.00      0.00  -9999.00
     1   2005    293   10200.0       7.3      13.2      1.02      2.00      8.30  -9999.00
     1   2005    294    7000.0       7.1      14.2      1.01      2.00      2.50  -9999.00
     1   2005    295    3400.0       9.0      15.5      1.15      2.00      2.10  -9999.00
     1   2005    296   10700.0       4.5      15.7      0.84      2.00      0.00  -9999.00
     1   2005    297    4400.0       3.9      12.0      0.81      2.00      7.60  -9999.00
     1   2005    298    6600.0       7.6      11.6      1.04      2.00      1.50  -9999.00
     1   2005    299    7200.0       1.0      10.8      0.66      2.00      0.00  -9999.00
     1   2005    300    8400.0       6.6      11.1      0.97      2.00      9.40  -9999.00
     1   2005    301    1300.0       8.3      16.3      1.09      2.00      0.00  -9999.00
     1   2005    302    6300.0       6.1      15.2      0.94      2.00      0.60  -9999.00
     1   2005    303    1400.0       2.6      10.2      0.74      2.00      0.00  -9999.00
     1   2005    304    7100.0       5.5       6.9      0.90      2.00      0.00  -9999.00
     1   2005    305    1200.0       9.9      15.0      1.22      2.00     17.50  -9999.00
     1   2005    306    1400.0       9.3      12.8      1.17      2.00      0.20  -9999.00
     1   2005    307    3200.0       5.6      12.1      0.91      2.00      5.10  -9999.00
     1   2005    308    2700.0       8.2      10.0      1.09      2.00      0.30  -9999.00
     1   2005    309    4800.0       7.7      13.8      1.05      2.00      2.60  -9999.00
     1   2005    310    4000.0      11.8      13.9      1.38      2.00     19.80  -9999.00
     1   2005    311    1200.0       8.9      16.0      1.14      2.00      1.80  -9999.00
     1   2005    312    2100.0       8.6      15.0      1.12      2.00      0.20  -9999.00
     1   2005    313    1600.0       4.1       9.2      0.82      2.00      0.70  -9999.00
     1   2005    314    1100.0       5.7       7.9      0.92      2.00      5.00  -9999.00
     1   2005    315    2300.0       1.8       7.0      0.70      2.00      0.00  -9999.00
     1   2005    316    1100.0       2.9      11.0      0.75      2.00      0.10  -9999.00
     1   2005    317    1000.0       0.3       8.4      0.62      2.00      0.40  -9999.00
     1   2005    318    5500.0       3.2       7.5      0.77      2.00      0.00  -9999.00
     1   2005    319     900.0       7.0      10.2      1.00      2.00      0.40  -9999.00
     1   2005    320    1200.0       7.8      10.7      1.06      2.00      4.70  -9999.00
     1   2005    321     900.0       4.7      10.6      0.85      2.00      1.60  -9999.00
     1   2005    322    1000.0       3.8       7.1      0.80      2.00      0.00  -9999.00
     1   2005    323     800.0      -0.2       7.0      0.60      2.00      0.00  -9999.00
     1   2005    324    5200.0       0.0       2.7      0.61      2.00      0.00  -9999.00
     1   2005    325     800.0       0.4       7.2      0.63      2.00      3.10  -9999.00
     1   2005    326     800.0       1.7       1.8      0.69      2.00      0.00  -9999.00
     1   2005    327    5300.0      -0.7       4.1      0.58      2.00      0.00  -9999.00
     1   2005    328    5400.0       0.4       4.5      0.63      2.00      0.00  -9999.00
     1   2005    329    3000.0       1.9       7.3      0.70      2.00      0.30  -9999.00
     1   2005    330    3800.0       3.6       9.8      0.79      2.00      0.90  -9999.00
     1   2005    331     800.0       0.1       9.5      0.62      2.00      1.80  -9999.00
     1   2005    332     700.0      -0.5       8.0      0.59      2.00      1.90  -9999.00
     1   2005    333    4800.0       3.1       6.8      0.76      2.00      2.70  -9999.00
     1   2005    334    4900.0       1.6       6.6      0.69      2.00      2.80  -9999.00
     1   2005    335    5100.0      -0.7       6.1      0.58      2.00      0.00  -9999.00
     1   2005    336    2200.0       0.2       6.9      0.62      2.00      9.60  -9999.00
     1   2005    337     700.0       1.0       6.7      0.66      2.00      1.90  -9999.00
     1   2005    338     800.0       0.3       7.3      0.62      2.00      1.20  -9999.00
     1   2005    339    4200.0       1.9       8.7      0.70      2.00      0.00  -9999.00
     1   2005    340     800.0       5.7       7.8      0.92      2.00      5.40  -9999.00
     1   2005    341    4100.0       6.5      10.1      0.97      2.00     21.90  -9999.00
     1   2005    342    3300.0       4.7       7.2      0.85      2.00      0.00  -9999.00
     1   2005    343     700.0       5.7      11.4      0.92      2.00      0.10  -9999.00
     1   2005    344     700.0       5.4      10.3      0.90      2.00      0.20  -9999.00
     1   2005    345    1300.0       2.2      10.2      0.72      2.00      3.20  -9999.00
     1   2005    346    1100.0       2.3      10.3      0.72      2.00      0.20  -9999.00
     1   2005    347     700.0       1.4       9.2      0.68      2.00     21.90  -9999.00
     1   2005    348     700.0      -1.6      11.8      0.54      2.00      2.00  -9999.00
     1   2005    349     700.0       6.0      14.2      0.93      2.00      0.80  -9999.00
     1   2005    350     700.0       4.0      13.9      0.81      2.00     12.70  -9999.00
     1   2005    351     700.0       0.4       6.4      0.63      2.00      2.00  -9999.00
     1   2005    352    3300.0       0.2       7.3      0.62      2.00      0.00  -9999.00
     1   2005    353    1800.0       0.9       4.2      0.65      2.00      0.00  -9999.00
     1   2005    354    1900.0       0.1       3.6      0.62      2.00      0.00  -9999.00
     1   2005    355    3200.0       0.2       4.5      0.62      2.00      0.00  -9999.00
     1   2005    356     700.0       2.6       5.8      0.74      2.00     26.00  -9999.00
     1   2005    357    4000.0      -1.0       5.9      0.57      2.00      0.00  -9999.00
     1   2005    358    4100.0      -5.3       9.4      0.41      2.00      7.60  -9999.00
     1   2005    359     700.0      -0.3       7.9      0.60      2.00      4.40  -9999.00
     1   2005    360    2200.0      -0.6       5.5      0.58      2.00      3.30  -9999.00
     1   2005    361     700.0       1.6       4.8      0.69      2.00      8.70  -9999.00
     1   2005    362    3500.0       0.9       2.9      0.65      2.00      6.60  -9999.00
     1   2005    363    3900.0      -1.9      -1.7      0.53      2.00      0.00  -9999.00
     1   2005    364     600.0      -5.7       4.5      0.40      2.00      0.00  -9999.00
     1   2005    365    4000.0       2.8      10.1      0.75      2.00      0.10  -9999.00
