*-----------------------------------------------------------------------------* 
           WHWG_221.met           52.12    0.96   89.00
* Date created:  08-Aug-2019     Author: K Coleman 
* 
* NIL VALUE       -9999 
* Source:   data provided by M. Semenov 
*  
* Latitude:    52.12 Longitude:     0.96 Altitude:    89.00
* 
* Column  Daily value 
* 1       station number 
* 2       year 
* 3       day 
* 4       irradiation                   (kJ m-2 d-1) 
* 5       minimum temperature           (degrees Celsius) 
* 6       maximum temperature           (degrees Celsius) 
* 7       early morning vapour pressure (kPa)             
* 8       mean wind speed (height: 2 m?) (m s-1)          
* 9       precipitation                 (mm d-1)          
* 10      sunshine                      (hrs)             
 		Jday	RAD	    TMIN	TMAX	 VAP	wind	RAIN	SUN  
               kj/m2	°C	    °C	     kPa	m/s	    mm	    hrs 
   52.12  89.00
     1   2005      1    1300.0       7.0      11.5      1.00      2.00     12.50  -9999.00
     1   2005      2    2400.0       3.4       9.3      0.78      2.00      0.10  -9999.00
     1   2005      3     700.0       1.4       6.3      0.68      2.00      0.20  -9999.00
     1   2005      4    4100.0      -1.5       4.9      0.55      2.00      0.00  -9999.00
     1   2005      5    2000.0      -1.3       7.3      0.56      2.00      0.30  -9999.00
     1   2005      6    2000.0      -3.0       3.7      0.49      2.00      0.00  -9999.00
     1   2005      7    2700.0       1.3       7.5      0.67      2.00      1.00  -9999.00
     1   2005      8     700.0       2.9       9.1      0.75      2.00      0.60  -9999.00
     1   2005      9    4200.0       1.0       8.3      0.66      2.00      0.00  -9999.00
     1   2005     10    4800.0      -0.1       6.5      0.61      2.00      0.00  -9999.00
     1   2005     11    5300.0       1.4       6.5      0.68      2.00      0.00  -9999.00
     1   2005     12    1100.0       2.9       8.0      0.75      2.00      0.10  -9999.00
     1   2005     13     700.0       0.0       6.3      0.61      2.00      3.20  -9999.00
     1   2005     14    1400.0       1.2       2.1      0.67      2.00      0.00  -9999.00
     1   2005     15     700.0       6.7      12.0      0.98      2.00      8.70  -9999.00
     1   2005     16     800.0       2.5      11.4      0.73      2.00      1.90  -9999.00
     1   2005     17    3200.0       4.1      10.1      0.82      2.00      8.00  -9999.00
     1   2005     18     800.0       2.3       9.5      0.72      2.00      5.70  -9999.00
     1   2005     19     800.0       1.8       7.0      0.70      2.00      3.50  -9999.00
     1   2005     20    5300.0       1.1       4.5      0.66      2.00      0.20  -9999.00
     1   2005     21     800.0       5.9       9.0      0.93      2.00      0.20  -9999.00
     1   2005     22     900.0       3.9       7.5      0.81      2.00      0.00  -9999.00
     1   2005     23    4900.0       2.2      10.7      0.72      2.00      1.00  -9999.00
     1   2005     24    1500.0       3.4      10.6      0.78      2.00     13.70  -9999.00
     1   2005     25     900.0       1.2       4.2      0.67      2.00      0.00  -9999.00
     1   2005     26    4100.0       0.8       7.7      0.65      2.00     12.00  -9999.00
     1   2005     27    6100.0       1.0       4.6      0.66      2.00      8.00  -9999.00
     1   2005     28    1400.0       2.3       6.8      0.72      2.00      0.10  -9999.00
     1   2005     29    1200.0       3.7       9.1      0.80      2.00      2.00  -9999.00
     1   2005     30    5900.0       1.2       6.3      0.67      2.00      0.00  -9999.00
     1   2005     31    4300.0      -0.4       8.2      0.59      2.00      0.00  -9999.00
     1   2005     32    2400.0      -2.0       8.0      0.53      2.00      0.70  -9999.00
     1   2005     33    5300.0      -1.5       3.8      0.55      2.00      0.00  -9999.00
     1   2005     34    7000.0      -0.8      -0.5      0.58      2.00      0.00  -9999.00
     1   2005     35    3200.0       3.2      10.0      0.77      2.00      0.80  -9999.00
     1   2005     36    7400.0       0.3      12.6      0.62      2.00      2.40  -9999.00
     1   2005     37    1200.0       1.2       5.5      0.67      2.00      0.00  -9999.00
     1   2005     38    4900.0       3.8       8.6      0.80      2.00      0.30  -9999.00
     1   2005     39    2300.0       9.4       9.8      1.18      2.00      1.80  -9999.00
     1   2005     40    1700.0       5.7      14.1      0.92      2.00      1.80  -9999.00
     1   2005     41    5400.0       0.6       4.1      0.64      2.00      1.80  -9999.00
     1   2005     42    1200.0      -1.7       6.8      0.54      2.00      0.10  -9999.00
     1   2005     43    6900.0      -2.4       4.8      0.51      2.00      1.00  -9999.00
     1   2005     44    2400.0       0.3       1.3      0.62      2.00      7.60  -9999.00
     1   2005     45    8400.0       0.9       6.5      0.65      2.00      0.00  -9999.00
     1   2005     46    3400.0      -0.1       8.3      0.61      2.00      0.00  -9999.00
     1   2005     47    3100.0       4.1       8.3      0.82      2.00      0.00  -9999.00
     1   2005     48    1100.0       3.5       6.2      0.78      2.00      0.00  -9999.00
     1   2005     49    1300.0       2.5       7.1      0.73      2.00      0.70  -9999.00
     1   2005     50    1300.0       3.6       6.9      0.79      2.00     15.60  -9999.00
     1   2005     51    1500.0       3.2       9.7      0.77      2.00      0.80  -9999.00
     1   2005     52    1500.0       5.8      11.5      0.92      2.00      0.00  -9999.00
     1   2005     53    2700.0      -3.9       3.8      0.46      2.00      0.00  -9999.00
     1   2005     54    3000.0      -0.9       6.4      0.57      2.00      0.70  -9999.00
     1   2005     55    1500.0      -1.2       2.6      0.56      2.00      0.00  -9999.00
     1   2005     56    2400.0       2.4       4.7      0.73      2.00      0.10  -9999.00
     1   2005     57    1400.0      -2.8       6.4      0.50      2.00      0.20  -9999.00
     1   2005     58    3900.0      -2.7       7.3      0.50      2.00      1.60  -9999.00
     1   2005     59   10200.0       0.6       7.3      0.64      2.00      0.00  -9999.00
     1   2005     60    2700.0       5.5       7.9      0.90      2.00      1.00  -9999.00
     1   2005     61    5500.0       2.7      11.7      0.74      2.00      0.50  -9999.00
     1   2005     62    2900.0       2.8      15.3      0.75      2.00      0.10  -9999.00
     1   2005     63   11200.0      -0.2       9.9      0.60      2.00      0.10  -9999.00
     1   2005     64    7900.0       0.8       7.3      0.65      2.00      0.00  -9999.00
     1   2005     65   10100.0       1.0       8.7      0.66      2.00      3.60  -9999.00
     1   2005     66    3600.0      -0.3      11.7      0.60      2.00      0.00  -9999.00
     1   2005     67    2000.0       4.0       8.6      0.81      2.00      0.00  -9999.00
     1   2005     68    3500.0       1.9       6.0      0.70      2.00      1.00  -9999.00
     1   2005     69   11700.0      -4.9       2.2      0.42      2.00      0.60  -9999.00
     1   2005     70    3000.0       0.2       3.4      0.62      2.00      0.00  -9999.00
     1   2005     71   12600.0       1.2       2.3      0.67      2.00      0.00  -9999.00
     1   2005     72    2000.0       1.3       3.8      0.67      2.00      3.80  -9999.00
     1   2005     73    4500.0       5.5      11.7      0.90      2.00      4.80  -9999.00
     1   2005     74    3200.0       6.0      15.2      0.93      2.00      0.00  -9999.00
     1   2005     75    4400.0      -0.5       3.9      0.59      2.00      0.00  -9999.00
     1   2005     76    2300.0       1.2       6.7      0.67      2.00      3.10  -9999.00
     1   2005     77    8800.0       1.1      11.8      0.66      2.00      0.00  -9999.00
     1   2005     78    3100.0      -2.8       9.8      0.50      2.00      0.00  -9999.00
     1   2005     79    7500.0       5.7      10.6      0.92      2.00      1.80  -9999.00
     1   2005     80   13800.0       3.2      12.9      0.77      2.00      0.00  -9999.00
     1   2005     81    6000.0       0.8      10.9      0.65      2.00      1.40  -9999.00
     1   2005     82    2400.0       3.6      11.7      0.79      2.00      0.80  -9999.00
     1   2005     83    8800.0       2.2      13.5      0.72      2.00      0.00  -9999.00
     1   2005     84   10700.0       1.4      19.3      0.68      2.00      0.00  -9999.00
     1   2005     85    5200.0       3.6      14.7      0.79      2.00      1.10  -9999.00
     1   2005     86   12000.0       8.1      13.6      1.08      2.00      1.00  -9999.00
     1   2005     87   10800.0       6.7      12.8      0.98      2.00      0.00  -9999.00
     1   2005     88    2500.0       5.8      11.6      0.92      2.00      0.50  -9999.00
     1   2005     89   15900.0       5.1      14.8      0.88      2.00      1.80  -9999.00
     1   2005     90    5700.0       5.5      15.1      0.90      2.00      0.40  -9999.00
     1   2005     91   11300.0       1.6       8.9      0.69      2.00      4.60  -9999.00
     1   2005     92    3600.0       4.8       7.7      0.86      2.00      5.40  -9999.00
     1   2005     93   13300.0       2.5       9.4      0.73      2.00      0.00  -9999.00
     1   2005     94   18000.0       1.9       8.5      0.70      2.00      0.00  -9999.00
     1   2005     95   19200.0       5.1      14.8      0.88      2.00      0.00  -9999.00
     1   2005     96    4600.0       2.6      20.9      0.74      2.00      0.00  -9999.00
     1   2005     97    7400.0       5.1      14.3      0.88      2.00      0.00  -9999.00
     1   2005     98   16200.0       3.5      12.6      0.78      2.00      0.00  -9999.00
     1   2005     99    8400.0       2.9      10.7      0.75      2.00      1.10  -9999.00
     1   2005    100   12500.0       4.4       8.4      0.84      2.00      0.90  -9999.00
     1   2005    101   20700.0       4.5      16.4      0.84      2.00      0.00  -9999.00
     1   2005    102    4100.0       8.6      15.0      1.12      2.00      6.40  -9999.00
     1   2005    103    7800.0       1.5       7.0      0.68      2.00      0.40  -9999.00
     1   2005    104   20700.0       4.5       8.6      0.84      2.00      0.00  -9999.00
     1   2005    105   16100.0       3.2       7.4      0.77      2.00      0.00  -9999.00
     1   2005    106   16500.0       2.8       8.4      0.75      2.00      0.00  -9999.00
     1   2005    107    8800.0       3.9      12.1      0.81      2.00      0.00  -9999.00
     1   2005    108   11100.0       5.2      13.0      0.88      2.00      0.00  -9999.00
     1   2005    109   11300.0       4.5      10.1      0.84      2.00      6.90  -9999.00
     1   2005    110   15300.0       6.1       7.5      0.94      2.00      2.20  -9999.00
     1   2005    111   19000.0       5.8      17.4      0.92      2.00      0.00  -9999.00
     1   2005    112   20200.0       7.5      15.4      1.04      2.00      0.00  -9999.00
     1   2005    113   11900.0       5.0      11.3      0.87      2.00     21.60  -9999.00
     1   2005    114    9300.0       3.7      12.7      0.80      2.00      0.00  -9999.00
     1   2005    115    8900.0       5.4      16.0      0.90      2.00      0.00  -9999.00
     1   2005    116   17500.0       1.8      15.7      0.70      2.00      6.40  -9999.00
     1   2005    117    4800.0       5.3      18.7      0.89      2.00      1.40  -9999.00
     1   2005    118   17400.0       4.6      15.7      0.85      2.00      0.60  -9999.00
     1   2005    119    3800.0       3.7      13.4      0.80      2.00      0.30  -9999.00
     1   2005    120    9700.0       7.2      11.2      1.02      2.00      2.70  -9999.00
     1   2005    121   22900.0       4.3      10.9      0.83      2.00      0.20  -9999.00
     1   2005    122   19100.0       7.6      14.5      1.04      2.00      0.00  -9999.00
     1   2005    123    7400.0       4.9      13.6      0.87      2.00      0.00  -9999.00
     1   2005    124    9900.0       6.6      15.5      0.97      2.00      0.00  -9999.00
     1   2005    125   23400.0      10.7      17.0      1.29      2.00      0.00  -9999.00
     1   2005    126    4000.0       7.0      15.2      1.00      2.00      5.40  -9999.00
     1   2005    127    9200.0       8.9      24.5      1.14      2.00      0.00  -9999.00
     1   2005    128   11100.0       5.5      15.4      0.90      2.00     10.10  -9999.00
     1   2005    129   10100.0       3.4      13.3      0.78      2.00      4.20  -9999.00
     1   2005    130   17800.0       4.3      15.6      0.83      2.00      0.00  -9999.00
     1   2005    131    8100.0       5.6      11.5      0.91      2.00      0.70  -9999.00
     1   2005    132    4200.0       6.4      11.5      0.96      2.00      0.80  -9999.00
     1   2005    133   24400.0       6.9      16.1      0.99      2.00      0.00  -9999.00
     1   2005    134    4300.0       9.0      16.4      1.15      2.00      5.60  -9999.00
     1   2005    135    4300.0       9.2      14.4      1.16      2.00      1.70  -9999.00
     1   2005    136   22100.0      10.1      20.1      1.24      2.00      0.00  -9999.00
     1   2005    137   21400.0      12.5      18.3      1.45      2.00      0.00  -9999.00
     1   2005    138   17700.0       8.1      20.8      1.08      2.00      0.00  -9999.00
     1   2005    139    4900.0       2.3      13.5      0.72      2.00      0.50  -9999.00
     1   2005    140   27500.0       6.8      15.3      0.99      2.00      0.00  -9999.00
     1   2005    141    8200.0       9.7      17.8      1.20      2.00      0.00  -9999.00
     1   2005    142   22000.0      10.6      14.5      1.28      2.00      0.00  -9999.00
     1   2005    143   17600.0       9.1      14.2      1.16      2.00      0.50  -9999.00
     1   2005    144    6800.0       8.8      13.9      1.13      2.00      4.70  -9999.00
     1   2005    145    5600.0       8.2      17.5      1.09      2.00     13.60  -9999.00
     1   2005    146    4400.0       5.4      15.3      0.90      2.00      9.90  -9999.00
     1   2005    147   13700.0       7.6      13.5      1.04      2.00      3.40  -9999.00
     1   2005    148    9700.0       2.4      12.8      0.73      2.00      0.30  -9999.00
     1   2005    149   28000.0       9.9      18.5      1.22      2.00      0.00  -9999.00
     1   2005    150   17300.0       8.7      17.9      1.12      2.00      0.00  -9999.00
     1   2005    151   28900.0      11.5      20.6      1.36      2.00      0.00  -9999.00
     1   2005    152   10800.0       9.0      20.1      1.15      2.00      0.00  -9999.00
     1   2005    153   19700.0       9.0      24.0      1.15      2.00      0.00  -9999.00
     1   2005    154   27700.0       8.5      23.3      1.11      2.00      0.00  -9999.00
     1   2005    155    8700.0      10.2      14.6      1.24      2.00      0.40  -9999.00
     1   2005    156   13200.0      13.1      15.1      1.51      2.00      6.30  -9999.00
     1   2005    157   28600.0       9.8      17.0      1.21      2.00      0.00  -9999.00
     1   2005    158   25600.0      10.7      18.6      1.29      2.00      0.00  -9999.00
     1   2005    159   29300.0      10.2      17.2      1.24      2.00      0.00  -9999.00
     1   2005    160    4800.0      13.8      18.3      1.58      2.00      0.00  -9999.00
     1   2005    161    5700.0      12.9      23.8      1.49      2.00      0.00  -9999.00
     1   2005    162   29100.0      15.2      23.7      1.73      2.00      0.00  -9999.00
     1   2005    163   25800.0       8.2      21.9      1.09      2.00      0.00  -9999.00
     1   2005    164   29400.0      10.6      19.6      1.28      2.00      0.00  -9999.00
     1   2005    165   15700.0       7.0      17.9      1.00      2.00      0.00  -9999.00
     1   2005    166   18800.0      10.3      17.3      1.25      2.00      7.10  -9999.00
     1   2005    167   13600.0       9.1      20.6      1.16      2.00      0.00  -9999.00
     1   2005    168   20600.0       7.9      21.9      1.07      2.00      2.00  -9999.00
     1   2005    169   11100.0      10.4      16.5      1.26      2.00      8.10  -9999.00
     1   2005    170   25200.0       8.7      21.3      1.12      2.00      0.00  -9999.00
     1   2005    171   14500.0       7.3      21.1      1.02      2.00      0.00  -9999.00
     1   2005    172   13700.0       8.0      19.4      1.07      2.00      0.00  -9999.00
     1   2005    173    4500.0      10.7      16.9      1.29      2.00      2.20  -9999.00
     1   2005    174   24100.0       9.7      17.9      1.20      2.00      3.20  -9999.00
     1   2005    175   29700.0      11.2      23.7      1.33      2.00      0.00  -9999.00
     1   2005    176   21500.0      11.3      23.7      1.34      2.00      0.00  -9999.00
     1   2005    177   21400.0      11.8      19.3      1.38      2.00      0.00  -9999.00
     1   2005    178   22400.0      11.0      20.8      1.31      2.00      0.00  -9999.00
     1   2005    179    9000.0      13.3      22.3      1.53      2.00      0.00  -9999.00
     1   2005    180   28400.0      12.1      22.8      1.41      2.00      0.00  -9999.00
     1   2005    181   29900.0      13.4      21.2      1.54      2.00      0.00  -9999.00
     1   2005    182   27000.0      11.1      23.0      1.32      2.00      0.00  -9999.00
     1   2005    183   24700.0      17.7      25.3      2.02      2.00      0.00  -9999.00
     1   2005    184    6700.0      13.7      24.0      1.57      2.00      0.00  -9999.00
     1   2005    185   11900.0      14.9      21.3      1.69      2.00     11.70  -9999.00
     1   2005    186   27200.0      10.6      29.8      1.28      2.00      0.00  -9999.00
     1   2005    187   29600.0      12.6      21.9      1.46      2.00      0.00  -9999.00
     1   2005    188   29700.0      11.6      21.8      1.37      2.00      0.00  -9999.00
     1   2005    189    5300.0       8.9      17.1      1.14      2.00      1.00  -9999.00
     1   2005    190   29600.0      11.1      18.0      1.32      2.00      0.00  -9999.00
     1   2005    191   20200.0       9.4      21.2      1.18      2.00      0.00  -9999.00
     1   2005    192   10100.0      12.5      15.9      1.45      2.00      1.00  -9999.00
     1   2005    193   22000.0      11.5      18.4      1.36      2.00      2.00  -9999.00
     1   2005    194   20200.0      11.4      20.1      1.35      2.00      2.70  -9999.00
     1   2005    195   24000.0      12.7      19.5      1.47      2.00      0.20  -9999.00
     1   2005    196   15200.0      11.8      21.4      1.38      2.00      0.10  -9999.00
     1   2005    197   18800.0      12.9      19.3      1.49      2.00      0.10  -9999.00
     1   2005    198   26900.0      18.8      24.4      2.17      2.00      0.00  -9999.00
     1   2005    199   23100.0      12.4      23.7      1.44      2.00      0.00  -9999.00
     1   2005    200   27300.0      14.6      22.5      1.66      2.00      0.00  -9999.00
     1   2005    201    5900.0      11.6      20.1      1.37      2.00     12.70  -9999.00
     1   2005    202    6600.0      12.0      23.0      1.40      2.00      0.00  -9999.00
     1   2005    203   16100.0      13.2      24.1      1.52      2.00      0.00  -9999.00
     1   2005    204   21500.0      11.0      21.2      1.31      2.00      0.10  -9999.00
     1   2005    205   13400.0      10.2      20.7      1.24      2.00      0.00  -9999.00
     1   2005    206   22200.0      11.5      22.9      1.36      2.00      0.00  -9999.00
     1   2005    207   20200.0      10.5      21.0      1.27      2.00      0.00  -9999.00
     1   2005    208    5400.0      11.0      20.4      1.31      2.00     10.20  -9999.00
     1   2005    209   21200.0      13.6      20.6      1.56      2.00      0.90  -9999.00
     1   2005    210   27700.0      13.4      25.4      1.54      2.00      0.00  -9999.00
     1   2005    211   26300.0      12.0      21.0      1.40      2.00      0.00  -9999.00
     1   2005    212   13700.0      15.2      16.0      1.73      2.00      6.10  -9999.00
     1   2005    213    6400.0      12.1      22.2      1.41      2.00      0.20  -9999.00
     1   2005    214    4200.0      12.9      27.4      1.49      2.00      1.70  -9999.00
     1   2005    215   15400.0      12.7      18.6      1.47      2.00      0.20  -9999.00
     1   2005    216    6000.0       8.4      20.0      1.10      2.00      1.50  -9999.00
     1   2005    217   22700.0      12.3      17.5      1.43      2.00      0.60  -9999.00
     1   2005    218   16200.0      13.5      22.3      1.55      2.00      0.00  -9999.00
     1   2005    219   17600.0      13.0      21.7      1.50      2.00      0.00  -9999.00
     1   2005    220   23100.0      11.1      20.4      1.32      2.00      2.50  -9999.00
     1   2005    221   14700.0      10.9      20.4      1.30      2.00      0.70  -9999.00
     1   2005    222   17900.0       5.0      21.0      0.87      2.00      0.00  -9999.00
     1   2005    223   18200.0      13.3      19.8      1.53      2.00      1.00  -9999.00
     1   2005    224   17000.0       9.9      20.0      1.22      2.00      0.50  -9999.00
     1   2005    225    7800.0      13.5      20.9      1.55      2.00      1.00  -9999.00
     1   2005    226   19600.0      13.3      21.9      1.53      2.00      0.00  -9999.00
     1   2005    227   18700.0      17.4      23.7      1.99      2.00      1.00  -9999.00
     1   2005    228   10500.0      15.6      24.5      1.77      2.00      1.80  -9999.00
     1   2005    229   23500.0       9.7      21.7      1.20      2.00      0.00  -9999.00
     1   2005    230   15800.0      13.6      23.0      1.56      2.00      0.00  -9999.00
     1   2005    231   16000.0      13.5      21.9      1.55      2.00      0.00  -9999.00
     1   2005    232   16200.0       9.9      18.9      1.22      2.00      0.20  -9999.00
     1   2005    233   12800.0      11.9      21.5      1.39      2.00      0.00  -9999.00
     1   2005    234   22200.0      11.7      20.8      1.37      2.00      0.00  -9999.00
     1   2005    235   17400.0      10.9      22.1      1.30      2.00      0.00  -9999.00
     1   2005    236   22200.0       9.1      22.3      1.16      2.00      0.00  -9999.00
     1   2005    237   18600.0      15.6      24.2      1.77      2.00     13.00  -9999.00
     1   2005    238   20500.0      12.8      21.3      1.48      2.00      0.50  -9999.00
     1   2005    239   23700.0      14.2      23.5      1.62      2.00      0.00  -9999.00
     1   2005    240    9900.0      11.1      19.3      1.32      2.00      1.80  -9999.00
     1   2005    241   17300.0      11.3      21.4      1.34      2.00      0.00  -9999.00
     1   2005    242   12800.0      13.1      19.8      1.51      2.00      0.00  -9999.00
     1   2005    243   11600.0      13.0      24.4      1.50      2.00      0.00  -9999.00
     1   2005    244   16200.0      15.2      22.8      1.73      2.00      0.00  -9999.00
     1   2005    245   12500.0      12.6      26.0      1.46      2.00      0.00  -9999.00
     1   2005    246   16200.0      11.7      23.2      1.37      2.00      0.00  -9999.00
     1   2005    247   14500.0      10.4      18.1      1.26      2.00      2.40  -9999.00
     1   2005    248   16100.0       8.6      17.7      1.12      2.00      0.00  -9999.00
     1   2005    249   15000.0       7.5      17.0      1.04      2.00      0.00  -9999.00
     1   2005    250   15200.0       6.7      17.0      0.98      2.00      0.00  -9999.00
     1   2005    251    6400.0      10.8      18.2      1.29      2.00      0.00  -9999.00
     1   2005    252   15400.0       5.8      16.0      0.92      2.00      0.00  -9999.00
     1   2005    253   15600.0       5.9      18.9      0.93      2.00      0.00  -9999.00
     1   2005    254    5000.0       8.8      19.3      1.13      2.00      0.00  -9999.00
     1   2005    255   16400.0      13.6      17.4      1.56      2.00      5.50  -9999.00
     1   2005    256   13000.0      11.3      12.2      1.34      2.00      0.10  -9999.00
     1   2005    257    7400.0      11.2      15.3      1.33      2.00      0.10  -9999.00
     1   2005    258    8000.0       9.2      17.2      1.16      2.00      0.00  -9999.00
     1   2005    259   16600.0      11.1      19.4      1.32      2.00      0.10  -9999.00
     1   2005    260    7100.0      11.3      20.8      1.34      2.00      4.40  -9999.00
     1   2005    261    2400.0       7.6      19.3      1.04      2.00      0.00  -9999.00
     1   2005    262    5700.0      10.7      24.7      1.29      2.00      6.10  -9999.00
     1   2005    263   10300.0      15.5      20.5      1.76      2.00      0.10  -9999.00
     1   2005    264   12700.0      10.7      18.7      1.29      2.00      0.10  -9999.00
     1   2005    265    8400.0       8.8      15.4      1.13      2.00      0.00  -9999.00
     1   2005    266   10600.0       9.0      16.8      1.15      2.00      0.30  -9999.00
     1   2005    267   14800.0       9.7      20.7      1.20      2.00      0.00  -9999.00
     1   2005    268    2500.0      10.8      19.7      1.29      2.00      0.10  -9999.00
     1   2005    269    7900.0      11.1      17.9      1.32      2.00      0.10  -9999.00
     1   2005    270    9400.0       6.5      16.2      0.97      2.00      0.70  -9999.00
     1   2005    271    2200.0       3.6      16.0      0.79      2.00      0.10  -9999.00
     1   2005    272    8800.0       6.1      13.8      0.94      2.00      0.00  -9999.00
     1   2005    273    5400.0      13.3      20.1      1.53      2.00      0.00  -9999.00
     1   2005    274    5200.0      11.3      16.7      1.34      2.00      6.40  -9999.00
     1   2005    275    2100.0       8.4      14.4      1.10      2.00      0.80  -9999.00
     1   2005    276   10600.0      11.5      12.9      1.36      2.00      0.00  -9999.00
     1   2005    277    4900.0       5.7      12.7      0.92      2.00      0.00  -9999.00
     1   2005    278    1800.0       7.8      12.2      1.06      2.00      0.00  -9999.00
     1   2005    279   11400.0       8.8      17.5      1.13      2.00      0.00  -9999.00
     1   2005    280    3100.0       7.7      18.6      1.05      2.00      0.00  -9999.00
     1   2005    281    8000.0       6.9      12.3      0.99      2.00      0.00  -9999.00
     1   2005    282    4400.0       6.9      12.9      0.99      2.00      0.00  -9999.00
     1   2005    283    2100.0       8.1      15.0      1.08      2.00      8.60  -9999.00
     1   2005    284    1900.0       8.6      16.3      1.12      2.00      6.60  -9999.00
     1   2005    285    7000.0       7.5      13.8      1.04      2.00      0.00  -9999.00
     1   2005    286    5700.0       3.8      12.7      0.80      2.00      0.10  -9999.00
     1   2005    287    3000.0       7.7      15.6      1.05      2.00      0.20  -9999.00
     1   2005    288    5500.0       5.8      16.3      0.92      2.00      0.00  -9999.00
     1   2005    289    9800.0       7.9      13.8      1.07      2.00      8.10  -9999.00
     1   2005    290   11600.0       5.4      13.0      0.90      2.00      0.00  -9999.00
     1   2005    291    2100.0       6.9      14.1      0.99      2.00      2.40  -9999.00
     1   2005    292    1500.0       6.8      12.5      0.99      2.00     10.50  -9999.00
     1   2005    293    9800.0       8.2      12.3      1.09      2.00      3.90  -9999.00
     1   2005    294    7100.0       7.6      13.3      1.04      2.00      0.20  -9999.00
     1   2005    295    3900.0      10.0      13.7      1.23      2.00     13.90  -9999.00
     1   2005    296    9600.0       7.3      15.0      1.02      2.00      0.00  -9999.00
     1   2005    297    3600.0       9.8      13.4      1.21      2.00      1.10  -9999.00
     1   2005    298    4900.0       6.9      14.9      0.99      2.00      0.10  -9999.00
     1   2005    299    5000.0       2.4       9.3      0.73      2.00      0.00  -9999.00
     1   2005    300    7500.0       2.8      11.0      0.75      2.00      1.70  -9999.00
     1   2005    301    5900.0       9.2      13.9      1.16      2.00      0.40  -9999.00
     1   2005    302    1500.0       9.4      14.4      1.18      2.00      2.20  -9999.00
     1   2005    303    5800.0       5.5      11.3      0.90      2.00      0.00  -9999.00
     1   2005    304    5500.0       4.7      13.0      0.85      2.00      0.00  -9999.00
     1   2005    305    4500.0       8.6      13.3      1.12      2.00      0.00  -9999.00
     1   2005    306    5600.0       7.2      10.7      1.02      2.00      0.00  -9999.00
     1   2005    307    7200.0       5.0       8.9      0.87      2.00      0.00  -9999.00
     1   2005    308    2700.0       6.0      10.2      0.93      2.00      1.70  -9999.00
     1   2005    309    7100.0       4.0      11.1      0.81      2.00      0.00  -9999.00
     1   2005    310    2300.0       1.6      13.1      0.69      2.00     16.20  -9999.00
     1   2005    311    1100.0       6.1      10.5      0.94      2.00      0.20  -9999.00
     1   2005    312    3700.0       6.5       8.0      0.97      2.00      5.40  -9999.00
     1   2005    313    4100.0       4.0       9.5      0.81      2.00      0.00  -9999.00
     1   2005    314     900.0       7.8      10.3      1.06      2.00      0.00  -9999.00
     1   2005    315    1100.0       6.9       8.6      0.99      2.00      0.00  -9999.00
     1   2005    316    5000.0       7.7      11.8      1.05      2.00      0.10  -9999.00
     1   2005    317     800.0       2.2       9.0      0.72      2.00      1.10  -9999.00
     1   2005    318    5800.0       3.4       5.4      0.78      2.00      0.00  -9999.00
     1   2005    319    6200.0       6.6      15.5      0.97      2.00      0.40  -9999.00
     1   2005    320     900.0       6.3      12.3      0.95      2.00      7.50  -9999.00
     1   2005    321    1100.0       4.5       8.9      0.84      2.00      2.20  -9999.00
     1   2005    322    1700.0       2.9       7.5      0.75      2.00      0.00  -9999.00
     1   2005    323    3800.0       4.4      10.8      0.84      2.00     13.70  -9999.00
     1   2005    324     800.0      -0.2      11.9      0.60      2.00      1.10  -9999.00
     1   2005    325     900.0       6.7      10.6      0.98      2.00      0.00  -9999.00
     1   2005    326    2600.0       8.9      10.9      1.14      2.00      0.10  -9999.00
     1   2005    327     800.0       4.9      14.1      0.87      2.00      0.10  -9999.00
     1   2005    328     900.0       3.7      12.5      0.80      2.00      5.30  -9999.00
     1   2005    329     800.0       7.0       9.3      1.00      2.00      1.30  -9999.00
     1   2005    330     800.0       7.1       9.1      1.01      2.00      0.10  -9999.00
     1   2005    331    2500.0       5.7       9.7      0.92      2.00      0.60  -9999.00
     1   2005    332    3000.0       6.2      11.4      0.95      2.00      1.10  -9999.00
     1   2005    333    3000.0       2.9      10.7      0.75      2.00      4.60  -9999.00
     1   2005    334    2100.0      -0.2      10.3      0.60      2.00      7.20  -9999.00
     1   2005    335     700.0       4.3       8.7      0.83      2.00      2.10  -9999.00
     1   2005    336     900.0       3.1       9.5      0.76      2.00      0.60  -9999.00
     1   2005    337    4400.0       3.5       9.0      0.78      2.00      2.90  -9999.00
     1   2005    338    3400.0       6.5       8.9      0.97      2.00      0.30  -9999.00
     1   2005    339    4400.0       5.8      10.2      0.92      2.00     14.20  -9999.00
     1   2005    340     700.0       3.6      11.2      0.79      2.00      1.40  -9999.00
     1   2005    341    4200.0      -0.1       4.9      0.61      2.00      0.00  -9999.00
     1   2005    342    4300.0       0.9       6.0      0.65      2.00      0.00  -9999.00
     1   2005    343    2700.0      -1.4       4.7      0.55      2.00      0.00  -9999.00
     1   2005    344    4100.0       1.2       3.1      0.67      2.00      0.00  -9999.00
     1   2005    345     700.0      -0.8       7.4      0.58      2.00      0.30  -9999.00
     1   2005    346    3200.0      -1.0       5.3      0.57      2.00      0.00  -9999.00
     1   2005    347     600.0      -3.3       4.5      0.48      2.00      0.00  -9999.00
     1   2005    348    2200.0       0.0       5.0      0.61      2.00      0.00  -9999.00
     1   2005    349    2200.0       2.5       6.8      0.73      2.00      1.20  -9999.00
     1   2005    350     800.0       0.5       8.4      0.63      2.00      6.70  -9999.00
     1   2005    351    3700.0      -2.5       3.1      0.51      2.00      8.50  -9999.00
     1   2005    352     700.0      -0.3       0.5      0.60      2.00      2.80  -9999.00
     1   2005    353    2200.0       7.3      10.1      1.02      2.00     21.90  -9999.00
     1   2005    354    3900.0       6.4      10.9      0.96      2.00      8.70  -9999.00
     1   2005    355    1200.0       2.9       5.9      0.75      2.00      0.00  -9999.00
     1   2005    356    1200.0       3.7       8.2      0.80      2.00      4.90  -9999.00
     1   2005    357    3900.0      -0.8       5.2      0.58      2.00      0.00  -9999.00
     1   2005    358     600.0      -0.5       6.9      0.59      2.00      0.00  -9999.00
     1   2005    359    1500.0      -1.1       3.0      0.56      2.00      0.20  -9999.00
     1   2005    360    1900.0       0.6       5.4      0.64      2.00      8.50  -9999.00
     1   2005    361     700.0       0.4       8.2      0.63      2.00      2.90  -9999.00
     1   2005    362    2000.0       1.8       7.0      0.70      2.00      2.80  -9999.00
     1   2005    363    2800.0       1.2       6.6      0.67      2.00      7.10  -9999.00
     1   2005    364     700.0       1.7       6.1      0.69      2.00      0.70  -9999.00
     1   2005    365     700.0      -7.2       4.5      0.36      2.00      3.40  -9999.00
