*-----------------------------------------------------------------------------* 
           WHWG_150.met           52.12    0.96   89.00
* Date created:  08-Aug-2019     Author: K Coleman 
* 
* NIL VALUE       -9999 
* Source:   data provided by M. Semenov 
*  
* Latitude:    52.12 Longitude:     0.96 Altitude:    89.00
* 
* Column  Daily value 
* 1       station number 
* 2       year 
* 3       day 
* 4       irradiation                   (kJ m-2 d-1) 
* 5       minimum temperature           (degrees Celsius) 
* 6       maximum temperature           (degrees Celsius) 
* 7       early morning vapour pressure (kPa)             
* 8       mean wind speed (height: 2 m?) (m s-1)          
* 9       precipitation                 (mm d-1)          
* 10      sunshine                      (hrs)             
 		Jday	RAD	    TMIN	TMAX	 VAP	wind	RAIN	SUN  
               kj/m2	°C	    °C	     kPa	m/s	    mm	    hrs 
   52.12  89.00
     1   2005      1     700.0      -3.0       9.5      0.49      2.00      0.70  -9999.00
     1   2005      2     700.0       3.6       9.1      0.79      2.00      0.20  -9999.00
     1   2005      3     700.0       0.2      10.9      0.62      2.00      0.20  -9999.00
     1   2005      4    2300.0      -2.2       5.9      0.52      2.00      0.10  -9999.00
     1   2005      5    2900.0       0.9       3.3      0.65      2.00      0.60  -9999.00
     1   2005      6     700.0       3.4      11.8      0.78      2.00      1.20  -9999.00
     1   2005      7     700.0       4.2      12.9      0.82      2.00      0.30  -9999.00
     1   2005      8    4900.0       1.4       8.6      0.68      2.00      1.60  -9999.00
     1   2005      9     800.0      -0.6       6.5      0.58      2.00      0.00  -9999.00
     1   2005     10    4800.0       2.6       8.8      0.74      2.00      0.00  -9999.00
     1   2005     11    4900.0       0.8       8.6      0.65      2.00      0.00  -9999.00
     1   2005     12     700.0       0.6       7.6      0.64      2.00      0.10  -9999.00
     1   2005     13     800.0      -1.1       6.7      0.56      2.00      2.70  -9999.00
     1   2005     14     800.0      -0.7       6.5      0.58      2.00      0.00  -9999.00
     1   2005     15     700.0      -1.6       9.6      0.54      2.00      3.90  -9999.00
     1   2005     16    1000.0      -0.2       8.6      0.60      2.00      0.10  -9999.00
     1   2005     17     800.0       1.9       8.0      0.70      2.00      0.10  -9999.00
     1   2005     18    4600.0       1.6       6.7      0.69      2.00      3.80  -9999.00
     1   2005     19    1900.0       5.7       6.4      0.92      2.00      0.10  -9999.00
     1   2005     20    3500.0      -4.5       5.6      0.44      2.00      4.00  -9999.00
     1   2005     21    1000.0       0.3       4.1      0.62      2.00      0.00  -9999.00
     1   2005     22     800.0       5.1       8.4      0.88      2.00      0.10  -9999.00
     1   2005     23    1000.0       3.3      10.2      0.77      2.00      0.10  -9999.00
     1   2005     24     900.0       1.2       6.1      0.67      2.00      0.10  -9999.00
     1   2005     25    5300.0       1.6       4.2      0.69      2.00      0.00  -9999.00
     1   2005     26    5500.0      -0.5       0.3      0.59      2.00      1.00  -9999.00
     1   2005     27    4100.0      -0.7       1.4      0.58      2.00     19.00  -9999.00
     1   2005     28     900.0       3.1       6.4      0.76      2.00      0.10  -9999.00
     1   2005     29    1000.0       5.9       7.9      0.93      2.00      0.00  -9999.00
     1   2005     30    3600.0       4.5       7.2      0.84      2.00      7.30  -9999.00
     1   2005     31    3700.0       0.3       6.1      0.62      2.00      0.00  -9999.00
     1   2005     32    4000.0      -0.3       6.7      0.60      2.00      0.00  -9999.00
     1   2005     33    3900.0       3.3       7.9      0.77      2.00      0.10  -9999.00
     1   2005     34    3100.0       5.2      11.5      0.88      2.00      1.70  -9999.00
     1   2005     35    2000.0       1.4      11.6      0.68      2.00     21.90  -9999.00
     1   2005     36    1000.0       1.4       8.6      0.68      2.00      4.80  -9999.00
     1   2005     37    1000.0       4.2       7.0      0.82      2.00      0.30  -9999.00
     1   2005     38    7200.0       3.6       9.8      0.79      2.00      0.00  -9999.00
     1   2005     39    5800.0       2.6       8.5      0.74      2.00      0.00  -9999.00
     1   2005     40    1700.0       3.6      11.9      0.79      2.00      0.30  -9999.00
     1   2005     41    7700.0       6.8       9.5      0.99      2.00      1.90  -9999.00
     1   2005     42    1500.0       0.6       7.6      0.64      2.00      0.10  -9999.00
     1   2005     43    7200.0       3.9       9.3      0.81      2.00      3.50  -9999.00
     1   2005     44    5000.0       3.2       9.7      0.77      2.00      3.00  -9999.00
     1   2005     45    1300.0       5.0      12.4      0.87      2.00      0.90  -9999.00
     1   2005     46    5300.0       1.2       9.3      0.67      2.00      1.60  -9999.00
     1   2005     47    9300.0       3.5       6.6      0.78      2.00      0.00  -9999.00
     1   2005     48    1300.0       0.1       6.4      0.62      2.00      4.30  -9999.00
     1   2005     49    2900.0       0.4       7.4      0.63      2.00      0.20  -9999.00
     1   2005     50    7900.0       0.0       4.6      0.61      2.00      1.80  -9999.00
     1   2005     51    1500.0      -2.3       6.3      0.52      2.00      3.80  -9999.00
     1   2005     52    1300.0      -1.9       4.1      0.53      2.00      3.30  -9999.00
     1   2005     53    3200.0      -4.7       2.8      0.43      2.00      4.00  -9999.00
     1   2005     54    7300.0       0.9       4.8      0.65      2.00      0.40  -9999.00
     1   2005     55    6100.0       4.4       5.5      0.84      2.00      0.70  -9999.00
     1   2005     56    1500.0       2.4      10.1      0.73      2.00     12.20  -9999.00
     1   2005     57    8100.0       2.2       9.3      0.72      2.00      2.40  -9999.00
     1   2005     58    1800.0       5.3       9.9      0.89      2.00      0.00  -9999.00
     1   2005     59   10700.0       5.6      12.6      0.91      2.00      0.00  -9999.00
     1   2005     60   11900.0       0.3       5.0      0.62      2.00      0.20  -9999.00
     1   2005     61    1600.0      -0.5       3.7      0.59      2.00      1.20  -9999.00
     1   2005     62    2900.0      -0.8       9.1      0.58      2.00      3.00  -9999.00
     1   2005     63    2300.0      -1.6       8.8      0.54      2.00      0.30  -9999.00
     1   2005     64    6100.0       0.3       8.9      0.62      2.00      2.10  -9999.00
     1   2005     65   10100.0       4.4       7.1      0.84      2.00      1.00  -9999.00
     1   2005     66    8100.0       3.2       9.6      0.77      2.00      0.10  -9999.00
     1   2005     67   10500.0       2.2       7.7      0.72      2.00      3.70  -9999.00
     1   2005     68    2000.0       2.9       6.3      0.75      2.00      0.10  -9999.00
     1   2005     69    4500.0       2.0       9.7      0.71      2.00      4.40  -9999.00
     1   2005     70   10100.0       2.4       6.1      0.73      2.00      0.60  -9999.00
     1   2005     71   12300.0      -3.3       9.3      0.48      2.00      7.80  -9999.00
     1   2005     72    2300.0       1.4       7.3      0.68      2.00      0.00  -9999.00
     1   2005     73   12100.0       0.2      10.8      0.62      2.00      0.00  -9999.00
     1   2005     74   10500.0       4.7      11.7      0.85      2.00      0.00  -9999.00
     1   2005     75    9100.0       8.5      12.7      1.11      2.00      0.00  -9999.00
     1   2005     76   13100.0       7.2      11.4      1.02      2.00      0.00  -9999.00
     1   2005     77   14300.0       5.4      10.0      0.90      2.00      0.00  -9999.00
     1   2005     78   10700.0       1.1      11.0      0.66      2.00      2.50  -9999.00
     1   2005     79    5200.0       1.3       8.7      0.67      2.00      0.40  -9999.00
     1   2005     80    7500.0       1.7       9.7      0.69      2.00      0.40  -9999.00
     1   2005     81    8100.0       5.0       9.6      0.87      2.00      6.60  -9999.00
     1   2005     82   15500.0       4.3      12.0      0.83      2.00      0.00  -9999.00
     1   2005     83    2700.0       1.4      13.4      0.68      2.00      1.50  -9999.00
     1   2005     84   11500.0      -1.5      10.6      0.55      2.00      0.00  -9999.00
     1   2005     85   11400.0       1.4       8.6      0.68      2.00      0.00  -9999.00
     1   2005     86    9400.0       3.5      11.4      0.78      2.00      0.60  -9999.00
     1   2005     87   16000.0       2.9      17.1      0.75      2.00      0.00  -9999.00
     1   2005     88   10800.0       0.1      12.6      0.62      2.00      0.00  -9999.00
     1   2005     89   10600.0       1.9      11.4      0.70      2.00      0.30  -9999.00
     1   2005     90   11300.0       1.9      13.2      0.70      2.00      0.00  -9999.00
     1   2005     91    5600.0       3.8      10.8      0.80      2.00      0.00  -9999.00
     1   2005     92   17300.0       6.2      15.4      0.95      2.00      0.90  -9999.00
     1   2005     93   14700.0       9.4      14.0      1.18      2.00      0.00  -9999.00
     1   2005     94   17100.0       3.4       7.3      0.78      2.00      3.30  -9999.00
     1   2005     95    3400.0       6.1       8.6      0.94      2.00      2.00  -9999.00
     1   2005     96    7000.0       3.5      12.3      0.78      2.00      6.60  -9999.00
     1   2005     97    7800.0       8.1      12.8      1.08      2.00      4.00  -9999.00
     1   2005     98    6500.0       6.9      14.0      0.99      2.00      0.00  -9999.00
     1   2005     99    4300.0       6.4      14.7      0.96      2.00      0.00  -9999.00
     1   2005    100   21000.0       4.2      10.7      0.82      2.00      0.00  -9999.00
     1   2005    101   19200.0       2.9      10.7      0.75      2.00      0.00  -9999.00
     1   2005    102   21000.0       3.4      10.8      0.78      2.00      0.00  -9999.00
     1   2005    103   20300.0      -0.6       6.6      0.58      2.00      0.00  -9999.00
     1   2005    104   17400.0       5.9      12.6      0.93      2.00      0.10  -9999.00
     1   2005    105    5100.0       4.3      10.4      0.83      2.00      2.50  -9999.00
     1   2005    106   16400.0       3.6      14.2      0.79      2.00      1.20  -9999.00
     1   2005    107    7300.0       7.0      13.9      1.00      2.00      0.00  -9999.00
     1   2005    108   13200.0      -0.4       8.1      0.59      2.00      0.00  -9999.00
     1   2005    109   19600.0       2.9      10.3      0.75      2.00      1.70  -9999.00
     1   2005    110    5900.0       1.4       8.5      0.68      2.00      2.10  -9999.00
     1   2005    111    6100.0       1.2      11.5      0.67      2.00      0.00  -9999.00
     1   2005    112   12200.0       5.4      12.3      0.90      2.00      5.50  -9999.00
     1   2005    113    9700.0       4.3      13.4      0.83      2.00      1.10  -9999.00
     1   2005    114    3400.0      -0.2      12.3      0.60      2.00      0.10  -9999.00
     1   2005    115   17800.0      -0.1      13.4      0.61      2.00      3.40  -9999.00
     1   2005    116   19600.0       7.2      15.0      1.02      2.00      2.60  -9999.00
     1   2005    117   20700.0       5.1      21.0      0.88      2.00      0.00  -9999.00
     1   2005    118    3800.0       8.2      15.7      1.09      2.00      0.40  -9999.00
     1   2005    119   21300.0      10.5      16.6      1.27      2.00      0.00  -9999.00
     1   2005    120   12000.0       4.8      12.8      0.86      2.00      0.00  -9999.00
     1   2005    121   22900.0       5.8      15.5      0.92      2.00      0.00  -9999.00
     1   2005    122   24200.0       9.0      15.5      1.15      2.00      0.00  -9999.00
     1   2005    123   24700.0       5.2      18.2      0.88      2.00      0.00  -9999.00
     1   2005    124    5400.0       5.5      13.6      0.90      2.00      0.00  -9999.00
     1   2005    125   20900.0       4.6      17.1      0.85      2.00      0.00  -9999.00
     1   2005    126   22000.0       5.2      10.9      0.88      2.00      0.00  -9999.00
     1   2005    127    4200.0       3.7      10.6      0.80      2.00      0.90  -9999.00
     1   2005    128    8100.0       7.2      14.1      1.02      2.00      0.60  -9999.00
     1   2005    129   23900.0       5.9      18.5      0.93      2.00      0.00  -9999.00
     1   2005    130   26200.0       9.5      19.2      1.19      2.00      0.00  -9999.00
     1   2005    131   26800.0       9.3      17.1      1.17      2.00      0.00  -9999.00
     1   2005    132   13900.0      10.2      20.4      1.24      2.00      0.00  -9999.00
     1   2005    133   22900.0      11.7      19.5      1.37      2.00      0.00  -9999.00
     1   2005    134   18800.0       8.9      14.2      1.14      2.00      0.70  -9999.00
     1   2005    135   19700.0       7.5      11.4      1.04      2.00      0.30  -9999.00
     1   2005    136   25600.0       9.1      18.7      1.16      2.00      0.00  -9999.00
     1   2005    137   17500.0       9.7      14.3      1.20      2.00      4.40  -9999.00
     1   2005    138    4900.0       7.3      12.4      1.02      2.00      1.20  -9999.00
     1   2005    139   23500.0       9.9      14.1      1.22      2.00      3.30  -9999.00
     1   2005    140    4100.0       5.9      12.5      0.93      2.00      0.70  -9999.00
     1   2005    141   17900.0       6.0      13.7      0.93      2.00      0.90  -9999.00
     1   2005    142   24400.0       9.6      15.8      1.20      2.00      5.10  -9999.00
     1   2005    143   18100.0      14.1      18.0      1.61      2.00      4.90  -9999.00
     1   2005    144    8700.0      10.2      17.7      1.24      2.00      0.00  -9999.00
     1   2005    145    8800.0       7.3      17.3      1.02      2.00     13.10  -9999.00
     1   2005    146    4200.0      11.1      16.0      1.32      2.00      3.50  -9999.00
     1   2005    147   26500.0       8.9      21.1      1.14      2.00      0.00  -9999.00
     1   2005    148    7200.0       8.5      17.6      1.11      2.00      0.50  -9999.00
     1   2005    149   16800.0      10.0      16.6      1.23      2.00      7.20  -9999.00
     1   2005    150   28700.0      10.1      21.3      1.24      2.00      0.00  -9999.00
     1   2005    151   24300.0       9.9      18.6      1.22      2.00      0.50  -9999.00
     1   2005    152   25400.0       8.9      17.3      1.14      2.00      0.00  -9999.00
     1   2005    153   24200.0       8.4      17.5      1.10      2.00      0.50  -9999.00
     1   2005    154   21400.0       6.8      16.3      0.99      2.00      2.10  -9999.00
     1   2005    155   14500.0       7.8      16.1      1.06      2.00      1.10  -9999.00
     1   2005    156   28600.0      11.3      18.6      1.34      2.00      0.00  -9999.00
     1   2005    157   28200.0       7.3      18.9      1.02      2.00      0.00  -9999.00
     1   2005    158    5500.0      10.4      17.0      1.26      2.00     26.30  -9999.00
     1   2005    159   14300.0      10.9      14.7      1.30      2.00      2.30  -9999.00
     1   2005    160   23900.0      11.4      18.9      1.35      2.00      0.00  -9999.00
     1   2005    161   21400.0       8.1      14.8      1.08      2.00      3.30  -9999.00
     1   2005    162   20300.0       8.8      16.4      1.13      2.00      8.30  -9999.00
     1   2005    163   29000.0      10.8      18.2      1.29      2.00      0.00  -9999.00
     1   2005    164   18400.0       9.4      16.2      1.18      2.00      3.60  -9999.00
     1   2005    165   21800.0       9.0      17.6      1.15      2.00      5.60  -9999.00
     1   2005    166   10900.0      11.0      23.0      1.31      2.00      0.00  -9999.00
     1   2005    167    5700.0       9.4      20.0      1.18      2.00      0.00  -9999.00
     1   2005    168   17400.0      10.0      14.2      1.23      2.00      0.00  -9999.00
     1   2005    169   27100.0      12.9      16.9      1.49      2.00      0.00  -9999.00
     1   2005    170   26300.0       3.2      17.6      0.77      2.00      0.00  -9999.00
     1   2005    171   25200.0       7.8      17.4      1.06      2.00      0.00  -9999.00
     1   2005    172   19500.0      11.0      22.3      1.31      2.00      0.00  -9999.00
     1   2005    173   19400.0      14.0      20.2      1.60      2.00      0.00  -9999.00
     1   2005    174   22700.0       5.6      13.1      0.91      2.00      0.40  -9999.00
     1   2005    175   10900.0      10.2      14.5      1.24      2.00      3.90  -9999.00
     1   2005    176   29300.0      11.8      23.8      1.38      2.00      0.00  -9999.00
     1   2005    177   25500.0      13.5      21.1      1.55      2.00      0.00  -9999.00
     1   2005    178   25800.0       7.2      21.0      1.02      2.00      0.00  -9999.00
     1   2005    179    6500.0       8.8      20.4      1.13      2.00      0.00  -9999.00
     1   2005    180   29700.0      12.0      25.0      1.40      2.00      0.00  -9999.00
     1   2005    181   28000.0      12.5      22.5      1.45      2.00      0.00  -9999.00
     1   2005    182   26700.0      10.5      22.3      1.27      2.00      0.00  -9999.00
     1   2005    183    4300.0      10.0      22.7      1.23      2.00      0.70  -9999.00
     1   2005    184   26900.0       7.2      16.8      1.02      2.00      0.20  -9999.00
     1   2005    185   24600.0       9.3      16.1      1.17      2.00      1.20  -9999.00
     1   2005    186   16600.0       9.3      17.2      1.17      2.00     11.20  -9999.00
     1   2005    187   16200.0      10.8      17.0      1.29      2.00      3.70  -9999.00
     1   2005    188   12800.0       7.4      17.5      1.03      2.00      0.30  -9999.00
     1   2005    189   22200.0      10.6      19.5      1.28      2.00      0.00  -9999.00
     1   2005    190   26100.0      12.6      23.9      1.46      2.00      0.00  -9999.00
     1   2005    191   20800.0      11.6      21.4      1.37      2.00      6.80  -9999.00
     1   2005    192   25100.0      11.2      17.9      1.33      2.00      0.10  -9999.00
     1   2005    193   26900.0      12.4      22.2      1.44      2.00      0.00  -9999.00
     1   2005    194   24400.0      11.9      18.3      1.39      2.00     12.50  -9999.00
     1   2005    195   26800.0      14.3      23.4      1.63      2.00      0.00  -9999.00
     1   2005    196   12200.0      11.3      22.6      1.34      2.00      0.00  -9999.00
     1   2005    197   19800.0      10.1      25.6      1.24      2.00      0.00  -9999.00
     1   2005    198   26100.0      12.7      22.1      1.47      2.00      0.00  -9999.00
     1   2005    199   27100.0      16.3      24.0      1.85      2.00      0.00  -9999.00
     1   2005    200   27600.0      10.9      21.3      1.30      2.00      0.00  -9999.00
     1   2005    201   16700.0      12.4      20.1      1.44      2.00      0.10  -9999.00
     1   2005    202   19400.0      11.5      18.0      1.36      2.00     11.60  -9999.00
     1   2005    203    5100.0       8.0      20.2      1.07      2.00      0.90  -9999.00
     1   2005    204   18900.0      10.2      19.1      1.24      2.00      2.60  -9999.00
     1   2005    205    4200.0       8.7      19.3      1.12      2.00      0.60  -9999.00
     1   2005    206   26900.0      11.7      21.4      1.37      2.00      0.00  -9999.00
     1   2005    207   24600.0      13.0      19.9      1.50      2.00      2.90  -9999.00
     1   2005    208   21200.0      17.2      28.1      1.96      2.00      0.00  -9999.00
     1   2005    209   10900.0      14.9      24.7      1.69      2.00      6.30  -9999.00
     1   2005    210   20000.0       8.4      14.4      1.10      2.00      5.60  -9999.00
     1   2005    211    4100.0       8.1      18.4      1.08      2.00      0.10  -9999.00
     1   2005    212   15300.0      16.1      25.5      1.83      2.00      0.00  -9999.00
     1   2005    213   21200.0      14.8      24.9      1.68      2.00      0.00  -9999.00
     1   2005    214   15900.0      14.0      21.7      1.60      2.00      0.00  -9999.00
     1   2005    215   23300.0      11.2      23.2      1.33      2.00      0.00  -9999.00
     1   2005    216    7700.0      13.5      23.8      1.55      2.00      0.00  -9999.00
     1   2005    217   17900.0      16.3      24.9      1.85      2.00      0.00  -9999.00
     1   2005    218    6800.0      10.7      21.5      1.29      2.00      0.00  -9999.00
     1   2005    219   23300.0      11.7      21.6      1.37      2.00      0.00  -9999.00
     1   2005    220   23900.0      14.1      21.5      1.61      2.00      0.00  -9999.00
     1   2005    221   16800.0      15.5      21.0      1.76      2.00      0.00  -9999.00
     1   2005    222    5800.0      11.2      23.0      1.33      2.00      0.00  -9999.00
     1   2005    223   13900.0       4.7      25.6      0.85      2.00      0.00  -9999.00
     1   2005    224   15200.0      14.6      24.0      1.66      2.00      0.30  -9999.00
     1   2005    225    3700.0      13.8      28.5      1.58      2.00      1.10  -9999.00
     1   2005    226   24600.0      15.4      24.4      1.75      2.00      0.00  -9999.00
     1   2005    227   19200.0      15.5      21.8      1.76      2.00      2.90  -9999.00
     1   2005    228    3500.0      15.4      21.2      1.75      2.00     19.80  -9999.00
     1   2005    229    7400.0      13.9      20.5      1.59      2.00      2.60  -9999.00
     1   2005    230   17000.0      13.1      18.7      1.51      2.00      1.00  -9999.00
     1   2005    231   19500.0       8.8      20.8      1.13      2.00      0.90  -9999.00
     1   2005    232    3700.0      11.4      21.3      1.35      2.00      0.40  -9999.00
     1   2005    233   19100.0      14.9      21.5      1.69      2.00      0.00  -9999.00
     1   2005    234   23500.0      13.4      23.0      1.54      2.00      0.00  -9999.00
     1   2005    235   23800.0      13.3      24.6      1.53      2.00      0.00  -9999.00
     1   2005    236   20100.0       9.8      21.3      1.21      2.00      0.00  -9999.00
     1   2005    237   17700.0      13.8      23.3      1.58      2.00      0.00  -9999.00
     1   2005    238    7300.0      13.4      23.0      1.54      2.00      3.20  -9999.00
     1   2005    239   15600.0       9.6      22.3      1.20      2.00      3.20  -9999.00
     1   2005    240    3700.0      14.3      21.3      1.63      2.00      0.50  -9999.00
     1   2005    241   14300.0      13.6      26.5      1.56      2.00      0.00  -9999.00
     1   2005    242   21200.0       9.8      19.7      1.21      2.00      0.00  -9999.00
     1   2005    243   16200.0       6.2      20.8      0.95      2.00      0.00  -9999.00
     1   2005    244   11200.0       9.9      21.0      1.22      2.00      0.00  -9999.00
     1   2005    245   15700.0       9.7      24.0      1.20      2.00      0.00  -9999.00
     1   2005    246    5200.0      11.4      19.4      1.35      2.00      2.10  -9999.00
     1   2005    247    9100.0       9.6      17.3      1.20      2.00      1.40  -9999.00
     1   2005    248    3100.0      11.8      20.6      1.38      2.00      0.10  -9999.00
     1   2005    249   12800.0      11.2      19.0      1.33      2.00      0.00  -9999.00
     1   2005    250    4900.0      11.7      26.8      1.37      2.00      0.00  -9999.00
     1   2005    251    3700.0      11.1      19.7      1.32      2.00      8.80  -9999.00
     1   2005    252   12000.0       9.8      18.6      1.21      2.00      1.80  -9999.00
     1   2005    253   15800.0      12.3      21.5      1.43      2.00      0.00  -9999.00
     1   2005    254   12600.0       9.8      19.5      1.21      2.00      0.00  -9999.00
     1   2005    255   17900.0       8.6      20.8      1.12      2.00      0.00  -9999.00
     1   2005    256    5700.0       9.7      20.1      1.20      2.00      0.00  -9999.00
     1   2005    257   15400.0      11.3      19.4      1.34      2.00      0.00  -9999.00
     1   2005    258   14600.0       8.3      19.3      1.09      2.00      0.00  -9999.00
     1   2005    259   15300.0       9.3      18.6      1.17      2.00      0.00  -9999.00
     1   2005    260   18200.0       8.8      19.7      1.13      2.00      0.00  -9999.00
     1   2005    261   13800.0      10.6      20.4      1.28      2.00      0.00  -9999.00
     1   2005    262    4200.0      11.1      16.1      1.32      2.00      0.00  -9999.00
     1   2005    263    2800.0       8.6      17.4      1.12      2.00      0.90  -9999.00
     1   2005    264   17300.0       9.1      19.9      1.16      2.00      0.80  -9999.00
     1   2005    265   12600.0      10.1      18.0      1.24      2.00      0.10  -9999.00
     1   2005    266    4900.0      10.9      14.1      1.30      2.00      2.60  -9999.00
     1   2005    267   13000.0       5.9      12.6      0.93      2.00      0.00  -9999.00
     1   2005    268    5500.0       6.0      15.9      0.93      2.00      0.00  -9999.00
     1   2005    269   13500.0       6.7      12.8      0.98      2.00      0.00  -9999.00
     1   2005    270    3000.0       8.8      17.1      1.13      2.00      0.00  -9999.00
     1   2005    271   14000.0       7.5      17.0      1.04      2.00      0.00  -9999.00
     1   2005    272   10200.0      14.0      19.0      1.60      2.00      0.00  -9999.00
     1   2005    273   11100.0      11.7      18.7      1.37      2.00      0.10  -9999.00
     1   2005    274    9900.0       8.5      15.7      1.11      2.00      0.00  -9999.00
     1   2005    275    8600.0       9.7      13.8      1.20      2.00      3.30  -9999.00
     1   2005    276   14000.0      10.1      16.3      1.24      2.00      0.50  -9999.00
     1   2005    277    2100.0       8.9      17.8      1.14      2.00     18.80  -9999.00
     1   2005    278    5300.0       9.9      17.2      1.22      2.00      0.30  -9999.00
     1   2005    279    2100.0      12.1      17.8      1.41      2.00      4.20  -9999.00
     1   2005    280   10400.0      10.1      17.5      1.24      2.00      0.00  -9999.00
     1   2005    281    2300.0       9.4      17.9      1.18      2.00      1.70  -9999.00
     1   2005    282    5100.0       4.8      14.0      0.86      2.00      8.10  -9999.00
     1   2005    283    7900.0       7.7      14.9      1.05      2.00      0.00  -9999.00
     1   2005    284   11000.0       8.9      17.5      1.14      2.00      0.00  -9999.00
     1   2005    285    2300.0       7.5      15.5      1.04      2.00      4.00  -9999.00
     1   2005    286    2600.0       8.3      14.9      1.09      2.00      2.10  -9999.00
     1   2005    287    2500.0       9.9      16.6      1.22      2.00      0.00  -9999.00
     1   2005    288    7400.0       7.6      17.0      1.04      2.00      0.00  -9999.00
     1   2005    289    5500.0      12.1      16.5      1.41      2.00      0.60  -9999.00
     1   2005    290    9600.0       6.3      12.4      0.95      2.00      0.00  -9999.00
     1   2005    291    1500.0       8.1      10.4      1.08      2.00      0.00  -9999.00
     1   2005    292    4500.0       9.1      16.1      1.16      2.00      0.00  -9999.00
     1   2005    293    4500.0       9.0      14.0      1.15      2.00      0.00  -9999.00
     1   2005    294    1800.0       7.6      13.6      1.04      2.00      0.00  -9999.00
     1   2005    295    1500.0      10.5      12.1      1.27      2.00      0.50  -9999.00
     1   2005    296    2700.0       9.9      13.9      1.22      2.00      6.00  -9999.00
     1   2005    297    8900.0       6.3      15.5      0.95      2.00      0.00  -9999.00
     1   2005    298    6100.0       7.9      14.8      1.07      2.00      0.00  -9999.00
     1   2005    299    9200.0      12.5      14.5      1.45      2.00      4.80  -9999.00
     1   2005    300    3800.0       9.8      13.5      1.21      2.00      0.60  -9999.00
     1   2005    301    1500.0       7.7      13.1      1.05      2.00     12.90  -9999.00
     1   2005    302    4900.0       3.4      10.4      0.78      2.00      3.90  -9999.00
     1   2005    303    8000.0       5.4      12.7      0.90      2.00      0.40  -9999.00
     1   2005    304    4800.0       5.4      13.0      0.90      2.00     17.40  -9999.00
     1   2005    305    2500.0       4.5      13.4      0.84      2.00      0.00  -9999.00
     1   2005    306    1700.0       3.3      10.1      0.77      2.00      3.90  -9999.00
     1   2005    307    1700.0      -2.0      11.9      0.53      2.00      0.50  -9999.00
     1   2005    308    4800.0       6.4      14.7      0.96      2.00      0.30  -9999.00
     1   2005    309    8200.0       1.1      13.2      0.66      2.00      0.00  -9999.00
     1   2005    310    1000.0       5.9      10.2      0.93      2.00      6.10  -9999.00
     1   2005    311    4700.0       9.2       9.8      1.16      2.00      3.20  -9999.00
     1   2005    312    2400.0       5.7      11.8      0.92      2.00      0.10  -9999.00
     1   2005    313    6400.0       8.4      11.7      1.10      2.00      0.00  -9999.00
     1   2005    314     900.0       3.9       9.8      0.81      2.00      0.00  -9999.00
     1   2005    315    1100.0       3.4       9.3      0.78      2.00      1.80  -9999.00
     1   2005    316     900.0       5.4      12.7      0.90      2.00      3.00  -9999.00
     1   2005    317    2000.0       9.0      14.5      1.15      2.00      0.80  -9999.00
     1   2005    318     900.0       2.4      11.0      0.73      2.00      0.00  -9999.00
     1   2005    319    4100.0       1.0      13.1      0.66      2.00      0.10  -9999.00
     1   2005    320     900.0       3.4       9.2      0.78      2.00      0.40  -9999.00
     1   2005    321    6600.0       5.9       8.7      0.93      2.00      0.00  -9999.00
     1   2005    322    5500.0       4.7      12.6      0.85      2.00      0.10  -9999.00
     1   2005    323    1400.0       5.6      11.1      0.91      2.00      0.00  -9999.00
     1   2005    324    3800.0       3.0      12.5      0.76      2.00      0.00  -9999.00
     1   2005    325     800.0       5.4      12.5      0.90      2.00      0.20  -9999.00
     1   2005    326    5300.0       5.3       9.5      0.89      2.00      0.00  -9999.00
     1   2005    327    5500.0       8.1      10.6      1.08      2.00      0.00  -9999.00
     1   2005    328    2700.0       3.6       6.8      0.79      2.00      0.30  -9999.00
     1   2005    329    3200.0       2.5       8.6      0.73      2.00      0.30  -9999.00
     1   2005    330    2500.0       2.9      11.7      0.75      2.00      0.30  -9999.00
     1   2005    331    4300.0       6.0       9.8      0.93      2.00      0.20  -9999.00
     1   2005    332    2200.0      -0.8       7.8      0.58      2.00      0.90  -9999.00
     1   2005    333     800.0       0.8      10.3      0.65      2.00      2.50  -9999.00
     1   2005    334    3400.0       7.9      13.1      1.07      2.00      5.20  -9999.00
     1   2005    335    2500.0       4.0      12.6      0.81      2.00      1.40  -9999.00
     1   2005    336    2700.0       0.5       6.0      0.63      2.00      0.90  -9999.00
     1   2005    337    3900.0      -1.1       6.0      0.56      2.00      3.20  -9999.00
     1   2005    338    4300.0       3.1       8.3      0.76      2.00      0.00  -9999.00
     1   2005    339    3600.0       3.8       6.7      0.80      2.00      0.00  -9999.00
     1   2005    340     700.0       3.1       8.8      0.76      2.00      0.10  -9999.00
     1   2005    341     800.0       2.5       7.0      0.73      2.00      0.30  -9999.00
     1   2005    342     700.0       3.3       9.3      0.77      2.00      0.40  -9999.00
     1   2005    343     700.0       0.7       6.9      0.64      2.00      0.10  -9999.00
     1   2005    344    1200.0      -4.1       5.6      0.45      2.00      1.10  -9999.00
     1   2005    345     600.0      -1.3       5.6      0.56      2.00      0.00  -9999.00
     1   2005    346     600.0      -0.3       5.5      0.60      2.00      0.00  -9999.00
     1   2005    347    3000.0      -7.7       4.2      0.34      2.00      0.00  -9999.00
     1   2005    348     600.0      -1.4       5.1      0.55      2.00      0.00  -9999.00
     1   2005    349    1800.0      -2.1       4.8      0.52      2.00      0.00  -9999.00
     1   2005    350    1400.0       8.0       9.4      1.07      2.00      0.00  -9999.00
     1   2005    351    1300.0       5.4       7.0      0.90      2.00      0.00  -9999.00
     1   2005    352    1100.0       3.5       8.5      0.78      2.00      0.00  -9999.00
     1   2005    353     700.0       2.2      10.4      0.72      2.00      1.50  -9999.00
     1   2005    354    1300.0       0.0       4.5      0.61      2.00      1.10  -9999.00
     1   2005    355     700.0      -1.4       5.8      0.55      2.00      2.20  -9999.00
     1   2005    356    3400.0      -0.4       5.7      0.59      2.00      0.00  -9999.00
     1   2005    357     700.0       0.5       6.1      0.63      2.00      6.60  -9999.00
     1   2005    358    1700.0       2.8       8.4      0.75      2.00      0.80  -9999.00
     1   2005    359    2700.0       1.6      10.3      0.69      2.00      6.10  -9999.00
     1   2005    360     600.0       1.8       8.6      0.70      2.00      0.00  -9999.00
     1   2005    361     900.0       6.0       8.0      0.93      2.00      0.00  -9999.00
     1   2005    362    1900.0      -0.1       5.7      0.61      2.00      0.50  -9999.00
     1   2005    363     700.0      -1.3       5.3      0.56      2.00      4.50  -9999.00
     1   2005    364    4600.0      -0.5       4.4      0.59      2.00      0.00  -9999.00
     1   2005    365    1900.0       1.1       4.3      0.66      2.00      0.00  -9999.00
