*-----------------------------------------------------------------------------* 
           WHWG_131.met           52.12    0.96   89.00
* Date created:  08-Aug-2019     Author: K Coleman 
* 
* NIL VALUE       -9999 
* Source:   data provided by M. Semenov 
*  
* Latitude:    52.12 Longitude:     0.96 Altitude:    89.00
* 
* Column  Daily value 
* 1       station number 
* 2       year 
* 3       day 
* 4       irradiation                   (kJ m-2 d-1) 
* 5       minimum temperature           (degrees Celsius) 
* 6       maximum temperature           (degrees Celsius) 
* 7       early morning vapour pressure (kPa)             
* 8       mean wind speed (height: 2 m?) (m s-1)          
* 9       precipitation                 (mm d-1)          
* 10      sunshine                      (hrs)             
 		Jday	RAD	    TMIN	TMAX	 VAP	wind	RAIN	SUN  
               kj/m2	°C	    °C	     kPa	m/s	    mm	    hrs 
   52.12  89.00
     1   2005      1     800.0       2.4       7.9      0.73      2.00      0.30  -9999.00
     1   2005      2    4600.0       0.7       5.4      0.64      2.00      0.00  -9999.00
     1   2005      3    2700.0       4.2       8.5      0.82      2.00      0.20  -9999.00
     1   2005      4    3800.0       1.4       8.6      0.68      2.00      0.10  -9999.00
     1   2005      5    1800.0       0.3       6.8      0.62      2.00     15.10  -9999.00
     1   2005      6     800.0       0.1       6.5      0.62      2.00      4.10  -9999.00
     1   2005      7    4700.0       5.0       9.0      0.87      2.00      0.00  -9999.00
     1   2005      8     700.0       8.8      12.5      1.13      2.00      0.10  -9999.00
     1   2005      9    1000.0       0.7       4.5      0.64      2.00      1.30  -9999.00
     1   2005     10     700.0      -7.1       4.2      0.36      2.00      0.10  -9999.00
     1   2005     11    3200.0       1.0       3.5      0.66      2.00      0.00  -9999.00
     1   2005     12     700.0      -2.4       4.3      0.51      2.00      0.00  -9999.00
     1   2005     13     700.0       1.0       4.4      0.66      2.00      0.00  -9999.00
     1   2005     14    4800.0       2.8       4.7      0.75      2.00      0.00  -9999.00
     1   2005     15     900.0       2.5       6.1      0.73      2.00      0.30  -9999.00
     1   2005     16    2800.0      -0.9       8.3      0.57      2.00      0.70  -9999.00
     1   2005     17    2300.0       2.1       6.5      0.71      2.00      0.00  -9999.00
     1   2005     18     800.0       5.4      10.1      0.90      2.00      5.30  -9999.00
     1   2005     19    4400.0       0.0       7.9      0.61      2.00      4.00  -9999.00
     1   2005     20     900.0       2.4       6.5      0.73      2.00      2.60  -9999.00
     1   2005     21    4800.0       4.1       6.4      0.82      2.00      0.00  -9999.00
     1   2005     22    5700.0       0.9       7.6      0.65      2.00      0.00  -9999.00
     1   2005     23    5500.0      -0.3       4.2      0.60      2.00      0.00  -9999.00
     1   2005     24    4800.0      -0.5       7.2      0.59      2.00      2.80  -9999.00
     1   2005     25    3400.0       0.9       9.9      0.65      2.00      0.10  -9999.00
     1   2005     26    1300.0       4.1      10.2      0.82      2.00      0.10  -9999.00
     1   2005     27    6900.0       1.1       6.4      0.66      2.00      0.50  -9999.00
     1   2005     28    6600.0      -1.0       6.1      0.57      2.00      0.00  -9999.00
     1   2005     29    1700.0       4.7      11.3      0.85      2.00      4.90  -9999.00
     1   2005     30    3300.0       5.3      11.4      0.89      2.00     11.60  -9999.00
     1   2005     31    5100.0       0.3       1.9      0.62      2.00      0.00  -9999.00
     1   2005     32    1000.0       2.0       4.1      0.71      2.00      5.40  -9999.00
     1   2005     33    6100.0       0.5       7.0      0.63      2.00      0.80  -9999.00
     1   2005     34    7100.0      -1.4       4.9      0.55      2.00      0.00  -9999.00
     1   2005     35    6300.0      -1.4       0.4      0.55      2.00      0.00  -9999.00
     1   2005     36    5800.0      -6.4       2.3      0.38      2.00      0.00  -9999.00
     1   2005     37    7000.0       5.4       9.9      0.90      2.00      5.30  -9999.00
     1   2005     38    1700.0       4.5       9.1      0.84      2.00      0.80  -9999.00
     1   2005     39    1000.0      -1.1       6.4      0.56      2.00      0.40  -9999.00
     1   2005     40    7600.0       1.0       2.3      0.66      2.00      0.00  -9999.00
     1   2005     41    1300.0       1.7       9.0      0.69      2.00      0.90  -9999.00
     1   2005     42    5700.0       3.4      10.2      0.78      2.00      0.00  -9999.00
     1   2005     43    7100.0      -0.5       6.3      0.59      2.00      0.00  -9999.00
     1   2005     44    5300.0      -1.1       5.2      0.56      2.00      0.00  -9999.00
     1   2005     45    6900.0      -2.1       4.4      0.52      2.00      0.00  -9999.00
     1   2005     46    3400.0      -3.4       4.8      0.48      2.00      0.00  -9999.00
     1   2005     47    7300.0       0.8       5.7      0.65      2.00      2.10  -9999.00
     1   2005     48    1500.0      -0.8       7.3      0.58      2.00      0.00  -9999.00
     1   2005     49    6600.0       5.9      10.8      0.93      2.00      7.50  -9999.00
     1   2005     50    2000.0       5.0       9.5      0.87      2.00      6.90  -9999.00
     1   2005     51    1500.0      -0.9       5.5      0.57      2.00      1.70  -9999.00
     1   2005     52    7800.0      -4.9       5.6      0.42      2.00      0.00  -9999.00
     1   2005     53    6300.0       2.1       9.1      0.71      2.00      0.00  -9999.00
     1   2005     54    3900.0       3.6       9.1      0.79      2.00      0.90  -9999.00
     1   2005     55    1400.0      -0.4       4.8      0.59      2.00      8.00  -9999.00
     1   2005     56    1700.0      -1.2       3.0      0.56      2.00      0.00  -9999.00
     1   2005     57    7000.0      -4.5       2.7      0.44      2.00      0.00  -9999.00
     1   2005     58    5200.0      -1.2       4.9      0.56      2.00      0.40  -9999.00
     1   2005     59    7400.0       1.4       7.2      0.68      2.00      0.00  -9999.00
     1   2005     60   10000.0       0.3       9.7      0.62      2.00      0.00  -9999.00
     1   2005     61    1600.0       4.1      10.5      0.82      2.00      2.90  -9999.00
     1   2005     62    2800.0       1.2      10.1      0.67      2.00      0.10  -9999.00
     1   2005     63    3200.0      -0.8       2.7      0.58      2.00      0.00  -9999.00
     1   2005     64    9000.0       3.2       6.2      0.77      2.00      0.00  -9999.00
     1   2005     65    1700.0      -4.3       6.8      0.44      2.00      0.30  -9999.00
     1   2005     66    2900.0       1.5       4.4      0.68      2.00      1.20  -9999.00
     1   2005     67    6100.0       5.4       9.2      0.90      2.00      0.40  -9999.00
     1   2005     68    6800.0       8.3      10.8      1.09      2.00      0.90  -9999.00
     1   2005     69    2100.0       3.7       9.6      0.80      2.00      5.90  -9999.00
     1   2005     70    7900.0       2.4       8.5      0.73      2.00      0.00  -9999.00
     1   2005     71    2300.0       3.4      11.6      0.78      2.00      0.00  -9999.00
     1   2005     72    1900.0       1.7      11.5      0.69      2.00      4.70  -9999.00
     1   2005     73   15500.0       3.8       9.0      0.80      2.00      0.00  -9999.00
     1   2005     74    9700.0       1.8       4.9      0.70      2.00      0.00  -9999.00
     1   2005     75    8500.0       6.0      10.5      0.93      2.00      1.80  -9999.00
     1   2005     76    7500.0       4.8       7.5      0.86      2.00      4.40  -9999.00
     1   2005     77    5600.0       6.8      11.8      0.99      2.00     17.10  -9999.00
     1   2005     78   13600.0       3.7      11.1      0.80      2.00      0.30  -9999.00
     1   2005     79   12600.0      -3.3       9.3      0.48      2.00      0.00  -9999.00
     1   2005     80    8200.0       1.3       6.4      0.67      2.00      0.00  -9999.00
     1   2005     81   14700.0       3.5       9.7      0.78      2.00      4.20  -9999.00
     1   2005     82    9300.0       4.3      11.1      0.83      2.00      0.00  -9999.00
     1   2005     83    2400.0       5.2      15.1      0.88      2.00      3.80  -9999.00
     1   2005     84   13000.0       5.9      12.4      0.93      2.00      0.50  -9999.00
     1   2005     85   13100.0       6.0      10.4      0.93      2.00      8.90  -9999.00
     1   2005     86   15800.0       6.3      12.7      0.95      2.00      0.30  -9999.00
     1   2005     87    3700.0       4.5      10.0      0.84      2.00      2.80  -9999.00
     1   2005     88    5000.0       3.8       7.8      0.80      2.00      1.00  -9999.00
     1   2005     89    3700.0       2.3      10.8      0.72      2.00      0.00  -9999.00
     1   2005     90   13500.0       1.1       7.9      0.66      2.00      0.00  -9999.00
     1   2005     91   13100.0       6.0      10.1      0.93      2.00      0.30  -9999.00
     1   2005     92    3900.0       4.9      10.8      0.87      2.00      0.00  -9999.00
     1   2005     93    9600.0       5.0       9.9      0.87      2.00      0.50  -9999.00
     1   2005     94   15100.0       5.1       7.8      0.88      2.00      0.00  -9999.00
     1   2005     95   12300.0      -0.1      10.8      0.61      2.00      1.90  -9999.00
     1   2005     96    3000.0       3.1      11.7      0.76      2.00      4.40  -9999.00
     1   2005     97    6800.0       3.0      12.4      0.76      2.00      6.70  -9999.00
     1   2005     98   14700.0       3.7      12.7      0.80      2.00      0.00  -9999.00
     1   2005     99    8900.0       3.0      12.3      0.76      2.00      0.00  -9999.00
     1   2005    100   15000.0       2.0      13.5      0.71      2.00      0.00  -9999.00
     1   2005    101   20200.0       3.4      13.3      0.78      2.00      0.00  -9999.00
     1   2005    102    9400.0       0.8      14.6      0.65      2.00      0.00  -9999.00
     1   2005    103   11200.0       6.6      14.1      0.97      2.00      0.00  -9999.00
     1   2005    104   20500.0       5.8      14.9      0.92      2.00      0.00  -9999.00
     1   2005    105   15400.0       3.2      15.0      0.77      2.00      0.00  -9999.00
     1   2005    106    9700.0       5.9      11.8      0.93      2.00      0.00  -9999.00
     1   2005    107   17900.0       4.0      12.3      0.81      2.00     11.70  -9999.00
     1   2005    108   20900.0       7.8      15.7      1.06      2.00      0.00  -9999.00
     1   2005    109   20200.0       3.7      16.9      0.80      2.00      0.00  -9999.00
     1   2005    110   21300.0      -0.2      16.6      0.60      2.00      0.00  -9999.00
     1   2005    111   11300.0       4.3      13.4      0.83      2.00      0.00  -9999.00
     1   2005    112   21300.0       5.5      13.3      0.90      2.00      0.00  -9999.00
     1   2005    113    9500.0       4.6      15.8      0.85      2.00      0.00  -9999.00
     1   2005    114   22700.0       7.8      17.2      1.06      2.00      0.00  -9999.00
     1   2005    115   15700.0       2.9      13.2      0.75      2.00      0.00  -9999.00
     1   2005    116    7500.0       3.7      13.0      0.80      2.00      0.00  -9999.00
     1   2005    117   21500.0       5.2      10.1      0.88      2.00      0.20  -9999.00
     1   2005    118   18200.0       6.0       8.0      0.93      2.00      0.00  -9999.00
     1   2005    119   21300.0       2.3      11.6      0.72      2.00      0.00  -9999.00
     1   2005    120   11600.0       4.2      11.0      0.82      2.00      0.20  -9999.00
     1   2005    121   10000.0       4.2      10.1      0.82      2.00      2.90  -9999.00
     1   2005    122   18300.0       5.5      13.1      0.90      2.00      0.00  -9999.00
     1   2005    123    9500.0       8.8      14.2      1.13      2.00      0.60  -9999.00
     1   2005    124    4700.0       8.0      12.3      1.07      2.00      0.50  -9999.00
     1   2005    125   21700.0      10.8      17.0      1.29      2.00      0.00  -9999.00
     1   2005    126    9400.0       9.3      14.3      1.17      2.00      0.00  -9999.00
     1   2005    127   25800.0       6.3      11.5      0.95      2.00      0.00  -9999.00
     1   2005    128    5800.0       6.1       9.9      0.94      2.00      8.60  -9999.00
     1   2005    129   16500.0       4.0      12.5      0.81      2.00     21.30  -9999.00
     1   2005    130   22800.0       4.7      14.8      0.85      2.00      0.00  -9999.00
     1   2005    131   16700.0       8.1      14.2      1.08      2.00      1.50  -9999.00
     1   2005    132    6800.0       9.9      12.5      1.22      2.00      0.50  -9999.00
     1   2005    133    8900.0       6.4      12.0      0.96      2.00      1.20  -9999.00
     1   2005    134   26900.0       8.8      16.2      1.13      2.00      0.00  -9999.00
     1   2005    135   19500.0       6.4      12.8      0.96      2.00      4.30  -9999.00
     1   2005    136    8500.0       4.7      15.1      0.85      2.00      5.60  -9999.00
     1   2005    137   20800.0       6.8      14.6      0.99      2.00      0.00  -9999.00
     1   2005    138   25100.0       8.6      13.1      1.12      2.00      0.00  -9999.00
     1   2005    139   12200.0      10.1      19.1      1.24      2.00      0.00  -9999.00
     1   2005    140   22300.0       7.3      16.5      1.02      2.00     13.10  -9999.00
     1   2005    141   18800.0       9.1      13.9      1.16      2.00      1.00  -9999.00
     1   2005    142   12800.0       7.0      17.8      1.00      2.00      0.00  -9999.00
     1   2005    143   10000.0       9.5      19.8      1.19      2.00      0.00  -9999.00
     1   2005    144    4300.0      11.8      21.5      1.38      2.00      0.00  -9999.00
     1   2005    145   18400.0       9.2      15.4      1.16      2.00      7.60  -9999.00
     1   2005    146    4900.0       7.9      16.7      1.07      2.00      7.70  -9999.00
     1   2005    147    4300.0       8.2      22.2      1.09      2.00      0.00  -9999.00
     1   2005    148   10700.0       7.8      19.9      1.06      2.00      1.70  -9999.00
     1   2005    149    8600.0       7.9      16.5      1.07      2.00      0.40  -9999.00
     1   2005    150   19200.0       4.0      15.9      0.81      2.00      2.00  -9999.00
     1   2005    151   13900.0       8.1      18.5      1.08      2.00      0.00  -9999.00
     1   2005    152   18700.0       5.1      21.6      0.88      2.00      0.00  -9999.00
     1   2005    153    9700.0       7.8      18.1      1.06      2.00      0.00  -9999.00
     1   2005    154    4400.0       6.2      13.6      0.95      2.00      3.60  -9999.00
     1   2005    155   15900.0       8.3      11.4      1.09      2.00      8.20  -9999.00
     1   2005    156    5200.0      11.3      12.0      1.34      2.00      2.00  -9999.00
     1   2005    157   14500.0       8.6      16.7      1.12      2.00      2.20  -9999.00
     1   2005    158   12200.0      10.0      13.9      1.23      2.00      5.80  -9999.00
     1   2005    159   25500.0      13.1      20.9      1.51      2.00      2.80  -9999.00
     1   2005    160   26800.0      12.6      26.3      1.46      2.00     10.20  -9999.00
     1   2005    161    9500.0       8.9      13.5      1.14      2.00      6.70  -9999.00
     1   2005    162   25000.0      10.7      15.6      1.29      2.00      4.20  -9999.00
     1   2005    163   23900.0      12.2      17.0      1.42      2.00      2.20  -9999.00
     1   2005    164   26700.0      12.7      19.8      1.47      2.00      0.00  -9999.00
     1   2005    165   26800.0       6.0      16.7      0.93      2.00      0.00  -9999.00
     1   2005    166   23600.0       9.3      15.0      1.17      2.00      0.00  -9999.00
     1   2005    167   15300.0       9.4      17.6      1.18      2.00      0.40  -9999.00
     1   2005    168   24800.0       5.2      20.2      0.88      2.00      0.80  -9999.00
     1   2005    169   29900.0      11.7      19.4      1.37      2.00      0.00  -9999.00
     1   2005    170   19900.0       8.8      16.8      1.13      2.00      1.70  -9999.00
     1   2005    171    6300.0       6.4      13.4      0.96      2.00     24.70  -9999.00
     1   2005    172   13000.0       4.2      18.4      0.82      2.00      0.00  -9999.00
     1   2005    173   29400.0       9.3      22.0      1.17      2.00      0.00  -9999.00
     1   2005    174   29600.0       6.5      19.4      0.97      2.00      0.00  -9999.00
     1   2005    175   22900.0      13.0      20.5      1.50      2.00      0.00  -9999.00
     1   2005    176   23700.0      16.0      22.1      1.82      2.00      0.00  -9999.00
     1   2005    177   28300.0       9.2      22.1      1.16      2.00      0.00  -9999.00
     1   2005    178   27400.0       9.4      19.2      1.18      2.00      0.00  -9999.00
     1   2005    179   28300.0      13.3      19.8      1.53      2.00      0.00  -9999.00
     1   2005    180   29200.0      16.2      20.8      1.84      2.00      0.00  -9999.00
     1   2005    181   26500.0       7.3      16.7      1.02      2.00      0.00  -9999.00
     1   2005    182   27100.0      11.8      19.0      1.38      2.00      0.00  -9999.00
     1   2005    183   20400.0      12.4      24.4      1.44      2.00      0.00  -9999.00
     1   2005    184    5800.0      10.8      18.6      1.29      2.00      0.50  -9999.00
     1   2005    185   10600.0      10.6      18.4      1.28      2.00      0.60  -9999.00
     1   2005    186   23700.0       9.0      19.6      1.15      2.00      0.40  -9999.00
     1   2005    187    7300.0      11.2      18.9      1.33      2.00      3.60  -9999.00
     1   2005    188   27200.0      15.2      20.3      1.73      2.00      0.00  -9999.00
     1   2005    189   27600.0      10.3      18.5      1.25      2.00      8.00  -9999.00
     1   2005    190   13100.0       9.1      23.9      1.16      2.00      0.00  -9999.00
     1   2005    191   11500.0      11.4      18.4      1.35      2.00      2.40  -9999.00
     1   2005    192   13700.0      13.4      15.1      1.54      2.00      2.30  -9999.00
     1   2005    193   11500.0      15.0      23.2      1.70      2.00      0.80  -9999.00
     1   2005    194   24300.0      13.2      23.0      1.52      2.00      0.00  -9999.00
     1   2005    195   14800.0       8.2      20.2      1.09      2.00      0.00  -9999.00
     1   2005    196   24400.0       8.2      18.2      1.09      2.00      0.00  -9999.00
     1   2005    197   27300.0      12.1      23.5      1.41      2.00      0.00  -9999.00
     1   2005    198   18700.0      11.8      23.2      1.38      2.00      9.90  -9999.00
     1   2005    199   20900.0       9.9      16.9      1.22      2.00      2.00  -9999.00
     1   2005    200   19600.0       7.2      21.0      1.02      2.00      0.00  -9999.00
     1   2005    201   16400.0      11.9      22.4      1.39      2.00      0.00  -9999.00
     1   2005    202   28500.0      10.0      19.8      1.23      2.00      0.00  -9999.00
     1   2005    203   18900.0      12.0      22.9      1.40      2.00      0.00  -9999.00
     1   2005    204   28300.0       6.9      26.2      0.99      2.00      0.00  -9999.00
     1   2005    205   21900.0      11.9      18.4      1.39      2.00      1.10  -9999.00
     1   2005    206   24000.0      12.7      20.2      1.47      2.00      0.00  -9999.00
     1   2005    207   17900.0      10.8      20.7      1.29      2.00      0.00  -9999.00
     1   2005    208    8300.0      11.6      18.8      1.37      2.00      0.00  -9999.00
     1   2005    209   25900.0      15.2      21.8      1.73      2.00      1.10  -9999.00
     1   2005    210   21100.0      16.0      24.1      1.82      2.00      4.40  -9999.00
     1   2005    211   17500.0      14.9      27.4      1.69      2.00      0.00  -9999.00
     1   2005    212   20400.0      16.5      27.4      1.88      2.00      0.00  -9999.00
     1   2005    213   23600.0      12.4      22.6      1.44      2.00      0.00  -9999.00
     1   2005    214   14600.0      15.0      23.5      1.70      2.00      0.00  -9999.00
     1   2005    215    7200.0      11.3      19.6      1.34      2.00      8.40  -9999.00
     1   2005    216   24300.0      11.7      21.9      1.37      2.00      5.10  -9999.00
     1   2005    217   15100.0      14.0      22.8      1.60      2.00      0.70  -9999.00
     1   2005    218   21500.0      16.3      26.7      1.85      2.00      0.00  -9999.00
     1   2005    219   20900.0      16.1      23.7      1.83      2.00      0.00  -9999.00
     1   2005    220   21100.0      14.4      19.4      1.64      2.00     11.80  -9999.00
     1   2005    221   19900.0      11.3      19.7      1.34      2.00      1.80  -9999.00
     1   2005    222   14400.0       7.4      18.7      1.03      2.00      1.30  -9999.00
     1   2005    223    4900.0      11.3      22.1      1.34      2.00      0.00  -9999.00
     1   2005    224   17600.0      13.5      20.9      1.55      2.00      1.00  -9999.00
     1   2005    225    6200.0      13.9      20.6      1.59      2.00      1.70  -9999.00
     1   2005    226   16800.0      14.0      21.6      1.60      2.00      3.20  -9999.00
     1   2005    227   23000.0      14.6      22.5      1.66      2.00      0.00  -9999.00
     1   2005    228   14400.0      14.4      22.9      1.64      2.00      0.00  -9999.00
     1   2005    229   12700.0      13.2      21.9      1.52      2.00      1.20  -9999.00
     1   2005    230   21500.0      10.6      20.5      1.28      2.00      1.90  -9999.00
     1   2005    231   13000.0      12.3      20.4      1.43      2.00      2.90  -9999.00
     1   2005    232   18200.0      14.2      22.6      1.62      2.00      0.00  -9999.00
     1   2005    233   18100.0      15.6      24.7      1.77      2.00      0.00  -9999.00
     1   2005    234   20100.0      14.2      22.5      1.62      2.00      0.00  -9999.00
     1   2005    235   19600.0      12.0      17.4      1.40      2.00     10.40  -9999.00
     1   2005    236   10700.0      11.8      17.7      1.38      2.00     12.80  -9999.00
     1   2005    237   13700.0      11.3      19.3      1.34      2.00      0.50  -9999.00
     1   2005    238   12800.0      12.2      21.7      1.42      2.00      1.60  -9999.00
     1   2005    239    7900.0      12.8      19.4      1.48      2.00      9.80  -9999.00
     1   2005    240    3600.0      14.2      20.4      1.62      2.00      7.10  -9999.00
     1   2005    241   21800.0      12.0      19.6      1.40      2.00      0.00  -9999.00
     1   2005    242   16500.0      13.9      20.6      1.59      2.00      0.00  -9999.00
     1   2005    243   10600.0      17.0      27.0      1.94      2.00      0.00  -9999.00
     1   2005    244   20200.0      11.7      24.5      1.37      2.00      0.00  -9999.00
     1   2005    245   16200.0       9.4      20.0      1.18      2.00      1.00  -9999.00
     1   2005    246    8200.0      10.9      21.7      1.30      2.00      0.10  -9999.00
     1   2005    247   17200.0      11.2      22.3      1.33      2.00      0.10  -9999.00
     1   2005    248   19200.0      13.4      24.0      1.54      2.00      0.00  -9999.00
     1   2005    249    8200.0      10.4      21.2      1.26      2.00      0.00  -9999.00
     1   2005    250    6300.0      10.1      25.4      1.24      2.00      0.00  -9999.00
     1   2005    251   15800.0      10.0      19.7      1.23      2.00      2.50  -9999.00
     1   2005    252    3100.0       9.5      18.2      1.19      2.00      5.60  -9999.00
     1   2005    253   14900.0       9.7      20.0      1.20      2.00      0.00  -9999.00
     1   2005    254   16300.0      12.4      18.3      1.44      2.00      0.00  -9999.00
     1   2005    255   12900.0       8.3      16.6      1.09      2.00      0.00  -9999.00
     1   2005    256    2500.0      11.5      17.8      1.36      2.00      0.00  -9999.00
     1   2005    257   13600.0      12.3      19.6      1.43      2.00      0.00  -9999.00
     1   2005    258   14500.0      10.4      19.7      1.26      2.00      0.00  -9999.00
     1   2005    259    4600.0      16.1      18.7      1.83      2.00      0.10  -9999.00
     1   2005    260    4800.0      12.5      16.8      1.45      2.00      0.10  -9999.00
     1   2005    261    6700.0      10.6      15.4      1.28      2.00      0.10  -9999.00
     1   2005    262   12800.0      12.4      15.4      1.44      2.00      0.00  -9999.00
     1   2005    263    6900.0      12.5      17.1      1.45      2.00      0.10  -9999.00
     1   2005    264   10000.0      10.7      16.7      1.29      2.00     16.10  -9999.00
     1   2005    265    4500.0      10.8      18.8      1.29      2.00      0.00  -9999.00
     1   2005    266   12700.0       8.4      17.0      1.10      2.00      0.40  -9999.00
     1   2005    267    2400.0       9.0      19.3      1.15      2.00      0.90  -9999.00
     1   2005    268    7700.0      13.3      20.4      1.53      2.00      0.60  -9999.00
     1   2005    269   13100.0       9.0      18.9      1.15      2.00     11.70  -9999.00
     1   2005    270    9600.0       5.0      17.4      0.87      2.00      8.00  -9999.00
     1   2005    271   13300.0       7.1      17.6      1.01      2.00      0.00  -9999.00
     1   2005    272    6600.0       9.8      18.3      1.21      2.00      0.00  -9999.00
     1   2005    273   12500.0       6.7      16.1      0.98      2.00      0.00  -9999.00
     1   2005    274    2900.0      11.6      17.5      1.37      2.00     23.50  -9999.00
     1   2005    275   10300.0       7.0      13.0      1.00      2.00      0.00  -9999.00
     1   2005    276   11800.0       9.1      13.2      1.16      2.00      0.00  -9999.00
     1   2005    277    9100.0       7.5      16.4      1.04      2.00      0.00  -9999.00
     1   2005    278   12300.0       9.1      17.2      1.16      2.00      0.50  -9999.00
     1   2005    279    2000.0       8.2      13.1      1.09      2.00      6.50  -9999.00
     1   2005    280    2300.0      10.8      13.0      1.29      2.00      0.00  -9999.00
     1   2005    281    7700.0       7.1      12.9      1.01      2.00      7.80  -9999.00
     1   2005    282    9200.0       3.9      12.3      0.81      2.00      6.20  -9999.00
     1   2005    283   10200.0       4.6      14.7      0.85      2.00      0.00  -9999.00
     1   2005    284    4000.0       3.1      14.9      0.76      2.00      0.50  -9999.00
     1   2005    285    9100.0       9.0      13.9      1.15      2.00      0.50  -9999.00
     1   2005    286   11400.0      12.3      14.3      1.43      2.00      0.00  -9999.00
     1   2005    287    7100.0      10.9      15.2      1.30      2.00      6.90  -9999.00
     1   2005    288    1500.0      12.5      13.8      1.45      2.00      3.90  -9999.00
     1   2005    289    4000.0       4.9       7.8      0.87      2.00      6.30  -9999.00
     1   2005    290    6400.0       5.5      11.3      0.90      2.00      0.00  -9999.00
     1   2005    291    1700.0       9.0      16.9      1.15      2.00      5.30  -9999.00
     1   2005    292    3000.0      11.7      17.0      1.37      2.00      0.00  -9999.00
     1   2005    293    6100.0       8.2      15.7      1.09      2.00      0.00  -9999.00
     1   2005    294    4500.0       5.2      16.4      0.88      2.00      0.00  -9999.00
     1   2005    295    6000.0       2.9      10.7      0.75      2.00      0.00  -9999.00
     1   2005    296    1700.0       2.6      11.4      0.74      2.00      0.50  -9999.00
     1   2005    297    1300.0       7.0      12.1      1.00      2.00      1.90  -9999.00
     1   2005    298    6100.0       6.9       9.6      0.99      2.00      0.60  -9999.00
     1   2005    299    1300.0       7.7      12.2      1.05      2.00      0.40  -9999.00
     1   2005    300    2200.0       6.9      14.1      0.99      2.00      2.40  -9999.00
     1   2005    301    5300.0       2.4      11.4      0.73      2.00      0.00  -9999.00
     1   2005    302    8100.0       5.7      12.1      0.92      2.00      0.00  -9999.00
     1   2005    303    2900.0       6.7      12.7      0.98      2.00      0.20  -9999.00
     1   2005    304    7500.0       7.2      14.2      1.02      2.00      0.20  -9999.00
     1   2005    305    6100.0       7.9      13.8      1.07      2.00      1.20  -9999.00
     1   2005    306    7000.0       3.7      12.7      0.80      2.00      0.20  -9999.00
     1   2005    307    1100.0       6.2      14.2      0.95      2.00      1.90  -9999.00
     1   2005    308    3100.0       4.1      13.5      0.82      2.00      4.20  -9999.00
     1   2005    309    7700.0       7.3      10.3      1.02      2.00      0.00  -9999.00
     1   2005    310    1200.0       8.6       9.4      1.12      2.00     13.70  -9999.00
     1   2005    311    1400.0       5.6      11.5      0.91      2.00     11.20  -9999.00
     1   2005    312    5100.0       4.5      12.2      0.84      2.00      0.80  -9999.00
     1   2005    313    1500.0       7.0      10.1      1.00      2.00      0.40  -9999.00
     1   2005    314    6900.0       1.9       8.1      0.70      2.00      0.00  -9999.00
     1   2005    315    1200.0       3.2      10.8      0.77      2.00      2.10  -9999.00
     1   2005    316    5800.0       1.3      12.7      0.67      2.00      0.10  -9999.00
     1   2005    317    6300.0       7.1      11.0      1.01      2.00      0.00  -9999.00
     1   2005    318    1800.0       5.9      10.8      0.93      2.00      1.60  -9999.00
     1   2005    319     900.0       5.1      10.7      0.88      2.00      0.20  -9999.00
     1   2005    320    3900.0       7.6      12.7      1.04      2.00      3.40  -9999.00
     1   2005    321    2300.0       6.9      10.1      0.99      2.00      0.10  -9999.00
     1   2005    322    4200.0       4.4      11.8      0.84      2.00      3.90  -9999.00
     1   2005    323     800.0       6.2      10.3      0.95      2.00      0.30  -9999.00
     1   2005    324    3700.0       3.7      12.6      0.80      2.00      0.30  -9999.00
     1   2005    325    4700.0       7.6       9.5      1.04      2.00      0.00  -9999.00
     1   2005    326     800.0       8.6      10.2      1.12      2.00      5.20  -9999.00
     1   2005    327    1300.0       3.1       7.1      0.76      2.00      0.00  -9999.00
     1   2005    328    5000.0       0.8       5.1      0.65      2.00      0.20  -9999.00
     1   2005    329    3900.0      -3.2       8.7      0.48      2.00      6.90  -9999.00
     1   2005    330     700.0      -0.3       9.5      0.60      2.00      0.10  -9999.00
     1   2005    331    4200.0       1.2       2.3      0.67      2.00      0.00  -9999.00
     1   2005    332    2700.0       5.2       6.4      0.88      2.00      4.30  -9999.00
     1   2005    333    1100.0       0.2       2.2      0.62      2.00      0.00  -9999.00
     1   2005    334     900.0      -2.9       4.7      0.49      2.00      0.00  -9999.00
     1   2005    335     900.0       2.7       9.4      0.74      2.00      0.60  -9999.00
     1   2005    336     800.0       2.4       7.0      0.73      2.00      0.30  -9999.00
     1   2005    337     700.0       4.5       8.9      0.84      2.00      0.60  -9999.00
     1   2005    338    4200.0       4.6       6.6      0.85      2.00      0.00  -9999.00
     1   2005    339    1600.0       1.2       9.8      0.67      2.00      1.10  -9999.00
     1   2005    340     700.0      -0.5       7.4      0.59      2.00      0.20  -9999.00
     1   2005    341     700.0       3.2       6.6      0.77      2.00      1.10  -9999.00
     1   2005    342    2600.0      -0.4       2.5      0.59      2.00      0.00  -9999.00
     1   2005    343    2300.0       0.1       5.6      0.62      2.00      0.00  -9999.00
     1   2005    344     800.0       3.4       5.3      0.78      2.00      3.60  -9999.00
     1   2005    345    2200.0       2.6       7.0      0.74      2.00      0.00  -9999.00
     1   2005    346     600.0       6.4       6.6      0.96      2.00      0.00  -9999.00
     1   2005    347    4100.0       1.3       4.6      0.67      2.00      0.00  -9999.00
     1   2005    348    1400.0      -0.3       4.8      0.60      2.00      0.00  -9999.00
     1   2005    349    4000.0      -3.4       2.2      0.48      2.00      0.00  -9999.00
     1   2005    350     700.0      -1.9       1.1      0.53      2.00     10.30  -9999.00
     1   2005    351     700.0       2.4      10.2      0.73      2.00      0.20  -9999.00
     1   2005    352     700.0       1.8       8.2      0.70      2.00      3.80  -9999.00
     1   2005    353     700.0      -0.9       5.0      0.57      2.00      2.30  -9999.00
     1   2005    354     700.0      -4.1       7.9      0.45      2.00      0.10  -9999.00
     1   2005    355    2600.0       2.0       9.3      0.71      2.00      0.00  -9999.00
     1   2005    356    1300.0       2.8       8.6      0.75      2.00      0.00  -9999.00
     1   2005    357    1300.0       2.9       6.6      0.75      2.00      6.60  -9999.00
     1   2005    358    2300.0       3.4       7.0      0.78      2.00      0.00  -9999.00
     1   2005    359    3800.0      -0.4      -0.4      0.59      2.00      0.00  -9999.00
     1   2005    360     700.0      -1.2       4.2      0.56      2.00      0.90  -9999.00
     1   2005    361     700.0       5.3      11.9      0.89      2.00      5.00  -9999.00
     1   2005    362     700.0       6.2      10.9      0.95      2.00      0.50  -9999.00
     1   2005    363     700.0      -1.3       4.8      0.56      2.00      0.10  -9999.00
     1   2005    364    1400.0      -4.2       1.6      0.45      2.00      0.40  -9999.00
     1   2005    365    3300.0       1.0       4.8      0.66      2.00      0.00  -9999.00
