*-----------------------------------------------------------------------------* 
           WHWG_233.met           52.12    0.96   89.00
* Date created:  08-Aug-2019     Author: K Coleman 
* 
* NIL VALUE       -9999 
* Source:   data provided by M. Semenov 
*  
* Latitude:    52.12 Longitude:     0.96 Altitude:    89.00
* 
* Column  Daily value 
* 1       station number 
* 2       year 
* 3       day 
* 4       irradiation                   (kJ m-2 d-1) 
* 5       minimum temperature           (degrees Celsius) 
* 6       maximum temperature           (degrees Celsius) 
* 7       early morning vapour pressure (kPa)             
* 8       mean wind speed (height: 2 m?) (m s-1)          
* 9       precipitation                 (mm d-1)          
* 10      sunshine                      (hrs)             
 		Jday	RAD	    TMIN	TMAX	 VAP	wind	RAIN	SUN  
               kj/m2	°C	    °C	     kPa	m/s	    mm	    hrs 
   52.12  89.00
     1   2005      1     700.0       3.4      10.5      0.78      2.00     10.80  -9999.00
     1   2005      2    4100.0       5.0      10.4      0.87      2.00      0.10  -9999.00
     1   2005      3    4700.0       1.3       7.8      0.67      2.00      0.30  -9999.00
     1   2005      4     800.0      -0.4       8.4      0.59      2.00      9.80  -9999.00
     1   2005      5    1300.0       0.1       3.9      0.62      2.00      1.20  -9999.00
     1   2005      6    2900.0       3.7       5.7      0.80      2.00      1.40  -9999.00
     1   2005      7    4000.0       1.9       9.2      0.70      2.00      0.00  -9999.00
     1   2005      8    1100.0       3.2       8.8      0.77      2.00      2.60  -9999.00
     1   2005      9    4400.0       1.2       4.4      0.67      2.00      0.90  -9999.00
     1   2005     10     700.0       1.8       5.1      0.70      2.00      0.00  -9999.00
     1   2005     11    4600.0       1.5       7.1      0.68      2.00      0.00  -9999.00
     1   2005     12     700.0       0.7       6.4      0.64      2.00      0.00  -9999.00
     1   2005     13     700.0       0.9       6.4      0.65      2.00      0.00  -9999.00
     1   2005     14    2100.0       2.1       5.9      0.71      2.00      9.20  -9999.00
     1   2005     15    2300.0       0.6       6.7      0.64      2.00      0.00  -9999.00
     1   2005     16    4700.0       2.7       5.0      0.74      2.00      0.00  -9999.00
     1   2005     17     700.0       3.4       7.3      0.78      2.00      2.70  -9999.00
     1   2005     18     800.0       6.7       8.4      0.98      2.00      9.20  -9999.00
     1   2005     19    1200.0      -2.9      -0.9      0.49      2.00      4.10  -9999.00
     1   2005     20     800.0       0.1       4.8      0.62      2.00      0.30  -9999.00
     1   2005     21    1200.0       8.7      11.2      1.12      2.00      7.10  -9999.00
     1   2005     22     900.0       5.9       9.3      0.93      2.00      0.10  -9999.00
     1   2005     23     800.0       2.4       7.0      0.73      2.00      0.10  -9999.00
     1   2005     24    1400.0       0.9       7.5      0.65      2.00      0.10  -9999.00
     1   2005     25    1300.0      -1.8       4.9      0.54      2.00      0.00  -9999.00
     1   2005     26    2800.0       1.3       6.5      0.67      2.00     12.30  -9999.00
     1   2005     27    4800.0      -1.2       5.8      0.56      2.00      0.00  -9999.00
     1   2005     28     900.0      -2.4       6.4      0.51      2.00      0.00  -9999.00
     1   2005     29    6000.0      -0.3       5.0      0.60      2.00      0.00  -9999.00
     1   2005     30     900.0       0.9       6.4      0.65      2.00      0.00  -9999.00
     1   2005     31    3700.0      -4.3      -2.3      0.44      2.00      0.00  -9999.00
     1   2005     32    6700.0      -1.7       3.5      0.54      2.00      0.00  -9999.00
     1   2005     33    1000.0      -0.4       8.0      0.59      2.00      0.30  -9999.00
     1   2005     34    5000.0      -2.4       9.2      0.51      2.00      1.10  -9999.00
     1   2005     35    5200.0      -3.0       5.4      0.49      2.00      1.50  -9999.00
     1   2005     36    1200.0       0.5       4.5      0.63      2.00      0.40  -9999.00
     1   2005     37    7800.0       1.8       9.7      0.70      2.00      1.80  -9999.00
     1   2005     38    4800.0       1.2      11.3      0.67      2.00      0.40  -9999.00
     1   2005     39    1800.0      -1.2       6.8      0.56      2.00      0.00  -9999.00
     1   2005     40    7500.0      -0.7       7.2      0.58      2.00      0.00  -9999.00
     1   2005     41    6700.0      -1.2       6.8      0.56      2.00      0.00  -9999.00
     1   2005     42    8200.0      -2.8       8.0      0.50      2.00      0.00  -9999.00
     1   2005     43    5700.0       0.2       4.5      0.62      2.00      0.30  -9999.00
     1   2005     44    2000.0       0.2       6.6      0.62      2.00      4.00  -9999.00
     1   2005     45    5900.0       0.4       8.0      0.63      2.00      7.80  -9999.00
     1   2005     46    5000.0       0.3       9.6      0.62      2.00      3.10  -9999.00
     1   2005     47    7000.0       5.7       9.9      0.92      2.00      0.10  -9999.00
     1   2005     48    9200.0       2.5       7.0      0.73      2.00      0.00  -9999.00
     1   2005     49    7900.0       1.0       7.0      0.66      2.00      0.00  -9999.00
     1   2005     50    1300.0       1.8       6.0      0.70      2.00      0.00  -9999.00
     1   2005     51    1400.0      -3.3       5.8      0.48      2.00      1.20  -9999.00
     1   2005     52    9200.0      -3.9       3.1      0.46      2.00      4.30  -9999.00
     1   2005     53   10600.0      -1.9       6.9      0.53      2.00      1.70  -9999.00
     1   2005     54    1900.0       0.1       5.7      0.62      2.00      0.00  -9999.00
     1   2005     55    8500.0       0.5       7.8      0.63      2.00      0.00  -9999.00
     1   2005     56    2500.0       1.4       6.9      0.68      2.00      2.00  -9999.00
     1   2005     57    5100.0       2.1       6.8      0.71      2.00      2.90  -9999.00
     1   2005     58    5400.0      -0.2       6.3      0.60      2.00      0.00  -9999.00
     1   2005     59    7900.0      -1.7       4.4      0.54      2.00      1.00  -9999.00
     1   2005     60    1900.0      -0.6       6.4      0.58      2.00      0.00  -9999.00
     1   2005     61    5900.0       6.0      11.1      0.93      2.00      2.70  -9999.00
     1   2005     62    1800.0       3.4      10.8      0.78      2.00      1.30  -9999.00
     1   2005     63    8600.0       1.6       8.0      0.69      2.00      0.00  -9999.00
     1   2005     64    4100.0      -0.7       6.6      0.58      2.00      0.00  -9999.00
     1   2005     65   11900.0       2.3       4.9      0.72      2.00      0.80  -9999.00
     1   2005     66    3500.0      -0.1       8.3      0.61      2.00      2.50  -9999.00
     1   2005     67    6500.0       5.7      11.4      0.92      2.00      0.00  -9999.00
     1   2005     68    2700.0       6.2      10.9      0.95      2.00      5.70  -9999.00
     1   2005     69    7600.0       3.4       9.0      0.78      2.00      2.40  -9999.00
     1   2005     70    3700.0       8.9      10.7      1.14      2.00      0.00  -9999.00
     1   2005     71    8400.0       5.2       9.6      0.88      2.00      0.00  -9999.00
     1   2005     72    8000.0       6.0      10.1      0.93      2.00      0.00  -9999.00
     1   2005     73   10300.0       4.4      12.8      0.84      2.00      0.60  -9999.00
     1   2005     74    2800.0       4.7      10.9      0.85      2.00      0.50  -9999.00
     1   2005     75    2700.0       1.2       8.6      0.67      2.00      1.00  -9999.00
     1   2005     76    9300.0      -0.6      10.6      0.58      2.00      0.80  -9999.00
     1   2005     77    8700.0       1.1      11.2      0.66      2.00      0.60  -9999.00
     1   2005     78   12500.0       2.6      10.4      0.74      2.00      1.10  -9999.00
     1   2005     79    4300.0       1.9      12.4      0.70      2.00      0.80  -9999.00
     1   2005     80    2700.0      -0.3      12.3      0.60      2.00      0.60  -9999.00
     1   2005     81    5600.0       8.4      14.4      1.10      2.00      1.40  -9999.00
     1   2005     82   11000.0       6.3      16.1      0.95      2.00      0.00  -9999.00
     1   2005     83    8700.0       9.5      17.5      1.19      2.00      0.00  -9999.00
     1   2005     84   15200.0       4.8      15.5      0.86      2.00      0.00  -9999.00
     1   2005     85    9500.0       3.3       8.0      0.77      2.00      0.00  -9999.00
     1   2005     86   17000.0       1.6       9.5      0.69      2.00      0.00  -9999.00
     1   2005     87    2400.0       3.7      11.6      0.80      2.00      0.20  -9999.00
     1   2005     88    5600.0       9.8      13.1      1.21      2.00      0.70  -9999.00
     1   2005     89   14200.0       5.8      14.6      0.92      2.00      0.00  -9999.00
     1   2005     90    3400.0       4.3      16.5      0.83      2.00      0.50  -9999.00
     1   2005     91    8800.0       7.0      11.1      1.00      2.00      1.90  -9999.00
     1   2005     92    7500.0       5.6      10.7      0.91      2.00      0.00  -9999.00
     1   2005     93   12100.0       7.9      13.3      1.07      2.00      0.00  -9999.00
     1   2005     94    5400.0       9.2      10.0      1.16      2.00      0.00  -9999.00
     1   2005     95    5800.0       1.5       7.6      0.68      2.00      0.00  -9999.00
     1   2005     96    7800.0       1.2       8.9      0.67      2.00      3.00  -9999.00
     1   2005     97   19400.0       4.9      10.5      0.87      2.00      0.10  -9999.00
     1   2005     98   13200.0       2.3      10.1      0.72      2.00     13.40  -9999.00
     1   2005     99   13000.0       3.7       9.3      0.80      2.00      0.80  -9999.00
     1   2005    100   15000.0       6.9      11.9      0.99      2.00      2.70  -9999.00
     1   2005    101   10500.0       7.2      13.3      1.02      2.00      3.50  -9999.00
     1   2005    102    3200.0       7.9      12.0      1.07      2.00      2.00  -9999.00
     1   2005    103   17500.0       4.0       9.4      0.81      2.00      0.00  -9999.00
     1   2005    104   12500.0       3.8       8.1      0.80      2.00      0.00  -9999.00
     1   2005    105    3400.0       2.7      14.3      0.74      2.00      1.70  -9999.00
     1   2005    106   20200.0       2.5      15.2      0.73      2.00      0.00  -9999.00
     1   2005    107    3400.0       4.0      10.3      0.81      2.00      1.90  -9999.00
     1   2005    108   11400.0       0.5       8.7      0.63      2.00      0.20  -9999.00
     1   2005    109   12700.0       1.9       8.2      0.70      2.00      1.90  -9999.00
     1   2005    110   12200.0       5.4      10.0      0.90      2.00      0.10  -9999.00
     1   2005    111    3300.0       1.1       9.0      0.66      2.00      0.40  -9999.00
     1   2005    112    6300.0       1.8       7.7      0.70      2.00      0.40  -9999.00
     1   2005    113   12600.0       6.3      11.0      0.95      2.00      0.80  -9999.00
     1   2005    114   22400.0       9.2      10.4      1.16      2.00      0.80  -9999.00
     1   2005    115   17100.0       3.4      14.8      0.78      2.00     11.40  -9999.00
     1   2005    116   11600.0       2.1      14.8      0.71      2.00      0.00  -9999.00
     1   2005    117    3800.0      -1.8       9.2      0.54      2.00      1.20  -9999.00
     1   2005    118   19200.0       2.1      11.1      0.71      2.00      0.50  -9999.00
     1   2005    119   18700.0       6.9      12.2      0.99      2.00      8.00  -9999.00
     1   2005    120    4400.0       6.1      12.7      0.94      2.00      0.30  -9999.00
     1   2005    121    4000.0       7.3      16.2      1.02      2.00      4.20  -9999.00
     1   2005    122   17100.0       4.9      13.9      0.87      2.00      1.40  -9999.00
     1   2005    123   14200.0       3.1      10.3      0.76      2.00      0.50  -9999.00
     1   2005    124   25500.0       6.1      13.3      0.94      2.00      0.00  -9999.00
     1   2005    125    4700.0       6.7      12.4      0.98      2.00      0.20  -9999.00
     1   2005    126   20300.0       5.7      12.5      0.92      2.00      1.70  -9999.00
     1   2005    127    8000.0       9.3      16.2      1.17      2.00      0.00  -9999.00
     1   2005    128   18700.0      12.5      17.9      1.45      2.00      0.00  -9999.00
     1   2005    129   25500.0       8.2      17.2      1.09      2.00      0.00  -9999.00
     1   2005    130    4200.0       6.6      15.5      0.97      2.00      0.30  -9999.00
     1   2005    131   13300.0       6.8      14.0      0.99      2.00      1.00  -9999.00
     1   2005    132   26900.0       8.3      14.2      1.09      2.00      0.00  -9999.00
     1   2005    133    8900.0      11.5      17.0      1.36      2.00      3.00  -9999.00
     1   2005    134    4300.0       7.7      15.8      1.05      2.00     13.70  -9999.00
     1   2005    135   17200.0       5.7      12.0      0.92      2.00      0.60  -9999.00
     1   2005    136   14500.0       6.3       9.7      0.95      2.00      1.00  -9999.00
     1   2005    137   14400.0       8.6      16.8      1.12      2.00      0.00  -9999.00
     1   2005    138   19800.0       6.6      13.9      0.97      2.00      1.80  -9999.00
     1   2005    139   21500.0       9.6      16.4      1.20      2.00      0.50  -9999.00
     1   2005    140   25500.0       7.1      17.1      1.01      2.00      0.70  -9999.00
     1   2005    141   10000.0       4.0      15.2      0.81      2.00      5.30  -9999.00
     1   2005    142   19400.0       5.3      17.3      0.89      2.00      1.90  -9999.00
     1   2005    143   19300.0       6.8      15.2      0.99      2.00      0.60  -9999.00
     1   2005    144   18900.0       7.2      14.6      1.02      2.00      1.10  -9999.00
     1   2005    145   15700.0       9.3      17.4      1.17      2.00      0.60  -9999.00
     1   2005    146   26300.0      11.8      17.5      1.38      2.00      0.00  -9999.00
     1   2005    147   27500.0       7.3      18.8      1.02      2.00      0.00  -9999.00
     1   2005    148   28100.0       4.4      15.6      0.84      2.00      0.00  -9999.00
     1   2005    149   25100.0       8.0      15.8      1.07      2.00      0.00  -9999.00
     1   2005    150   24900.0       7.8      15.6      1.06      2.00      0.60  -9999.00
     1   2005    151   17300.0       8.8      15.9      1.13      2.00      4.90  -9999.00
     1   2005    152   13200.0       6.8      14.8      0.99      2.00      0.40  -9999.00
     1   2005    153   10200.0       8.0      21.2      1.07      2.00      0.00  -9999.00
     1   2005    154   23700.0      10.1      18.0      1.24      2.00      6.50  -9999.00
     1   2005    155   15900.0      11.3      17.4      1.34      2.00      7.30  -9999.00
     1   2005    156   26000.0      11.4      17.3      1.35      2.00      0.00  -9999.00
     1   2005    157   25400.0       2.8      14.6      0.75      2.00      0.00  -9999.00
     1   2005    158   16300.0       9.3      14.8      1.17      2.00      0.00  -9999.00
     1   2005    159   26500.0      12.2      18.8      1.42      2.00      0.00  -9999.00
     1   2005    160    4700.0      14.2      19.0      1.62      2.00      0.00  -9999.00
     1   2005    161   28300.0      12.7      21.6      1.47      2.00      0.00  -9999.00
     1   2005    162    6700.0       9.5      29.6      1.19      2.00      4.50  -9999.00
     1   2005    163    4800.0      11.0      17.1      1.31      2.00      0.00  -9999.00
     1   2005    164   14600.0      10.3      17.4      1.25      2.00      0.00  -9999.00
     1   2005    165   11600.0       9.3      19.6      1.17      2.00     11.30  -9999.00
     1   2005    166   17100.0      12.9      18.0      1.49      2.00      1.00  -9999.00
     1   2005    167   13500.0       7.3      15.7      1.02      2.00      8.90  -9999.00
     1   2005    168   13200.0       9.0      15.8      1.15      2.00     20.00  -9999.00
     1   2005    169    4400.0       9.8      12.8      1.21      2.00      6.30  -9999.00
     1   2005    170   19700.0       4.9      12.7      0.87      2.00      5.10  -9999.00
     1   2005    171   29400.0      10.8      18.4      1.29      2.00      2.70  -9999.00
     1   2005    172   19700.0       8.4      19.8      1.10      2.00      9.00  -9999.00
     1   2005    173   15200.0       7.8      17.5      1.06      2.00     11.50  -9999.00
     1   2005    174    4500.0      10.1      18.7      1.24      2.00      1.90  -9999.00
     1   2005    175   17500.0      11.3      15.7      1.34      2.00      2.10  -9999.00
     1   2005    176   15500.0      10.9      17.3      1.30      2.00      0.40  -9999.00
     1   2005    177    6100.0      11.1      17.8      1.32      2.00      0.60  -9999.00
     1   2005    178   17900.0       8.0      17.5      1.07      2.00      1.30  -9999.00
     1   2005    179   27200.0      12.3      19.4      1.43      2.00      0.00  -9999.00
     1   2005    180   22300.0       9.8      16.8      1.21      2.00      2.60  -9999.00
     1   2005    181   19700.0      12.0      22.5      1.40      2.00      2.20  -9999.00
     1   2005    182    4900.0       9.7      21.6      1.20      2.00      0.00  -9999.00
     1   2005    183   28000.0      11.8      22.6      1.38      2.00      0.00  -9999.00
     1   2005    184   22600.0      15.7      21.1      1.78      2.00      0.30  -9999.00
     1   2005    185   26700.0      12.1      20.7      1.41      2.00      0.00  -9999.00
     1   2005    186   21000.0      14.1      19.5      1.61      2.00      0.00  -9999.00
     1   2005    187   13900.0      13.3      22.9      1.53      2.00      0.00  -9999.00
     1   2005    188    8200.0      11.6      21.5      1.37      2.00      0.00  -9999.00
     1   2005    189   22600.0      15.5      25.5      1.76      2.00      0.00  -9999.00
     1   2005    190   28900.0      18.6      22.7      2.14      2.00      0.00  -9999.00
     1   2005    191   20100.0      11.1      22.1      1.32      2.00      0.00  -9999.00
     1   2005    192   19300.0      11.1      20.6      1.32      2.00      0.00  -9999.00
     1   2005    193   20100.0      15.2      24.6      1.73      2.00      0.00  -9999.00
     1   2005    194   20500.0      12.1      20.7      1.41      2.00      4.50  -9999.00
     1   2005    195   26100.0       7.6      19.4      1.04      2.00      0.00  -9999.00
     1   2005    196   26200.0       9.3      22.4      1.17      2.00      0.00  -9999.00
     1   2005    197   23300.0      12.7      25.2      1.47      2.00      0.00  -9999.00
     1   2005    198   28300.0      14.1      27.9      1.61      2.00      0.00  -9999.00
     1   2005    199   28400.0      11.3      19.5      1.34      2.00      0.00  -9999.00
     1   2005    200   13600.0      14.5      17.3      1.65      2.00      0.40  -9999.00
     1   2005    201   20800.0      11.4      22.8      1.35      2.00      0.00  -9999.00
     1   2005    202   14200.0      11.9      21.6      1.39      2.00      0.70  -9999.00
     1   2005    203   21300.0      13.8      22.8      1.58      2.00      0.60  -9999.00
     1   2005    204    6900.0      13.7      23.3      1.57      2.00      5.30  -9999.00
     1   2005    205   25100.0      15.9      26.6      1.81      2.00      0.00  -9999.00
     1   2005    206    7500.0      11.5      24.3      1.36      2.00     13.10  -9999.00
     1   2005    207    8500.0      14.6      30.5      1.66      2.00      0.00  -9999.00
     1   2005    208   17700.0      11.3      24.8      1.34      2.00      0.00  -9999.00
     1   2005    209   21600.0      12.5      21.8      1.45      2.00      0.00  -9999.00
     1   2005    210    4800.0      14.2      18.6      1.62      2.00      0.20  -9999.00
     1   2005    211    4200.0       9.9      15.8      1.22      2.00      1.30  -9999.00
     1   2005    212   18600.0      12.0      16.8      1.40      2.00      1.90  -9999.00
     1   2005    213    4600.0      12.2      20.0      1.42      2.00      0.00  -9999.00
     1   2005    214   13300.0      13.7      18.4      1.57      2.00     17.70  -9999.00
     1   2005    215   16600.0      14.7      23.5      1.67      2.00      1.90  -9999.00
     1   2005    216    3800.0      14.9      27.6      1.69      2.00      0.70  -9999.00
     1   2005    217   10600.0      12.9      18.9      1.49      2.00      6.40  -9999.00
     1   2005    218   14600.0      12.9      18.3      1.49      2.00     11.00  -9999.00
     1   2005    219   22500.0      16.5      24.9      1.88      2.00      0.00  -9999.00
     1   2005    220   21900.0      17.2      22.0      1.96      2.00      0.00  -9999.00
     1   2005    221   16300.0      15.1      23.8      1.72      2.00     15.10  -9999.00
     1   2005    222   24300.0      16.2      24.8      1.84      2.00      0.00  -9999.00
     1   2005    223   20400.0      13.6      27.9      1.56      2.00      0.00  -9999.00
     1   2005    224   18900.0       9.5      26.8      1.19      2.00      0.00  -9999.00
     1   2005    225   13400.0      12.1      20.4      1.41      2.00      3.90  -9999.00
     1   2005    226   16700.0      15.5      22.3      1.76      2.00      1.10  -9999.00
     1   2005    227   14700.0      13.8      19.7      1.58      2.00      6.80  -9999.00
     1   2005    228   20600.0      13.8      22.9      1.58      2.00      0.00  -9999.00
     1   2005    229   24500.0      11.1      22.9      1.32      2.00      0.00  -9999.00
     1   2005    230    3800.0       9.2      19.2      1.16      2.00      6.30  -9999.00
     1   2005    231   11500.0       8.7      19.5      1.12      2.00      3.80  -9999.00
     1   2005    232   18800.0       7.8      22.5      1.06      2.00      0.00  -9999.00
     1   2005    233   21400.0      13.7      24.7      1.57      2.00      0.00  -9999.00
     1   2005    234   17600.0       9.7      22.2      1.20      2.00      0.00  -9999.00
     1   2005    235   23400.0      15.3      27.3      1.74      2.00      0.00  -9999.00
     1   2005    236   17600.0      12.2      24.6      1.42      2.00      0.00  -9999.00
     1   2005    237   13800.0      12.7      19.1      1.47      2.00      4.60  -9999.00
     1   2005    238   16200.0      10.9      19.8      1.30      2.00     15.60  -9999.00
     1   2005    239   15000.0      15.5      26.6      1.76      2.00      0.00  -9999.00
     1   2005    240   16500.0      17.6      20.3      2.01      2.00      0.20  -9999.00
     1   2005    241    4100.0      10.9      19.2      1.30      2.00     28.70  -9999.00
     1   2005    242    3400.0      10.8      19.7      1.29      2.00      7.00  -9999.00
     1   2005    243   19300.0      11.5      18.1      1.36      2.00      0.00  -9999.00
     1   2005    244    3500.0      12.5      13.6      1.45      2.00      0.10  -9999.00
     1   2005    245   11900.0      14.4      19.9      1.64      2.00      1.10  -9999.00
     1   2005    246   15700.0      13.8      21.5      1.58      2.00      0.00  -9999.00
     1   2005    247    5400.0      11.1      17.6      1.32      2.00      3.20  -9999.00
     1   2005    248    4000.0       7.9      17.0      1.07      2.00      0.40  -9999.00
     1   2005    249   12000.0      11.7      19.6      1.37      2.00      0.10  -9999.00
     1   2005    250   15800.0      13.3      19.7      1.53      2.00      0.00  -9999.00
     1   2005    251   17100.0      10.5      20.0      1.27      2.00      0.00  -9999.00
     1   2005    252   15600.0      11.8      20.1      1.38      2.00      2.30  -9999.00
     1   2005    253   15000.0      11.0      17.2      1.31      2.00      0.90  -9999.00
     1   2005    254    6700.0       6.0      20.2      0.93      2.00      0.00  -9999.00
     1   2005    255   13600.0      10.0      17.0      1.23      2.00      0.00  -9999.00
     1   2005    256   18600.0      12.3      18.8      1.43      2.00      0.00  -9999.00
     1   2005    257   13600.0       9.1      16.7      1.16      2.00      0.00  -9999.00
     1   2005    258    2500.0      12.0      12.8      1.40      2.00      0.00  -9999.00
     1   2005    259   14500.0      10.9      17.5      1.30      2.00      0.00  -9999.00
     1   2005    260   11600.0      11.4      13.4      1.35      2.00     14.40  -9999.00
     1   2005    261   14900.0      11.7      17.5      1.37      2.00      0.30  -9999.00
     1   2005    262   17300.0       7.9      18.0      1.07      2.00      0.00  -9999.00
     1   2005    263   13600.0       4.2      18.0      0.82      2.00      0.00  -9999.00
     1   2005    264   14200.0       8.7      15.4      1.12      2.00      0.00  -9999.00
     1   2005    265   13600.0       8.5      12.1      1.11      2.00      0.00  -9999.00
     1   2005    266    2200.0       8.9      16.0      1.14      2.00      0.00  -9999.00
     1   2005    267    3300.0      10.2      19.3      1.24      2.00      1.80  -9999.00
     1   2005    268    2600.0      14.1      18.2      1.61      2.00      9.20  -9999.00
     1   2005    269    2600.0      12.2      19.4      1.42      2.00      0.80  -9999.00
     1   2005    270    2300.0       7.6      17.2      1.04      2.00      0.10  -9999.00
     1   2005    271   11700.0       9.7      13.6      1.20      2.00      1.40  -9999.00
     1   2005    272    2500.0       8.1      14.3      1.08      2.00      0.10  -9999.00
     1   2005    273    7200.0       5.8      15.3      0.92      2.00      0.60  -9999.00
     1   2005    274    4600.0       9.6      16.8      1.20      2.00      9.90  -9999.00
     1   2005    275   10900.0      12.5      22.0      1.45      2.00      0.00  -9999.00
     1   2005    276   11600.0       8.9      18.6      1.14      2.00      0.00  -9999.00
     1   2005    277    2300.0       9.1      14.9      1.16      2.00      1.00  -9999.00
     1   2005    278    5100.0       3.8      16.4      0.80      2.00      0.90  -9999.00
     1   2005    279    3800.0       9.5      14.8      1.19      2.00      4.00  -9999.00
     1   2005    280    1700.0       7.5      11.6      1.04      2.00      0.00  -9999.00
     1   2005    281    5000.0       9.6      15.8      1.20      2.00      5.10  -9999.00
     1   2005    282    7500.0      11.1      14.9      1.32      2.00      1.80  -9999.00
     1   2005    283    7100.0       8.9      15.8      1.14      2.00     13.70  -9999.00
     1   2005    284    2300.0      11.0      17.8      1.31      2.00      0.30  -9999.00
     1   2005    285    1900.0       6.5      15.3      0.97      2.00     29.80  -9999.00
     1   2005    286    2300.0       2.6      13.0      0.74      2.00     14.90  -9999.00
     1   2005    287    9700.0       9.7      16.4      1.20      2.00      3.80  -9999.00
     1   2005    288    5400.0       9.0      17.6      1.15      2.00      7.50  -9999.00
     1   2005    289    2600.0      11.9      16.0      1.39      2.00      0.90  -9999.00
     1   2005    290    7200.0      13.8      14.2      1.58      2.00      0.00  -9999.00
     1   2005    291    4800.0       6.2      13.8      0.95      2.00      0.00  -9999.00
     1   2005    292    5500.0       8.1      15.3      1.08      2.00      4.20  -9999.00
     1   2005    293    7600.0       8.5      14.7      1.11      2.00      4.50  -9999.00
     1   2005    294    6300.0       9.6      15.4      1.20      2.00      0.00  -9999.00
     1   2005    295    7800.0       3.3       8.6      0.77      2.00      0.00  -9999.00
     1   2005    296    4100.0       5.1      12.2      0.88      2.00      0.00  -9999.00
     1   2005    297    9700.0       5.7      10.0      0.92      2.00      0.00  -9999.00
     1   2005    298    6100.0       7.7      13.1      1.05      2.00      1.10  -9999.00
     1   2005    299    3100.0       7.6      12.3      1.04      2.00      0.30  -9999.00
     1   2005    300    5200.0       7.7       9.7      1.05      2.00      3.10  -9999.00
     1   2005    301    7600.0       2.9       9.2      0.75      2.00      5.50  -9999.00
     1   2005    302    4800.0       6.3      10.9      0.95      2.00      7.40  -9999.00
     1   2005    303    1500.0      12.2      17.3      1.42      2.00      6.50  -9999.00
     1   2005    304    1200.0       8.3      13.3      1.09      2.00      4.70  -9999.00
     1   2005    305    7800.0       9.0      11.5      1.15      2.00      0.00  -9999.00
     1   2005    306    5400.0       8.6      12.5      1.12      2.00      0.20  -9999.00
     1   2005    307    1100.0       5.1      14.0      0.88      2.00     10.70  -9999.00
     1   2005    308    5300.0       8.5      14.6      1.11      2.00      1.80  -9999.00
     1   2005    309    1000.0       8.7      12.5      1.12      2.00      1.90  -9999.00
     1   2005    310    2700.0       9.1      14.5      1.16      2.00      0.00  -9999.00
     1   2005    311    6800.0       8.5      12.3      1.11      2.00      0.00  -9999.00
     1   2005    312    1200.0       7.7      12.8      1.05      2.00      0.00  -9999.00
     1   2005    313    2000.0       8.2      12.2      1.09      2.00      0.00  -9999.00
     1   2005    314    2600.0       9.0       9.7      1.15      2.00      0.00  -9999.00
     1   2005    315    1800.0       1.5       8.9      0.68      2.00      0.00  -9999.00
     1   2005    316    2300.0       0.5       8.9      0.63      2.00      0.00  -9999.00
     1   2005    317    6100.0       3.5      11.6      0.78      2.00      0.40  -9999.00
     1   2005    318    1000.0       3.5       9.7      0.78      2.00      0.10  -9999.00
     1   2005    319    1300.0       6.6      10.3      0.97      2.00      2.70  -9999.00
     1   2005    320     800.0       2.7      10.5      0.74      2.00      0.30  -9999.00
     1   2005    321    3700.0       4.9       8.0      0.87      2.00      6.20  -9999.00
     1   2005    322    1700.0       2.9       8.9      0.75      2.00      0.00  -9999.00
     1   2005    323    5300.0      -0.2       9.0      0.60      2.00      0.00  -9999.00
     1   2005    324    3500.0       1.0       9.5      0.66      2.00      0.90  -9999.00
     1   2005    325     900.0       5.0      10.7      0.87      2.00      0.30  -9999.00
     1   2005    326     900.0       9.6      11.2      1.20      2.00      0.50  -9999.00
     1   2005    327     800.0       2.8      10.7      0.75      2.00      2.50  -9999.00
     1   2005    328     900.0       0.9      12.8      0.65      2.00      5.60  -9999.00
     1   2005    329    5000.0       2.2       4.9      0.72      2.00      0.00  -9999.00
     1   2005    330    4100.0       2.3       4.3      0.72      2.00      0.00  -9999.00
     1   2005    331    5600.0       3.4      11.0      0.78      2.00      0.00  -9999.00
     1   2005    332     800.0       6.7      11.7      0.98      2.00      5.00  -9999.00
     1   2005    333    1400.0       4.8      10.6      0.86      2.00      0.90  -9999.00
     1   2005    334    4800.0       7.5      13.1      1.04      2.00      3.60  -9999.00
     1   2005    335    2500.0       2.7       9.4      0.74      2.00      3.80  -9999.00
     1   2005    336     800.0       4.0      10.1      0.81      2.00      4.80  -9999.00
     1   2005    337    1900.0       1.7       8.2      0.69      2.00      0.00  -9999.00
     1   2005    338     700.0       2.0       6.5      0.71      2.00      0.00  -9999.00
     1   2005    339     700.0       0.8       8.4      0.65      2.00      0.10  -9999.00
     1   2005    340    1700.0       0.1       7.1      0.62      2.00      0.10  -9999.00
     1   2005    341    4100.0       1.4       5.2      0.68      2.00      0.00  -9999.00
     1   2005    342    2700.0       0.4       5.3      0.63      2.00      0.00  -9999.00
     1   2005    343    2400.0       3.0       7.7      0.76      2.00      0.50  -9999.00
     1   2005    344    1200.0      -0.5       6.7      0.59      2.00      3.80  -9999.00
     1   2005    345     700.0      10.5      11.8      1.27      2.00      0.10  -9999.00
     1   2005    346     600.0       5.9      12.9      0.93      2.00      0.00  -9999.00
     1   2005    347    1300.0      -4.3       2.8      0.44      2.00      1.50  -9999.00
     1   2005    348    4200.0      -1.4       1.2      0.55      2.00      0.00  -9999.00
     1   2005    349     700.0       1.3       6.1      0.67      2.00      0.70  -9999.00
     1   2005    350    3300.0      -0.7       5.4      0.58      2.00      0.00  -9999.00
     1   2005    351     600.0      -0.6       0.9      0.58      2.00      0.00  -9999.00
     1   2005    352    1700.0       1.1       6.1      0.66      2.00      6.40  -9999.00
     1   2005    353     700.0       3.6       6.8      0.79      2.00      0.60  -9999.00
     1   2005    354     600.0       3.0       5.2      0.76      2.00      0.00  -9999.00
     1   2005    355    4100.0       3.2       7.9      0.77      2.00      3.70  -9999.00
     1   2005    356    3100.0       3.5       7.0      0.78      2.00      0.30  -9999.00
     1   2005    357    1000.0      -2.4       0.0      0.51      2.00      0.60  -9999.00
     1   2005    358     700.0      -0.6       4.8      0.58      2.00      8.80  -9999.00
     1   2005    359    3900.0       8.5       9.7      1.11      2.00      0.70  -9999.00
     1   2005    360    4000.0       4.9       6.1      0.87      2.00      0.00  -9999.00
     1   2005    361     700.0       7.6       9.6      1.04      2.00      0.00  -9999.00
     1   2005    362    2200.0       5.5      10.2      0.90      2.00      2.00  -9999.00
     1   2005    363    4200.0       3.5       7.9      0.78      2.00      2.80  -9999.00
     1   2005    364    3800.0       2.3       4.7      0.72      2.00      0.00  -9999.00
     1   2005    365    4300.0       4.8       8.1      0.86      2.00      1.10  -9999.00
