*-----------------------------------------------------------------------------* 
           WHWG_266.met           52.12    0.96   89.00
* Date created:  08-Aug-2019     Author: K Coleman 
* 
* NIL VALUE       -9999 
* Source:   data provided by M. Semenov 
*  
* Latitude:    52.12 Longitude:     0.96 Altitude:    89.00
* 
* Column  Daily value 
* 1       station number 
* 2       year 
* 3       day 
* 4       irradiation                   (kJ m-2 d-1) 
* 5       minimum temperature           (degrees Celsius) 
* 6       maximum temperature           (degrees Celsius) 
* 7       early morning vapour pressure (kPa)             
* 8       mean wind speed (height: 2 m?) (m s-1)          
* 9       precipitation                 (mm d-1)          
* 10      sunshine                      (hrs)             
 		Jday	RAD	    TMIN	TMAX	 VAP	wind	RAIN	SUN  
               kj/m2	°C	    °C	     kPa	m/s	    mm	    hrs 
   52.12  89.00
     1   2005      1     700.0       3.4       6.9      0.78      2.00      0.10  -9999.00
     1   2005      2     800.0       1.1       6.9      0.66      2.00      0.90  -9999.00
     1   2005      3    1500.0       2.7       9.4      0.74      2.00      2.50  -9999.00
     1   2005      4     700.0       6.1      12.7      0.94      2.00      1.50  -9999.00
     1   2005      5    1700.0       4.0      11.4      0.81      2.00      9.10  -9999.00
     1   2005      6    4900.0      -0.3       6.0      0.60      2.00      0.00  -9999.00
     1   2005      7     800.0      -0.3       7.7      0.60      2.00      0.10  -9999.00
     1   2005      8    4200.0       0.0       7.1      0.61      2.00      2.10  -9999.00
     1   2005      9     800.0       0.0       4.8      0.61      2.00      0.00  -9999.00
     1   2005     10     800.0       4.8       8.2      0.86      2.00      1.50  -9999.00
     1   2005     11    3800.0       6.8       8.2      0.99      2.00      0.70  -9999.00
     1   2005     12     700.0      -5.3       4.6      0.41      2.00      5.80  -9999.00
     1   2005     13    4600.0      -6.4       0.9      0.38      2.00      0.00  -9999.00
     1   2005     14    3500.0       0.3       6.3      0.62      2.00      0.00  -9999.00
     1   2005     15     700.0       0.5       3.7      0.63      2.00      0.00  -9999.00
     1   2005     16     800.0       3.1       7.8      0.76      2.00      0.10  -9999.00
     1   2005     17     700.0       1.6       5.5      0.69      2.00      2.30  -9999.00
     1   2005     18    1600.0       1.8       4.5      0.70      2.00      0.00  -9999.00
     1   2005     19     700.0       3.8       5.8      0.80      2.00      0.10  -9999.00
     1   2005     20     800.0      -3.0       4.1      0.49      2.00      1.00  -9999.00
     1   2005     21    5800.0      -2.3       0.3      0.52      2.00      6.60  -9999.00
     1   2005     22    1000.0       3.1      12.9      0.76      2.00      0.10  -9999.00
     1   2005     23    3300.0      -0.4       9.4      0.59      2.00      0.00  -9999.00
     1   2005     24    5100.0       1.5       6.2      0.68      2.00      0.70  -9999.00
     1   2005     25    5800.0       0.5       8.4      0.63      2.00      1.90  -9999.00
     1   2005     26     900.0       4.5       8.1      0.84      2.00      1.10  -9999.00
     1   2005     27     900.0       6.0       8.2      0.93      2.00      2.30  -9999.00
     1   2005     28    1400.0       1.9       5.8      0.70      2.00      0.30  -9999.00
     1   2005     29    5900.0       0.1       0.5      0.62      2.00      0.40  -9999.00
     1   2005     30    5600.0       0.5       8.7      0.63      2.00      2.50  -9999.00
     1   2005     31    3800.0      -0.2       7.3      0.60      2.00      2.80  -9999.00
     1   2005     32     900.0      -3.7       4.2      0.46      2.00      0.90  -9999.00
     1   2005     33     900.0       0.2       5.7      0.62      2.00      0.40  -9999.00
     1   2005     34    2200.0      -4.8       1.2      0.43      2.00      3.50  -9999.00
     1   2005     35    1600.0      -6.3       5.2      0.38      2.00      0.50  -9999.00
     1   2005     36    4400.0       0.6       6.9      0.64      2.00      1.30  -9999.00
     1   2005     37    1200.0       2.4       8.1      0.73      2.00      1.10  -9999.00
     1   2005     38    4500.0       2.5       8.1      0.73      2.00      0.90  -9999.00
     1   2005     39    1300.0       8.3       9.8      1.09      2.00      1.60  -9999.00
     1   2005     40    3800.0      -2.7       3.7      0.50      2.00      0.00  -9999.00
     1   2005     41    2100.0      -2.5       2.9      0.51      2.00      2.50  -9999.00
     1   2005     42    4000.0       5.4      12.0      0.90      2.00      0.00  -9999.00
     1   2005     43    4900.0       1.2       9.9      0.67      2.00      0.00  -9999.00
     1   2005     44    6000.0      -0.9       2.8      0.57      2.00      0.00  -9999.00
     1   2005     45    1900.0       0.2       5.4      0.62      2.00      2.00  -9999.00
     1   2005     46    4900.0       4.1       8.4      0.82      2.00      7.80  -9999.00
     1   2005     47    1900.0       7.7       8.2      1.05      2.00      0.20  -9999.00
     1   2005     48    5400.0      -1.8       6.0      0.54      2.00      1.80  -9999.00
     1   2005     49    7100.0      -4.0       5.0      0.45      2.00      0.00  -9999.00
     1   2005     50    9400.0       2.4       9.8      0.73      2.00      0.00  -9999.00
     1   2005     51    7800.0       2.0      11.6      0.71      2.00      1.80  -9999.00
     1   2005     52    1300.0      -3.1       4.9      0.49      2.00     10.70  -9999.00
     1   2005     53    2800.0      -0.5       1.8      0.59      2.00      0.10  -9999.00
     1   2005     54    5900.0      -2.0       6.9      0.53      2.00      1.20  -9999.00
     1   2005     55    6000.0      -2.6       7.9      0.50      2.00      7.40  -9999.00
     1   2005     56   10000.0      -0.7       6.2      0.58      2.00      0.00  -9999.00
     1   2005     57    8700.0      -4.2       9.1      0.45      2.00      0.10  -9999.00
     1   2005     58    3000.0      -2.0       6.7      0.53      2.00      0.00  -9999.00
     1   2005     59    8300.0      -6.5       7.6      0.38      2.00      0.00  -9999.00
     1   2005     60    2200.0       2.4       5.0      0.73      2.00      0.00  -9999.00
     1   2005     61   10200.0       7.7       9.2      1.05      2.00      0.00  -9999.00
     1   2005     62    3300.0       0.1       8.4      0.62      2.00      1.10  -9999.00
     1   2005     63    6900.0      -0.7       5.1      0.58      2.00      3.70  -9999.00
     1   2005     64    9200.0       3.3       7.1      0.77      2.00     24.20  -9999.00
     1   2005     65   10300.0       1.1      10.4      0.66      2.00      0.00  -9999.00
     1   2005     66    1900.0      -5.3       4.6      0.41      2.00      0.80  -9999.00
     1   2005     67    3200.0      -3.9       6.2      0.46      2.00      0.60  -9999.00
     1   2005     68   10200.0       1.0       8.9      0.66      2.00      0.70  -9999.00
     1   2005     69   12300.0      -0.7       9.7      0.58      2.00      0.00  -9999.00
     1   2005     70   11200.0       3.1       7.1      0.76      2.00      0.00  -9999.00
     1   2005     71   12700.0       5.3       7.3      0.89      2.00      0.80  -9999.00
     1   2005     72    2100.0       1.9       6.9      0.70      2.00      0.30  -9999.00
     1   2005     73    2000.0       0.2       8.1      0.62      2.00      1.20  -9999.00
     1   2005     74    8400.0       1.0      11.0      0.66      2.00      0.10  -9999.00
     1   2005     75    8200.0       1.9      10.2      0.70      2.00      4.60  -9999.00
     1   2005     76   10900.0       1.8       7.7      0.70      2.00      2.20  -9999.00
     1   2005     77    2700.0       3.3       4.1      0.77      2.00      6.10  -9999.00
     1   2005     78   10000.0       4.6      12.4      0.85      2.00      0.00  -9999.00
     1   2005     79   10100.0       4.6      16.7      0.85      2.00      0.00  -9999.00
     1   2005     80   14300.0      -1.1       8.3      0.56      2.00      0.00  -9999.00
     1   2005     81   13300.0      -3.1       6.2      0.49      2.00      0.00  -9999.00
     1   2005     82   14000.0       4.7      12.8      0.85      2.00      0.00  -9999.00
     1   2005     83    3700.0       7.3      14.1      1.02      2.00      0.10  -9999.00
     1   2005     84   15900.0      -1.0       8.6      0.57      2.00      0.00  -9999.00
     1   2005     85   10000.0       0.4      12.2      0.63      2.00      0.00  -9999.00
     1   2005     86   10700.0       3.2       9.2      0.77      2.00      0.30  -9999.00
     1   2005     87   10600.0       0.8       5.0      0.65      2.00      0.00  -9999.00
     1   2005     88   12900.0      -0.2       6.0      0.60      2.00      0.00  -9999.00
     1   2005     89    2800.0       0.4       8.9      0.63      2.00      4.20  -9999.00
     1   2005     90   12700.0       1.3      11.3      0.67      2.00      0.10  -9999.00
     1   2005     91   18900.0       3.5      13.6      0.78      2.00      0.80  -9999.00
     1   2005     92   14300.0       1.9       7.4      0.70      2.00      1.60  -9999.00
     1   2005     93   18100.0       5.0      11.0      0.87      2.00      0.00  -9999.00
     1   2005     94    3900.0      -0.2      11.1      0.60      2.00      0.60  -9999.00
     1   2005     95   11400.0       1.9      11.4      0.70      2.00      6.50  -9999.00
     1   2005     96   14600.0      -1.3       9.0      0.56      2.00      0.00  -9999.00
     1   2005     97   18900.0      -3.3       9.2      0.48      2.00      0.00  -9999.00
     1   2005     98   15100.0       4.8      12.1      0.86      2.00      0.00  -9999.00
     1   2005     99    3000.0       3.8      10.7      0.80      2.00      3.80  -9999.00
     1   2005    100   14100.0       2.1       8.7      0.71      2.00      0.00  -9999.00
     1   2005    101   18600.0      -2.0       6.0      0.53      2.00      0.00  -9999.00
     1   2005    102   21000.0       2.7      15.2      0.74      2.00      0.00  -9999.00
     1   2005    103   19300.0       3.4      14.8      0.78      2.00      0.00  -9999.00
     1   2005    104   11100.0       8.0      13.4      1.07      2.00      0.80  -9999.00
     1   2005    105   22200.0       4.5      18.2      0.84      2.00      0.00  -9999.00
     1   2005    106    7600.0       4.2      11.7      0.82      2.00      0.00  -9999.00
     1   2005    107    8300.0       6.8      11.6      0.99      2.00      0.00  -9999.00
     1   2005    108   17300.0      -2.5       8.4      0.51      2.00      0.00  -9999.00
     1   2005    109   19300.0       1.8       8.1      0.70      2.00      0.00  -9999.00
     1   2005    110   21200.0       6.6      17.5      0.97      2.00      0.00  -9999.00
     1   2005    111    8500.0       3.9      14.1      0.81      2.00      0.40  -9999.00
     1   2005    112   13200.0       4.1      10.9      0.82      2.00      0.70  -9999.00
     1   2005    113   23700.0       8.5      13.3      1.11      2.00      0.00  -9999.00
     1   2005    114   20600.0       4.0      11.3      0.81      2.00      0.00  -9999.00
     1   2005    115   22900.0       0.9      12.8      0.65      2.00      0.00  -9999.00
     1   2005    116   16700.0       5.1      19.4      0.88      2.00      0.00  -9999.00
     1   2005    117   21700.0       4.5      20.4      0.84      2.00      0.00  -9999.00
     1   2005    118   24100.0       3.9      12.9      0.81      2.00      0.00  -9999.00
     1   2005    119   21800.0       6.5      10.3      0.97      2.00      0.10  -9999.00
     1   2005    120    5100.0       1.8      10.2      0.70      2.00      0.00  -9999.00
     1   2005    121    6800.0       3.3      12.2      0.77      2.00      4.10  -9999.00
     1   2005    122    8200.0       6.6      12.8      0.97      2.00      2.70  -9999.00
     1   2005    123   21500.0       7.7      12.5      1.05      2.00      0.00  -9999.00
     1   2005    124   25600.0       5.7      16.2      0.92      2.00      0.00  -9999.00
     1   2005    125   21600.0       7.9      18.6      1.07      2.00      0.00  -9999.00
     1   2005    126    8200.0       7.8      17.8      1.06      2.00      0.00  -9999.00
     1   2005    127    4300.0       5.4      16.2      0.90      2.00      2.40  -9999.00
     1   2005    128   27200.0       7.8      14.7      1.06      2.00      0.00  -9999.00
     1   2005    129    8800.0       8.3      10.0      1.09      2.00      2.80  -9999.00
     1   2005    130    6000.0       5.0      15.0      0.87      2.00     12.70  -9999.00
     1   2005    131    4300.0       5.5      15.5      0.90      2.00      0.40  -9999.00
     1   2005    132   27700.0       5.6      14.7      0.91      2.00      0.00  -9999.00
     1   2005    133   20200.0       8.2      17.4      1.09      2.00      0.00  -9999.00
     1   2005    134   25500.0       1.5      11.8      0.68      2.00      0.00  -9999.00
     1   2005    135   22700.0       6.2      15.8      0.95      2.00      0.00  -9999.00
     1   2005    136    8200.0       7.6      20.3      1.04      2.00      0.00  -9999.00
     1   2005    137   17400.0       8.9      19.4      1.14      2.00      0.00  -9999.00
     1   2005    138   27400.0       8.9      17.8      1.14      2.00      0.00  -9999.00
     1   2005    139   27800.0       5.7      17.6      0.92      2.00      0.00  -9999.00
     1   2005    140   23400.0       8.7      20.3      1.12      2.00      0.00  -9999.00
     1   2005    141   26700.0      10.7      18.3      1.29      2.00      0.00  -9999.00
     1   2005    142   28000.0       6.0      19.0      0.93      2.00      0.00  -9999.00
     1   2005    143   26100.0       4.4      20.5      0.84      2.00      0.00  -9999.00
     1   2005    144   20400.0      11.2      20.2      1.33      2.00      0.00  -9999.00
     1   2005    145   26600.0       8.1      22.7      1.08      2.00      0.00  -9999.00
     1   2005    146    7500.0       4.4      11.6      0.84      2.00     13.00  -9999.00
     1   2005    147    5000.0       6.7      12.6      0.98      2.00      1.30  -9999.00
     1   2005    148    9400.0       7.2      15.5      1.02      2.00      7.10  -9999.00
     1   2005    149    4500.0       8.5      14.2      1.11      2.00     15.10  -9999.00
     1   2005    150   17500.0      12.1      17.2      1.41      2.00     10.40  -9999.00
     1   2005    151   18400.0      10.6      19.5      1.28      2.00     11.00  -9999.00
     1   2005    152   27200.0       7.1      20.9      1.01      2.00      0.00  -9999.00
     1   2005    153   28400.0      10.2      22.4      1.24      2.00      0.00  -9999.00
     1   2005    154    4400.0       9.8      15.8      1.21      2.00      8.60  -9999.00
     1   2005    155   19200.0       6.6      16.6      0.97      2.00      2.70  -9999.00
     1   2005    156   29400.0       6.2      18.7      0.95      2.00      0.00  -9999.00
     1   2005    157   28900.0       6.9      20.3      0.99      2.00      0.00  -9999.00
     1   2005    158    6100.0      10.1      23.4      1.24      2.00      0.00  -9999.00
     1   2005    159   28800.0      11.6      20.3      1.37      2.00      0.00  -9999.00
     1   2005    160   27800.0       9.4      18.4      1.18      2.00      0.00  -9999.00
     1   2005    161   29700.0       6.2      18.3      0.95      2.00      0.00  -9999.00
     1   2005    162   20500.0       6.9      19.5      0.99      2.00      0.00  -9999.00
     1   2005    163    6000.0       9.3      19.7      1.17      2.00      0.00  -9999.00
     1   2005    164   28200.0      10.1      20.5      1.24      2.00      0.00  -9999.00
     1   2005    165   28400.0      12.1      24.4      1.41      2.00      0.00  -9999.00
     1   2005    166   29800.0      13.8      23.2      1.58      2.00      0.00  -9999.00
     1   2005    167   23700.0      14.6      21.6      1.66      2.00      0.00  -9999.00
     1   2005    168    9000.0      11.5      18.2      1.36      2.00      0.00  -9999.00
     1   2005    169   15000.0       8.8      17.5      1.13      2.00      0.00  -9999.00
     1   2005    170   25800.0      12.1      20.1      1.41      2.00      0.00  -9999.00
     1   2005    171   27000.0      11.5      23.1      1.36      2.00      0.00  -9999.00
     1   2005    172   23600.0      14.8      21.7      1.68      2.00      1.40  -9999.00
     1   2005    173    5800.0      11.1      22.9      1.32      2.00      0.30  -9999.00
     1   2005    174   23500.0      13.0      22.7      1.50      2.00      0.00  -9999.00
     1   2005    175   29300.0      10.2      26.0      1.24      2.00      0.00  -9999.00
     1   2005    176   28000.0       9.0      22.8      1.15      2.00      0.00  -9999.00
     1   2005    177   28400.0      10.3      26.1      1.25      2.00      0.00  -9999.00
     1   2005    178   28500.0       7.7      19.5      1.05      2.00      0.00  -9999.00
     1   2005    179   16300.0       8.4      22.2      1.10      2.00      0.00  -9999.00
     1   2005    180    6700.0       7.8      19.5      1.06      2.00      0.00  -9999.00
     1   2005    181   27500.0      11.2      19.8      1.33      2.00      0.00  -9999.00
     1   2005    182   16800.0      12.1      21.2      1.41      2.00      1.10  -9999.00
     1   2005    183   22400.0      10.6      18.7      1.28      2.00      0.50  -9999.00
     1   2005    184   21500.0      11.0      17.1      1.31      2.00      6.60  -9999.00
     1   2005    185   14500.0      13.3      18.6      1.53      2.00      0.20  -9999.00
     1   2005    186    5300.0      11.0      19.8      1.31      2.00      1.70  -9999.00
     1   2005    187   24900.0      14.4      22.9      1.64      2.00      0.00  -9999.00
     1   2005    188   12500.0      11.9      20.9      1.39      2.00      0.00  -9999.00
     1   2005    189    5000.0      15.0      17.5      1.70      2.00      0.00  -9999.00
     1   2005    190   18100.0      11.1      19.9      1.32      2.00      0.10  -9999.00
     1   2005    191   28100.0       8.5      18.9      1.11      2.00      0.90  -9999.00
     1   2005    192   18000.0      14.4      21.0      1.64      2.00      1.40  -9999.00
     1   2005    193   27800.0      18.5      30.0      2.13      2.00      0.00  -9999.00
     1   2005    194   10000.0      11.1      21.4      1.32      2.00      0.00  -9999.00
     1   2005    195    9700.0      13.7      21.2      1.57      2.00      0.10  -9999.00
     1   2005    196   16200.0      15.8      24.9      1.79      2.00      0.00  -9999.00
     1   2005    197   14700.0      13.9      20.3      1.59      2.00      0.20  -9999.00
     1   2005    198    8700.0      12.6      19.2      1.46      2.00      0.40  -9999.00
     1   2005    199   23100.0      14.9      16.3      1.69      2.00      8.60  -9999.00
     1   2005    200   27900.0      14.7      26.5      1.67      2.00      0.00  -9999.00
     1   2005    201   20100.0      12.4      25.1      1.44      2.00      6.30  -9999.00
     1   2005    202   15000.0      10.1      18.1      1.24      2.00      1.00  -9999.00
     1   2005    203   24400.0      13.4      18.5      1.54      2.00      0.00  -9999.00
     1   2005    204   26700.0      15.6      25.7      1.77      2.00      0.00  -9999.00
     1   2005    205   23200.0      16.5      25.5      1.88      2.00      0.00  -9999.00
     1   2005    206   10500.0      13.2      21.8      1.52      2.00      0.00  -9999.00
     1   2005    207   24300.0       8.7      21.7      1.12      2.00      0.00  -9999.00
     1   2005    208   26500.0      12.4      20.9      1.44      2.00      0.00  -9999.00
     1   2005    209   26100.0      14.4      19.6      1.64      2.00      0.00  -9999.00
     1   2005    210   17600.0      14.9      27.0      1.69      2.00      0.00  -9999.00
     1   2005    211   25400.0      12.9      25.0      1.49      2.00      0.00  -9999.00
     1   2005    212   19100.0      13.2      24.0      1.52      2.00      0.00  -9999.00
     1   2005    213   19700.0      15.7      28.2      1.78      2.00      0.00  -9999.00
     1   2005    214   17200.0      10.6      21.8      1.28      2.00      0.00  -9999.00
     1   2005    215    6800.0      12.0      21.5      1.40      2.00      0.00  -9999.00
     1   2005    216   16200.0      12.8      22.1      1.48      2.00      6.30  -9999.00
     1   2005    217    7500.0      15.4      20.5      1.75      2.00      6.50  -9999.00
     1   2005    218   18800.0      13.0      21.2      1.50      2.00      0.20  -9999.00
     1   2005    219   19400.0      14.8      23.6      1.68      2.00      0.00  -9999.00
     1   2005    220   16800.0      13.4      20.6      1.54      2.00      0.00  -9999.00
     1   2005    221   23100.0       9.5      20.4      1.19      2.00      0.00  -9999.00
     1   2005    222   22400.0      13.8      24.4      1.58      2.00      0.00  -9999.00
     1   2005    223   12000.0       8.9      26.3      1.14      2.00      0.00  -9999.00
     1   2005    224   21900.0      12.7      26.4      1.47      2.00      0.00  -9999.00
     1   2005    225   22500.0      14.1      24.5      1.61      2.00      0.00  -9999.00
     1   2005    226   20100.0      13.9      23.5      1.59      2.00      0.00  -9999.00
     1   2005    227   16800.0      16.6      21.6      1.89      2.00      0.00  -9999.00
     1   2005    228    7400.0      14.2      21.3      1.62      2.00      1.50  -9999.00
     1   2005    229    8100.0      11.5      23.5      1.36      2.00      4.60  -9999.00
     1   2005    230    7500.0      12.2      19.4      1.42      2.00      9.80  -9999.00
     1   2005    231   17700.0       9.6      22.1      1.20      2.00      0.00  -9999.00
     1   2005    232   19000.0      13.3      27.0      1.53      2.00      0.00  -9999.00
     1   2005    233   17400.0      16.0      25.6      1.82      2.00      0.00  -9999.00
     1   2005    234    9600.0      11.1      18.6      1.32      2.00      0.80  -9999.00
     1   2005    235   16600.0      13.7      15.5      1.57      2.00      4.20  -9999.00
     1   2005    236   12400.0      10.0      17.8      1.23      2.00      0.40  -9999.00
     1   2005    237   22600.0      12.1      17.2      1.41      2.00      0.00  -9999.00
     1   2005    238   18900.0      13.5      31.0      1.55      2.00      0.20  -9999.00
     1   2005    239   19500.0       9.8      27.8      1.21      2.00      0.50  -9999.00
     1   2005    240   11500.0      10.6      17.3      1.28      2.00      3.40  -9999.00
     1   2005    241   13400.0       8.4      18.4      1.10      2.00      0.90  -9999.00
     1   2005    242   20900.0      12.6      19.7      1.46      2.00      6.80  -9999.00
     1   2005    243    4900.0      14.7      20.2      1.67      2.00     10.40  -9999.00
     1   2005    244   11500.0      12.0      20.2      1.40      2.00      0.10  -9999.00
     1   2005    245   10800.0      13.7      18.0      1.57      2.00      0.10  -9999.00
     1   2005    246   11100.0       9.9      19.0      1.22      2.00      0.10  -9999.00
     1   2005    247   15200.0       6.0      15.9      0.93      2.00      0.70  -9999.00
     1   2005    248   16100.0       9.8      20.6      1.21      2.00      1.80  -9999.00
     1   2005    249    7300.0      11.8      20.0      1.38      2.00      5.90  -9999.00
     1   2005    250   15600.0      11.7      19.3      1.37      2.00      0.00  -9999.00
     1   2005    251   15800.0      10.7      21.0      1.29      2.00      0.00  -9999.00
     1   2005    252    6700.0       7.4      18.3      1.03      2.00      0.00  -9999.00
     1   2005    253   14300.0       9.3      21.1      1.17      2.00      0.00  -9999.00
     1   2005    254    7000.0      13.2      17.4      1.52      2.00      3.50  -9999.00
     1   2005    255   13500.0      11.1      17.3      1.32      2.00      3.90  -9999.00
     1   2005    256    7700.0      10.2      17.9      1.24      2.00      0.10  -9999.00
     1   2005    257    2900.0       9.3      17.8      1.17      2.00      0.20  -9999.00
     1   2005    258    3100.0      10.9      17.5      1.30      2.00      2.70  -9999.00
     1   2005    259   10200.0      12.3      17.7      1.43      2.00     11.90  -9999.00
     1   2005    260   17900.0       5.0      18.3      0.87      2.00      0.00  -9999.00
     1   2005    261   16800.0       2.2      21.2      0.72      2.00      0.00  -9999.00
     1   2005    262    2500.0      12.8      17.4      1.48      2.00      0.00  -9999.00
     1   2005    263   12700.0      10.5      15.6      1.27      2.00      0.00  -9999.00
     1   2005    264   12200.0       4.5      15.9      0.84      2.00      0.00  -9999.00
     1   2005    265    4100.0       8.8      16.3      1.13      2.00      0.10  -9999.00
     1   2005    266    5000.0      10.7      21.2      1.29      2.00      0.00  -9999.00
     1   2005    267   14200.0       9.7      21.8      1.20      2.00      0.10  -9999.00
     1   2005    268   10300.0       6.0      15.9      0.93      2.00      0.00  -9999.00
     1   2005    269    4300.0       5.0      17.7      0.87      2.00      0.00  -9999.00
     1   2005    270   13900.0      11.8      16.6      1.38      2.00      0.00  -9999.00
     1   2005    271   14800.0      11.4      15.8      1.35      2.00      0.00  -9999.00
     1   2005    272   14400.0       8.0      15.0      1.07      2.00      0.00  -9999.00
     1   2005    273    2000.0      12.5      14.3      1.45      2.00      0.00  -9999.00
     1   2005    274   12700.0       6.1      15.3      0.94      2.00      1.50  -9999.00
     1   2005    275    2700.0       8.5      17.8      1.11      2.00      0.00  -9999.00
     1   2005    276    2100.0       4.5      10.6      0.84      2.00      6.30  -9999.00
     1   2005    277    9600.0       8.7      14.6      1.12      2.00      0.50  -9999.00
     1   2005    278    1800.0       8.6      15.4      1.12      2.00      4.80  -9999.00
     1   2005    279    9500.0       4.4      14.4      0.84      2.00      0.00  -9999.00
     1   2005    280   11800.0      12.6      17.1      1.46      2.00      0.00  -9999.00
     1   2005    281    7700.0       9.7      21.5      1.20      2.00      5.20  -9999.00
     1   2005    282   10500.0       9.4      16.9      1.18      2.00     13.60  -9999.00
     1   2005    283    1900.0      10.7      20.5      1.29      2.00      0.00  -9999.00
     1   2005    284    8800.0       6.8      12.4      0.99      2.00      0.00  -9999.00
     1   2005    285    8100.0       4.5      14.2      0.84      2.00      0.00  -9999.00
     1   2005    286    1700.0       2.3      11.3      0.72      2.00      0.00  -9999.00
     1   2005    287    8200.0       8.4      11.1      1.10      2.00     14.80  -9999.00
     1   2005    288   10900.0       6.3      12.3      0.95      2.00      0.00  -9999.00
     1   2005    289    7300.0       5.9      12.7      0.93      2.00      1.70  -9999.00
     1   2005    290   11300.0       3.9      11.3      0.81      2.00      0.00  -9999.00
     1   2005    291    5400.0       5.0      10.8      0.87      2.00      0.00  -9999.00
     1   2005    292    7800.0      10.7      15.5      1.29      2.00      0.00  -9999.00
     1   2005    293    9100.0       9.9      13.4      1.22      2.00      0.00  -9999.00
     1   2005    294    5400.0       9.3      13.8      1.17      2.00      0.00  -9999.00
     1   2005    295    6800.0       7.8      13.9      1.06      2.00      0.00  -9999.00
     1   2005    296    4600.0       6.2      11.4      0.95      2.00      2.10  -9999.00
     1   2005    297    9600.0       6.4      10.0      0.96      2.00      0.00  -9999.00
     1   2005    298    4700.0       9.3      16.5      1.17      2.00      0.90  -9999.00
     1   2005    299    6500.0       8.1      16.8      1.08      2.00      1.10  -9999.00
     1   2005    300    7700.0       4.9      11.8      0.87      2.00      0.00  -9999.00
     1   2005    301    5200.0       8.3      14.2      1.09      2.00      0.30  -9999.00
     1   2005    302    2000.0       4.3      10.5      0.83      2.00      3.60  -9999.00
     1   2005    303    3400.0       3.4       9.9      0.78      2.00      0.90  -9999.00
     1   2005    304    4500.0       7.0      12.9      1.00      2.00      2.10  -9999.00
     1   2005    305    1800.0       7.6      15.0      1.04      2.00      2.60  -9999.00
     1   2005    306    6200.0       4.8       7.9      0.86      2.00      0.00  -9999.00
     1   2005    307    2300.0       3.2       5.2      0.77      2.00      0.00  -9999.00
     1   2005    308    1300.0       1.3       6.6      0.67      2.00      0.20  -9999.00
     1   2005    309    1100.0       1.2       9.7      0.67      2.00      0.20  -9999.00
     1   2005    310    2700.0       4.6      12.1      0.85      2.00      3.70  -9999.00
     1   2005    311    1100.0       1.0       9.9      0.66      2.00      0.00  -9999.00
     1   2005    312    1200.0       7.9      11.3      1.07      2.00      0.20  -9999.00
     1   2005    313    3000.0       8.0       8.8      1.07      2.00      0.40  -9999.00
     1   2005    314    1000.0       5.7      12.8      0.92      2.00      0.30  -9999.00
     1   2005    315     900.0       3.2      13.1      0.77      2.00      0.50  -9999.00
     1   2005    316    1000.0       6.1      11.2      0.94      2.00      0.80  -9999.00
     1   2005    317    4500.0       4.6      11.2      0.85      2.00      0.40  -9999.00
     1   2005    318    4400.0       7.6      11.5      1.04      2.00      2.40  -9999.00
     1   2005    319    1700.0       8.1       9.0      1.08      2.00      5.80  -9999.00
     1   2005    320    1500.0       5.1      13.3      0.88      2.00      0.00  -9999.00
     1   2005    321    1000.0       0.8      12.8      0.65      2.00      0.00  -9999.00
     1   2005    322    3800.0       2.6      11.2      0.74      2.00     26.20  -9999.00
     1   2005    323    5600.0       3.1      12.0      0.76      2.00      0.00  -9999.00
     1   2005    324    1200.0       5.0       9.3      0.87      2.00      1.50  -9999.00
     1   2005    325    4600.0       5.8      11.6      0.92      2.00      0.60  -9999.00
     1   2005    326    1800.0       6.6      10.4      0.97      2.00      0.00  -9999.00
     1   2005    327    5000.0       3.1      11.0      0.76      2.00      0.10  -9999.00
     1   2005    328    4500.0       4.9      11.1      0.87      2.00      0.00  -9999.00
     1   2005    329    1400.0       6.4      10.4      0.96      2.00      1.20  -9999.00
     1   2005    330    3700.0       4.6      10.1      0.85      2.00      0.20  -9999.00
     1   2005    331    3500.0       4.0      11.9      0.81      2.00      0.40  -9999.00
     1   2005    332    3800.0       2.8       8.3      0.75      2.00      3.20  -9999.00
     1   2005    333    4100.0       1.6       4.4      0.69      2.00      0.00  -9999.00
     1   2005    334    5000.0       2.8       7.3      0.75      2.00      0.00  -9999.00
     1   2005    335    5200.0       3.4       7.4      0.78      2.00      0.00  -9999.00
     1   2005    336    1600.0       5.6       9.7      0.91      2.00      3.20  -9999.00
     1   2005    337     700.0       5.9       7.1      0.93      2.00      6.90  -9999.00
     1   2005    338    3700.0       4.5       8.3      0.84      2.00      0.00  -9999.00
     1   2005    339     700.0       2.7      10.5      0.74      2.00      6.30  -9999.00
     1   2005    340    2000.0       0.1       4.7      0.62      2.00     16.00  -9999.00
     1   2005    341    3200.0      -4.2       6.8      0.45      2.00      1.60  -9999.00
     1   2005    342    1900.0       3.9      10.5      0.81      2.00      0.00  -9999.00
     1   2005    343    2700.0       6.5      12.1      0.97      2.00      3.70  -9999.00
     1   2005    344     700.0       0.6       7.3      0.64      2.00      0.40  -9999.00
     1   2005    345     600.0      -0.3       5.5      0.60      2.00      0.00  -9999.00
     1   2005    346     700.0       2.1      10.3      0.71      2.00      1.80  -9999.00
     1   2005    347     900.0      -1.3      12.8      0.56      2.00      0.60  -9999.00
     1   2005    348    2300.0      -4.8       5.3      0.43      2.00      0.40  -9999.00
     1   2005    349    3400.0      -0.1       4.5      0.61      2.00      0.00  -9999.00
     1   2005    350    3400.0      -0.3       5.7      0.60      2.00      0.00  -9999.00
     1   2005    351     600.0       1.5       5.4      0.68      2.00      0.00  -9999.00
     1   2005    352     700.0       4.2       8.9      0.82      2.00      0.10  -9999.00
     1   2005    353     700.0       1.6       7.1      0.69      2.00      0.20  -9999.00
     1   2005    354     700.0       9.1      10.1      1.16      2.00      0.10  -9999.00
     1   2005    355    3600.0       7.6       9.6      1.04      2.00      0.00  -9999.00
     1   2005    356     600.0      -0.2       5.5      0.60      2.00      0.00  -9999.00
     1   2005    357    3400.0       1.1       5.1      0.66      2.00      0.00  -9999.00
     1   2005    358     700.0       2.4      10.3      0.73      2.00      2.90  -9999.00
     1   2005    359     700.0      -0.4       9.2      0.59      2.00     11.30  -9999.00
     1   2005    360    4000.0       2.2       6.1      0.72      2.00      0.00  -9999.00
     1   2005    361     600.0       3.9       4.9      0.81      2.00      0.00  -9999.00
     1   2005    362    3600.0       1.1       4.4      0.66      2.00      0.50  -9999.00
     1   2005    363    2900.0       3.4       4.8      0.78      2.00      5.30  -9999.00
     1   2005    364     700.0       3.5       6.8      0.78      2.00      2.20  -9999.00
     1   2005    365    3900.0       5.3       8.1      0.89      2.00      4.10  -9999.00
