*-----------------------------------------------------------------------------* 
           WHWG_264.met           52.12    0.96   89.00
* Date created:  08-Aug-2019     Author: K Coleman 
* 
* NIL VALUE       -9999 
* Source:   data provided by M. Semenov 
*  
* Latitude:    52.12 Longitude:     0.96 Altitude:    89.00
* 
* Column  Daily value 
* 1       station number 
* 2       year 
* 3       day 
* 4       irradiation                   (kJ m-2 d-1) 
* 5       minimum temperature           (degrees Celsius) 
* 6       maximum temperature           (degrees Celsius) 
* 7       early morning vapour pressure (kPa)             
* 8       mean wind speed (height: 2 m?) (m s-1)          
* 9       precipitation                 (mm d-1)          
* 10      sunshine                      (hrs)             
 		Jday	RAD	    TMIN	TMAX	 VAP	wind	RAIN	SUN  
               kj/m2	°C	    °C	     kPa	m/s	    mm	    hrs 
   52.12  89.00
     1   2005      1     700.0       0.9       7.2      0.65      2.00      1.50  -9999.00
     1   2005      2     700.0       0.8       8.3      0.65      2.00      1.70  -9999.00
     1   2005      3     700.0       0.3      10.0      0.62      2.00      1.60  -9999.00
     1   2005      4     700.0       0.9       8.2      0.65      2.00      0.00  -9999.00
     1   2005      5    2100.0       0.0      10.3      0.61      2.00      0.00  -9999.00
     1   2005      6     700.0       1.7       6.8      0.69      2.00      0.10  -9999.00
     1   2005      7     700.0      -2.4       5.4      0.51      2.00      1.60  -9999.00
     1   2005      8    4900.0       3.0       6.3      0.76      2.00      7.50  -9999.00
     1   2005      9    2000.0       0.5       7.9      0.63      2.00      0.10  -9999.00
     1   2005     10    4500.0      -1.0       6.9      0.57      2.00      0.10  -9999.00
     1   2005     11     800.0       0.5       2.9      0.63      2.00      0.00  -9999.00
     1   2005     12     800.0      -1.6       6.2      0.54      2.00      0.00  -9999.00
     1   2005     13    3400.0      -6.5       5.2      0.38      2.00      0.00  -9999.00
     1   2005     14    2500.0       2.9       8.1      0.75      2.00      0.70  -9999.00
     1   2005     15     700.0       4.7       5.8      0.85      2.00      0.00  -9999.00
     1   2005     16    4100.0       1.6       9.0      0.69      2.00      1.40  -9999.00
     1   2005     17    2900.0       2.1       6.9      0.71      2.00      2.90  -9999.00
     1   2005     18     800.0       3.1       6.3      0.76      2.00      0.00  -9999.00
     1   2005     19     700.0       6.7       7.6      0.98      2.00      6.80  -9999.00
     1   2005     20    4100.0       2.9       6.0      0.75      2.00     12.80  -9999.00
     1   2005     21    2600.0      -0.5       2.8      0.59      2.00      4.70  -9999.00
     1   2005     22     900.0       2.1       9.7      0.71      2.00      0.50  -9999.00
     1   2005     23    4400.0       1.4       8.3      0.68      2.00      0.50  -9999.00
     1   2005     24    3400.0       0.3       4.9      0.62      2.00      0.00  -9999.00
     1   2005     25    1100.0       0.3       3.5      0.62      2.00      7.10  -9999.00
     1   2005     26    2300.0       5.5       9.2      0.90      2.00      0.70  -9999.00
     1   2005     27    5500.0       2.0       7.0      0.71      2.00      2.70  -9999.00
     1   2005     28    5100.0       2.5       6.8      0.73      2.00      4.30  -9999.00
     1   2005     29    4600.0       3.8       7.3      0.80      2.00      6.40  -9999.00
     1   2005     30     900.0      -0.2       8.0      0.60      2.00      9.60  -9999.00
     1   2005     31    3200.0       3.1       9.0      0.76      2.00      0.10  -9999.00
     1   2005     32    5300.0       4.0       9.3      0.81      2.00     10.40  -9999.00
     1   2005     33    3200.0       1.8      11.1      0.70      2.00      1.30  -9999.00
     1   2005     34    5600.0       4.3       8.4      0.83      2.00      0.10  -9999.00
     1   2005     35    5700.0       3.2       7.8      0.77      2.00      0.00  -9999.00
     1   2005     36    4800.0       0.5       6.4      0.63      2.00      4.40  -9999.00
     1   2005     37    5400.0       3.4       3.9      0.78      2.00      0.10  -9999.00
     1   2005     38    1200.0       5.1      13.2      0.88      2.00      5.30  -9999.00
     1   2005     39    7800.0       6.1       9.5      0.94      2.00      0.60  -9999.00
     1   2005     40    7200.0      -0.3       4.8      0.60      2.00      0.00  -9999.00
     1   2005     41    6700.0      -3.0       7.2      0.49      2.00      0.00  -9999.00
     1   2005     42    6300.0       0.2       7.1      0.62      2.00      0.10  -9999.00
     1   2005     43    1200.0      -1.5       6.2      0.55      2.00      0.70  -9999.00
     1   2005     44    6000.0       5.3       9.9      0.89      2.00      1.20  -9999.00
     1   2005     45    2200.0       7.8       9.5      1.06      2.00      0.40  -9999.00
     1   2005     46    1400.0       3.0       7.0      0.76      2.00      0.40  -9999.00
     1   2005     47    2800.0       2.1       5.8      0.71      2.00      5.50  -9999.00
     1   2005     48    9000.0      -0.5       8.0      0.59      2.00      0.00  -9999.00
     1   2005     49    7900.0       2.2       9.9      0.72      2.00      0.10  -9999.00
     1   2005     50    2800.0      -3.4      -0.7      0.48      2.00      0.00  -9999.00
     1   2005     51    1300.0      -1.0       4.6      0.57      2.00      6.50  -9999.00
     1   2005     52    1700.0      -2.3       5.0      0.52      2.00      2.30  -9999.00
     1   2005     53    1600.0       1.4       5.6      0.68      2.00     10.90  -9999.00
     1   2005     54    1400.0       0.0       8.1      0.61      2.00      1.80  -9999.00
     1   2005     55    1500.0      -2.8       6.9      0.50      2.00      4.20  -9999.00
     1   2005     56    8100.0      -2.4       5.2      0.51      2.00      0.10  -9999.00
     1   2005     57    1900.0      -2.9       0.6      0.49      2.00      1.00  -9999.00
     1   2005     58    6300.0      -1.4       5.7      0.55      2.00      0.70  -9999.00
     1   2005     59    6100.0      -4.7       5.5      0.43      2.00      0.10  -9999.00
     1   2005     60    2000.0      -1.4       7.7      0.55      2.00      1.00  -9999.00
     1   2005     61    5900.0      -2.4       8.9      0.51      2.00      0.00  -9999.00
     1   2005     62    1900.0       2.3      10.4      0.72      2.00      0.00  -9999.00
     1   2005     63    2600.0       3.0       9.7      0.76      2.00      0.90  -9999.00
     1   2005     64   12200.0       2.4      10.8      0.73      2.00      0.00  -9999.00
     1   2005     65    2200.0       1.5      10.6      0.68      2.00      0.00  -9999.00
     1   2005     66    8200.0       2.3       6.6      0.72      2.00      4.20  -9999.00
     1   2005     67    6900.0       3.3       9.2      0.77      2.00      0.00  -9999.00
     1   2005     68    8900.0       3.0       9.7      0.76      2.00      2.30  -9999.00
     1   2005     69   11500.0       3.9       5.9      0.81      2.00      0.00  -9999.00
     1   2005     70    5100.0       3.2      14.2      0.77      2.00      1.80  -9999.00
     1   2005     71    3300.0       7.0      15.2      1.00      2.00      1.00  -9999.00
     1   2005     72   11100.0       5.1      11.0      0.88      2.00      7.60  -9999.00
     1   2005     73    2000.0       3.4      13.3      0.78      2.00      8.10  -9999.00
     1   2005     74   12800.0       1.5       6.3      0.68      2.00      0.20  -9999.00
     1   2005     75   10200.0       0.7       6.8      0.64      2.00      0.30  -9999.00
     1   2005     76   10700.0       3.7      10.5      0.80      2.00     12.90  -9999.00
     1   2005     77   13200.0       1.6       8.8      0.69      2.00      6.80  -9999.00
     1   2005     78    9000.0       9.0      10.7      1.15      2.00      0.40  -9999.00
     1   2005     79    3600.0       3.3      12.1      0.77      2.00      1.00  -9999.00
     1   2005     80   13100.0       3.2      13.4      0.77      2.00      0.00  -9999.00
     1   2005     81   14600.0       0.6      11.2      0.64      2.00      0.00  -9999.00
     1   2005     82   11300.0      -1.1       7.4      0.56      2.00      1.50  -9999.00
     1   2005     83    2300.0       1.6       7.7      0.69      2.00      0.10  -9999.00
     1   2005     84   14800.0       2.4      13.2      0.73      2.00      0.00  -9999.00
     1   2005     85   11200.0       4.9      14.2      0.87      2.00      0.00  -9999.00
     1   2005     86   12400.0       0.1      11.6      0.62      2.00      0.00  -9999.00
     1   2005     87    3800.0       4.1      11.9      0.82      2.00      0.30  -9999.00
     1   2005     88   15500.0       4.5       9.6      0.84      2.00      0.10  -9999.00
     1   2005     89   10600.0       8.2       9.2      1.09      2.00      0.70  -9999.00
     1   2005     90   17000.0       5.2      14.8      0.88      2.00      0.00  -9999.00
     1   2005     91   17100.0       6.1      16.5      0.94      2.00      1.90  -9999.00
     1   2005     92    3600.0       1.6      11.0      0.69      2.00      4.70  -9999.00
     1   2005     93   13200.0       4.1      11.8      0.82      2.00      1.30  -9999.00
     1   2005     94   10400.0       2.4       9.7      0.73      2.00      1.50  -9999.00
     1   2005     95   16800.0       0.5       7.0      0.63      2.00      0.00  -9999.00
     1   2005     96   17800.0       3.7      12.0      0.80      2.00      1.70  -9999.00
     1   2005     97   14700.0       4.8      12.2      0.86      2.00      0.00  -9999.00
     1   2005     98    3400.0       4.0      14.9      0.81      2.00      0.00  -9999.00
     1   2005     99   10200.0       7.5      12.7      1.04      2.00      0.00  -9999.00
     1   2005    100   20200.0       2.3      14.3      0.72      2.00      0.00  -9999.00
     1   2005    101   18400.0       3.5      12.0      0.78      2.00      0.00  -9999.00
     1   2005    102   21400.0       0.6      11.7      0.64      2.00      0.00  -9999.00
     1   2005    103   14300.0       0.7       7.7      0.64      2.00      0.20  -9999.00
     1   2005    104   13700.0       4.3      10.1      0.83      2.00      0.50  -9999.00
     1   2005    105    7400.0       3.3       8.3      0.77      2.00      0.00  -9999.00
     1   2005    106   18900.0       3.9      13.5      0.81      2.00      2.30  -9999.00
     1   2005    107   12600.0       4.3      12.8      0.83      2.00      0.00  -9999.00
     1   2005    108   11500.0       3.9      11.9      0.81      2.00      0.00  -9999.00
     1   2005    109    6000.0       2.6       8.1      0.74      2.00      2.50  -9999.00
     1   2005    110   10100.0       4.4      11.7      0.84      2.00      0.00  -9999.00
     1   2005    111    9000.0       5.1      13.4      0.88      2.00      0.00  -9999.00
     1   2005    112   10700.0       5.7      15.7      0.92      2.00      0.00  -9999.00
     1   2005    113   24000.0       5.1      12.7      0.88      2.00      0.00  -9999.00
     1   2005    114   17800.0       2.5       6.2      0.73      2.00      0.00  -9999.00
     1   2005    115   16600.0       3.1       8.7      0.76      2.00      0.50  -9999.00
     1   2005    116   19000.0       4.3      13.0      0.83      2.00      0.00  -9999.00
     1   2005    117    7100.0       2.1      11.8      0.71      2.00      0.00  -9999.00
     1   2005    118   20900.0       3.8      17.2      0.80      2.00      0.00  -9999.00
     1   2005    119   19700.0       5.7      15.8      0.92      2.00      0.00  -9999.00
     1   2005    120    7600.0       7.1      14.8      1.01      2.00      0.00  -9999.00
     1   2005    121   10900.0       6.9      14.1      0.99      2.00      0.00  -9999.00
     1   2005    122   16000.0       7.5      17.0      1.04      2.00      0.00  -9999.00
     1   2005    123   24500.0       4.3      16.4      0.83      2.00      0.00  -9999.00
     1   2005    124    7100.0       5.7      15.1      0.92      2.00      0.80  -9999.00
     1   2005    125   24700.0       5.1      16.0      0.88      2.00      0.00  -9999.00
     1   2005    126   21700.0       5.1      13.8      0.88      2.00      0.80  -9999.00
     1   2005    127   20400.0       6.1      17.3      0.94      2.00      0.00  -9999.00
     1   2005    128   19900.0       7.6      20.8      1.04      2.00      4.50  -9999.00
     1   2005    129   19500.0       6.5      15.2      0.97      2.00      1.80  -9999.00
     1   2005    130   18900.0       7.6      12.5      1.04      2.00     11.80  -9999.00
     1   2005    131   16000.0       4.4      12.6      0.84      2.00      0.50  -9999.00
     1   2005    132   22700.0       8.8      20.0      1.13      2.00      0.00  -9999.00
     1   2005    133   26800.0       6.1      26.6      0.94      2.00      0.00  -9999.00
     1   2005    134   14300.0       2.1      15.9      0.71      2.00      0.00  -9999.00
     1   2005    135   26600.0       3.5      12.5      0.78      2.00      0.00  -9999.00
     1   2005    136   19900.0       6.6      12.5      0.97      2.00      1.40  -9999.00
     1   2005    137   20400.0       5.2      16.2      0.88      2.00      0.00  -9999.00
     1   2005    138   17700.0       6.5      10.2      0.97      2.00      0.30  -9999.00
     1   2005    139    4400.0       6.8       9.7      0.99      2.00      0.50  -9999.00
     1   2005    140   16600.0      10.6      18.2      1.28      2.00      0.50  -9999.00
     1   2005    141   27600.0       8.9      23.4      1.14      2.00      0.00  -9999.00
     1   2005    142   20600.0       6.9      14.8      0.99      2.00      1.00  -9999.00
     1   2005    143    4100.0       8.2      19.1      1.09      2.00      0.00  -9999.00
     1   2005    144   16600.0       7.2      14.4      1.02      2.00      0.70  -9999.00
     1   2005    145   27400.0      10.5      13.3      1.27      2.00      0.00  -9999.00
     1   2005    146   25900.0      12.9      21.9      1.49      2.00      0.00  -9999.00
     1   2005    147   19800.0      10.1      17.3      1.24      2.00      4.60  -9999.00
     1   2005    148   10700.0       9.3      15.7      1.17      2.00      0.60  -9999.00
     1   2005    149   21300.0      11.2      17.3      1.33      2.00      1.60  -9999.00
     1   2005    150   21200.0       7.6      12.6      1.04      2.00      0.00  -9999.00
     1   2005    151   13800.0      10.1      14.5      1.24      2.00      6.20  -9999.00
     1   2005    152   20300.0       9.5      15.9      1.19      2.00      9.40  -9999.00
     1   2005    153   25700.0      10.6      18.5      1.28      2.00      0.00  -9999.00
     1   2005    154    8300.0      11.4      16.2      1.35      2.00      5.50  -9999.00
     1   2005    155   25500.0       9.4      17.2      1.18      2.00      0.00  -9999.00
     1   2005    156   29000.0      10.2      19.9      1.24      2.00      0.00  -9999.00
     1   2005    157   21900.0      14.1      17.1      1.61      2.00      1.90  -9999.00
     1   2005    158   11600.0       9.6      17.0      1.20      2.00      0.00  -9999.00
     1   2005    159   28000.0      11.8      18.0      1.38      2.00      0.00  -9999.00
     1   2005    160   28700.0      14.4      20.8      1.64      2.00      0.00  -9999.00
     1   2005    161   17500.0       9.8      16.8      1.21      2.00      7.90  -9999.00
     1   2005    162   12900.0       9.4      19.5      1.18      2.00      7.60  -9999.00
     1   2005    163   17300.0       6.6      22.7      0.97      2.00     13.20  -9999.00
     1   2005    164   17600.0       9.6      18.8      1.20      2.00      5.40  -9999.00
     1   2005    165    7800.0       9.4      21.4      1.18      2.00      0.00  -9999.00
     1   2005    166   27200.0       7.8      20.3      1.06      2.00      0.00  -9999.00
     1   2005    167   11900.0      11.0      18.3      1.31      2.00      8.90  -9999.00
     1   2005    168    7100.0      14.8      18.1      1.68      2.00     13.20  -9999.00
     1   2005    169    8500.0      12.9      20.8      1.49      2.00      0.00  -9999.00
     1   2005    170   12100.0      14.2      21.8      1.62      2.00      0.30  -9999.00
     1   2005    171   17200.0      16.3      20.7      1.85      2.00      2.30  -9999.00
     1   2005    172   14800.0      10.9      19.9      1.30      2.00      8.20  -9999.00
     1   2005    173   28300.0      12.3      19.1      1.43      2.00      0.40  -9999.00
     1   2005    174    6500.0       8.9      15.5      1.14      2.00      9.00  -9999.00
     1   2005    175    4900.0      12.6      17.2      1.46      2.00      0.00  -9999.00
     1   2005    176   16200.0       7.1      20.1      1.01      2.00      0.00  -9999.00
     1   2005    177    4900.0       9.7      20.6      1.20      2.00      1.70  -9999.00
     1   2005    178   29200.0      12.5      23.4      1.45      2.00      1.20  -9999.00
     1   2005    179   28900.0      16.5      24.3      1.88      2.00      0.00  -9999.00
     1   2005    180    6300.0      10.8      19.7      1.29      2.00      0.50  -9999.00
     1   2005    181   25200.0      11.3      20.2      1.34      2.00      3.30  -9999.00
     1   2005    182   11300.0      12.6      21.2      1.46      2.00      2.80  -9999.00
     1   2005    183    8800.0       8.8      21.4      1.13      2.00      0.00  -9999.00
     1   2005    184    4700.0      13.0      22.0      1.50      2.00      0.00  -9999.00
     1   2005    185   28400.0      13.9      26.2      1.59      2.00      0.00  -9999.00
     1   2005    186   16500.0      13.6      22.9      1.56      2.00      0.00  -9999.00
     1   2005    187   27300.0      14.4      20.1      1.64      2.00      0.00  -9999.00
     1   2005    188   26700.0      13.3      24.7      1.53      2.00      0.00  -9999.00
     1   2005    189    4600.0      11.3      19.4      1.34      2.00      0.90  -9999.00
     1   2005    190   26000.0      14.0      23.7      1.60      2.00      0.00  -9999.00
     1   2005    191   26500.0      12.9      23.4      1.49      2.00      0.00  -9999.00
     1   2005    192   25000.0      12.1      21.9      1.41      2.00      0.00  -9999.00
     1   2005    193   11900.0      11.8      21.1      1.38      2.00      0.00  -9999.00
     1   2005    194   26400.0      11.2      23.0      1.33      2.00      0.00  -9999.00
     1   2005    195   21500.0       5.0      25.0      0.87      2.00      0.10  -9999.00
     1   2005    196   26300.0      12.1      19.1      1.41      2.00      1.90  -9999.00
     1   2005    197   18300.0      10.5      20.2      1.27      2.00      0.00  -9999.00
     1   2005    198    6300.0      12.2      18.8      1.42      2.00      2.90  -9999.00
     1   2005    199   20400.0      13.5      16.0      1.55      2.00      0.30  -9999.00
     1   2005    200   19400.0      13.9      21.9      1.59      2.00      4.30  -9999.00
     1   2005    201   21800.0      10.7      20.3      1.29      2.00      0.50  -9999.00
     1   2005    202   18500.0      12.2      22.6      1.42      2.00      0.00  -9999.00
     1   2005    203   20200.0      11.1      21.9      1.32      2.00      3.70  -9999.00
     1   2005    204   24200.0      11.2      18.5      1.33      2.00      5.10  -9999.00
     1   2005    205    4300.0      12.6      16.4      1.46      2.00     29.40  -9999.00
     1   2005    206   28000.0      13.3      25.3      1.53      2.00      0.00  -9999.00
     1   2005    207   21600.0      12.0      25.6      1.40      2.00      6.70  -9999.00
     1   2005    208    5200.0      12.0      18.6      1.40      2.00      2.20  -9999.00
     1   2005    209   18800.0      14.3      17.4      1.63      2.00      0.90  -9999.00
     1   2005    210   24200.0      16.0      24.8      1.82      2.00      0.20  -9999.00
     1   2005    211   19000.0      14.7      24.7      1.67      2.00      3.30  -9999.00
     1   2005    212   27100.0      15.0      25.6      1.70      2.00      0.00  -9999.00
     1   2005    213   19400.0      12.1      21.2      1.41      2.00      2.40  -9999.00
     1   2005    214   17400.0      11.9      23.7      1.39      2.00      0.00  -9999.00
     1   2005    215   21100.0      14.3      27.1      1.63      2.00      0.00  -9999.00
     1   2005    216   16500.0      13.2      24.5      1.52      2.00      0.00  -9999.00
     1   2005    217   23800.0      14.2      21.1      1.62      2.00      5.70  -9999.00
     1   2005    218   16200.0      14.3      20.1      1.63      2.00      8.50  -9999.00
     1   2005    219   13800.0      13.7      22.5      1.57      2.00      0.00  -9999.00
     1   2005    220   22100.0      11.4      21.4      1.35      2.00      0.00  -9999.00
     1   2005    221   18500.0      13.6      22.3      1.56      2.00      0.00  -9999.00
     1   2005    222    7700.0      13.6      29.5      1.56      2.00      6.10  -9999.00
     1   2005    223   21500.0      15.7      25.6      1.78      2.00      0.00  -9999.00
     1   2005    224   19500.0      12.0      21.2      1.40      2.00      2.70  -9999.00
     1   2005    225   19100.0      10.1      20.9      1.24      2.00      0.00  -9999.00
     1   2005    226   16800.0      14.0      24.8      1.60      2.00      0.00  -9999.00
     1   2005    227   21400.0      10.5      24.8      1.27      2.00      0.00  -9999.00
     1   2005    228   20200.0      16.4      24.2      1.86      2.00      0.00  -9999.00
     1   2005    229   18100.0      16.3      27.4      1.85      2.00      0.00  -9999.00
     1   2005    230   23100.0      14.3      30.7      1.63      2.00      0.00  -9999.00
     1   2005    231   14100.0      11.2      26.0      1.33      2.00      0.40  -9999.00
     1   2005    232   22000.0      14.5      29.2      1.65      2.00      0.00  -9999.00
     1   2005    233   16700.0      14.3      22.3      1.63      2.00      3.00  -9999.00
     1   2005    234   16100.0      13.1      21.1      1.51      2.00      1.00  -9999.00
     1   2005    235   20500.0      17.8      23.1      2.04      2.00      0.00  -9999.00
     1   2005    236   23700.0      11.5      23.8      1.36      2.00      0.00  -9999.00
     1   2005    237   18300.0      10.0      23.4      1.23      2.00      0.00  -9999.00
     1   2005    238   12900.0      13.3      22.9      1.53      2.00      0.00  -9999.00
     1   2005    239   16900.0      15.3      22.7      1.74      2.00      0.00  -9999.00
     1   2005    240   23400.0       9.1      21.0      1.16      2.00      0.00  -9999.00
     1   2005    241   18200.0      11.8      22.2      1.38      2.00      0.00  -9999.00
     1   2005    242    5000.0       9.2      17.6      1.16      2.00     10.80  -9999.00
     1   2005    243   21000.0      10.4      20.6      1.26      2.00      0.00  -9999.00
     1   2005    244   12100.0       9.1      19.7      1.16      2.00      4.50  -9999.00
     1   2005    245   16600.0       8.3      16.9      1.09      2.00      0.30  -9999.00
     1   2005    246    9400.0       7.1      17.9      1.01      2.00      5.80  -9999.00
     1   2005    247   10100.0       9.7      17.3      1.20      2.00      1.60  -9999.00
     1   2005    248   11300.0      11.5      20.5      1.36      2.00      0.40  -9999.00
     1   2005    249   10800.0       5.4      17.9      0.90      2.00     11.00  -9999.00
     1   2005    250    4100.0      14.2      20.1      1.62      2.00      0.60  -9999.00
     1   2005    251    9900.0      12.6      19.1      1.46      2.00      0.00  -9999.00
     1   2005    252   16800.0      14.8      19.4      1.68      2.00      0.00  -9999.00
     1   2005    253    9000.0      16.3      18.0      1.85      2.00      0.60  -9999.00
     1   2005    254    4800.0      10.0      19.6      1.23      2.00      1.40  -9999.00
     1   2005    255   12500.0       7.4      22.4      1.03      2.00      0.10  -9999.00
     1   2005    256    4000.0      11.8      17.2      1.38      2.00      0.00  -9999.00
     1   2005    257   17900.0      12.2      15.1      1.42      2.00      0.00  -9999.00
     1   2005    258   13800.0      10.3      17.4      1.25      2.00      0.00  -9999.00
     1   2005    259    9700.0      14.2      18.7      1.62      2.00      2.70  -9999.00
     1   2005    260   17200.0       9.8      18.3      1.21      2.00      0.00  -9999.00
     1   2005    261    3000.0      10.9      15.7      1.30      2.00      2.60  -9999.00
     1   2005    262    2800.0      13.2      20.0      1.52      2.00      0.10  -9999.00
     1   2005    263   14100.0      11.3      23.3      1.34      2.00      0.00  -9999.00
     1   2005    264   14000.0       7.1      15.0      1.01      2.00      0.00  -9999.00
     1   2005    265    5300.0       8.0      14.0      1.07      2.00      1.80  -9999.00
     1   2005    266   10800.0       8.0      16.3      1.07      2.00      2.60  -9999.00
     1   2005    267    7800.0      10.5      13.6      1.27      2.00      0.10  -9999.00
     1   2005    268    4000.0       9.2      17.5      1.16      2.00      7.10  -9999.00
     1   2005    269   14000.0       9.1      19.0      1.16      2.00      0.00  -9999.00
     1   2005    270   11800.0       9.4      16.5      1.18      2.00      8.00  -9999.00
     1   2005    271    9800.0      13.9      17.9      1.59      2.00      8.20  -9999.00
     1   2005    272    2400.0       7.1      15.7      1.01      2.00      0.10  -9999.00
     1   2005    273   11600.0      10.8      16.1      1.29      2.00      0.60  -9999.00
     1   2005    274    3000.0       5.2      12.9      0.88      2.00      0.50  -9999.00
     1   2005    275    5600.0       8.2      14.5      1.09      2.00      0.30  -9999.00
     1   2005    276    2600.0      10.1      15.4      1.24      2.00      7.00  -9999.00
     1   2005    277   11400.0       9.8      16.2      1.21      2.00      0.00  -9999.00
     1   2005    278   11800.0       5.8      13.3      0.92      2.00      0.20  -9999.00
     1   2005    279   10200.0       7.6      13.9      1.04      2.00      2.00  -9999.00
     1   2005    280    7600.0      11.3      16.4      1.34      2.00      1.10  -9999.00
     1   2005    281    9400.0      11.4      20.3      1.35      2.00      0.80  -9999.00
     1   2005    282    1700.0       8.0      15.2      1.07      2.00      0.30  -9999.00
     1   2005    283    5900.0       9.2      12.3      1.16      2.00      0.50  -9999.00
     1   2005    284    2900.0       2.8      12.9      0.75      2.00      7.40  -9999.00
     1   2005    285    9300.0       5.6      14.5      0.91      2.00      4.60  -9999.00
     1   2005    286    8600.0      -0.8      11.7      0.58      2.00      0.00  -9999.00
     1   2005    287    1700.0       6.3      10.8      0.95      2.00      0.00  -9999.00
     1   2005    288   10500.0       8.3      16.5      1.09      2.00      0.00  -9999.00
     1   2005    289    4600.0      11.1      19.9      1.32      2.00      0.70  -9999.00
     1   2005    290    6600.0       8.3      16.2      1.09      2.00      6.20  -9999.00
     1   2005    291    9700.0       4.8      15.0      0.86      2.00      1.00  -9999.00
     1   2005    292    2000.0       7.3      14.2      1.02      2.00      2.00  -9999.00
     1   2005    293    1800.0       5.2      12.9      0.88      2.00      0.70  -9999.00
     1   2005    294    2200.0       6.9      11.5      0.99      2.00      0.20  -9999.00
     1   2005    295    2300.0       8.6      10.6      1.12      2.00      1.10  -9999.00
     1   2005    296    9100.0       7.4      13.1      1.03      2.00      0.00  -9999.00
     1   2005    297    6300.0       5.1      12.2      0.88      2.00      9.40  -9999.00
     1   2005    298    2900.0       6.2      14.3      0.95      2.00      0.30  -9999.00
     1   2005    299    1700.0       9.8      15.9      1.21      2.00      0.00  -9999.00
     1   2005    300    1400.0       6.7      12.3      0.98      2.00      4.60  -9999.00
     1   2005    301    4500.0       4.8       9.3      0.86      2.00      0.00  -9999.00
     1   2005    302    3400.0       4.1      11.0      0.82      2.00      0.00  -9999.00
     1   2005    303    6100.0       8.9      10.2      1.14      2.00      2.60  -9999.00
     1   2005    304    6400.0      10.4      13.9      1.26      2.00      0.00  -9999.00
     1   2005    305    7200.0       6.6      11.7      0.97      2.00      0.00  -9999.00
     1   2005    306    4300.0       6.6      12.3      0.97      2.00      0.00  -9999.00
     1   2005    307    1100.0       7.8      10.7      1.06      2.00      0.00  -9999.00
     1   2005    308    3300.0       1.2       2.8      0.67      2.00      0.00  -9999.00
     1   2005    309    2700.0       2.0       5.2      0.71      2.00      0.00  -9999.00
     1   2005    310    4000.0       0.5      10.0      0.63      2.00      0.00  -9999.00
     1   2005    311    7500.0       1.8       9.0      0.70      2.00      0.00  -9999.00
     1   2005    312    2200.0       6.8      13.1      0.99      2.00      2.40  -9999.00
     1   2005    313    2700.0       4.9      13.8      0.87      2.00      0.00  -9999.00
     1   2005    314     900.0       6.1       9.6      0.94      2.00      0.40  -9999.00
     1   2005    315     900.0       2.2       9.0      0.72      2.00      2.50  -9999.00
     1   2005    316    1000.0       4.5       9.0      0.84      2.00      0.00  -9999.00
     1   2005    317    6000.0       7.0       8.5      1.00      2.00      0.00  -9999.00
     1   2005    318    5600.0       1.7       8.2      0.69      2.00      0.00  -9999.00
     1   2005    319     900.0       5.6       6.1      0.91      2.00     22.80  -9999.00
     1   2005    320    1200.0       7.6      13.9      1.04      2.00      0.10  -9999.00
     1   2005    321    4800.0       3.1      10.7      0.76      2.00      0.00  -9999.00
     1   2005    322    4900.0       3.4      10.5      0.78      2.00      0.00  -9999.00
     1   2005    323    4100.0       7.8       9.1      1.06      2.00      0.00  -9999.00
     1   2005    324     800.0       4.2      12.0      0.82      2.00      0.10  -9999.00
     1   2005    325    1800.0       0.8      12.8      0.65      2.00      0.00  -9999.00
     1   2005    326     800.0       2.6       9.0      0.74      2.00      9.30  -9999.00
     1   2005    327     900.0       0.1       5.5      0.62      2.00      1.00  -9999.00
     1   2005    328    4200.0       1.5       8.0      0.68      2.00      0.00  -9999.00
     1   2005    329     800.0      -1.5       9.4      0.55      2.00      3.60  -9999.00
     1   2005    330    1300.0       2.4      11.5      0.73      2.00      8.00  -9999.00
     1   2005    331     800.0       0.4      12.0      0.63      2.00      0.20  -9999.00
     1   2005    332     700.0       5.5      11.1      0.90      2.00      0.00  -9999.00
     1   2005    333     800.0       3.2      10.4      0.77      2.00      0.30  -9999.00
     1   2005    334    2400.0       2.0       9.7      0.71      2.00      2.20  -9999.00
     1   2005    335    2800.0       4.2      11.3      0.82      2.00      4.00  -9999.00
     1   2005    336     900.0       0.3       8.4      0.62      2.00      0.60  -9999.00
     1   2005    337    4200.0       2.9      10.1      0.75      2.00      6.80  -9999.00
     1   2005    338    1900.0       4.9       8.5      0.87      2.00      0.40  -9999.00
     1   2005    339    3900.0       2.7       8.9      0.74      2.00      5.10  -9999.00
     1   2005    340    3400.0       0.4       4.7      0.63      2.00      4.00  -9999.00
     1   2005    341     700.0       3.3       4.3      0.77      2.00     21.30  -9999.00
     1   2005    342    1100.0       5.1       8.3      0.88      2.00      1.40  -9999.00
     1   2005    343     900.0       3.8       6.1      0.80      2.00      0.30  -9999.00
     1   2005    344     900.0       0.7       6.6      0.64      2.00      0.40  -9999.00
     1   2005    345     700.0       1.0       6.3      0.66      2.00      5.20  -9999.00
     1   2005    346     700.0       5.8      10.2      0.92      2.00      0.40  -9999.00
     1   2005    347    1500.0       9.0      11.0      1.15      2.00      0.80  -9999.00
     1   2005    348     700.0      10.3      12.3      1.25      2.00      2.10  -9999.00
     1   2005    349    2700.0       6.1      10.4      0.94      2.00      0.80  -9999.00
     1   2005    350    3400.0       6.8       7.2      0.99      2.00      0.00  -9999.00
     1   2005    351     700.0       6.7       8.7      0.98      2.00      0.60  -9999.00
     1   2005    352     700.0      -1.5       6.3      0.55      2.00      6.50  -9999.00
     1   2005    353    3500.0      -1.0       2.5      0.57      2.00      0.90  -9999.00
     1   2005    354     600.0       0.8       6.2      0.65      2.00      0.00  -9999.00
     1   2005    355    3700.0       1.3       6.6      0.67      2.00      0.00  -9999.00
     1   2005    356    1600.0      -3.1       2.8      0.49      2.00      0.00  -9999.00
     1   2005    357     600.0       0.1       2.9      0.62      2.00      0.00  -9999.00
     1   2005    358    3300.0       2.6       5.7      0.74      2.00      0.00  -9999.00
     1   2005    359     600.0       0.5       6.4      0.63      2.00      0.00  -9999.00
     1   2005    360    1400.0      -1.4       5.0      0.55      2.00      0.00  -9999.00
     1   2005    361     700.0       1.6       7.0      0.69      2.00      0.30  -9999.00
     1   2005    362     600.0       1.0       6.9      0.66      2.00      0.00  -9999.00
     1   2005    363     600.0       2.9       5.6      0.75      2.00      0.00  -9999.00
     1   2005    364    4100.0       4.0       9.9      0.81      2.00      0.10  -9999.00
     1   2005    365     700.0       4.8       9.9      0.86      2.00      0.40  -9999.00
