*-----------------------------------------------------------------------------* 
           WHWG_106.met           52.12    0.96   89.00
* Date created:  08-Aug-2019     Author: K Coleman 
* 
* NIL VALUE       -9999 
* Source:   data provided by M. Semenov 
*  
* Latitude:    52.12 Longitude:     0.96 Altitude:    89.00
* 
* Column  Daily value 
* 1       station number 
* 2       year 
* 3       day 
* 4       irradiation                   (kJ m-2 d-1) 
* 5       minimum temperature           (degrees Celsius) 
* 6       maximum temperature           (degrees Celsius) 
* 7       early morning vapour pressure (kPa)             
* 8       mean wind speed (height: 2 m?) (m s-1)          
* 9       precipitation                 (mm d-1)          
* 10      sunshine                      (hrs)             
 		Jday	RAD	    TMIN	TMAX	 VAP	wind	RAIN	SUN  
               kj/m2	°C	    °C	     kPa	m/s	    mm	    hrs 
   52.12  89.00
     1   2005      1     700.0       1.0       6.6      0.66      2.00      0.00  -9999.00
     1   2005      2     700.0      -0.5       5.9      0.59      2.00      0.00  -9999.00
     1   2005      3    3100.0       0.9       3.4      0.65      2.00      0.00  -9999.00
     1   2005      4     700.0       1.7       9.5      0.69      2.00      0.00  -9999.00
     1   2005      5    1300.0       0.9       8.7      0.65      2.00      0.00  -9999.00
     1   2005      6     700.0       1.7       4.8      0.69      2.00      0.00  -9999.00
     1   2005      7     800.0       2.6       6.8      0.74      2.00      0.10  -9999.00
     1   2005      8     900.0       6.0       9.8      0.93      2.00      0.10  -9999.00
     1   2005      9    1100.0       4.0      11.8      0.81      2.00      5.30  -9999.00
     1   2005     10    4400.0       4.0       7.8      0.81      2.00      0.10  -9999.00
     1   2005     11    4000.0       0.3       8.6      0.62      2.00      0.10  -9999.00
     1   2005     12     800.0       2.2       6.2      0.72      2.00      0.00  -9999.00
     1   2005     13    2200.0      -0.3       4.3      0.60      2.00      0.00  -9999.00
     1   2005     14     800.0       0.5       6.7      0.63      2.00      0.00  -9999.00
     1   2005     15     700.0      -4.7       5.4      0.43      2.00      0.00  -9999.00
     1   2005     16     800.0       3.7       8.4      0.80      2.00      2.40  -9999.00
     1   2005     17     700.0       5.2       8.7      0.88      2.00      0.60  -9999.00
     1   2005     18    1000.0       4.7       7.9      0.85      2.00      0.00  -9999.00
     1   2005     19    4400.0       3.0       7.5      0.76      2.00      0.00  -9999.00
     1   2005     20     900.0       2.3       5.7      0.72      2.00      0.00  -9999.00
     1   2005     21    2100.0       4.3       8.9      0.83      2.00      4.30  -9999.00
     1   2005     22     900.0       0.9       8.8      0.65      2.00      0.60  -9999.00
     1   2005     23     900.0      -0.1       8.3      0.61      2.00      1.00  -9999.00
     1   2005     24    1000.0      -4.5       4.0      0.44      2.00      0.00  -9999.00
     1   2005     25    1900.0       0.9       6.9      0.65      2.00      8.60  -9999.00
     1   2005     26    4000.0       0.0       8.2      0.61      2.00      3.90  -9999.00
     1   2005     27    1400.0       3.1       7.0      0.76      2.00      8.80  -9999.00
     1   2005     28    6500.0      -0.3       7.5      0.60      2.00      0.00  -9999.00
     1   2005     29    1200.0       0.1       7.9      0.62      2.00      0.00  -9999.00
     1   2005     30    1000.0      -2.0       6.0      0.53      2.00      0.00  -9999.00
     1   2005     31    3300.0      -3.1       7.3      0.49      2.00      0.10  -9999.00
     1   2005     32    5900.0      -1.7       5.6      0.54      2.00      0.40  -9999.00
     1   2005     33    7300.0      -8.8       1.4      0.31      2.00      0.00  -9999.00
     1   2005     34    5900.0       2.8       6.8      0.75      2.00     15.40  -9999.00
     1   2005     35    4700.0       0.3       7.4      0.62      2.00      1.20  -9999.00
     1   2005     36    2600.0       3.9      10.1      0.81      2.00      4.20  -9999.00
     1   2005     37    1000.0       6.8       9.4      0.99      2.00      6.90  -9999.00
     1   2005     38    1800.0       8.9      13.9      1.14      2.00      1.20  -9999.00
     1   2005     39    1400.0       6.3      10.5      0.95      2.00      0.10  -9999.00
     1   2005     40    1100.0       1.1       4.7      0.66      2.00      0.30  -9999.00
     1   2005     41    4100.0      -1.4       4.1      0.55      2.00      3.00  -9999.00
     1   2005     42    7000.0      -0.7       5.4      0.58      2.00      0.00  -9999.00
     1   2005     43    4800.0       2.5       2.8      0.73      2.00      0.00  -9999.00
     1   2005     44    5600.0      -0.1       5.8      0.61      2.00      0.00  -9999.00
     1   2005     45    2800.0       0.7       7.1      0.64      2.00      0.00  -9999.00
     1   2005     46    5200.0      -1.3       4.5      0.56      2.00      0.00  -9999.00
     1   2005     47    1100.0      -0.3       3.8      0.60      2.00      0.00  -9999.00
     1   2005     48    1200.0      -1.9      -1.7      0.53      2.00      0.00  -9999.00
     1   2005     49    6400.0      -0.5       3.1      0.59      2.00      0.00  -9999.00
     1   2005     50    1700.0      -2.2       0.4      0.52      2.00      0.00  -9999.00
     1   2005     51   10600.0      -4.1      -0.6      0.45      2.00      0.00  -9999.00
     1   2005     52   10000.0      -1.9       4.5      0.53      2.00      0.00  -9999.00
     1   2005     53    1400.0      -9.0       4.1      0.31      2.00      5.10  -9999.00
     1   2005     54    9400.0       3.6       8.1      0.79      2.00      0.00  -9999.00
     1   2005     55    9100.0       6.6       8.6      0.97      2.00      8.50  -9999.00
     1   2005     56    9700.0       1.3       7.4      0.67      2.00      0.70  -9999.00
     1   2005     57    1700.0       1.8       6.7      0.70      2.00      3.20  -9999.00
     1   2005     58    5600.0      -1.4       4.5      0.55      2.00      0.40  -9999.00
     1   2005     59    7400.0       1.5       1.8      0.68      2.00      0.40  -9999.00
     1   2005     60    9900.0       1.2       5.3      0.67      2.00      0.00  -9999.00
     1   2005     61    2600.0       1.7       9.3      0.69      2.00      0.00  -9999.00
     1   2005     62    3200.0       1.2      10.7      0.67      2.00      0.30  -9999.00
     1   2005     63    8400.0       0.4      13.0      0.63      2.00      0.00  -9999.00
     1   2005     64    4900.0       2.2      10.5      0.72      2.00      0.20  -9999.00
     1   2005     65    3800.0       1.8      11.2      0.70      2.00      0.00  -9999.00
     1   2005     66   12700.0       1.5      11.2      0.68      2.00      0.00  -9999.00
     1   2005     67    1900.0       4.4       9.0      0.84      2.00      2.10  -9999.00
     1   2005     68    1800.0       2.7       5.2      0.74      2.00      0.10  -9999.00
     1   2005     69    1900.0       2.0       8.7      0.71      2.00      0.80  -9999.00
     1   2005     70   11500.0      -1.0      10.6      0.57      2.00      0.00  -9999.00
     1   2005     71    3500.0       1.0      13.1      0.66      2.00      0.00  -9999.00
     1   2005     72   15000.0       4.7      14.7      0.85      2.00      0.00  -9999.00
     1   2005     73   13600.0       1.5      14.4      0.68      2.00      0.00  -9999.00
     1   2005     74   16000.0      -3.8       7.5      0.46      2.00      0.00  -9999.00
     1   2005     75    9400.0      -1.4       8.2      0.55      2.00      0.00  -9999.00
     1   2005     76    9100.0       2.1       5.7      0.71      2.00      0.00  -9999.00
     1   2005     77   13500.0       4.0       4.7      0.81      2.00      0.00  -9999.00
     1   2005     78   14100.0       6.0      15.8      0.93      2.00      0.00  -9999.00
     1   2005     79    2100.0       2.0      11.9      0.71      2.00      3.60  -9999.00
     1   2005     80   10700.0       1.6      14.3      0.69      2.00      0.00  -9999.00
     1   2005     81   10700.0       3.7      13.9      0.80      2.00      0.00  -9999.00
     1   2005     82   14500.0       1.4       7.2      0.68      2.00      0.00  -9999.00
     1   2005     83   13900.0       0.6       8.2      0.64      2.00      0.00  -9999.00
     1   2005     84    2400.0       3.4       9.6      0.78      2.00      0.00  -9999.00
     1   2005     85    3100.0       4.7       5.5      0.85      2.00      0.00  -9999.00
     1   2005     86   11900.0       2.9      14.4      0.75      2.00      0.00  -9999.00
     1   2005     87    4600.0       2.2      13.3      0.72      2.00      0.00  -9999.00
     1   2005     88    5600.0      -1.2      10.6      0.56      2.00      0.90  -9999.00
     1   2005     89   12500.0       0.0      12.7      0.61      2.00      0.70  -9999.00
     1   2005     90    6200.0       2.7      10.2      0.74      2.00      5.70  -9999.00
     1   2005     91   16900.0       1.1      11.7      0.66      2.00      5.80  -9999.00
     1   2005     92   18400.0       1.9       9.0      0.70      2.00      0.00  -9999.00
     1   2005     93   16200.0       4.0       6.1      0.81      2.00      0.20  -9999.00
     1   2005     94    2600.0       3.9       8.8      0.81      2.00      1.60  -9999.00
     1   2005     95   13500.0       6.5      10.1      0.97      2.00      0.00  -9999.00
     1   2005     96   19400.0       0.6       6.0      0.64      2.00      0.90  -9999.00
     1   2005     97    3300.0       4.5       9.9      0.84      2.00      0.00  -9999.00
     1   2005     98   18800.0       3.9      11.5      0.81      2.00      0.40  -9999.00
     1   2005     99    8100.0       4.2      11.3      0.82      2.00      0.10  -9999.00
     1   2005    100   17000.0       2.4      10.5      0.73      2.00      2.50  -9999.00
     1   2005    101    4500.0       4.0       8.6      0.81      2.00      5.80  -9999.00
     1   2005    102   14100.0       7.5      21.0      1.04      2.00      9.30  -9999.00
     1   2005    103   19700.0       3.9      12.9      0.81      2.00      2.20  -9999.00
     1   2005    104    5900.0       4.4      15.0      0.84      2.00      0.00  -9999.00
     1   2005    105   10200.0       1.0      16.8      0.66      2.00      0.00  -9999.00
     1   2005    106    3300.0       4.1      11.6      0.82      2.00      7.00  -9999.00
     1   2005    107    3400.0       1.1      11.3      0.66      2.00      0.50  -9999.00
     1   2005    108   20000.0       0.5      11.7      0.63      2.00      0.10  -9999.00
     1   2005    109   12000.0       0.9      12.6      0.65      2.00      6.70  -9999.00
     1   2005    110   19500.0       2.2       7.7      0.72      2.00      2.40  -9999.00
     1   2005    111   14500.0      -2.4       9.0      0.51      2.00      2.90  -9999.00
     1   2005    112   23800.0       9.1      15.6      1.16      2.00      0.00  -9999.00
     1   2005    113   23700.0       7.4      13.8      1.03      2.00      0.00  -9999.00
     1   2005    114    5100.0       5.8      14.2      0.92      2.00      0.10  -9999.00
     1   2005    115   12900.0       2.6      15.5      0.74      2.00      5.50  -9999.00
     1   2005    116   19000.0       5.7      12.8      0.92      2.00      0.00  -9999.00
     1   2005    117   13200.0       3.8      10.1      0.80      2.00      2.30  -9999.00
     1   2005    118    6500.0      10.2      21.8      1.24      2.00      0.00  -9999.00
     1   2005    119   19100.0       8.4      17.6      1.10      2.00      4.40  -9999.00
     1   2005    120    3800.0       5.2      10.9      0.88      2.00      0.50  -9999.00
     1   2005    121   15000.0       2.6       9.2      0.74      2.00      0.60  -9999.00
     1   2005    122   15200.0       1.9      11.0      0.70      2.00     17.00  -9999.00
     1   2005    123    8000.0       5.7      12.0      0.92      2.00      1.90  -9999.00
     1   2005    124   25600.0       8.5      17.3      1.11      2.00      0.00  -9999.00
     1   2005    125    4200.0       5.2      16.1      0.88      2.00      9.00  -9999.00
     1   2005    126   14300.0       6.0      14.6      0.93      2.00      0.90  -9999.00
     1   2005    127   20900.0       7.5      15.2      1.04      2.00      0.20  -9999.00
     1   2005    128   14000.0       6.0      13.6      0.93      2.00      1.10  -9999.00
     1   2005    129    4100.0       1.5      14.4      0.68      2.00      0.30  -9999.00
     1   2005    130    8400.0       8.0      14.8      1.07      2.00      7.90  -9999.00
     1   2005    131   14000.0       8.1      21.6      1.08      2.00      0.00  -9999.00
     1   2005    132   25500.0      -1.2      13.2      0.56      2.00      0.00  -9999.00
     1   2005    133   19400.0       6.0      12.2      0.93      2.00      6.70  -9999.00
     1   2005    134   17500.0       7.4      14.3      1.03      2.00      0.00  -9999.00
     1   2005    135   14800.0       4.0      10.2      0.81      2.00      1.50  -9999.00
     1   2005    136   20200.0       9.7      17.3      1.20      2.00      1.00  -9999.00
     1   2005    137   20600.0       7.7      15.5      1.05      2.00      0.40  -9999.00
     1   2005    138   24800.0       9.4      16.4      1.18      2.00      0.80  -9999.00
     1   2005    139    5200.0      11.6      17.8      1.37      2.00      0.50  -9999.00
     1   2005    140    4300.0       9.4      18.7      1.18      2.00      3.00  -9999.00
     1   2005    141    4400.0       8.2      17.2      1.09      2.00      3.90  -9999.00
     1   2005    142   16900.0       1.9      12.7      0.70      2.00      4.00  -9999.00
     1   2005    143   22000.0       7.1      17.4      1.01      2.00      0.00  -9999.00
     1   2005    144   13400.0       9.9      17.3      1.22      2.00      1.10  -9999.00
     1   2005    145   14700.0       7.4      19.5      1.03      2.00      0.40  -9999.00
     1   2005    146    8000.0      10.1      24.4      1.24      2.00      0.00  -9999.00
     1   2005    147   24100.0      10.4      21.0      1.26      2.00      9.00  -9999.00
     1   2005    148   26400.0       5.0      10.9      0.87      2.00      0.00  -9999.00
     1   2005    149   23600.0       7.2      12.1      1.02      2.00      5.80  -9999.00
     1   2005    150    6000.0       7.5      16.0      1.04      2.00      1.80  -9999.00
     1   2005    151   26600.0       8.9      22.0      1.14      2.00      0.00  -9999.00
     1   2005    152    4300.0      10.5      17.6      1.27      2.00      4.50  -9999.00
     1   2005    153    5100.0      12.6      15.9      1.46      2.00      1.20  -9999.00
     1   2005    154   23500.0       8.3      16.0      1.09      2.00      2.80  -9999.00
     1   2005    155   22400.0      10.8      18.6      1.29      2.00      2.70  -9999.00
     1   2005    156   15200.0      10.4      19.4      1.26      2.00      0.70  -9999.00
     1   2005    157   11900.0       9.0      18.0      1.15      2.00      0.40  -9999.00
     1   2005    158   19800.0      12.4      20.7      1.44      2.00      0.00  -9999.00
     1   2005    159   23800.0      14.3      20.7      1.63      2.00      0.00  -9999.00
     1   2005    160   20700.0       7.8      18.9      1.06      2.00      0.00  -9999.00
     1   2005    161   17100.0      11.3      20.8      1.34      2.00      0.00  -9999.00
     1   2005    162   28400.0       6.1      19.4      0.94      2.00      0.00  -9999.00
     1   2005    163   30000.0       5.5      18.6      0.90      2.00      0.00  -9999.00
     1   2005    164    4900.0       9.2      21.5      1.16      2.00      0.00  -9999.00
     1   2005    165   22000.0       3.9      23.2      0.81      2.00      0.00  -9999.00
     1   2005    166    9300.0      11.1      20.8      1.32      2.00      0.00  -9999.00
     1   2005    167    4900.0      12.1      17.8      1.41      2.00      0.50  -9999.00
     1   2005    168   23900.0      13.4      21.8      1.54      2.00     14.50  -9999.00
     1   2005    169    4800.0      12.4      20.7      1.44      2.00      0.00  -9999.00
     1   2005    170   25100.0      12.6      20.7      1.46      2.00      0.00  -9999.00
     1   2005    171   29500.0       9.1      21.5      1.16      2.00      0.00  -9999.00
     1   2005    172   23800.0       9.4      22.0      1.18      2.00      0.00  -9999.00
     1   2005    173   11300.0      10.7      21.2      1.29      2.00      0.50  -9999.00
     1   2005    174   21600.0      10.8      19.3      1.29      2.00      0.00  -9999.00
     1   2005    175   28500.0       9.3      18.2      1.17      2.00      1.60  -9999.00
     1   2005    176   13400.0       8.7      19.5      1.12      2.00     11.20  -9999.00
     1   2005    177   29100.0       9.3      24.1      1.17      2.00      0.00  -9999.00
     1   2005    178    4600.0       5.2      15.9      0.88      2.00      0.60  -9999.00
     1   2005    179    5900.0       7.5      18.3      1.04      2.00     18.00  -9999.00
     1   2005    180   24500.0      12.2      20.2      1.42      2.00      3.40  -9999.00
     1   2005    181   20300.0      15.0      22.6      1.70      2.00      3.90  -9999.00
     1   2005    182   19700.0      11.1      17.9      1.32      2.00      7.90  -9999.00
     1   2005    183   16700.0      16.0      16.9      1.82      2.00      3.50  -9999.00
     1   2005    184   28800.0      11.6      21.3      1.37      2.00      0.00  -9999.00
     1   2005    185   28400.0       9.6      16.5      1.20      2.00      6.70  -9999.00
     1   2005    186   18100.0      11.5      19.0      1.36      2.00     12.80  -9999.00
     1   2005    187    4500.0      11.9      21.8      1.39      2.00      1.50  -9999.00
     1   2005    188   15900.0      11.1      19.6      1.32      2.00     11.20  -9999.00
     1   2005    189   15400.0      15.5      17.5      1.76      2.00      0.30  -9999.00
     1   2005    190   24500.0      10.8      19.7      1.29      2.00      0.00  -9999.00
     1   2005    191    7800.0      14.9      16.9      1.69      2.00     17.20  -9999.00
     1   2005    192   28000.0      12.2      21.1      1.42      2.00      0.00  -9999.00
     1   2005    193   17400.0      18.7      22.2      2.16      2.00      0.00  -9999.00
     1   2005    194   28600.0      12.4      23.7      1.44      2.00      0.00  -9999.00
     1   2005    195    5900.0      11.6      18.5      1.37      2.00      8.80  -9999.00
     1   2005    196   22600.0       9.1      15.3      1.16      2.00      8.60  -9999.00
     1   2005    197   14000.0      11.3      20.6      1.34      2.00      0.00  -9999.00
     1   2005    198   26900.0      12.6      22.0      1.46      2.00      0.00  -9999.00
     1   2005    199    4600.0      12.3      20.6      1.43      2.00      1.60  -9999.00
     1   2005    200    9100.0      11.5      19.1      1.36      2.00      1.40  -9999.00
     1   2005    201   28900.0      12.5      18.4      1.45      2.00      0.00  -9999.00
     1   2005    202   23200.0      12.4      21.3      1.44      2.00      9.00  -9999.00
     1   2005    203   25300.0      12.1      30.7      1.41      2.00      0.00  -9999.00
     1   2005    204   13300.0      14.4      20.9      1.64      2.00      0.10  -9999.00
     1   2005    205    9900.0      17.7      22.9      2.02      2.00     21.80  -9999.00
     1   2005    206   18600.0      17.6      25.9      2.01      2.00      0.00  -9999.00
     1   2005    207   19400.0      13.4      22.3      1.54      2.00      1.00  -9999.00
     1   2005    208   14900.0      10.3      19.6      1.25      2.00     73.70  -9999.00
     1   2005    209   10700.0      10.3      24.3      1.25      2.00      0.00  -9999.00
     1   2005    210   18900.0       9.6      15.5      1.20      2.00      0.00  -9999.00
     1   2005    211    9000.0      11.2      17.5      1.33      2.00      2.30  -9999.00
     1   2005    212    9800.0      12.7      19.5      1.47      2.00      8.30  -9999.00
     1   2005    213   17300.0       8.9      23.7      1.14      2.00      0.00  -9999.00
     1   2005    214   21500.0      14.4      25.1      1.64      2.00      0.00  -9999.00
     1   2005    215   17600.0      14.0      25.7      1.60      2.00      0.00  -9999.00
     1   2005    216   23800.0      12.0      17.0      1.40      2.00      8.10  -9999.00
     1   2005    217    7600.0      10.2      17.8      1.24      2.00      1.70  -9999.00
     1   2005    218    3600.0      12.2      21.7      1.42      2.00      0.30  -9999.00
     1   2005    219   13600.0      16.2      26.7      1.84      2.00     27.20  -9999.00
     1   2005    220   13800.0      12.3      20.8      1.43      2.00     28.40  -9999.00
     1   2005    221   16900.0      14.6      19.3      1.66      2.00      7.20  -9999.00
     1   2005    222   14300.0      10.5      18.6      1.27      2.00      0.50  -9999.00
     1   2005    223   22700.0      11.4      23.0      1.35      2.00      0.00  -9999.00
     1   2005    224   15600.0      14.0      22.6      1.60      2.00      0.00  -9999.00
     1   2005    225   11400.0      11.7      22.1      1.37      2.00      1.40  -9999.00
     1   2005    226   14700.0      12.1      22.0      1.41      2.00      0.70  -9999.00
     1   2005    227   22300.0       9.9      22.8      1.22      2.00      3.40  -9999.00
     1   2005    228   22600.0      12.8      20.2      1.48      2.00      0.00  -9999.00
     1   2005    229   23300.0      14.9      21.6      1.69      2.00      0.00  -9999.00
     1   2005    230   16300.0      18.8      27.8      2.17      2.00      0.00  -9999.00
     1   2005    231   16700.0      14.3      22.2      1.63      2.00      4.70  -9999.00
     1   2005    232   23600.0      11.9      23.3      1.39      2.00      0.00  -9999.00
     1   2005    233   22600.0      14.9      21.4      1.69      2.00      0.00  -9999.00
     1   2005    234   22200.0      10.6      17.4      1.28      2.00      0.40  -9999.00
     1   2005    235   19900.0      13.3      20.3      1.53      2.00      1.10  -9999.00
     1   2005    236    4200.0      13.6      21.4      1.56      2.00      0.90  -9999.00
     1   2005    237    6200.0      14.3      23.0      1.63      2.00      0.40  -9999.00
     1   2005    238   14500.0      13.1      22.1      1.51      2.00      1.90  -9999.00
     1   2005    239   20500.0      10.6      25.4      1.28      2.00      0.00  -9999.00
     1   2005    240   15700.0      11.7      19.1      1.37      2.00      3.00  -9999.00
     1   2005    241    3400.0       9.8      15.9      1.21      2.00      2.60  -9999.00
     1   2005    242   14900.0      13.7      21.7      1.57      2.00      0.20  -9999.00
     1   2005    243   15500.0      10.4      19.9      1.26      2.00      0.50  -9999.00
     1   2005    244   12100.0       9.8      19.0      1.21      2.00      0.00  -9999.00
     1   2005    245   19100.0      10.5      16.4      1.27      2.00      0.00  -9999.00
     1   2005    246   19000.0       8.0      15.3      1.07      2.00      0.00  -9999.00
     1   2005    247   19500.0      10.3      17.5      1.25      2.00      0.00  -9999.00
     1   2005    248   17300.0      13.4      20.7      1.54      2.00      0.10  -9999.00
     1   2005    249   13300.0      11.8      20.0      1.38      2.00      5.30  -9999.00
     1   2005    250   14600.0      11.7      19.2      1.37      2.00      0.70  -9999.00
     1   2005    251   10500.0       9.1      16.7      1.16      2.00      1.30  -9999.00
     1   2005    252   14700.0       6.3      15.9      0.95      2.00      2.00  -9999.00
     1   2005    253   11900.0       9.7      15.6      1.20      2.00      0.00  -9999.00
     1   2005    254   14900.0      14.2      20.1      1.62      2.00      1.30  -9999.00
     1   2005    255    7300.0      14.3      17.9      1.63      2.00     14.50  -9999.00
     1   2005    256    5700.0       8.0      18.2      1.07      2.00      2.00  -9999.00
     1   2005    257   10000.0       9.8      18.7      1.21      2.00     23.00  -9999.00
     1   2005    258   13100.0      13.0      27.8      1.50      2.00      0.00  -9999.00
     1   2005    259    4600.0      15.8      21.0      1.79      2.00      2.20  -9999.00
     1   2005    260   11800.0       6.8      17.3      0.99      2.00      0.70  -9999.00
     1   2005    261    9500.0       8.2      13.1      1.09      2.00      3.30  -9999.00
     1   2005    262   14700.0      11.2      21.0      1.33      2.00      0.00  -9999.00
     1   2005    263   12500.0      10.7      18.3      1.29      2.00      0.00  -9999.00
     1   2005    264   10200.0      11.5      17.3      1.36      2.00      2.70  -9999.00
     1   2005    265   11500.0       8.7      15.2      1.12      2.00      0.00  -9999.00
     1   2005    266   12100.0       5.1      16.9      0.88      2.00      0.00  -9999.00
     1   2005    267    3500.0       4.1      12.6      0.82      2.00      0.00  -9999.00
     1   2005    268   14600.0      11.6      15.9      1.37      2.00      0.00  -9999.00
     1   2005    269    2500.0       7.9      16.0      1.07      2.00      0.00  -9999.00
     1   2005    270   13300.0       8.2      20.4      1.09      2.00      0.00  -9999.00
     1   2005    271    4200.0       9.3      17.4      1.17      2.00      1.80  -9999.00
     1   2005    272   13700.0       7.2      14.4      1.02      2.00      0.10  -9999.00
     1   2005    273   10000.0      10.2      15.2      1.24      2.00      4.20  -9999.00
     1   2005    274   12900.0       8.5      17.3      1.11      2.00      0.00  -9999.00
     1   2005    275   13200.0       4.2      15.6      0.82      2.00      0.00  -9999.00
     1   2005    276   12000.0       7.6      16.0      1.04      2.00      0.00  -9999.00
     1   2005    277    9400.0       1.2      14.7      0.67      2.00      0.00  -9999.00
     1   2005    278    5200.0       7.4      15.4      1.03      2.00      0.00  -9999.00
     1   2005    279   10900.0       8.9      15.2      1.14      2.00      0.00  -9999.00
     1   2005    280   11900.0       5.8      13.3      0.92      2.00      0.00  -9999.00
     1   2005    281    8400.0      10.1      14.5      1.24      2.00      0.90  -9999.00
     1   2005    282   11200.0       7.8      16.9      1.06      2.00      0.00  -9999.00
     1   2005    283    1700.0       5.8      16.0      0.92      2.00      7.10  -9999.00
     1   2005    284    8800.0       9.5      14.5      1.19      2.00      0.00  -9999.00
     1   2005    285    1700.0       8.1      12.7      1.08      2.00      0.00  -9999.00
     1   2005    286   10300.0       8.5      13.6      1.11      2.00     28.70  -9999.00
     1   2005    287    7600.0       5.7      15.6      0.92      2.00      0.40  -9999.00
     1   2005    288    9900.0       3.5      13.0      0.78      2.00      3.90  -9999.00
     1   2005    289    6800.0       3.7      10.8      0.80      2.00      0.00  -9999.00
     1   2005    290    5100.0      11.0      17.0      1.31      2.00      1.10  -9999.00
     1   2005    291    5500.0      10.3      17.7      1.25      2.00     17.70  -9999.00
     1   2005    292   10000.0       2.5      10.7      0.73      2.00      0.00  -9999.00
     1   2005    293    9300.0       4.1      10.1      0.82      2.00      0.00  -9999.00
     1   2005    294   10000.0       8.1      13.3      1.08      2.00      0.00  -9999.00
     1   2005    295    8600.0      10.7      13.1      1.29      2.00      0.30  -9999.00
     1   2005    296    1600.0       7.5      14.0      1.04      2.00      0.90  -9999.00
     1   2005    297    1400.0       9.3      13.3      1.17      2.00      7.40  -9999.00
     1   2005    298    2100.0       7.8      13.7      1.06      2.00      8.40  -9999.00
     1   2005    299    2600.0       5.1      14.0      0.88      2.00      0.00  -9999.00
     1   2005    300    8400.0       7.1      15.2      1.01      2.00      0.00  -9999.00
     1   2005    301    1400.0       7.2      13.7      1.02      2.00      0.40  -9999.00
     1   2005    302    6400.0       7.7      15.0      1.05      2.00      4.50  -9999.00
     1   2005    303    7800.0       7.5      16.5      1.04      2.00      0.00  -9999.00
     1   2005    304    4400.0       6.1      11.5      0.94      2.00      0.00  -9999.00
     1   2005    305    2400.0       6.7      10.9      0.98      2.00      0.20  -9999.00
     1   2005    306    7800.0       5.0      12.8      0.87      2.00      6.00  -9999.00
     1   2005    307    5200.0       6.7      13.3      0.98      2.00      0.30  -9999.00
     1   2005    308    3500.0       5.7      11.0      0.92      2.00      0.00  -9999.00
     1   2005    309    6500.0       7.6      13.5      1.04      2.00      1.00  -9999.00
     1   2005    310    1200.0       3.5      11.9      0.78      2.00      0.10  -9999.00
     1   2005    311    6500.0       4.4       8.8      0.84      2.00      0.00  -9999.00
     1   2005    312    6800.0       3.8       9.1      0.80      2.00      0.00  -9999.00
     1   2005    313     900.0       4.0       7.4      0.81      2.00      0.00  -9999.00
     1   2005    314    1300.0       7.2      10.4      1.02      2.00     12.40  -9999.00
     1   2005    315    6700.0       5.0       9.0      0.87      2.00      0.00  -9999.00
     1   2005    316    4600.0       4.4       8.3      0.84      2.00      0.00  -9999.00
     1   2005    317    1300.0       4.8      11.1      0.86      2.00      1.10  -9999.00
     1   2005    318     800.0       1.6       3.0      0.69      2.00      0.00  -9999.00
     1   2005    319    1000.0       2.5       4.5      0.73      2.00      5.50  -9999.00
     1   2005    320     800.0       5.1      11.6      0.88      2.00      0.70  -9999.00
     1   2005    321    2200.0       3.9      10.2      0.81      2.00      0.20  -9999.00
     1   2005    322     900.0       2.6       6.9      0.74      2.00      5.30  -9999.00
     1   2005    323    1700.0       3.4       9.7      0.78      2.00      2.30  -9999.00
     1   2005    324    4700.0       1.3       8.6      0.67      2.00      0.00  -9999.00
     1   2005    325    5100.0       2.4      11.5      0.73      2.00      0.00  -9999.00
     1   2005    326     900.0      11.3      11.6      1.34      2.00      0.00  -9999.00
     1   2005    327    3800.0       7.9      11.5      1.07      2.00      6.50  -9999.00
     1   2005    328    1400.0       0.5       7.7      0.63      2.00      0.00  -9999.00
     1   2005    329    1100.0       2.2       9.2      0.72      2.00      0.00  -9999.00
     1   2005    330     800.0       1.3       6.3      0.67      2.00      6.40  -9999.00
     1   2005    331     700.0       4.8       6.1      0.86      2.00      2.00  -9999.00
     1   2005    332    4900.0      -0.4       8.3      0.59      2.00      0.30  -9999.00
     1   2005    333    1700.0       3.3       8.9      0.77      2.00      0.20  -9999.00
     1   2005    334    2300.0       3.6      12.0      0.79      2.00      9.50  -9999.00
     1   2005    335    3400.0       1.8      12.9      0.70      2.00      0.00  -9999.00
     1   2005    336     700.0       1.1       8.5      0.66      2.00      0.10  -9999.00
     1   2005    337    1500.0       2.4       9.2      0.73      2.00      4.90  -9999.00
     1   2005    338    3300.0      -1.2       6.2      0.56      2.00      0.30  -9999.00
     1   2005    339     700.0       1.2       3.2      0.67      2.00      5.20  -9999.00
     1   2005    340    1300.0      -1.3       6.4      0.56      2.00      0.80  -9999.00
     1   2005    341     700.0       1.2       5.2      0.67      2.00      0.30  -9999.00
     1   2005    342    4100.0      -0.3       2.6      0.60      2.00      0.00  -9999.00
     1   2005    343    3800.0       1.2       6.1      0.67      2.00      0.70  -9999.00
     1   2005    344     700.0      -0.4       8.0      0.59      2.00      0.10  -9999.00
     1   2005    345    3500.0       2.3       5.2      0.72      2.00      1.40  -9999.00
     1   2005    346     700.0       5.6       8.1      0.91      2.00      1.00  -9999.00
     1   2005    347    1100.0       3.2       6.1      0.77      2.00      1.80  -9999.00
     1   2005    348    4000.0      -3.4       3.1      0.48      2.00      0.00  -9999.00
     1   2005    349    4100.0      -0.3       0.7      0.60      2.00      0.00  -9999.00
     1   2005    350    3300.0       0.4       3.9      0.63      2.00      0.00  -9999.00
     1   2005    351     700.0       4.0       4.7      0.81      2.00      1.70  -9999.00
     1   2005    352    1300.0       1.6       6.8      0.69      2.00      0.30  -9999.00
     1   2005    353     700.0       4.9       6.8      0.87      2.00      0.80  -9999.00
     1   2005    354    3700.0       3.2       6.5      0.77      2.00      6.20  -9999.00
     1   2005    355    1600.0       4.9       7.4      0.87      2.00      0.70  -9999.00
     1   2005    356     700.0       0.2       7.7      0.62      2.00      0.40  -9999.00
     1   2005    357     700.0       3.1       8.7      0.76      2.00      0.30  -9999.00
     1   2005    358     700.0      -0.2       3.9      0.60      2.00      3.10  -9999.00
     1   2005    359     700.0       2.8       5.8      0.75      2.00      5.20  -9999.00
     1   2005    360    1600.0       1.3       6.8      0.67      2.00      9.50  -9999.00
     1   2005    361    2600.0       0.0       3.3      0.61      2.00      6.80  -9999.00
     1   2005    362     700.0       1.4       6.9      0.68      2.00      6.10  -9999.00
     1   2005    363    1400.0       1.6       6.3      0.69      2.00      0.00  -9999.00
     1   2005    364    1400.0       1.1       8.0      0.66      2.00      0.00  -9999.00
     1   2005    365    4600.0       3.9       9.5      0.81      2.00      0.00  -9999.00
