*-----------------------------------------------------------------------------* 
           WHWG_196.met           52.12    0.96   89.00
* Date created:  08-Aug-2019     Author: K Coleman 
* 
* NIL VALUE       -9999 
* Source:   data provided by M. Semenov 
*  
* Latitude:    52.12 Longitude:     0.96 Altitude:    89.00
* 
* Column  Daily value 
* 1       station number 
* 2       year 
* 3       day 
* 4       irradiation                   (kJ m-2 d-1) 
* 5       minimum temperature           (degrees Celsius) 
* 6       maximum temperature           (degrees Celsius) 
* 7       early morning vapour pressure (kPa)             
* 8       mean wind speed (height: 2 m?) (m s-1)          
* 9       precipitation                 (mm d-1)          
* 10      sunshine                      (hrs)             
 		Jday	RAD	    TMIN	TMAX	 VAP	wind	RAIN	SUN  
               kj/m2	°C	    °C	     kPa	m/s	    mm	    hrs 
   52.12  89.00
     1   2005      1     700.0       0.6       3.7      0.64      2.00      0.00  -9999.00
     1   2005      2     700.0       0.1       3.5      0.62      2.00      0.00  -9999.00
     1   2005      3    4600.0      -0.9       4.4      0.57      2.00      0.00  -9999.00
     1   2005      4    4400.0       1.4       3.8      0.68      2.00      0.00  -9999.00
     1   2005      5    4000.0       1.2       7.6      0.67      2.00      3.80  -9999.00
     1   2005      6    4200.0       5.0       8.5      0.87      2.00      0.10  -9999.00
     1   2005      7    3500.0       4.7       6.7      0.85      2.00      0.00  -9999.00
     1   2005      8    2100.0       4.9       8.0      0.87      2.00      0.10  -9999.00
     1   2005      9     800.0       6.1       6.5      0.94      2.00      0.60  -9999.00
     1   2005     10    1500.0      -0.1       0.8      0.61      2.00      0.00  -9999.00
     1   2005     11    4600.0      -0.5       3.8      0.59      2.00      0.00  -9999.00
     1   2005     12    1400.0       2.3       8.1      0.72      2.00      0.20  -9999.00
     1   2005     13    4300.0       1.4       7.2      0.68      2.00      7.70  -9999.00
     1   2005     14    4700.0       0.2       5.5      0.62      2.00      0.00  -9999.00
     1   2005     15    5700.0       4.2       7.8      0.82      2.00      5.10  -9999.00
     1   2005     16    4800.0       1.6       8.3      0.69      2.00      0.20  -9999.00
     1   2005     17     800.0       5.4       9.4      0.90      2.00      2.40  -9999.00
     1   2005     18     800.0      -0.1       2.8      0.61      2.00      0.00  -9999.00
     1   2005     19    2100.0      -0.4       1.6      0.59      2.00      0.00  -9999.00
     1   2005     20     800.0      -5.7       4.6      0.40      2.00      0.00  -9999.00
     1   2005     21    2800.0      -0.9       6.6      0.57      2.00      0.00  -9999.00
     1   2005     22    3600.0       3.5       9.2      0.78      2.00      0.00  -9999.00
     1   2005     23     800.0       5.5      10.8      0.90      2.00      0.20  -9999.00
     1   2005     24     800.0       5.4      10.9      0.90      2.00      0.30  -9999.00
     1   2005     25    5200.0       5.3       9.5      0.89      2.00      8.80  -9999.00
     1   2005     26    2900.0       8.3      10.3      1.09      2.00      5.20  -9999.00
     1   2005     27    4800.0       5.1       8.7      0.88      2.00      0.40  -9999.00
     1   2005     28    1000.0       0.0       9.0      0.61      2.00      0.70  -9999.00
     1   2005     29    5300.0       2.1       8.2      0.71      2.00      0.40  -9999.00
     1   2005     30    2500.0      -1.0       7.9      0.57      2.00      0.20  -9999.00
     1   2005     31    6500.0      -2.9       8.8      0.49      2.00      0.70  -9999.00
     1   2005     32    5800.0       3.0       9.3      0.76      2.00      0.50  -9999.00
     1   2005     33    3400.0       1.0       7.7      0.66      2.00      7.60  -9999.00
     1   2005     34    5000.0       2.0       9.7      0.71      2.00      7.70  -9999.00
     1   2005     35    5800.0      -1.5       7.7      0.55      2.00      2.60  -9999.00
     1   2005     36    1400.0       4.5      11.0      0.84      2.00     21.90  -9999.00
     1   2005     37    5700.0       2.4       9.8      0.73      2.00      0.80  -9999.00
     1   2005     38    1000.0       3.1       8.6      0.76      2.00      2.90  -9999.00
     1   2005     39    3900.0       8.1       9.3      1.08      2.00      2.00  -9999.00
     1   2005     40    4900.0       1.0       6.7      0.66      2.00      0.00  -9999.00
     1   2005     41    2700.0       1.4       5.5      0.68      2.00      1.80  -9999.00
     1   2005     42    2200.0       0.5       7.1      0.63      2.00      0.40  -9999.00
     1   2005     43    1100.0       1.5       5.6      0.68      2.00      0.40  -9999.00
     1   2005     44    4500.0       3.4       8.0      0.78      2.00      0.00  -9999.00
     1   2005     45    7100.0       1.1       9.6      0.66      2.00      0.00  -9999.00
     1   2005     46    6400.0       1.0       6.6      0.66      2.00      0.10  -9999.00
     1   2005     47    7300.0      -1.6       6.4      0.54      2.00      0.00  -9999.00
     1   2005     48    1500.0       0.6       4.5      0.64      2.00      0.00  -9999.00
     1   2005     49    1300.0       4.6       7.4      0.85      2.00      0.40  -9999.00
     1   2005     50    1400.0       6.4      10.0      0.96      2.00      5.30  -9999.00
     1   2005     51    1400.0       5.1       9.0      0.88      2.00      0.10  -9999.00
     1   2005     52    8300.0       0.3       6.6      0.62      2.00      0.70  -9999.00
     1   2005     53    4800.0      -0.4       5.1      0.59      2.00      0.10  -9999.00
     1   2005     54    4600.0       2.7      11.3      0.74      2.00      0.00  -9999.00
     1   2005     55    9400.0       3.9       8.6      0.81      2.00      0.00  -9999.00
     1   2005     56   10000.0       1.2       6.7      0.67      2.00      0.00  -9999.00
     1   2005     57    6800.0       4.1       8.8      0.82      2.00      0.00  -9999.00
     1   2005     58    4300.0      -0.1       4.9      0.61      2.00      1.60  -9999.00
     1   2005     59    1800.0       1.8       7.7      0.70      2.00      1.20  -9999.00
     1   2005     60    7600.0       4.4      12.6      0.84      2.00      0.40  -9999.00
     1   2005     61    3500.0       0.3      11.4      0.62      2.00      0.00  -9999.00
     1   2005     62    4700.0       3.8       9.1      0.80      2.00      0.30  -9999.00
     1   2005     63   10500.0       5.2      11.9      0.88      2.00      0.00  -9999.00
     1   2005     64   12200.0       2.5      12.1      0.73      2.00      0.00  -9999.00
     1   2005     65    9800.0       2.7      11.0      0.74      2.00      3.20  -9999.00
     1   2005     66    7200.0       2.3       8.9      0.72      2.00      0.10  -9999.00
     1   2005     67    3200.0       0.5       7.9      0.63      2.00      1.20  -9999.00
     1   2005     68    7100.0       6.1      14.5      0.94      2.00      0.00  -9999.00
     1   2005     69    2700.0       2.3      11.1      0.72      2.00      0.00  -9999.00
     1   2005     70   11300.0       1.5      12.3      0.68      2.00      0.00  -9999.00
     1   2005     71    9900.0       6.8      11.6      0.99      2.00      7.30  -9999.00
     1   2005     72    3700.0       0.4       5.0      0.63      2.00      0.00  -9999.00
     1   2005     73    8400.0       1.7       8.4      0.69      2.00      0.00  -9999.00
     1   2005     74    8500.0       4.4       8.9      0.84      2.00      0.60  -9999.00
     1   2005     75    9000.0       0.5       4.2      0.63      2.00      0.00  -9999.00
     1   2005     76    2000.0       2.4      12.3      0.73      2.00     11.50  -9999.00
     1   2005     77   15000.0       4.0      11.7      0.81      2.00      0.30  -9999.00
     1   2005     78    2800.0       3.9      14.6      0.81      2.00      0.00  -9999.00
     1   2005     79    4300.0       0.5      13.3      0.63      2.00      0.00  -9999.00
     1   2005     80    7500.0       1.2      11.6      0.67      2.00      0.00  -9999.00
     1   2005     81   14600.0      -3.3       8.0      0.48      2.00      0.00  -9999.00
     1   2005     82    2500.0       1.9       9.9      0.70      2.00      0.00  -9999.00
     1   2005     83   15000.0       2.9      12.5      0.75      2.00      0.00  -9999.00
     1   2005     84   13600.0       1.4      11.3      0.68      2.00      0.00  -9999.00
     1   2005     85   12800.0      -1.4       9.4      0.55      2.00      0.70  -9999.00
     1   2005     86   13700.0      -0.1       8.2      0.61      2.00      0.90  -9999.00
     1   2005     87    8700.0       3.4       6.3      0.78      2.00      0.00  -9999.00
     1   2005     88    6900.0       2.6      13.1      0.74      2.00      0.00  -9999.00
     1   2005     89    4200.0       1.5      12.1      0.68      2.00      0.30  -9999.00
     1   2005     90   14600.0       5.7      11.5      0.92      2.00      2.00  -9999.00
     1   2005     91   14800.0       6.8       9.5      0.99      2.00      0.70  -9999.00
     1   2005     92    2800.0       2.6      12.4      0.74      2.00      4.00  -9999.00
     1   2005     93   16600.0       4.3       9.9      0.83      2.00      1.30  -9999.00
     1   2005     94   14300.0       9.1      14.1      1.16      2.00      3.90  -9999.00
     1   2005     95   12100.0       8.7      12.7      1.12      2.00      7.60  -9999.00
     1   2005     96    3000.0       6.8      17.8      0.99      2.00      0.50  -9999.00
     1   2005     97   17500.0       3.5      15.1      0.78      2.00      0.00  -9999.00
     1   2005     98   14400.0      -0.2      10.3      0.60      2.00      0.30  -9999.00
     1   2005     99    9600.0       1.9      12.0      0.70      2.00      0.30  -9999.00
     1   2005    100   16500.0       5.8      14.0      0.92      2.00      0.10  -9999.00
     1   2005    101    8900.0       4.1      17.8      0.82      2.00      0.00  -9999.00
     1   2005    102   20100.0       2.3      15.0      0.72      2.00      0.00  -9999.00
     1   2005    103   21700.0       4.2      12.8      0.82      2.00      0.00  -9999.00
     1   2005    104   19200.0       7.7      17.7      1.05      2.00      0.00  -9999.00
     1   2005    105   19400.0       3.6      14.1      0.79      2.00      0.00  -9999.00
     1   2005    106   17500.0       3.8      17.3      0.80      2.00      0.30  -9999.00
     1   2005    107    6200.0       1.5      14.8      0.68      2.00      0.20  -9999.00
     1   2005    108   18400.0       2.4      13.3      0.73      2.00      0.10  -9999.00
     1   2005    109   19200.0      -0.9      14.0      0.57      2.00      0.90  -9999.00
     1   2005    110   11800.0       2.6      10.2      0.74      2.00      5.40  -9999.00
     1   2005    111   14900.0       3.2       7.8      0.77      2.00      1.00  -9999.00
     1   2005    112   20300.0      -1.3       9.8      0.56      2.00      0.70  -9999.00
     1   2005    113   12600.0       3.2       8.8      0.77      2.00      1.50  -9999.00
     1   2005    114   20000.0       3.1       8.3      0.76      2.00      1.80  -9999.00
     1   2005    115   21500.0       1.3       9.9      0.67      2.00      0.50  -9999.00
     1   2005    116    3700.0      -0.8      10.3      0.58      2.00      3.10  -9999.00
     1   2005    117   20600.0       1.9      11.0      0.70      2.00      1.70  -9999.00
     1   2005    118   10300.0       3.9      13.5      0.81      2.00      2.20  -9999.00
     1   2005    119   20500.0       5.1      15.7      0.88      2.00      0.00  -9999.00
     1   2005    120   19400.0       7.3      13.3      1.02      2.00      0.30  -9999.00
     1   2005    121   19600.0       8.0      13.9      1.07      2.00      2.40  -9999.00
     1   2005    122   21600.0       7.2      16.9      1.02      2.00      2.70  -9999.00
     1   2005    123    7300.0       5.7      19.4      0.92      2.00      0.00  -9999.00
     1   2005    124   24400.0       7.3      16.1      1.02      2.00      0.00  -9999.00
     1   2005    125    3900.0       5.2      14.8      0.88      2.00      1.40  -9999.00
     1   2005    126   19400.0       6.3      14.4      0.95      2.00      2.60  -9999.00
     1   2005    127    9200.0       5.9      13.3      0.93      2.00      9.40  -9999.00
     1   2005    128   22600.0       7.2      13.5      1.02      2.00      0.50  -9999.00
     1   2005    129   22600.0      11.4      19.5      1.35      2.00      0.00  -9999.00
     1   2005    130    4100.0       3.2      15.9      0.77      2.00      0.00  -9999.00
     1   2005    131   20200.0       7.4      15.9      1.03      2.00      1.40  -9999.00
     1   2005    132   12200.0       5.7      15.3      0.92      2.00      1.90  -9999.00
     1   2005    133   14900.0       4.5      13.9      0.84      2.00      0.90  -9999.00
     1   2005    134   22800.0       7.0      16.2      1.00      2.00      0.70  -9999.00
     1   2005    135   23200.0       6.9      19.9      0.99      2.00      0.00  -9999.00
     1   2005    136   24000.0       8.0      16.1      1.07      2.00      0.00  -9999.00
     1   2005    137   21900.0       7.6      14.6      1.04      2.00      0.40  -9999.00
     1   2005    138   15100.0       8.1      18.0      1.08      2.00      6.90  -9999.00
     1   2005    139   27300.0       9.4      23.2      1.18      2.00      0.00  -9999.00
     1   2005    140   23000.0       2.8      14.5      0.75      2.00      0.70  -9999.00
     1   2005    141    5500.0       5.0      15.5      0.87      2.00      0.60  -9999.00
     1   2005    142   23900.0       5.5      12.3      0.90      2.00      0.00  -9999.00
     1   2005    143   26600.0       3.1      13.8      0.76      2.00      0.00  -9999.00
     1   2005    144   14000.0      10.5      20.3      1.27      2.00      1.00  -9999.00
     1   2005    145   11100.0       8.8      20.3      1.13      2.00      1.20  -9999.00
     1   2005    146   27700.0       9.2      16.4      1.16      2.00      0.00  -9999.00
     1   2005    147   25300.0       8.2      11.9      1.09      2.00      0.60  -9999.00
     1   2005    148   11200.0       4.9      17.7      0.87      2.00      0.00  -9999.00
     1   2005    149   19100.0       2.9      18.5      0.75      2.00      1.80  -9999.00
     1   2005    150    9400.0       9.0      15.2      1.15      2.00      0.50  -9999.00
     1   2005    151    4500.0       5.3      14.4      0.89      2.00      9.00  -9999.00
     1   2005    152   24400.0       7.2      19.3      1.02      2.00      0.00  -9999.00
     1   2005    153   21300.0       6.2      15.6      0.95      2.00      2.90  -9999.00
     1   2005    154   19500.0      10.0      14.3      1.23      2.00      1.30  -9999.00
     1   2005    155   18500.0       9.6      16.2      1.20      2.00      2.80  -9999.00
     1   2005    156    5900.0       7.8      15.7      1.06      2.00      2.60  -9999.00
     1   2005    157   11400.0      11.4      20.7      1.35      2.00      0.00  -9999.00
     1   2005    158   16600.0       8.2      16.2      1.09      2.00      0.80  -9999.00
     1   2005    159    4500.0      11.2      18.2      1.33      2.00      0.90  -9999.00
     1   2005    160    4800.0       8.7      16.1      1.12      2.00      0.00  -9999.00
     1   2005    161    8600.0       4.8      12.4      0.86      2.00      5.10  -9999.00
     1   2005    162   25100.0       9.7      17.6      1.20      2.00      3.10  -9999.00
     1   2005    163   26400.0       9.5      17.0      1.19      2.00      0.00  -9999.00
     1   2005    164   21500.0       8.8      19.7      1.13      2.00      0.40  -9999.00
     1   2005    165    4500.0       8.0      17.2      1.07      2.00      3.40  -9999.00
     1   2005    166   22300.0      10.6      23.5      1.28      2.00      0.00  -9999.00
     1   2005    167   20300.0      12.2      18.5      1.42      2.00      3.20  -9999.00
     1   2005    168   19300.0      10.9      19.7      1.30      2.00      0.70  -9999.00
     1   2005    169   14900.0      10.8      20.6      1.29      2.00      0.00  -9999.00
     1   2005    170   22900.0      11.7      24.7      1.37      2.00      0.00  -9999.00
     1   2005    171   18800.0       7.8      26.9      1.06      2.00      0.00  -9999.00
     1   2005    172   25700.0       9.7      17.1      1.20      2.00      2.20  -9999.00
     1   2005    173   26900.0       7.8      19.4      1.06      2.00      5.20  -9999.00
     1   2005    174   20800.0      10.5      14.5      1.27      2.00     14.80  -9999.00
     1   2005    175   22500.0      13.7      15.7      1.57      2.00      0.30  -9999.00
     1   2005    176   12100.0       7.7      15.7      1.05      2.00      5.40  -9999.00
     1   2005    177    4700.0      10.5      15.7      1.27      2.00      4.40  -9999.00
     1   2005    178   20200.0      11.7      20.8      1.37      2.00      0.00  -9999.00
     1   2005    179   13400.0       9.3      20.5      1.17      2.00      1.70  -9999.00
     1   2005    180   23600.0      10.4      13.6      1.26      2.00      8.60  -9999.00
     1   2005    181   27700.0      13.0      15.0      1.50      2.00     13.20  -9999.00
     1   2005    182   13700.0      11.2      19.8      1.33      2.00      0.00  -9999.00
     1   2005    183   23000.0      10.6      16.2      1.28      2.00      0.00  -9999.00
     1   2005    184   20500.0      10.9      18.7      1.30      2.00      8.60  -9999.00
     1   2005    185   15100.0      11.0      18.6      1.31      2.00      2.10  -9999.00
     1   2005    186   18100.0       8.9      20.4      1.14      2.00      0.00  -9999.00
     1   2005    187   15500.0      11.2      18.4      1.33      2.00      2.00  -9999.00
     1   2005    188   19900.0      12.1      21.1      1.41      2.00      8.90  -9999.00
     1   2005    189   12900.0      12.4      19.5      1.44      2.00      0.50  -9999.00
     1   2005    190    7400.0      10.0      18.9      1.23      2.00      1.10  -9999.00
     1   2005    191    5300.0      10.3      17.5      1.25      2.00      4.80  -9999.00
     1   2005    192   24800.0      12.9      20.8      1.49      2.00      1.00  -9999.00
     1   2005    193    4200.0      13.0      19.1      1.50      2.00      1.90  -9999.00
     1   2005    194   20500.0      12.7      21.6      1.47      2.00      0.00  -9999.00
     1   2005    195   22100.0      13.3      20.9      1.53      2.00      0.10  -9999.00
     1   2005    196   21100.0      16.5      25.0      1.88      2.00      0.00  -9999.00
     1   2005    197   24300.0      11.7      24.8      1.37      2.00      0.00  -9999.00
     1   2005    198   29300.0      10.2      21.2      1.24      2.00      0.00  -9999.00
     1   2005    199   23900.0      12.9      21.3      1.49      2.00      0.00  -9999.00
     1   2005    200   11700.0      12.9      21.9      1.49      2.00      0.00  -9999.00
     1   2005    201   28100.0      17.1      21.3      1.95      2.00      0.00  -9999.00
     1   2005    202   25600.0      13.3      25.7      1.53      2.00      0.00  -9999.00
     1   2005    203    9100.0      13.2      22.7      1.52      2.00      0.90  -9999.00
     1   2005    204   23600.0      10.5      18.9      1.27      2.00      0.90  -9999.00
     1   2005    205    3900.0       7.3      20.6      1.02      2.00      8.10  -9999.00
     1   2005    206   13000.0      11.9      19.4      1.39      2.00      0.30  -9999.00
     1   2005    207   12900.0      16.4      18.8      1.86      2.00      5.60  -9999.00
     1   2005    208   18400.0      11.0      17.4      1.31      2.00      7.80  -9999.00
     1   2005    209   12100.0      11.2      20.1      1.33      2.00     11.50  -9999.00
     1   2005    210    6400.0      10.2      19.0      1.24      2.00      0.20  -9999.00
     1   2005    211   11500.0      14.0      21.5      1.60      2.00      0.00  -9999.00
     1   2005    212   19200.0      11.0      19.4      1.31      2.00      0.00  -9999.00
     1   2005    213   24400.0      13.7      22.0      1.57      2.00      0.00  -9999.00
     1   2005    214   23500.0      10.7      22.9      1.29      2.00      0.00  -9999.00
     1   2005    215   23700.0      10.6      25.1      1.28      2.00      0.00  -9999.00
     1   2005    216   11500.0      11.8      23.0      1.38      2.00      0.00  -9999.00
     1   2005    217   14400.0      13.9      20.5      1.59      2.00      1.00  -9999.00
     1   2005    218   17500.0      13.9      25.7      1.59      2.00      6.30  -9999.00
     1   2005    219    6400.0      14.4      22.7      1.64      2.00     13.80  -9999.00
     1   2005    220   16300.0       9.9      21.3      1.22      2.00      0.00  -9999.00
     1   2005    221   17800.0      10.4      20.2      1.26      2.00     11.60  -9999.00
     1   2005    222   17400.0      14.2      28.3      1.62      2.00      3.20  -9999.00
     1   2005    223    3600.0      13.5      31.0      1.55      2.00      1.60  -9999.00
     1   2005    224   23100.0      14.0      22.7      1.60      2.00      0.00  -9999.00
     1   2005    225   19800.0      12.6      20.0      1.46      2.00      0.00  -9999.00
     1   2005    226   21900.0      13.9      29.2      1.59      2.00      0.00  -9999.00
     1   2005    227   18900.0       9.1      26.8      1.16      2.00      0.00  -9999.00
     1   2005    228   16200.0      11.1      18.7      1.32      2.00      4.40  -9999.00
     1   2005    229   21100.0       8.4      15.7      1.10      2.00      8.00  -9999.00
     1   2005    230    7900.0      13.4      21.3      1.54      2.00      0.90  -9999.00
     1   2005    231   14900.0      11.1      21.0      1.32      2.00      0.50  -9999.00
     1   2005    232   18700.0      14.5      26.2      1.65      2.00      0.00  -9999.00
     1   2005    233   14600.0      10.8      22.5      1.29      2.00      0.20  -9999.00
     1   2005    234   19000.0      14.9      30.2      1.69      2.00      0.00  -9999.00
     1   2005    235   20100.0      16.3      27.9      1.85      2.00      0.00  -9999.00
     1   2005    236   23400.0      13.6      24.9      1.56      2.00      0.00  -9999.00
     1   2005    237   13800.0      11.8      23.1      1.38      2.00      4.40  -9999.00
     1   2005    238   22000.0       7.4      17.0      1.03      2.00      3.30  -9999.00
     1   2005    239    4300.0       7.9      17.7      1.07      2.00      0.40  -9999.00
     1   2005    240   15300.0      13.5      19.6      1.55      2.00      3.10  -9999.00
     1   2005    241    4800.0      10.9      21.0      1.30      2.00      0.30  -9999.00
     1   2005    242   21000.0      10.5      17.8      1.27      2.00      0.20  -9999.00
     1   2005    243   12300.0      10.9      18.5      1.30      2.00      0.00  -9999.00
     1   2005    244   20500.0      11.9      21.3      1.39      2.00      0.10  -9999.00
     1   2005    245   11200.0       9.3      20.4      1.17      2.00      2.80  -9999.00
     1   2005    246   15800.0      10.8      19.9      1.29      2.00      1.30  -9999.00
     1   2005    247   16600.0       9.5      22.2      1.19      2.00      4.10  -9999.00
     1   2005    248   18100.0       6.3      19.1      0.95      2.00      0.00  -9999.00
     1   2005    249   12500.0       9.7      17.9      1.20      2.00      6.50  -9999.00
     1   2005    250   14500.0      13.2      20.1      1.52      2.00      0.00  -9999.00
     1   2005    251   18300.0       9.0      19.1      1.15      2.00      0.00  -9999.00
     1   2005    252   11600.0      10.8      20.9      1.29      2.00      1.00  -9999.00
     1   2005    253    5200.0      11.2      24.2      1.33      2.00      0.50  -9999.00
     1   2005    254    8500.0      11.7      19.6      1.37      2.00      1.60  -9999.00
     1   2005    255    5100.0       9.0      20.6      1.15      2.00     23.40  -9999.00
     1   2005    256    2700.0      10.5      22.3      1.27      2.00      0.10  -9999.00
     1   2005    257    3100.0      12.1      21.2      1.41      2.00      0.00  -9999.00
     1   2005    258    7700.0       4.6      18.5      0.85      2.00      0.00  -9999.00
     1   2005    259   10300.0      11.1      18.5      1.32      2.00      0.10  -9999.00
     1   2005    260    9000.0      10.1      18.7      1.24      2.00      8.40  -9999.00
     1   2005    261    2700.0      15.1      16.7      1.72      2.00      5.00  -9999.00
     1   2005    262   15500.0      11.2      17.0      1.33      2.00      0.00  -9999.00
     1   2005    263    4500.0       7.3      14.6      1.02      2.00      0.10  -9999.00
     1   2005    264   14900.0       7.7      15.9      1.05      2.00      0.00  -9999.00
     1   2005    265   13800.0       8.0      16.8      1.07      2.00      0.00  -9999.00
     1   2005    266    2500.0       9.5      16.0      1.19      2.00     17.50  -9999.00
     1   2005    267    2600.0      10.0      15.7      1.23      2.00      1.30  -9999.00
     1   2005    268    6400.0      14.0      18.4      1.60      2.00      2.80  -9999.00
     1   2005    269    2500.0      12.3      17.9      1.43      2.00      1.80  -9999.00
     1   2005    270    2400.0      11.4      18.2      1.35      2.00      0.40  -9999.00
     1   2005    271   11100.0       9.2      16.1      1.16      2.00      0.50  -9999.00
     1   2005    272    2600.0       7.8      17.0      1.06      2.00      0.10  -9999.00
     1   2005    273    8700.0       9.6      20.2      1.20      2.00      1.40  -9999.00
     1   2005    274   10200.0      10.5      20.1      1.27      2.00      0.00  -9999.00
     1   2005    275    2500.0      11.8      17.6      1.38      2.00      0.40  -9999.00
     1   2005    276    8000.0      10.8      18.5      1.29      2.00      7.10  -9999.00
     1   2005    277    9800.0       9.0      16.6      1.15      2.00      4.30  -9999.00
     1   2005    278    3200.0       9.9      15.7      1.22      2.00      0.40  -9999.00
     1   2005    279    1900.0       7.6      16.2      1.04      2.00      7.60  -9999.00
     1   2005    280    4000.0       7.1      14.5      1.01      2.00      0.00  -9999.00
     1   2005    281    5500.0       6.9      12.9      0.99      2.00      0.00  -9999.00
     1   2005    282   10500.0       6.9      12.9      0.99      2.00      0.00  -9999.00
     1   2005    283    7400.0       4.5      12.6      0.84      2.00      3.80  -9999.00
     1   2005    284    6600.0       8.1      13.4      1.08      2.00      0.40  -9999.00
     1   2005    285    9800.0       8.8      11.7      1.13      2.00      0.00  -9999.00
     1   2005    286    9800.0       8.8      14.6      1.13      2.00      0.00  -9999.00
     1   2005    287    6000.0      11.1      15.9      1.32      2.00      3.10  -9999.00
     1   2005    288    7700.0       6.5      13.4      0.97      2.00      0.00  -9999.00
     1   2005    289   11800.0       3.8       9.5      0.80      2.00      0.00  -9999.00
     1   2005    290    6300.0      10.5      16.9      1.27      2.00     11.60  -9999.00
     1   2005    291    1600.0       7.3      16.5      1.02      2.00      0.00  -9999.00
     1   2005    292    9100.0      12.0      16.1      1.40      2.00      0.00  -9999.00
     1   2005    293    6300.0      10.1      16.8      1.24      2.00      6.20  -9999.00
     1   2005    294    1600.0       6.1      13.5      0.94      2.00      0.70  -9999.00
     1   2005    295    6600.0       9.9      15.0      1.22      2.00      0.70  -9999.00
     1   2005    296    7100.0       8.5      13.2      1.11      2.00      8.10  -9999.00
     1   2005    297    2300.0       6.1      13.5      0.94      2.00     21.90  -9999.00
     1   2005    298    7600.0       9.2      12.9      1.16      2.00      0.60  -9999.00
     1   2005    299    2500.0       9.0      12.1      1.15      2.00      0.00  -9999.00
     1   2005    300    1400.0      10.7      15.3      1.29      2.00      0.50  -9999.00
     1   2005    301    5600.0       9.6      14.0      1.20      2.00      1.50  -9999.00
     1   2005    302    7900.0       8.4      14.7      1.10      2.00      3.40  -9999.00
     1   2005    303    3500.0       8.8      13.2      1.13      2.00      0.30  -9999.00
     1   2005    304    6000.0       7.9      11.6      1.07      2.00      2.40  -9999.00
     1   2005    305    1200.0       6.9       7.8      0.99      2.00      4.00  -9999.00
     1   2005    306    7500.0       6.2      10.8      0.95      2.00      0.10  -9999.00
     1   2005    307    6900.0       5.8      12.0      0.92      2.00      8.40  -9999.00
     1   2005    308    4400.0       8.8      14.2      1.13      2.00      0.10  -9999.00
     1   2005    309    3100.0       9.5      15.7      1.19      2.00      0.10  -9999.00
     1   2005    310    1300.0       3.5      13.0      0.78      2.00      0.40  -9999.00
     1   2005    311    2600.0       0.7      16.7      0.64      2.00      0.10  -9999.00
     1   2005    312    6900.0       6.0       8.2      0.93      2.00      0.00  -9999.00
     1   2005    313    1100.0       8.2      10.9      1.09      2.00      0.40  -9999.00
     1   2005    314    6200.0       3.2       6.2      0.77      2.00      0.00  -9999.00
     1   2005    315    1600.0      -2.4       0.2      0.51      2.00      0.00  -9999.00
     1   2005    316    3300.0       5.5       9.7      0.90      2.00      3.10  -9999.00
     1   2005    317    6200.0       5.6       7.6      0.91      2.00      0.00  -9999.00
     1   2005    318    1000.0       6.4      11.6      0.96      2.00      6.00  -9999.00
     1   2005    319    1000.0       2.8      12.9      0.75      2.00      1.40  -9999.00
     1   2005    320    1100.0       2.2       6.5      0.72      2.00      0.10  -9999.00
     1   2005    321    5400.0       5.0       5.2      0.87      2.00      0.00  -9999.00
     1   2005    322    6000.0       0.9       9.7      0.65      2.00      0.50  -9999.00
     1   2005    323     900.0       5.2       8.7      0.88      2.00      1.10  -9999.00
     1   2005    324     800.0       3.8      10.3      0.80      2.00      0.50  -9999.00
     1   2005    325    5100.0      -1.2       9.5      0.56      2.00      0.00  -9999.00
     1   2005    326    1000.0       0.0       6.2      0.61      2.00      0.00  -9999.00
     1   2005    327    1500.0      -0.7       9.8      0.58      2.00      4.40  -9999.00
     1   2005    328    3000.0       4.4      11.9      0.84      2.00      0.40  -9999.00
     1   2005    329    4500.0       6.6      11.4      0.97      2.00      5.70  -9999.00
     1   2005    330    1100.0       1.8       9.8      0.70      2.00      2.00  -9999.00
     1   2005    331     800.0      -1.8      10.4      0.54      2.00     19.50  -9999.00
     1   2005    332    3700.0       2.4       8.0      0.73      2.00      0.00  -9999.00
     1   2005    333     900.0       4.3       9.6      0.83      2.00      0.00  -9999.00
     1   2005    334     900.0       3.3       7.0      0.77      2.00     21.50  -9999.00
     1   2005    335     800.0      -0.8       8.9      0.58      2.00      4.80  -9999.00
     1   2005    336     700.0       1.2       6.2      0.67      2.00      3.60  -9999.00
     1   2005    337    1500.0       1.9       6.8      0.70      2.00      0.70  -9999.00
     1   2005    338    2900.0       4.2       8.0      0.82      2.00      0.90  -9999.00
     1   2005    339     700.0       6.0       8.0      0.93      2.00      2.10  -9999.00
     1   2005    340     700.0       3.3       9.9      0.77      2.00      6.50  -9999.00
     1   2005    341     700.0       4.8      10.7      0.86      2.00      2.50  -9999.00
     1   2005    342    2700.0       1.9       6.8      0.70      2.00      0.00  -9999.00
     1   2005    343    1000.0       3.1      10.4      0.76      2.00      1.90  -9999.00
     1   2005    344     700.0       1.6       7.3      0.69      2.00      5.10  -9999.00
     1   2005    345    3200.0       1.4       5.0      0.68      2.00      0.00  -9999.00
     1   2005    346    4000.0       5.6       7.7      0.91      2.00      0.00  -9999.00
     1   2005    347    1200.0       5.7       6.9      0.92      2.00      0.20  -9999.00
     1   2005    348    1900.0       3.8      10.3      0.80      2.00      7.50  -9999.00
     1   2005    349     700.0       1.4       8.9      0.68      2.00      2.80  -9999.00
     1   2005    350    3100.0       1.3       8.5      0.67      2.00      0.00  -9999.00
     1   2005    351    3300.0       1.6       9.0      0.69      2.00      0.00  -9999.00
     1   2005    352    1800.0       3.8       8.2      0.80      2.00      0.10  -9999.00
     1   2005    353    4000.0       7.8      10.0      1.06      2.00      2.00  -9999.00
     1   2005    354     600.0       3.1       7.5      0.76      2.00      0.00  -9999.00
     1   2005    355    4100.0       1.0       6.0      0.66      2.00      0.00  -9999.00
     1   2005    356     600.0       1.8       6.6      0.70      2.00      0.00  -9999.00
     1   2005    357     700.0       0.4       5.2      0.63      2.00      1.10  -9999.00
     1   2005    358    1600.0       1.2       8.1      0.67      2.00      0.40  -9999.00
     1   2005    359    3600.0       1.1       8.3      0.66      2.00      0.00  -9999.00
     1   2005    360    3900.0       1.1       4.1      0.66      2.00      0.00  -9999.00
     1   2005    361     700.0      -0.4       0.8      0.59      2.00      0.10  -9999.00
     1   2005    362     700.0       4.9      11.2      0.87      2.00      0.10  -9999.00
     1   2005    363    4200.0       4.0      10.2      0.81      2.00      0.20  -9999.00
     1   2005    364     700.0       1.7       6.7      0.69      2.00      1.00  -9999.00
     1   2005    365     700.0      -1.4       4.5      0.55      2.00      0.00  -9999.00
