*-----------------------------------------------------------------------------* 
           WHWG_179.met           52.12    0.96   89.00
* Date created:  08-Aug-2019     Author: K Coleman 
* 
* NIL VALUE       -9999 
* Source:   data provided by M. Semenov 
*  
* Latitude:    52.12 Longitude:     0.96 Altitude:    89.00
* 
* Column  Daily value 
* 1       station number 
* 2       year 
* 3       day 
* 4       irradiation                   (kJ m-2 d-1) 
* 5       minimum temperature           (degrees Celsius) 
* 6       maximum temperature           (degrees Celsius) 
* 7       early morning vapour pressure (kPa)             
* 8       mean wind speed (height: 2 m?) (m s-1)          
* 9       precipitation                 (mm d-1)          
* 10      sunshine                      (hrs)             
 		Jday	RAD	    TMIN	TMAX	 VAP	wind	RAIN	SUN  
               kj/m2	°C	    °C	     kPa	m/s	    mm	    hrs 
   52.12  89.00
     1   2005      1     700.0      -2.6       2.2      0.50      2.00      0.20  -9999.00
     1   2005      2     700.0      -3.3       3.7      0.48      2.00      0.00  -9999.00
     1   2005      3    4100.0      -1.1       4.7      0.56      2.00      0.00  -9999.00
     1   2005      4    4400.0       0.8       4.6      0.65      2.00      0.00  -9999.00
     1   2005      5     700.0       3.0       9.6      0.76      2.00      0.60  -9999.00
     1   2005      6    3600.0       5.2      10.4      0.88      2.00      3.30  -9999.00
     1   2005      7     700.0       0.9       5.6      0.65      2.00      0.00  -9999.00
     1   2005      8    2400.0      -1.7       6.7      0.54      2.00      0.00  -9999.00
     1   2005      9    4900.0       0.3       7.9      0.62      2.00      0.00  -9999.00
     1   2005     10     800.0      -2.1      11.1      0.52      2.00     12.40  -9999.00
     1   2005     11     700.0       2.9      10.6      0.75      2.00      7.40  -9999.00
     1   2005     12    1400.0       3.5      11.4      0.78      2.00      2.50  -9999.00
     1   2005     13     700.0      -2.3       6.0      0.52      2.00      0.10  -9999.00
     1   2005     14     800.0       0.8       1.0      0.65      2.00      0.00  -9999.00
     1   2005     15    4900.0       3.8       8.0      0.80      2.00      0.00  -9999.00
     1   2005     16    5000.0       1.4      10.9      0.68      2.00      0.00  -9999.00
     1   2005     17    4200.0       4.4       6.4      0.84      2.00      0.00  -9999.00
     1   2005     18    1000.0       8.0       9.3      1.07      2.00      0.10  -9999.00
     1   2005     19    3200.0      -0.6       7.1      0.58      2.00      0.40  -9999.00
     1   2005     20     800.0      -1.0       8.6      0.57      2.00      1.90  -9999.00
     1   2005     21    1200.0      -1.6       5.6      0.54      2.00      0.20  -9999.00
     1   2005     22    5100.0      -3.6      -0.4      0.47      2.00      0.10  -9999.00
     1   2005     23    1000.0      -1.4       5.5      0.55      2.00      0.10  -9999.00
     1   2005     24    5500.0      -1.0       7.2      0.57      2.00      3.50  -9999.00
     1   2005     25     900.0       4.1       7.2      0.82      2.00      0.00  -9999.00
     1   2005     26    1900.0       1.1       8.6      0.66      2.00      6.60  -9999.00
     1   2005     27    3400.0       2.7       9.6      0.74      2.00      0.20  -9999.00
     1   2005     28     900.0       3.7       7.8      0.80      2.00      7.10  -9999.00
     1   2005     29     900.0      -1.4       4.5      0.55      2.00      0.00  -9999.00
     1   2005     30    2800.0      -3.4       5.3      0.48      2.00      0.00  -9999.00
     1   2005     31    2500.0      -1.3       8.1      0.56      2.00      0.30  -9999.00
     1   2005     32    1000.0      -1.0       8.4      0.57      2.00      0.90  -9999.00
     1   2005     33    6400.0       0.6       6.7      0.64      2.00      7.20  -9999.00
     1   2005     34    7100.0       3.7       8.1      0.80      2.00      3.50  -9999.00
     1   2005     35    3300.0       2.5       9.5      0.73      2.00      3.30  -9999.00
     1   2005     36    1200.0      -0.5      11.1      0.59      2.00      0.00  -9999.00
     1   2005     37    1000.0       0.4       8.3      0.63      2.00      0.00  -9999.00
     1   2005     38    7900.0      -1.7      11.3      0.54      2.00      0.00  -9999.00
     1   2005     39    6100.0      -4.7       5.1      0.43      2.00      2.80  -9999.00
     1   2005     40    7300.0      -3.6       5.5      0.47      2.00      0.00  -9999.00
     1   2005     41    1100.0       1.0       4.7      0.66      2.00      0.00  -9999.00
     1   2005     42    5500.0       0.4       2.8      0.63      2.00      0.00  -9999.00
     1   2005     43    1200.0      -0.1       7.3      0.61      2.00      0.00  -9999.00
     1   2005     44    5700.0       3.5       5.7      0.78      2.00      0.00  -9999.00
     1   2005     45    3000.0      -3.2       2.3      0.48      2.00      0.00  -9999.00
     1   2005     46    7000.0      -0.5       1.1      0.59      2.00      0.00  -9999.00
     1   2005     47    1300.0      -0.6       7.2      0.58      2.00      0.00  -9999.00
     1   2005     48    4500.0       0.2       5.3      0.62      2.00      0.00  -9999.00
     1   2005     49    7500.0      -1.1       6.1      0.56      2.00      5.30  -9999.00
     1   2005     50    2500.0       1.4       7.7      0.68      2.00      0.00  -9999.00
     1   2005     51    9100.0       2.0       7.1      0.71      2.00      0.00  -9999.00
     1   2005     52    9400.0       0.6       6.3      0.64      2.00      0.00  -9999.00
     1   2005     53    4800.0       0.3       8.3      0.62      2.00      0.00  -9999.00
     1   2005     54    6500.0      -0.4      10.3      0.59      2.00      0.00  -9999.00
     1   2005     55    5700.0      -2.3       4.6      0.52      2.00      3.00  -9999.00
     1   2005     56    6000.0      -1.2       5.5      0.56      2.00      0.00  -9999.00
     1   2005     57    2300.0       2.2       9.2      0.72      2.00      0.10  -9999.00
     1   2005     58   11100.0       3.4       8.9      0.78      2.00      0.20  -9999.00
     1   2005     59    3200.0       4.3      11.5      0.83      2.00      4.20  -9999.00
     1   2005     60   11000.0       3.0      11.6      0.76      2.00      5.60  -9999.00
     1   2005     61    1700.0       6.8      11.2      0.99      2.00      0.00  -9999.00
     1   2005     62    3100.0       1.8       9.4      0.70      2.00      0.00  -9999.00
     1   2005     63    9100.0       3.5       8.5      0.78      2.00      2.50  -9999.00
     1   2005     64    9900.0       0.5       5.7      0.63      2.00     10.40  -9999.00
     1   2005     65    9500.0       3.3      14.5      0.77      2.00      0.00  -9999.00
     1   2005     66    6100.0       3.6      13.6      0.79      2.00      0.00  -9999.00
     1   2005     67   11900.0       2.0      12.0      0.71      2.00      7.50  -9999.00
     1   2005     68    8000.0      -1.5       9.9      0.55      2.00      0.70  -9999.00
     1   2005     69    2000.0       0.4       7.4      0.63      2.00      3.90  -9999.00
     1   2005     70   11900.0       0.6       9.0      0.64      2.00      0.00  -9999.00
     1   2005     71    2200.0       6.1      10.8      0.94      2.00      0.00  -9999.00
     1   2005     72   10900.0       5.3      11.9      0.89      2.00      0.00  -9999.00
     1   2005     73   14300.0       1.3      11.5      0.67      2.00      0.00  -9999.00
     1   2005     74    8600.0       3.8      14.9      0.80      2.00      0.00  -9999.00
     1   2005     75    9200.0       3.8      13.1      0.80      2.00      0.00  -9999.00
     1   2005     76    2300.0       1.5      12.6      0.68      2.00      0.00  -9999.00
     1   2005     77    4800.0       1.4       7.8      0.68      2.00      0.50  -9999.00
     1   2005     78    9800.0       1.1       6.2      0.66      2.00      0.00  -9999.00
     1   2005     79    2900.0       7.3      13.8      1.02      2.00      0.30  -9999.00
     1   2005     80    5300.0       3.1      15.5      0.76      2.00      0.00  -9999.00
     1   2005     81   12900.0       1.6      11.6      0.69      2.00      0.00  -9999.00
     1   2005     82    2900.0      -0.7      12.7      0.58      2.00      0.10  -9999.00
     1   2005     83    2900.0       0.4       8.5      0.63      2.00      0.50  -9999.00
     1   2005     84    5800.0       3.4      11.0      0.78      2.00      0.30  -9999.00
     1   2005     85    3700.0       2.3      11.5      0.72      2.00      1.80  -9999.00
     1   2005     86    3500.0       1.6      14.6      0.69      2.00      0.00  -9999.00
     1   2005     87   15700.0       4.3      12.0      0.83      2.00      0.00  -9999.00
     1   2005     88    2700.0       4.9      11.0      0.87      2.00      1.80  -9999.00
     1   2005     89    4900.0       2.2      11.6      0.72      2.00      1.40  -9999.00
     1   2005     90   14500.0      -0.7      10.4      0.58      2.00      0.30  -9999.00
     1   2005     91    6200.0       0.9      11.9      0.65      2.00      1.60  -9999.00
     1   2005     92   18600.0      -4.0      16.7      0.45      2.00      0.00  -9999.00
     1   2005     93   18500.0       3.0      11.7      0.76      2.00      0.00  -9999.00
     1   2005     94   18400.0       6.8      11.8      0.99      2.00      0.00  -9999.00
     1   2005     95    4800.0       3.6       7.9      0.79      2.00      4.40  -9999.00
     1   2005     96   12900.0       2.0       6.4      0.71      2.00      0.00  -9999.00
     1   2005     97    5400.0       2.3      14.9      0.72      2.00      0.00  -9999.00
     1   2005     98   17800.0       5.4      14.9      0.90      2.00      0.00  -9999.00
     1   2005     99   15600.0       1.4      14.3      0.68      2.00      0.00  -9999.00
     1   2005    100   19200.0       2.0      17.7      0.71      2.00      0.00  -9999.00
     1   2005    101   13000.0       2.0      10.9      0.71      2.00      3.60  -9999.00
     1   2005    102   19500.0       0.6      13.7      0.64      2.00      0.40  -9999.00
     1   2005    103   16800.0       5.2      10.7      0.88      2.00      2.00  -9999.00
     1   2005    104    4900.0       2.6      10.8      0.74      2.00      2.00  -9999.00
     1   2005    105   16900.0       2.4      11.1      0.73      2.00      1.60  -9999.00
     1   2005    106   21300.0      -2.7      16.8      0.50      2.00      0.00  -9999.00
     1   2005    107   17200.0       0.4      11.4      0.63      2.00      0.60  -9999.00
     1   2005    108   19000.0       4.9      15.5      0.87      2.00      0.00  -9999.00
     1   2005    109   16000.0      -1.5       8.6      0.55      2.00      0.00  -9999.00
     1   2005    110   11000.0       1.3       9.3      0.67      2.00      0.00  -9999.00
     1   2005    111    3800.0       1.3      13.1      0.67      2.00      2.10  -9999.00
     1   2005    112   11100.0       3.3      15.8      0.77      2.00      0.00  -9999.00
     1   2005    113    5100.0       7.8      12.5      1.06      2.00      2.30  -9999.00
     1   2005    114   17300.0       4.9      18.0      0.87      2.00      0.00  -9999.00
     1   2005    115   18700.0       4.7      11.2      0.85      2.00      0.20  -9999.00
     1   2005    116   15100.0       7.2      10.6      1.02      2.00      0.70  -9999.00
     1   2005    117    4900.0       2.7      16.2      0.74      2.00      0.00  -9999.00
     1   2005    118   17600.0       3.6      14.8      0.79      2.00      0.40  -9999.00
     1   2005    119    4100.0       0.1       8.0      0.62      2.00      0.10  -9999.00
     1   2005    120   10200.0       3.4      11.6      0.78      2.00      3.70  -9999.00
     1   2005    121   21400.0       9.2      15.5      1.16      2.00      0.00  -9999.00
     1   2005    122   21100.0       8.9      18.0      1.14      2.00      0.00  -9999.00
     1   2005    123   22800.0      12.2      17.6      1.42      2.00      0.00  -9999.00
     1   2005    124   23300.0       9.6      15.2      1.20      2.00      0.00  -9999.00
     1   2005    125   25800.0       4.0      17.1      0.81      2.00      0.00  -9999.00
     1   2005    126   25200.0       5.5      15.9      0.90      2.00      0.00  -9999.00
     1   2005    127   19600.0       5.7      17.1      0.92      2.00      0.00  -9999.00
     1   2005    128   24900.0       0.5      17.8      0.63      2.00      0.00  -9999.00
     1   2005    129    6500.0       1.1      14.4      0.66      2.00      0.00  -9999.00
     1   2005    130   16500.0       1.1      10.5      0.66      2.00      2.10  -9999.00
     1   2005    131   22300.0       1.7      13.7      0.69      2.00      1.60  -9999.00
     1   2005    132   16700.0       1.9      14.4      0.70      2.00      0.00  -9999.00
     1   2005    133   23500.0       8.6      15.3      1.12      2.00      0.00  -9999.00
     1   2005    134   25900.0       6.2      15.1      0.95      2.00      0.00  -9999.00
     1   2005    135   26800.0       7.2      16.4      1.02      2.00      0.00  -9999.00
     1   2005    136    8500.0      10.1      15.4      1.24      2.00      0.00  -9999.00
     1   2005    137   24200.0       8.2      19.8      1.09      2.00      0.00  -9999.00
     1   2005    138   24200.0       9.5      17.0      1.19      2.00      0.20  -9999.00
     1   2005    139    8900.0       7.5      16.7      1.04      2.00      7.50  -9999.00
     1   2005    140   21700.0       2.6      15.5      0.74      2.00      0.40  -9999.00
     1   2005    141   22900.0       7.7      20.0      1.05      2.00      0.00  -9999.00
     1   2005    142   26700.0       7.9      17.2      1.07      2.00      0.00  -9999.00
     1   2005    143   17200.0       7.2      20.5      1.02      2.00      0.00  -9999.00
     1   2005    144   16400.0       9.5      15.6      1.19      2.00      0.60  -9999.00
     1   2005    145   26200.0       0.1      15.8      0.62      2.00      0.00  -9999.00
     1   2005    146    5000.0       7.3      16.0      1.02      2.00      5.70  -9999.00
     1   2005    147   20700.0      11.2      16.8      1.33      2.00      4.70  -9999.00
     1   2005    148   21600.0       9.4      16.3      1.18      2.00      0.40  -9999.00
     1   2005    149   20400.0       8.1      14.4      1.08      2.00      1.00  -9999.00
     1   2005    150   28700.0      10.5      13.4      1.27      2.00      0.00  -9999.00
     1   2005    151   10000.0      11.2      18.3      1.33      2.00      1.10  -9999.00
     1   2005    152   11600.0       9.1      17.8      1.16      2.00      2.00  -9999.00
     1   2005    153   27600.0       7.4      15.4      1.03      2.00      4.60  -9999.00
     1   2005    154   22400.0       8.0      12.3      1.07      2.00     10.50  -9999.00
     1   2005    155   22200.0      10.3      20.7      1.25      2.00      0.00  -9999.00
     1   2005    156   18900.0       8.6      22.3      1.12      2.00      0.00  -9999.00
     1   2005    157   20100.0       9.6      14.6      1.20      2.00      6.80  -9999.00
     1   2005    158    5900.0       4.9      14.1      0.87      2.00      4.00  -9999.00
     1   2005    159    9200.0      11.1      20.3      1.32      2.00      0.00  -9999.00
     1   2005    160   17000.0      11.4      17.0      1.35      2.00     13.60  -9999.00
     1   2005    161    4600.0       9.0      15.9      1.15      2.00      5.10  -9999.00
     1   2005    162    6500.0       3.8      12.6      0.80      2.00      4.30  -9999.00
     1   2005    163   27500.0       8.6      15.1      1.12      2.00      1.40  -9999.00
     1   2005    164   19500.0       8.5      15.1      1.11      2.00      0.80  -9999.00
     1   2005    165   19400.0       9.4      18.4      1.18      2.00      5.20  -9999.00
     1   2005    166    4600.0      12.8      17.1      1.48      2.00      1.10  -9999.00
     1   2005    167   10200.0       7.6      17.0      1.04      2.00      0.00  -9999.00
     1   2005    168   20800.0      10.4      19.2      1.26      2.00      0.00  -9999.00
     1   2005    169   29000.0       9.4      17.3      1.18      2.00      0.00  -9999.00
     1   2005    170   24000.0      12.9      14.9      1.49      2.00      0.80  -9999.00
     1   2005    171   13100.0      11.8      23.0      1.38      2.00      3.70  -9999.00
     1   2005    172   21000.0      16.5      24.3      1.88      2.00      1.70  -9999.00
     1   2005    173   15800.0      12.0      18.7      1.40      2.00      1.30  -9999.00
     1   2005    174   16100.0      10.6      17.5      1.28      2.00      9.80  -9999.00
     1   2005    175   16900.0       9.4      18.1      1.18      2.00      2.10  -9999.00
     1   2005    176   12100.0      10.1      21.3      1.24      2.00      0.50  -9999.00
     1   2005    177   15300.0      10.9      20.9      1.30      2.00      6.30  -9999.00
     1   2005    178   16900.0       8.9      22.5      1.14      2.00      0.40  -9999.00
     1   2005    179   21000.0      11.7      17.7      1.37      2.00      0.30  -9999.00
     1   2005    180    8500.0      13.9      21.5      1.59      2.00      0.00  -9999.00
     1   2005    181   29600.0      10.3      20.2      1.25      2.00      0.00  -9999.00
     1   2005    182   22200.0      13.3      15.6      1.53      2.00      4.20  -9999.00
     1   2005    183   11800.0      12.6      21.9      1.46      2.00      0.80  -9999.00
     1   2005    184   28500.0      11.0      23.4      1.31      2.00      0.00  -9999.00
     1   2005    185   18900.0      11.5      23.7      1.36      2.00      0.00  -9999.00
     1   2005    186   14500.0       8.6      19.1      1.12      2.00      2.10  -9999.00
     1   2005    187   22700.0       9.4      16.6      1.18      2.00      5.20  -9999.00
     1   2005    188    7700.0      12.2      17.9      1.42      2.00     12.10  -9999.00
     1   2005    189    4900.0      12.7      24.2      1.47      2.00      2.00  -9999.00
     1   2005    190   24400.0      12.8      22.0      1.48      2.00      0.60  -9999.00
     1   2005    191   20900.0      12.0      18.9      1.40      2.00      0.90  -9999.00
     1   2005    192    4600.0      13.4      19.0      1.54      2.00      1.20  -9999.00
     1   2005    193    4700.0      12.2      19.8      1.42      2.00      0.10  -9999.00
     1   2005    194   17200.0      12.4      26.8      1.44      2.00      0.00  -9999.00
     1   2005    195   26300.0      12.7      22.7      1.47      2.00      0.00  -9999.00
     1   2005    196   11100.0      12.7      24.1      1.47      2.00      0.00  -9999.00
     1   2005    197   21500.0      16.2      26.2      1.84      2.00      0.00  -9999.00
     1   2005    198   19400.0      15.1      30.3      1.72      2.00      0.00  -9999.00
     1   2005    199   23100.0      13.2      22.2      1.52      2.00      0.00  -9999.00
     1   2005    200   24800.0      11.0      20.0      1.31      2.00     85.70  -9999.00
     1   2005    201   17200.0      12.2      23.2      1.42      2.00      0.00  -9999.00
     1   2005    202    5400.0      17.3      19.5      1.97      2.00      5.60  -9999.00
     1   2005    203   14900.0      13.3      19.8      1.53      2.00      0.30  -9999.00
     1   2005    204   17600.0      10.9      21.7      1.30      2.00      3.80  -9999.00
     1   2005    205   22000.0      13.7      23.9      1.57      2.00      0.00  -9999.00
     1   2005    206   12700.0      14.3      22.6      1.63      2.00      0.00  -9999.00
     1   2005    207   18500.0      11.9      20.0      1.39      2.00      0.40  -9999.00
     1   2005    208   23600.0      13.6      24.4      1.56      2.00      0.00  -9999.00
     1   2005    209   22000.0      13.4      21.3      1.54      2.00      0.70  -9999.00
     1   2005    210   19100.0      12.5      22.5      1.45      2.00      1.40  -9999.00
     1   2005    211   24800.0      11.9      20.9      1.39      2.00      0.00  -9999.00
     1   2005    212    4200.0      12.7      18.1      1.47      2.00      0.10  -9999.00
     1   2005    213   12300.0       7.9      19.7      1.07      2.00      0.90  -9999.00
     1   2005    214   19700.0      12.9      17.6      1.49      2.00      0.60  -9999.00
     1   2005    215   14100.0      12.9      20.5      1.49      2.00      3.40  -9999.00
     1   2005    216   24400.0      11.5      24.8      1.36      2.00      0.00  -9999.00
     1   2005    217   19000.0       8.6      19.4      1.12      2.00      0.60  -9999.00
     1   2005    218   17500.0      12.5      19.3      1.45      2.00      2.70  -9999.00
     1   2005    219   11200.0      11.3      17.8      1.34      2.00      1.90  -9999.00
     1   2005    220   17700.0      11.7      20.4      1.37      2.00      7.80  -9999.00
     1   2005    221   16300.0       9.7      21.1      1.20      2.00      0.00  -9999.00
     1   2005    222   17000.0      10.2      21.3      1.24      2.00      3.30  -9999.00
     1   2005    223   15500.0      11.3      21.2      1.34      2.00      3.70  -9999.00
     1   2005    224   19300.0      15.1      21.6      1.72      2.00      0.00  -9999.00
     1   2005    225   21700.0      10.7      21.1      1.29      2.00      3.70  -9999.00
     1   2005    226   20500.0      14.2      24.0      1.62      2.00      0.00  -9999.00
     1   2005    227   12000.0      14.3      22.3      1.63      2.00      0.00  -9999.00
     1   2005    228   14900.0       9.9      22.4      1.22      2.00      6.60  -9999.00
     1   2005    229   11400.0      11.5      19.2      1.36      2.00      0.30  -9999.00
     1   2005    230    9200.0       9.6      19.4      1.20      2.00      0.30  -9999.00
     1   2005    231   20000.0       9.6      22.2      1.20      2.00      0.00  -9999.00
     1   2005    232    6600.0      12.9      25.4      1.49      2.00      0.00  -9999.00
     1   2005    233   20800.0      13.9      22.5      1.59      2.00      0.00  -9999.00
     1   2005    234   15600.0       9.5      19.3      1.19      2.00      0.60  -9999.00
     1   2005    235    4300.0      14.4      21.9      1.64      2.00      6.50  -9999.00
     1   2005    236   22400.0      12.6      26.6      1.46      2.00      0.00  -9999.00
     1   2005    237   23100.0      13.1      20.7      1.51      2.00      0.00  -9999.00
     1   2005    238   21700.0      16.7      22.8      1.90      2.00      0.00  -9999.00
     1   2005    239   21400.0      14.7      23.5      1.67      2.00      0.00  -9999.00
     1   2005    240    7200.0      12.7      19.0      1.47      2.00      2.60  -9999.00
     1   2005    241   14200.0      15.0      20.1      1.70      2.00      6.30  -9999.00
     1   2005    242   13600.0      14.0      21.5      1.60      2.00      0.20  -9999.00
     1   2005    243   18800.0       6.0      17.6      0.93      2.00      2.10  -9999.00
     1   2005    244   12200.0      11.3      18.2      1.34      2.00      0.10  -9999.00
     1   2005    245    7800.0       6.0      15.7      0.93      2.00      0.10  -9999.00
     1   2005    246   12300.0      11.7      13.1      1.37      2.00      1.00  -9999.00
     1   2005    247    7100.0       8.2      16.1      1.09      2.00      3.70  -9999.00
     1   2005    248   13800.0       8.0      16.4      1.07      2.00      0.10  -9999.00
     1   2005    249   11400.0      10.8      21.7      1.29      2.00      0.00  -9999.00
     1   2005    250    5000.0       5.4      22.9      0.90      2.00      0.00  -9999.00
     1   2005    251    9000.0      10.5      18.2      1.27      2.00      0.10  -9999.00
     1   2005    252    6300.0      11.2      19.7      1.33      2.00      4.30  -9999.00
     1   2005    253   11300.0      11.5      21.5      1.36      2.00      0.00  -9999.00
     1   2005    254    5000.0      11.7      21.0      1.37      2.00      0.00  -9999.00
     1   2005    255   18400.0      10.7      18.8      1.29      2.00      0.00  -9999.00
     1   2005    256   15600.0      13.4      16.3      1.54      2.00      0.00  -9999.00
     1   2005    257   14500.0       7.4      18.4      1.03      2.00      8.50  -9999.00
     1   2005    258    5000.0       9.3      16.0      1.17      2.00      4.10  -9999.00
     1   2005    259    4700.0      10.7      15.0      1.29      2.00      0.10  -9999.00
     1   2005    260   11500.0       5.5      18.6      0.90      2.00      0.00  -9999.00
     1   2005    261    2800.0       7.5      19.9      1.04      2.00      0.00  -9999.00
     1   2005    262   11800.0       7.4      18.4      1.03      2.00      0.00  -9999.00
     1   2005    263    3600.0      14.1      18.7      1.61      2.00      0.00  -9999.00
     1   2005    264    9200.0      14.0      16.5      1.60      2.00      0.10  -9999.00
     1   2005    265    5300.0      12.8      18.6      1.48      2.00      0.00  -9999.00
     1   2005    266    5400.0      13.0      18.2      1.50      2.00      1.50  -9999.00
     1   2005    267    7900.0      12.5      20.6      1.45      2.00      7.10  -9999.00
     1   2005    268    8000.0      11.4      22.9      1.35      2.00      8.70  -9999.00
     1   2005    269    2400.0       6.6      16.4      0.97      2.00      0.10  -9999.00
     1   2005    270   14000.0       9.9      17.9      1.22      2.00      0.00  -9999.00
     1   2005    271    4600.0      12.5      16.8      1.45      2.00      8.90  -9999.00
     1   2005    272    5300.0      12.3      17.3      1.43      2.00      0.10  -9999.00
     1   2005    273    7300.0      10.8      17.5      1.29      2.00      0.00  -9999.00
     1   2005    274    9500.0       8.4      21.1      1.10      2.00      0.00  -9999.00
     1   2005    275    6900.0      10.3      18.5      1.25      2.00      0.00  -9999.00
     1   2005    276    4900.0      13.4      21.3      1.54      2.00      0.00  -9999.00
     1   2005    277    1800.0       9.3      19.7      1.17      2.00      0.00  -9999.00
     1   2005    278    2300.0      10.7      19.5      1.29      2.00      3.80  -9999.00
     1   2005    279   10800.0       3.5      12.1      0.78      2.00      0.00  -9999.00
     1   2005    280   10700.0       7.0      13.3      1.00      2.00      0.00  -9999.00
     1   2005    281   13400.0      10.6      16.2      1.28      2.00      0.00  -9999.00
     1   2005    282    3100.0       9.9      17.1      1.22      2.00      4.40  -9999.00
     1   2005    283    3900.0       7.0      14.3      1.00      2.00      2.10  -9999.00
     1   2005    284    8000.0      -0.7      14.5      0.58      2.00      0.00  -9999.00
     1   2005    285    1600.0      10.1      18.7      1.24      2.00      2.30  -9999.00
     1   2005    286    4700.0       6.4      15.5      0.96      2.00      0.00  -9999.00
     1   2005    287    5900.0       8.7      14.4      1.12      2.00      0.00  -9999.00
     1   2005    288    5100.0       4.9      16.2      0.87      2.00      0.00  -9999.00
     1   2005    289   10600.0       6.9      14.1      0.99      2.00      0.00  -9999.00
     1   2005    290    1700.0      11.1      15.0      1.32      2.00      0.60  -9999.00
     1   2005    291    8100.0       9.1      15.4      1.16      2.00     13.50  -9999.00
     1   2005    292    6500.0       7.1      14.2      1.01      2.00      0.30  -9999.00
     1   2005    293    9900.0       9.4      13.3      1.18      2.00      0.40  -9999.00
     1   2005    294   10200.0       7.1      14.0      1.01      2.00      0.00  -9999.00
     1   2005    295    8100.0       2.7      12.5      0.74      2.00      0.00  -9999.00
     1   2005    296    1900.0       6.1      12.8      0.94      2.00      2.90  -9999.00
     1   2005    297    1300.0       6.3      12.2      0.95      2.00      2.50  -9999.00
     1   2005    298    1500.0       2.0      12.1      0.71      2.00      0.10  -9999.00
     1   2005    299    7500.0       5.2      11.1      0.88      2.00      1.00  -9999.00
     1   2005    300    1400.0       4.5      11.2      0.84      2.00     19.30  -9999.00
     1   2005    301    1400.0       3.3      12.4      0.77      2.00      2.10  -9999.00
     1   2005    302    7400.0       6.3      11.2      0.95      2.00      0.30  -9999.00
     1   2005    303    1500.0       8.8      12.4      1.13      2.00     15.80  -9999.00
     1   2005    304    5600.0       7.0      11.9      1.00      2.00      3.20  -9999.00
     1   2005    305    2900.0       5.8      11.6      0.92      2.00      0.00  -9999.00
     1   2005    306    2100.0       3.9      13.9      0.81      2.00     14.70  -9999.00
     1   2005    307    2200.0       8.5      13.6      1.11      2.00     28.40  -9999.00
     1   2005    308    8100.0       4.4       9.8      0.84      2.00      0.00  -9999.00
     1   2005    309    5200.0       5.7      10.6      0.92      2.00      0.00  -9999.00
     1   2005    310    7600.0       4.1      13.2      0.82      2.00      0.00  -9999.00
     1   2005    311    7400.0       6.6       8.9      0.97      2.00      0.00  -9999.00
     1   2005    312    5600.0       7.8      10.3      1.06      2.00      0.00  -9999.00
     1   2005    313    1600.0       4.4       8.8      0.84      2.00      5.40  -9999.00
     1   2005    314    6700.0       7.9       8.7      1.07      2.00      0.70  -9999.00
     1   2005    315    5800.0       3.8       8.2      0.80      2.00      0.00  -9999.00
     1   2005    316    1100.0       4.3      11.0      0.83      2.00      0.50  -9999.00
     1   2005    317     900.0      10.6      15.0      1.28      2.00     12.10  -9999.00
     1   2005    318    1600.0       6.8      15.7      0.99      2.00      0.10  -9999.00
     1   2005    319    5600.0       0.9       5.1      0.65      2.00      0.00  -9999.00
     1   2005    320    2200.0       4.4       9.2      0.84      2.00      4.00  -9999.00
     1   2005    321    1200.0       2.3       8.6      0.72      2.00      0.00  -9999.00
     1   2005    322    1200.0       2.3      11.4      0.72      2.00      0.20  -9999.00
     1   2005    323     800.0       4.5      11.0      0.84      2.00      2.40  -9999.00
     1   2005    324     800.0       6.7      11.1      0.98      2.00      6.40  -9999.00
     1   2005    325    4700.0       1.7       8.4      0.69      2.00      0.00  -9999.00
     1   2005    326    1600.0       2.4       7.2      0.73      2.00      0.00  -9999.00
     1   2005    327     900.0       3.8      11.1      0.80      2.00      0.00  -9999.00
     1   2005    328     800.0       7.2      12.0      1.02      2.00      0.30  -9999.00
     1   2005    329     800.0       6.1      12.6      0.94      2.00      0.10  -9999.00
     1   2005    330    4200.0       6.6       9.7      0.97      2.00      0.00  -9999.00
     1   2005    331    5200.0      -1.5       4.9      0.55      2.00      0.00  -9999.00
     1   2005    332    5300.0       0.6       5.9      0.64      2.00      0.00  -9999.00
     1   2005    333    4900.0       1.8       6.3      0.70      2.00      0.00  -9999.00
     1   2005    334    4200.0       0.2       7.9      0.62      2.00      0.00  -9999.00
     1   2005    335     700.0       0.7       4.2      0.64      2.00      0.00  -9999.00
     1   2005    336    4100.0       1.0       7.5      0.66      2.00      0.90  -9999.00
     1   2005    337    4700.0       8.0      10.0      1.07      2.00      0.00  -9999.00
     1   2005    338    3600.0       6.1      10.4      0.94      2.00      0.00  -9999.00
     1   2005    339     600.0       1.5       8.0      0.68      2.00      0.00  -9999.00
     1   2005    340    3000.0       0.9      12.5      0.65      2.00      0.70  -9999.00
     1   2005    341     700.0       4.1       9.3      0.82      2.00      0.30  -9999.00
     1   2005    342     700.0       6.1       7.6      0.94      2.00      2.60  -9999.00
     1   2005    343    1300.0      -2.3       3.9      0.52      2.00      0.50  -9999.00
     1   2005    344     900.0      -4.3       6.5      0.44      2.00      0.10  -9999.00
     1   2005    345     700.0      -2.4       5.2      0.51      2.00      0.90  -9999.00
     1   2005    346    1800.0       0.9       6.5      0.65      2.00      0.40  -9999.00
     1   2005    347    4100.0       2.4       8.6      0.73      2.00      0.00  -9999.00
     1   2005    348     700.0       7.2      10.2      1.02      2.00      1.70  -9999.00
     1   2005    349     700.0       0.9       4.2      0.65      2.00      1.00  -9999.00
     1   2005    350     600.0      -3.3      -0.4      0.48      2.00      0.00  -9999.00
     1   2005    351    4100.0       0.6       6.2      0.64      2.00      0.00  -9999.00
     1   2005    352     900.0       1.6       7.9      0.69      2.00      0.00  -9999.00
     1   2005    353    4200.0       1.4       7.0      0.68      2.00      0.40  -9999.00
     1   2005    354    3800.0      -2.1       6.8      0.52      2.00      0.00  -9999.00
     1   2005    355     600.0       1.2       7.5      0.67      2.00      0.00  -9999.00
     1   2005    356     800.0       4.3      10.1      0.83      2.00      2.60  -9999.00
     1   2005    357     700.0       3.6       6.8      0.79      2.00      3.80  -9999.00
     1   2005    358    4300.0       2.6       4.1      0.74      2.00      1.70  -9999.00
     1   2005    359     700.0       0.1       6.0      0.62      2.00      5.40  -9999.00
     1   2005    360    4100.0       0.0       2.7      0.61      2.00      0.00  -9999.00
     1   2005    361     700.0       1.9       8.0      0.70      2.00      0.20  -9999.00
     1   2005    362     700.0      -0.6      10.1      0.58      2.00      2.10  -9999.00
     1   2005    363     700.0       0.5       4.8      0.63      2.00      1.20  -9999.00
     1   2005    364     600.0      -4.0       2.6      0.45      2.00      0.00  -9999.00
     1   2005    365     700.0       0.9       7.3      0.65      2.00      0.00  -9999.00
