*-----------------------------------------------------------------------------* 
           WHWG_298.met           52.12    0.96   89.00
* Date created:  08-Aug-2019     Author: K Coleman 
* 
* NIL VALUE       -9999 
* Source:   data provided by M. Semenov 
*  
* Latitude:    52.12 Longitude:     0.96 Altitude:    89.00
* 
* Column  Daily value 
* 1       station number 
* 2       year 
* 3       day 
* 4       irradiation                   (kJ m-2 d-1) 
* 5       minimum temperature           (degrees Celsius) 
* 6       maximum temperature           (degrees Celsius) 
* 7       early morning vapour pressure (kPa)             
* 8       mean wind speed (height: 2 m?) (m s-1)          
* 9       precipitation                 (mm d-1)          
* 10      sunshine                      (hrs)             
 		Jday	RAD	    TMIN	TMAX	 VAP	wind	RAIN	SUN  
               kj/m2	°C	    °C	     kPa	m/s	    mm	    hrs 
   52.12  89.00
     1   2005      1    3300.0       5.6      11.7      0.91      2.00      2.50  -9999.00
     1   2005      2     700.0       0.9       6.8      0.65      2.00      2.90  -9999.00
     1   2005      3    2700.0      -0.2       5.1      0.60      2.00      0.00  -9999.00
     1   2005      4     700.0       3.0       6.4      0.76      2.00      3.10  -9999.00
     1   2005      5    2000.0       5.6       7.0      0.91      2.00      1.30  -9999.00
     1   2005      6    3100.0       1.2       5.9      0.67      2.00      1.30  -9999.00
     1   2005      7     700.0       3.6       7.2      0.79      2.00      3.00  -9999.00
     1   2005      8    1000.0       2.3       8.5      0.72      2.00     13.00  -9999.00
     1   2005      9    2700.0      -1.6       8.3      0.54      2.00      1.60  -9999.00
     1   2005     10    1100.0       2.8       7.0      0.75      2.00      0.10  -9999.00
     1   2005     11    2300.0       0.1       7.1      0.62      2.00      0.00  -9999.00
     1   2005     12     800.0       2.7       6.5      0.74      2.00      0.00  -9999.00
     1   2005     13     700.0       3.2       9.0      0.77      2.00      0.00  -9999.00
     1   2005     14    4400.0       1.0       2.8      0.66      2.00      0.00  -9999.00
     1   2005     15    1400.0      -0.8       3.8      0.58      2.00      0.00  -9999.00
     1   2005     16    4400.0       2.3       7.4      0.72      2.00      0.00  -9999.00
     1   2005     17    2400.0      -0.1       5.7      0.61      2.00      0.00  -9999.00
     1   2005     18     900.0       2.6       8.0      0.74      2.00      0.10  -9999.00
     1   2005     19     900.0       4.1       8.9      0.82      2.00      0.40  -9999.00
     1   2005     20    3000.0       1.9       7.9      0.70      2.00      0.00  -9999.00
     1   2005     21    5500.0      -1.0       7.5      0.57      2.00      0.00  -9999.00
     1   2005     22    1400.0       2.1       6.4      0.71      2.00      0.50  -9999.00
     1   2005     23    2800.0       0.0       6.4      0.61      2.00      5.90  -9999.00
     1   2005     24    4700.0       1.0       8.6      0.66      2.00      0.10  -9999.00
     1   2005     25    5200.0       3.1       7.4      0.76      2.00      0.00  -9999.00
     1   2005     26     900.0       5.0      11.7      0.87      2.00      0.10  -9999.00
     1   2005     27    4300.0       2.6      12.3      0.74      2.00      1.00  -9999.00
     1   2005     28    2400.0       4.8       9.8      0.86      2.00      0.10  -9999.00
     1   2005     29    4100.0       5.7       8.7      0.92      2.00      2.10  -9999.00
     1   2005     30    5700.0      -1.5       1.7      0.55      2.00      0.90  -9999.00
     1   2005     31    5100.0       1.4       3.0      0.68      2.00      0.00  -9999.00
     1   2005     32    1100.0      -1.0       4.8      0.57      2.00      0.00  -9999.00
     1   2005     33    1400.0      -0.1       4.9      0.61      2.00      0.00  -9999.00
     1   2005     34    1000.0      -1.1       6.9      0.56      2.00      0.00  -9999.00
     1   2005     35    7000.0       1.3       6.9      0.67      2.00      0.00  -9999.00
     1   2005     36    7700.0      -2.1       4.8      0.52      2.00      0.00  -9999.00
     1   2005     37    7600.0      -1.5       6.2      0.55      2.00      0.00  -9999.00
     1   2005     38    7900.0      -5.5       2.2      0.41      2.00      0.00  -9999.00
     1   2005     39    1200.0      -5.5       2.4      0.41      2.00      0.00  -9999.00
     1   2005     40    1000.0       1.1       7.6      0.66      2.00      7.90  -9999.00
     1   2005     41    4200.0       0.4       8.6      0.63      2.00      0.00  -9999.00
     1   2005     42    7400.0       0.7       6.0      0.64      2.00      0.00  -9999.00
     1   2005     43    3200.0       0.3       7.9      0.62      2.00      1.20  -9999.00
     1   2005     44    1200.0       5.2       9.7      0.88      2.00      0.10  -9999.00
     1   2005     45    4400.0       4.6      12.8      0.85      2.00      0.10  -9999.00
     1   2005     46    4900.0       1.0       7.5      0.66      2.00      4.30  -9999.00
     1   2005     47    1300.0       0.5       9.5      0.63      2.00      0.40  -9999.00
     1   2005     48    1600.0      -1.0       3.4      0.57      2.00      1.40  -9999.00
     1   2005     49    7500.0       1.5       3.6      0.68      2.00      0.30  -9999.00
     1   2005     50    9500.0      -2.0       0.5      0.53      2.00      0.10  -9999.00
     1   2005     51    7500.0      -7.1       3.6      0.36      2.00      0.30  -9999.00
     1   2005     52    1400.0      -3.5       4.5      0.47      2.00      0.50  -9999.00
     1   2005     53    6700.0      -0.9       3.0      0.57      2.00      0.00  -9999.00
     1   2005     54    2000.0       2.9       9.5      0.75      2.00      7.20  -9999.00
     1   2005     55    3100.0       0.8       8.2      0.65      2.00      1.90  -9999.00
     1   2005     56    1900.0       0.6       8.8      0.64      2.00      0.20  -9999.00
     1   2005     57   10700.0       0.2       7.1      0.62      2.00      1.20  -9999.00
     1   2005     58    8000.0       4.3      10.8      0.83      2.00      0.60  -9999.00
     1   2005     59    1600.0       4.0       9.8      0.81      2.00      0.00  -9999.00
     1   2005     60    1600.0       3.3       7.8      0.77      2.00      1.00  -9999.00
     1   2005     61   10000.0       5.4       5.6      0.90      2.00      0.00  -9999.00
     1   2005     62    2900.0      -0.9       7.2      0.57      2.00      0.00  -9999.00
     1   2005     63   10500.0      -0.3       2.7      0.60      2.00      0.00  -9999.00
     1   2005     64    1900.0       1.2       9.4      0.67      2.00      0.00  -9999.00
     1   2005     65    5300.0       3.8      11.7      0.80      2.00      0.10  -9999.00
     1   2005     66    5700.0       5.4      10.9      0.90      2.00      0.50  -9999.00
     1   2005     67    4900.0       9.5      11.9      1.19      2.00      0.00  -9999.00
     1   2005     68   11100.0       5.2      14.0      0.88      2.00      0.00  -9999.00
     1   2005     69   12600.0       5.0      11.1      0.87      2.00      0.00  -9999.00
     1   2005     70    2100.0       0.6       9.1      0.64      2.00      0.00  -9999.00
     1   2005     71    2100.0       3.6      12.0      0.79      2.00      0.00  -9999.00
     1   2005     72   11900.0      -1.9       4.1      0.53      2.00      0.00  -9999.00
     1   2005     73    4100.0       0.7       5.0      0.64      2.00      0.90  -9999.00
     1   2005     74   13800.0       5.7      12.0      0.92      2.00      0.00  -9999.00
     1   2005     75    3800.0       3.2      10.4      0.77      2.00      3.00  -9999.00
     1   2005     76    3200.0       0.9      10.5      0.65      2.00      7.00  -9999.00
     1   2005     77    7200.0       4.6      12.5      0.85      2.00      0.50  -9999.00
     1   2005     78    6000.0       1.3       8.0      0.67      2.00      0.20  -9999.00
     1   2005     79   14900.0       2.4       8.5      0.73      2.00      0.00  -9999.00
     1   2005     80   13200.0      -0.4       6.7      0.59      2.00      0.00  -9999.00
     1   2005     81    8200.0       0.3      11.1      0.62      2.00      0.00  -9999.00
     1   2005     82   13900.0       1.6      11.4      0.69      2.00      0.00  -9999.00
     1   2005     83   10300.0      -5.6      12.5      0.40      2.00      0.00  -9999.00
     1   2005     84   17000.0       0.1       9.3      0.62      2.00      1.70  -9999.00
     1   2005     85   13900.0      -3.5      12.9      0.47      2.00      0.00  -9999.00
     1   2005     86    3200.0       6.8      11.9      0.99      2.00      0.00  -9999.00
     1   2005     87   10700.0       4.9      12.8      0.87      2.00      0.00  -9999.00
     1   2005     88   10100.0       4.1      13.8      0.82      2.00      0.00  -9999.00
     1   2005     89   11800.0       0.5      12.6      0.63      2.00      0.50  -9999.00
     1   2005     90   12800.0       8.5      11.5      1.11      2.00      1.20  -9999.00
     1   2005     91    2700.0       3.7      14.0      0.80      2.00      0.40  -9999.00
     1   2005     92   16000.0       3.8      11.4      0.80      2.00      4.90  -9999.00
     1   2005     93   17300.0       2.1      15.8      0.71      2.00      0.00  -9999.00
     1   2005     94    8100.0       3.2      14.2      0.77      2.00      0.00  -9999.00
     1   2005     95   14000.0       6.3      11.8      0.95      2.00      0.20  -9999.00
     1   2005     96   15000.0       2.9      12.4      0.75      2.00      8.70  -9999.00
     1   2005     97    4600.0       0.0      10.5      0.61      2.00      0.10  -9999.00
     1   2005     98    5800.0       8.4      11.5      1.10      2.00      0.10  -9999.00
     1   2005     99   14300.0       5.3      10.7      0.89      2.00      0.00  -9999.00
     1   2005    100   20700.0       3.1      14.9      0.76      2.00      0.00  -9999.00
     1   2005    101   13800.0      -0.2      15.4      0.60      2.00      0.00  -9999.00
     1   2005    102   20900.0       6.7      14.6      0.98      2.00      0.00  -9999.00
     1   2005    103   18400.0       9.7      12.5      1.20      2.00      0.00  -9999.00
     1   2005    104   14400.0       2.9      15.0      0.75      2.00      0.00  -9999.00
     1   2005    105   21000.0       4.8      16.2      0.86      2.00      0.00  -9999.00
     1   2005    106   13100.0       4.6      11.6      0.85      2.00      0.00  -9999.00
     1   2005    107    7100.0       6.9       8.9      0.99      2.00      0.00  -9999.00
     1   2005    108   20500.0       7.4      17.3      1.03      2.00      0.00  -9999.00
     1   2005    109   20500.0       4.0      20.0      0.81      2.00      0.00  -9999.00
     1   2005    110   18600.0       3.7      14.9      0.80      2.00      0.00  -9999.00
     1   2005    111   21200.0       2.7      18.5      0.74      2.00      0.00  -9999.00
     1   2005    112   18500.0       5.5      13.8      0.90      2.00      0.00  -9999.00
     1   2005    113   15600.0       3.3      10.2      0.77      2.00      1.50  -9999.00
     1   2005    114    4600.0       9.2      17.5      1.16      2.00      0.00  -9999.00
     1   2005    115    8000.0      10.3      19.1      1.25      2.00      0.00  -9999.00
     1   2005    116    4000.0       8.3      18.2      1.09      2.00      0.00  -9999.00
     1   2005    117   22500.0       9.9      16.4      1.22      2.00      0.00  -9999.00
     1   2005    118    7500.0       6.4      16.3      0.96      2.00      0.00  -9999.00
     1   2005    119   22900.0       3.9      18.2      0.81      2.00      0.00  -9999.00
     1   2005    120   18100.0       7.1      13.8      1.01      2.00      0.00  -9999.00
     1   2005    121    3900.0       4.2      10.9      0.82      2.00      0.20  -9999.00
     1   2005    122   21500.0       6.4      13.8      0.96      2.00      0.00  -9999.00
     1   2005    123    5400.0       8.8      13.1      1.13      2.00      0.20  -9999.00
     1   2005    124   17400.0       6.2      14.9      0.95      2.00      6.10  -9999.00
     1   2005    125   20500.0       7.5      21.5      1.04      2.00      0.00  -9999.00
     1   2005    126   19100.0       6.3      15.2      0.95      2.00      0.50  -9999.00
     1   2005    127    4100.0       5.1      13.4      0.88      2.00      0.50  -9999.00
     1   2005    128   18100.0       4.0      14.6      0.81      2.00      8.20  -9999.00
     1   2005    129   13400.0       0.8      17.4      0.65      2.00      0.00  -9999.00
     1   2005    130   17000.0       6.8      15.3      0.99      2.00     17.00  -9999.00
     1   2005    131   21500.0       5.7      18.9      0.92      2.00      0.00  -9999.00
     1   2005    132   19600.0       8.9      16.0      1.14      2.00      0.60  -9999.00
     1   2005    133   25500.0      10.5      19.8      1.27      2.00      0.00  -9999.00
     1   2005    134    4200.0       6.8      12.4      0.99      2.00      1.20  -9999.00
     1   2005    135   17900.0       8.7      11.1      1.12      2.00      0.00  -9999.00
     1   2005    136    7300.0       6.5      13.2      0.97      2.00      0.40  -9999.00
     1   2005    137   23100.0       9.7      12.7      1.20      2.00      1.10  -9999.00
     1   2005    138   20600.0       6.0      11.9      0.93      2.00     10.30  -9999.00
     1   2005    139   11000.0       8.7      11.1      1.12      2.00      0.30  -9999.00
     1   2005    140   16200.0       8.8      20.9      1.13      2.00      0.00  -9999.00
     1   2005    141   18500.0       8.5      15.7      1.11      2.00      0.40  -9999.00
     1   2005    142    4400.0       7.3      15.6      1.02      2.00      3.30  -9999.00
     1   2005    143   14900.0       2.9      20.1      0.75      2.00      0.00  -9999.00
     1   2005    144   14200.0       9.1      16.4      1.16      2.00      4.10  -9999.00
     1   2005    145   28200.0       7.2      21.6      1.02      2.00      0.00  -9999.00
     1   2005    146   26900.0       9.6      20.2      1.20      2.00     21.90  -9999.00
     1   2005    147   26000.0       6.8      19.4      0.99      2.00      0.00  -9999.00
     1   2005    148   19300.0       8.3      20.7      1.09      2.00      0.00  -9999.00
     1   2005    149   23200.0      12.6      21.1      1.46      2.00      0.00  -9999.00
     1   2005    150    7700.0       9.4      21.2      1.18      2.00      0.00  -9999.00
     1   2005    151   28000.0      11.1      20.2      1.32      2.00      0.00  -9999.00
     1   2005    152    4800.0       4.4      18.7      0.84      2.00      0.00  -9999.00
     1   2005    153   14400.0       9.3      20.6      1.17      2.00      0.00  -9999.00
     1   2005    154   25900.0      12.8      19.5      1.48      2.00      0.00  -9999.00
     1   2005    155   15300.0       9.4      14.9      1.18      2.00      1.10  -9999.00
     1   2005    156   17100.0      10.6      15.6      1.28      2.00      4.20  -9999.00
     1   2005    157   29500.0       8.7      15.0      1.12      2.00      0.00  -9999.00
     1   2005    158   29000.0      11.3      21.7      1.34      2.00      0.00  -9999.00
     1   2005    159    8300.0       8.1      16.5      1.08      2.00      6.10  -9999.00
     1   2005    160    5600.0       9.3      18.4      1.17      2.00      8.30  -9999.00
     1   2005    161   23600.0      11.5      16.9      1.36      2.00      1.70  -9999.00
     1   2005    162   15400.0      13.5      18.2      1.55      2.00     16.50  -9999.00
     1   2005    163   11300.0      13.2      18.6      1.52      2.00      0.30  -9999.00
     1   2005    164   19600.0       9.9      16.1      1.22      2.00     12.10  -9999.00
     1   2005    165   22900.0       7.4      19.4      1.03      2.00      0.00  -9999.00
     1   2005    166   26800.0      14.9      20.6      1.69      2.00      0.00  -9999.00
     1   2005    167   22800.0      12.3      23.4      1.43      2.00      0.00  -9999.00
     1   2005    168   26200.0      10.8      18.1      1.29      2.00      0.00  -9999.00
     1   2005    169   29700.0      12.1      19.0      1.41      2.00      0.00  -9999.00
     1   2005    170   20200.0      11.5      19.9      1.36      2.00      0.00  -9999.00
     1   2005    171   25800.0      13.8      23.4      1.58      2.00      0.00  -9999.00
     1   2005    172   11200.0       5.8      17.8      0.92      2.00      0.00  -9999.00
     1   2005    173    8300.0       5.0      17.6      0.87      2.00      0.00  -9999.00
     1   2005    174   21000.0      11.6      23.7      1.37      2.00      0.00  -9999.00
     1   2005    175   21000.0       9.5      23.3      1.19      2.00      0.00  -9999.00
     1   2005    176   25200.0      13.5      24.4      1.55      2.00      0.00  -9999.00
     1   2005    177   28200.0       9.6      23.2      1.20      2.00      0.00  -9999.00
     1   2005    178   18900.0       4.9      16.4      0.87      2.00      0.00  -9999.00
     1   2005    179   13200.0       7.6      20.0      1.04      2.00      0.00  -9999.00
     1   2005    180   15900.0      10.7      18.2      1.29      2.00      0.00  -9999.00
     1   2005    181   16600.0      10.3      18.6      1.25      2.00      0.00  -9999.00
     1   2005    182   20200.0      11.2      20.6      1.33      2.00     12.50  -9999.00
     1   2005    183   20700.0      10.8      18.3      1.29      2.00      0.50  -9999.00
     1   2005    184   29300.0      10.9      19.5      1.30      2.00      0.00  -9999.00
     1   2005    185   25600.0      14.3      14.8      1.63      2.00      0.00  -9999.00
     1   2005    186   20600.0      12.1      22.7      1.41      2.00      0.00  -9999.00
     1   2005    187   28100.0       9.6      23.7      1.20      2.00      0.00  -9999.00
     1   2005    188    7600.0      11.6      22.5      1.37      2.00      0.00  -9999.00
     1   2005    189   25300.0       4.9      25.8      0.87      2.00      0.00  -9999.00
     1   2005    190   20500.0      12.4      25.6      1.44      2.00      0.00  -9999.00
     1   2005    191   27900.0      15.3      27.6      1.74      2.00      0.00  -9999.00
     1   2005    192    4300.0       7.8      17.2      1.06      2.00      0.20  -9999.00
     1   2005    193   26200.0       8.9      22.2      1.14      2.00      0.00  -9999.00
     1   2005    194   22100.0      17.4      25.3      1.99      2.00      0.00  -9999.00
     1   2005    195   15000.0      17.3      28.6      1.97      2.00      0.00  -9999.00
     1   2005    196   27000.0       9.2      16.3      1.16      2.00      0.00  -9999.00
     1   2005    197    8700.0      10.7      17.2      1.29      2.00      0.10  -9999.00
     1   2005    198   18300.0      10.8      16.9      1.29      2.00      7.10  -9999.00
     1   2005    199   15900.0      13.1      18.3      1.51      2.00      0.50  -9999.00
     1   2005    200    6700.0      12.6      21.5      1.46      2.00      0.00  -9999.00
     1   2005    201   17200.0       9.0      23.6      1.15      2.00      0.00  -9999.00
     1   2005    202   20600.0      11.3      19.0      1.34      2.00      2.10  -9999.00
     1   2005    203   17600.0       9.1      19.7      1.16      2.00      7.30  -9999.00
     1   2005    204   23800.0      12.0      19.3      1.40      2.00      0.70  -9999.00
     1   2005    205   12900.0      14.0      24.2      1.60      2.00      0.00  -9999.00
     1   2005    206   16400.0      12.8      23.8      1.48      2.00      0.00  -9999.00
     1   2005    207    5000.0      14.9      20.1      1.69      2.00      9.40  -9999.00
     1   2005    208   24100.0      12.5      21.2      1.45      2.00      0.20  -9999.00
     1   2005    209    6100.0      16.6      21.4      1.89      2.00     13.90  -9999.00
     1   2005    210   23300.0      16.1      23.7      1.83      2.00      0.60  -9999.00
     1   2005    211    4500.0      12.9      21.9      1.49      2.00      3.10  -9999.00
     1   2005    212   18400.0      12.5      23.3      1.45      2.00      0.00  -9999.00
     1   2005    213   24000.0       6.8      19.6      0.99      2.00      0.50  -9999.00
     1   2005    214   13000.0      10.3      21.7      1.25      2.00      0.00  -9999.00
     1   2005    215    7000.0      10.5      19.5      1.27      2.00      0.40  -9999.00
     1   2005    216   18700.0       9.9      16.5      1.22      2.00      2.00  -9999.00
     1   2005    217   23800.0      10.1      20.7      1.24      2.00      0.00  -9999.00
     1   2005    218   21500.0      11.5      19.1      1.36      2.00      0.60  -9999.00
     1   2005    219    8200.0       9.2      16.2      1.16      2.00      4.40  -9999.00
     1   2005    220   22900.0      12.3      18.6      1.43      2.00      4.20  -9999.00
     1   2005    221    5900.0       8.5      20.4      1.11      2.00      0.40  -9999.00
     1   2005    222   16800.0      14.0      24.8      1.60      2.00      1.60  -9999.00
     1   2005    223   14600.0      15.5      22.7      1.76      2.00      3.80  -9999.00
     1   2005    224   21800.0      13.5      24.0      1.55      2.00      0.00  -9999.00
     1   2005    225    3500.0      17.6      21.0      2.01      2.00      2.10  -9999.00
     1   2005    226    4400.0       9.5      19.5      1.19      2.00      2.30  -9999.00
     1   2005    227    7400.0       9.9      21.5      1.22      2.00      1.00  -9999.00
     1   2005    228   20900.0       9.7      22.4      1.20      2.00      0.00  -9999.00
     1   2005    229   15200.0       9.4      20.6      1.18      2.00     11.20  -9999.00
     1   2005    230   15200.0      13.7      26.4      1.57      2.00      0.00  -9999.00
     1   2005    231    5100.0      11.6      20.7      1.37      2.00      0.90  -9999.00
     1   2005    232   21900.0      14.2      23.2      1.62      2.00      0.00  -9999.00
     1   2005    233   19500.0      17.4      27.0      1.99      2.00      0.00  -9999.00
     1   2005    234   18700.0      10.8      19.4      1.29      2.00      4.40  -9999.00
     1   2005    235    4700.0       8.5      18.6      1.11      2.00      2.00  -9999.00
     1   2005    236   16900.0      10.3      21.0      1.25      2.00      8.20  -9999.00
     1   2005    237   16100.0      11.6      21.5      1.37      2.00      6.70  -9999.00
     1   2005    238   21900.0      12.1      21.7      1.41      2.00      0.00  -9999.00
     1   2005    239   14800.0       8.2      22.1      1.09      2.00      0.00  -9999.00
     1   2005    240   22600.0      11.5      19.4      1.36      2.00      0.00  -9999.00
     1   2005    241   12200.0      10.8      19.1      1.29      2.00      0.00  -9999.00
     1   2005    242   20300.0      12.0      21.7      1.40      2.00      0.00  -9999.00
     1   2005    243   19300.0      13.1      23.3      1.51      2.00      0.00  -9999.00
     1   2005    244   11700.0      10.1      23.0      1.24      2.00      0.00  -9999.00
     1   2005    245   17600.0      12.1      24.8      1.41      2.00      0.00  -9999.00
     1   2005    246   12100.0       8.4      21.3      1.10      2.00      0.00  -9999.00
     1   2005    247   17100.0       9.0      21.7      1.15      2.00      0.00  -9999.00
     1   2005    248   19300.0       7.5      14.6      1.04      2.00      0.00  -9999.00
     1   2005    249   17800.0       7.2      18.9      1.02      2.00      0.00  -9999.00
     1   2005    250   13800.0      13.3      20.2      1.53      2.00      0.00  -9999.00
     1   2005    251   17000.0       9.6      18.6      1.20      2.00      0.00  -9999.00
     1   2005    252   17400.0       9.2      19.5      1.16      2.00      0.00  -9999.00
     1   2005    253    7100.0       7.2      17.7      1.02      2.00      0.00  -9999.00
     1   2005    254    7000.0      11.6      20.0      1.37      2.00      0.00  -9999.00
     1   2005    255    3500.0       9.8      22.2      1.21      2.00      0.00  -9999.00
     1   2005    256   10000.0      14.4      24.7      1.64      2.00      0.10  -9999.00
     1   2005    257    2700.0      15.2      23.9      1.73      2.00     14.90  -9999.00
     1   2005    258   15300.0      10.6      16.9      1.28      2.00      0.90  -9999.00
     1   2005    259    9400.0      10.0      17.1      1.23      2.00      0.00  -9999.00
     1   2005    260    7700.0       6.2      16.4      0.95      2.00      0.00  -9999.00
     1   2005    261   11900.0       9.8      15.7      1.21      2.00      0.60  -9999.00
     1   2005    262   14300.0      12.3      15.9      1.43      2.00      0.10  -9999.00
     1   2005    263    2500.0      12.5      14.9      1.45      2.00      0.00  -9999.00
     1   2005    264    4700.0       9.5      19.4      1.19      2.00      0.10  -9999.00
     1   2005    265    4100.0      13.8      18.5      1.58      2.00      0.20  -9999.00
     1   2005    266   13400.0       8.4      17.1      1.10      2.00      0.00  -9999.00
     1   2005    267    7200.0      11.3      15.7      1.34      2.00      0.00  -9999.00
     1   2005    268    8400.0       5.8      16.8      0.92      2.00      2.40  -9999.00
     1   2005    269    3000.0       6.7      15.3      0.98      2.00     10.30  -9999.00
     1   2005    270    2300.0      10.7      16.9      1.29      2.00      2.00  -9999.00
     1   2005    271   12700.0      10.9      17.8      1.30      2.00      0.00  -9999.00
     1   2005    272    3300.0      10.7      18.6      1.29      2.00      0.00  -9999.00
     1   2005    273   10800.0       7.1      15.7      1.01      2.00      0.00  -9999.00
     1   2005    274   13800.0       1.5      13.1      0.68      2.00      0.00  -9999.00
     1   2005    275    9500.0       5.9      12.4      0.93      2.00      0.00  -9999.00
     1   2005    276    2500.0       8.3      15.5      1.09      2.00      0.00  -9999.00
     1   2005    277   10000.0       5.2      13.9      0.88      2.00      0.00  -9999.00
     1   2005    278   12300.0       7.0      12.3      1.00      2.00      0.00  -9999.00
     1   2005    279   10900.0       7.1      13.1      1.01      2.00      0.00  -9999.00
     1   2005    280   11800.0       7.2      13.9      1.02      2.00      0.00  -9999.00
     1   2005    281   11500.0       4.4      15.4      0.84      2.00      0.00  -9999.00
     1   2005    282    7300.0       9.6      20.2      1.20      2.00      0.00  -9999.00
     1   2005    283   11200.0       9.0      18.5      1.15      2.00      0.00  -9999.00
     1   2005    284    1700.0       7.5      14.5      1.04      2.00      0.80  -9999.00
     1   2005    285    8000.0       3.9      14.4      0.81      2.00      5.60  -9999.00
     1   2005    286   11000.0       8.9      13.9      1.14      2.00      8.80  -9999.00
     1   2005    287    2600.0       9.9      15.0      1.22      2.00      1.70  -9999.00
     1   2005    288    1600.0       7.0      15.0      1.00      2.00      3.10  -9999.00
     1   2005    289    1800.0       5.3      13.6      0.89      2.00      6.00  -9999.00
     1   2005    290    1400.0       6.6      14.9      0.97      2.00      0.40  -9999.00
     1   2005    291    5500.0       8.6      14.8      1.12      2.00      2.00  -9999.00
     1   2005    292    8200.0       7.5      13.5      1.04      2.00      0.00  -9999.00
     1   2005    293    5400.0       8.3      15.5      1.09      2.00      0.50  -9999.00
     1   2005    294   10200.0       6.7      14.1      0.98      2.00      0.00  -9999.00
     1   2005    295    9900.0       7.6      17.5      1.04      2.00      0.00  -9999.00
     1   2005    296    8900.0       3.9      12.7      0.81      2.00      0.00  -9999.00
     1   2005    297    7700.0       5.4      14.0      0.90      2.00      2.90  -9999.00
     1   2005    298    3100.0       9.3      12.9      1.17      2.00      0.40  -9999.00
     1   2005    299    1300.0       7.4      13.5      1.03      2.00      2.60  -9999.00
     1   2005    300    7400.0       6.0      12.1      0.93      2.00      3.70  -9999.00
     1   2005    301    8200.0       7.5      12.6      1.04      2.00      0.00  -9999.00
     1   2005    302    4000.0       7.1      13.3      1.01      2.00      0.00  -9999.00
     1   2005    303    1200.0       8.5      15.2      1.11      2.00      2.90  -9999.00
     1   2005    304    3100.0       4.4      12.6      0.84      2.00      0.00  -9999.00
     1   2005    305    8100.0       2.5      17.1      0.73      2.00      0.00  -9999.00
     1   2005    306    4200.0       1.5      10.7      0.68      2.00      0.00  -9999.00
     1   2005    307    7100.0       3.2      13.1      0.77      2.00      0.40  -9999.00
     1   2005    308    1100.0       5.7      14.1      0.92      2.00      0.90  -9999.00
     1   2005    309    1000.0       4.9      14.0      0.87      2.00      3.00  -9999.00
     1   2005    310    5400.0       5.7      11.4      0.92      2.00      3.20  -9999.00
     1   2005    311    7300.0       4.9       9.0      0.87      2.00      0.00  -9999.00
     1   2005    312    7000.0       1.8       8.7      0.70      2.00      6.00  -9999.00
     1   2005    313    1500.0       0.3       8.7      0.62      2.00      0.10  -9999.00
     1   2005    314    1900.0      -1.2       8.9      0.56      2.00      0.00  -9999.00
     1   2005    315    5900.0       0.5       8.2      0.63      2.00      0.00  -9999.00
     1   2005    316    5800.0       0.3       7.6      0.62      2.00      0.00  -9999.00
     1   2005    317     900.0      -1.4       8.1      0.55      2.00      5.80  -9999.00
     1   2005    318     900.0       6.7      13.3      0.98      2.00      0.00  -9999.00
     1   2005    319    2400.0       8.3      13.0      1.09      2.00      4.90  -9999.00
     1   2005    320    3600.0       7.6      12.7      1.04      2.00      1.30  -9999.00
     1   2005    321     900.0       2.7      14.3      0.74      2.00      0.00  -9999.00
     1   2005    322    3600.0      -2.3       7.9      0.52      2.00      1.40  -9999.00
     1   2005    323    5100.0      -2.1       5.6      0.52      2.00      0.00  -9999.00
     1   2005    324    3400.0      -2.0       7.6      0.53      2.00      2.10  -9999.00
     1   2005    325    1100.0       0.3       2.3      0.62      2.00      1.00  -9999.00
     1   2005    326     800.0       7.0      10.4      1.00      2.00      0.10  -9999.00
     1   2005    327     800.0       4.2       8.9      0.82      2.00      0.30  -9999.00
     1   2005    328     800.0       7.9      10.8      1.07      2.00      0.00  -9999.00
     1   2005    329    3300.0       8.7      11.7      1.12      2.00      0.00  -9999.00
     1   2005    330    1100.0       3.5      11.0      0.78      2.00      2.10  -9999.00
     1   2005    331     800.0       4.7      12.8      0.85      2.00      1.70  -9999.00
     1   2005    332    1200.0      -2.7       7.0      0.50      2.00      0.00  -9999.00
     1   2005    333    1800.0       1.6      10.3      0.69      2.00      2.00  -9999.00
     1   2005    334    5200.0       2.6       7.6      0.74      2.00      0.00  -9999.00
     1   2005    335    1000.0       5.7       7.7      0.92      2.00      5.60  -9999.00
     1   2005    336     800.0       2.3       7.9      0.72      2.00      1.80  -9999.00
     1   2005    337    3000.0       5.1       7.7      0.88      2.00      0.50  -9999.00
     1   2005    338    1500.0      -0.6       5.9      0.58      2.00      2.40  -9999.00
     1   2005    339     700.0      -0.9       8.0      0.57      2.00      0.20  -9999.00
     1   2005    340    3700.0       0.9       6.0      0.65      2.00      0.00  -9999.00
     1   2005    341     700.0       2.1       7.5      0.71      2.00      0.00  -9999.00
     1   2005    342     700.0       1.6       4.9      0.69      2.00      2.30  -9999.00
     1   2005    343    1400.0       3.9       7.6      0.81      2.00      0.50  -9999.00
     1   2005    344    3500.0       1.9       5.1      0.70      2.00      0.50  -9999.00
     1   2005    345     700.0       0.6       4.5      0.64      2.00      3.80  -9999.00
     1   2005    346     700.0       3.0      11.2      0.76      2.00      0.30  -9999.00
     1   2005    347    4000.0       1.7      12.7      0.69      2.00      0.00  -9999.00
     1   2005    348    3300.0      -3.6       4.7      0.47      2.00      0.00  -9999.00
     1   2005    349    3400.0      -2.7       4.2      0.50      2.00     10.40  -9999.00
     1   2005    350     700.0       2.2       5.7      0.72      2.00      4.40  -9999.00
     1   2005    351     700.0       1.1       1.5      0.66      2.00      1.90  -9999.00
     1   2005    352    3700.0       1.2       4.7      0.67      2.00      0.00  -9999.00
     1   2005    353    3200.0       1.5       2.9      0.68      2.00      0.00  -9999.00
     1   2005    354     700.0       2.5       9.0      0.73      2.00      3.80  -9999.00
     1   2005    355    4200.0       0.1       8.5      0.62      2.00      0.90  -9999.00
     1   2005    356     700.0      -0.6       5.4      0.58      2.00      0.10  -9999.00
     1   2005    357     700.0      -3.8       6.6      0.46      2.00      2.80  -9999.00
     1   2005    358     900.0      -1.4       7.1      0.55      2.00      2.60  -9999.00
     1   2005    359    2900.0       1.5       5.6      0.68      2.00      0.40  -9999.00
     1   2005    360     700.0      -2.5       6.3      0.51      2.00      0.80  -9999.00
     1   2005    361    1800.0       0.2       8.3      0.62      2.00      4.70  -9999.00
     1   2005    362     700.0       8.3       9.3      1.09      2.00      0.40  -9999.00
     1   2005    363     700.0       5.1       7.2      0.88      2.00      2.80  -9999.00
     1   2005    364     700.0       2.2       8.3      0.72      2.00      1.60  -9999.00
     1   2005    365     700.0       1.1       5.9      0.66      2.00      0.40  -9999.00
