*-----------------------------------------------------------------------------* 
           WHWG_126.met           52.12    0.96   89.00
* Date created:  08-Aug-2019     Author: K Coleman 
* 
* NIL VALUE       -9999 
* Source:   data provided by M. Semenov 
*  
* Latitude:    52.12 Longitude:     0.96 Altitude:    89.00
* 
* Column  Daily value 
* 1       station number 
* 2       year 
* 3       day 
* 4       irradiation                   (kJ m-2 d-1) 
* 5       minimum temperature           (degrees Celsius) 
* 6       maximum temperature           (degrees Celsius) 
* 7       early morning vapour pressure (kPa)             
* 8       mean wind speed (height: 2 m?) (m s-1)          
* 9       precipitation                 (mm d-1)          
* 10      sunshine                      (hrs)             
 		Jday	RAD	    TMIN	TMAX	 VAP	wind	RAIN	SUN  
               kj/m2	°C	    °C	     kPa	m/s	    mm	    hrs 
   52.12  89.00
     1   2005      1    3600.0       3.7       6.9      0.80      2.00      1.90  -9999.00
     1   2005      2    2300.0       1.6       6.2      0.69      2.00      0.80  -9999.00
     1   2005      3    1100.0       1.1       8.1      0.66      2.00      0.10  -9999.00
     1   2005      4    4100.0       4.3      12.8      0.83      2.00      0.00  -9999.00
     1   2005      5    1500.0       6.9       9.7      0.99      2.00      0.50  -9999.00
     1   2005      6    4400.0       2.8      10.3      0.75      2.00      1.90  -9999.00
     1   2005      7    4800.0       1.2      11.2      0.67      2.00      0.00  -9999.00
     1   2005      8    5400.0       4.9       8.6      0.87      2.00      4.10  -9999.00
     1   2005      9     700.0       1.6       9.3      0.69      2.00      5.10  -9999.00
     1   2005     10    4000.0       1.5       7.6      0.68      2.00      0.00  -9999.00
     1   2005     11     700.0       2.3       5.9      0.72      2.00      0.00  -9999.00
     1   2005     12     800.0      -1.1       8.0      0.56      2.00      0.10  -9999.00
     1   2005     13    5200.0       1.1       6.4      0.66      2.00      0.00  -9999.00
     1   2005     14    4800.0       1.6       7.3      0.69      2.00      0.10  -9999.00
     1   2005     15     800.0       0.9       4.7      0.65      2.00      0.00  -9999.00
     1   2005     16     700.0       3.8       8.8      0.80      2.00      0.80  -9999.00
     1   2005     17     800.0       2.5       9.1      0.73      2.00      0.00  -9999.00
     1   2005     18    4700.0       3.4       9.9      0.78      2.00      0.90  -9999.00
     1   2005     19     700.0       7.3       8.6      1.02      2.00      4.50  -9999.00
     1   2005     20    5400.0       1.1       8.0      0.66      2.00      0.00  -9999.00
     1   2005     21    4400.0       2.2      10.8      0.72      2.00      0.90  -9999.00
     1   2005     22     800.0      -1.5       7.0      0.55      2.00      0.30  -9999.00
     1   2005     23    5100.0      -8.8       4.8      0.31      2.00      0.10  -9999.00
     1   2005     24     900.0      -0.6       2.3      0.58      2.00      0.80  -9999.00
     1   2005     25    5500.0       2.0       5.9      0.71      2.00      0.30  -9999.00
     1   2005     26    1000.0      -1.8       6.6      0.54      2.00      4.00  -9999.00
     1   2005     27    2000.0      -1.4       4.7      0.55      2.00      0.10  -9999.00
     1   2005     28    4800.0       3.5       9.6      0.78      2.00      0.10  -9999.00
     1   2005     29    1100.0       2.5       8.2      0.73      2.00      0.10  -9999.00
     1   2005     30    1000.0      -3.0       3.1      0.49      2.00      5.00  -9999.00
     1   2005     31    5600.0      -2.9       4.7      0.49      2.00      3.20  -9999.00
     1   2005     32    3300.0       2.5       8.4      0.73      2.00      2.70  -9999.00
     1   2005     33    1800.0       5.7      10.4      0.92      2.00      4.80  -9999.00
     1   2005     34    4100.0       2.9       7.0      0.75      2.00      1.50  -9999.00
     1   2005     35    3300.0       3.4       9.0      0.78      2.00      1.10  -9999.00
     1   2005     36    2700.0       2.1       6.8      0.71      2.00      0.00  -9999.00
     1   2005     37    1200.0       3.9       5.9      0.81      2.00      0.00  -9999.00
     1   2005     38    1400.0       0.4       8.2      0.63      2.00      0.10  -9999.00
     1   2005     39    5900.0       1.8       8.9      0.70      2.00      8.00  -9999.00
     1   2005     40    1200.0       0.0       4.9      0.61      2.00      1.30  -9999.00
     1   2005     41    8600.0       1.2       7.3      0.67      2.00      0.80  -9999.00
     1   2005     42    1300.0       0.2       6.1      0.62      2.00      0.20  -9999.00
     1   2005     43    7900.0      -2.3       2.1      0.52      2.00      0.00  -9999.00
     1   2005     44    6800.0      -1.2       7.1      0.56      2.00      0.00  -9999.00
     1   2005     45    2600.0       1.4       5.8      0.68      2.00      1.00  -9999.00
     1   2005     46    5000.0      -0.1       6.4      0.61      2.00      3.50  -9999.00
     1   2005     47    5000.0       0.0       5.6      0.61      2.00      1.60  -9999.00
     1   2005     48    1400.0       4.5      10.6      0.84      2.00      0.10  -9999.00
     1   2005     49    6200.0       2.5      11.6      0.73      2.00      0.00  -9999.00
     1   2005     50    1600.0       5.2      10.2      0.88      2.00      0.00  -9999.00
     1   2005     51    7100.0       6.1       9.2      0.94      2.00     10.00  -9999.00
     1   2005     52    6000.0       0.0       3.1      0.61      2.00      0.10  -9999.00
     1   2005     53    1500.0       1.9       2.6      0.70      2.00     22.00  -9999.00
     1   2005     54   11200.0      -3.9       0.7      0.46      2.00      0.00  -9999.00
     1   2005     55    1400.0      -1.4       4.5      0.55      2.00      0.00  -9999.00
     1   2005     56    1900.0       1.1       9.1      0.66      2.00      0.00  -9999.00
     1   2005     57    6400.0       5.0       9.1      0.87      2.00      0.00  -9999.00
     1   2005     58    3400.0       0.4       6.7      0.63      2.00      0.00  -9999.00
     1   2005     59    7300.0       3.1       5.1      0.76      2.00      0.00  -9999.00
     1   2005     60    6000.0       5.8      12.2      0.92      2.00      0.00  -9999.00
     1   2005     61    6500.0       1.4      12.5      0.68      2.00      0.00  -9999.00
     1   2005     62   11600.0      -2.2       8.6      0.52      2.00      0.00  -9999.00
     1   2005     63   11700.0      -3.3       7.2      0.48      2.00      0.00  -9999.00
     1   2005     64    6400.0      -5.0       4.9      0.42      2.00      0.00  -9999.00
     1   2005     65    7800.0      -0.7       4.7      0.58      2.00      0.80  -9999.00
     1   2005     66    8200.0       7.0      10.1      1.00      2.00      2.90  -9999.00
     1   2005     67    2100.0       1.6      10.6      0.69      2.00      0.00  -9999.00
     1   2005     68   12600.0       4.2       9.3      0.82      2.00      0.00  -9999.00
     1   2005     69    9800.0       3.7       4.8      0.80      2.00      0.00  -9999.00
     1   2005     70    4500.0       5.3       9.8      0.89      2.00      0.60  -9999.00
     1   2005     71    2100.0       3.1      12.3      0.76      2.00      1.00  -9999.00
     1   2005     72    2500.0       3.1      13.0      0.76      2.00      0.00  -9999.00
     1   2005     73    9800.0       5.3      15.1      0.89      2.00      0.00  -9999.00
     1   2005     74    1900.0       1.5       5.7      0.68      2.00      6.80  -9999.00
     1   2005     75    9600.0       1.7       3.7      0.69      2.00      0.00  -9999.00
     1   2005     76   11400.0      -1.1      11.3      0.56      2.00      0.00  -9999.00
     1   2005     77    4800.0       0.9      10.2      0.65      2.00      0.70  -9999.00
     1   2005     78    2500.0       4.1       9.6      0.82      2.00      0.30  -9999.00
     1   2005     79    2400.0       2.0      10.1      0.71      2.00      0.50  -9999.00
     1   2005     80   13400.0       3.4       8.2      0.78      2.00      3.20  -9999.00
     1   2005     81    5000.0       4.0       9.0      0.81      2.00      1.70  -9999.00
     1   2005     82    3900.0       6.7      11.4      0.98      2.00      2.20  -9999.00
     1   2005     83   13000.0      10.3      13.7      1.25      2.00      4.20  -9999.00
     1   2005     84   15600.0       5.5      15.6      0.90      2.00      0.40  -9999.00
     1   2005     85   14000.0       2.3      13.6      0.72      2.00      0.00  -9999.00
     1   2005     86   15300.0       0.3       9.5      0.62      2.00      5.80  -9999.00
     1   2005     87    9000.0       0.9       6.8      0.65      2.00      2.90  -9999.00
     1   2005     88   13100.0       2.6      10.5      0.74      2.00      0.00  -9999.00
     1   2005     89    4400.0       6.2       7.1      0.95      2.00      0.00  -9999.00
     1   2005     90   12000.0       4.9      13.6      0.87      2.00      2.70  -9999.00
     1   2005     91   10700.0       5.8      19.1      0.92      2.00      0.00  -9999.00
     1   2005     92    3200.0      -0.2      10.6      0.60      2.00      2.30  -9999.00
     1   2005     93   13600.0       1.8       8.0      0.70      2.00      0.80  -9999.00
     1   2005     94    6800.0       8.1      11.5      1.08      2.00      0.10  -9999.00
     1   2005     95    3500.0       3.6      13.6      0.79      2.00     18.90  -9999.00
     1   2005     96    6300.0       0.7      11.0      0.64      2.00      0.10  -9999.00
     1   2005     97    9400.0       3.6      13.3      0.79      2.00      5.30  -9999.00
     1   2005     98    7400.0       4.2      11.5      0.82      2.00      2.20  -9999.00
     1   2005     99    3000.0       7.8      10.3      1.06      2.00      1.20  -9999.00
     1   2005    100   19000.0       5.6      11.1      0.91      2.00      1.90  -9999.00
     1   2005    101   12500.0       2.4      10.3      0.73      2.00      0.00  -9999.00
     1   2005    102    4400.0       2.4       9.9      0.73      2.00      6.70  -9999.00
     1   2005    103    5500.0       3.8      11.8      0.80      2.00      0.70  -9999.00
     1   2005    104   20700.0       6.4      16.9      0.96      2.00      0.00  -9999.00
     1   2005    105   19700.0       5.5      12.4      0.90      2.00      0.30  -9999.00
     1   2005    106   14600.0       3.4      12.9      0.78      2.00      0.00  -9999.00
     1   2005    107    8300.0       2.7      12.8      0.74      2.00      0.00  -9999.00
     1   2005    108    7100.0       5.1      11.6      0.88      2.00      0.00  -9999.00
     1   2005    109   13400.0       4.6       9.8      0.85      2.00      0.00  -9999.00
     1   2005    110    8900.0       2.9      10.9      0.75      2.00      0.00  -9999.00
     1   2005    111   18300.0       0.4      10.4      0.63      2.00      0.90  -9999.00
     1   2005    112    3600.0       3.0      12.1      0.76      2.00      1.80  -9999.00
     1   2005    113   16800.0       7.3      13.9      1.02      2.00      0.00  -9999.00
     1   2005    114   10000.0       6.0      12.4      0.93      2.00      5.10  -9999.00
     1   2005    115   18900.0       5.8      11.3      0.92      2.00      6.50  -9999.00
     1   2005    116   21500.0       1.3      11.2      0.67      2.00      0.50  -9999.00
     1   2005    117   16500.0       3.3      10.4      0.77      2.00      0.50  -9999.00
     1   2005    118   19800.0       5.0      11.8      0.87      2.00      0.60  -9999.00
     1   2005    119   23400.0       4.7      12.4      0.85      2.00      0.00  -9999.00
     1   2005    120   23900.0      -2.3      11.5      0.52      2.00      0.00  -9999.00
     1   2005    121   15000.0       2.3      12.4      0.72      2.00      0.00  -9999.00
     1   2005    122   25700.0       4.4      12.8      0.84      2.00      0.00  -9999.00
     1   2005    123   23700.0       1.6      15.2      0.69      2.00      0.00  -9999.00
     1   2005    124    4300.0       7.3      15.4      1.02      2.00      4.00  -9999.00
     1   2005    125   22700.0       9.7      15.2      1.20      2.00      0.40  -9999.00
     1   2005    126   27000.0       6.5      16.0      0.97      2.00      0.00  -9999.00
     1   2005    127   27300.0       4.8      15.2      0.86      2.00      0.00  -9999.00
     1   2005    128   23600.0       6.8      18.7      0.99      2.00      0.20  -9999.00
     1   2005    129   12700.0      11.6      17.5      1.37      2.00      0.30  -9999.00
     1   2005    130    4300.0       5.4      14.4      0.90      2.00      0.00  -9999.00
     1   2005    131    7700.0       7.6      12.7      1.04      2.00      0.00  -9999.00
     1   2005    132   19900.0       5.4      14.5      0.90      2.00      0.00  -9999.00
     1   2005    133   21700.0       5.2      17.8      0.88      2.00      0.00  -9999.00
     1   2005    134   18800.0       8.6      18.6      1.12      2.00      0.00  -9999.00
     1   2005    135   26200.0       9.9      21.3      1.22      2.00      0.00  -9999.00
     1   2005    136   12500.0       5.9      17.1      0.93      2.00      0.00  -9999.00
     1   2005    137    4400.0       4.2      19.1      0.82      2.00      0.00  -9999.00
     1   2005    138   27400.0       6.3      19.8      0.95      2.00      0.00  -9999.00
     1   2005    139   27900.0       9.6      20.0      1.20      2.00      0.00  -9999.00
     1   2005    140   27600.0       8.0      18.9      1.07      2.00      0.00  -9999.00
     1   2005    141   21500.0       7.3      15.6      1.02      2.00      7.80  -9999.00
     1   2005    142   22900.0       7.1      13.0      1.01      2.00      0.00  -9999.00
     1   2005    143    4400.0       7.9      11.3      1.07      2.00      7.10  -9999.00
     1   2005    144    9400.0      11.6      18.2      1.37      2.00      1.90  -9999.00
     1   2005    145   26400.0       8.3      21.5      1.09      2.00      0.00  -9999.00
     1   2005    146   15800.0       8.0      17.6      1.07      2.00      2.70  -9999.00
     1   2005    147   23400.0       8.1      17.3      1.08      2.00      0.00  -9999.00
     1   2005    148   26100.0       7.6      12.0      1.04      2.00      0.00  -9999.00
     1   2005    149   28100.0       8.3      13.8      1.09      2.00      0.00  -9999.00
     1   2005    150   23700.0      10.8      19.3      1.29      2.00      0.00  -9999.00
     1   2005    151   23100.0       8.9      19.9      1.14      2.00      3.30  -9999.00
     1   2005    152   24000.0       8.6      16.7      1.12      2.00     17.70  -9999.00
     1   2005    153   17200.0      11.2      16.2      1.33      2.00      0.90  -9999.00
     1   2005    154    7600.0       9.3      17.8      1.17      2.00      0.40  -9999.00
     1   2005    155    9700.0      10.9      18.5      1.30      2.00      0.00  -9999.00
     1   2005    156   23900.0      10.6      19.9      1.28      2.00      4.30  -9999.00
     1   2005    157   29600.0       9.2      20.4      1.16      2.00      0.00  -9999.00
     1   2005    158   29900.0       9.2      20.7      1.16      2.00      0.00  -9999.00
     1   2005    159   28300.0       4.8      23.4      0.86      2.00      0.00  -9999.00
     1   2005    160   24300.0      10.4      17.7      1.26      2.00      0.00  -9999.00
     1   2005    161   10500.0       7.1      14.5      1.01      2.00      0.70  -9999.00
     1   2005    162   28200.0       8.9      14.5      1.14      2.00     14.60  -9999.00
     1   2005    163   25600.0       9.2      17.6      1.16      2.00      0.00  -9999.00
     1   2005    164    5000.0      10.0      23.7      1.23      2.00      2.30  -9999.00
     1   2005    165   23900.0      12.1      19.9      1.41      2.00      8.10  -9999.00
     1   2005    166    4800.0       9.0      21.0      1.15      2.00      0.00  -9999.00
     1   2005    167   14800.0       8.8      17.7      1.13      2.00      3.60  -9999.00
     1   2005    168   21900.0      12.8      19.2      1.48      2.00      0.00  -9999.00
     1   2005    169    9500.0      15.6      16.6      1.77      2.00      0.50  -9999.00
     1   2005    170   14400.0      11.7      19.7      1.37      2.00      2.40  -9999.00
     1   2005    171   13000.0      14.9      20.3      1.69      2.00      0.00  -9999.00
     1   2005    172   28600.0      12.0      19.2      1.40      2.00      0.00  -9999.00
     1   2005    173   28300.0      13.1      17.5      1.51      2.00      0.00  -9999.00
     1   2005    174   22000.0      12.8      18.9      1.48      2.00     16.70  -9999.00
     1   2005    175   14100.0      11.4      20.6      1.35      2.00      1.30  -9999.00
     1   2005    176   11700.0      11.6      16.9      1.37      2.00      0.70  -9999.00
     1   2005    177   13600.0      12.0      19.3      1.40      2.00      4.10  -9999.00
     1   2005    178   17600.0      10.9      23.6      1.30      2.00      3.60  -9999.00
     1   2005    179   18400.0      11.6      20.2      1.37      2.00      0.40  -9999.00
     1   2005    180   21600.0       9.1      16.0      1.16      2.00      7.90  -9999.00
     1   2005    181   16700.0       8.2      16.8      1.09      2.00      4.50  -9999.00
     1   2005    182   11400.0      10.6      16.4      1.28      2.00      0.80  -9999.00
     1   2005    183   20200.0      12.5      17.9      1.45      2.00      0.20  -9999.00
     1   2005    184   17000.0      10.7      19.3      1.29      2.00      0.80  -9999.00
     1   2005    185   25200.0      12.6      16.7      1.46      2.00      6.20  -9999.00
     1   2005    186    4200.0       9.8      17.5      1.21      2.00      0.30  -9999.00
     1   2005    187    5100.0       9.7      15.7      1.20      2.00      0.20  -9999.00
     1   2005    188   20800.0      13.2      23.1      1.52      2.00      0.00  -9999.00
     1   2005    189   28100.0      11.1      25.4      1.32      2.00      0.00  -9999.00
     1   2005    190   21500.0      12.5      19.8      1.45      2.00      5.00  -9999.00
     1   2005    191   25200.0      13.3      21.5      1.53      2.00      0.00  -9999.00
     1   2005    192   11100.0      12.7      22.5      1.47      2.00     22.90  -9999.00
     1   2005    193   11000.0      10.0      19.8      1.23      2.00      0.40  -9999.00
     1   2005    194    5600.0      11.8      19.3      1.38      2.00      0.10  -9999.00
     1   2005    195   13900.0      13.1      18.6      1.51      2.00      1.70  -9999.00
     1   2005    196   25000.0      13.7      21.3      1.57      2.00      8.40  -9999.00
     1   2005    197    8300.0      11.8      22.3      1.38      2.00      0.40  -9999.00
     1   2005    198   15000.0      13.2      19.9      1.52      2.00      1.40  -9999.00
     1   2005    199   15400.0      11.0      23.0      1.31      2.00      0.00  -9999.00
     1   2005    200   13500.0      11.6      21.2      1.37      2.00      0.00  -9999.00
     1   2005    201   18500.0      12.1      19.8      1.41      2.00      4.40  -9999.00
     1   2005    202   12200.0      11.0      17.6      1.31      2.00      2.40  -9999.00
     1   2005    203    9400.0       8.6      21.1      1.12      2.00      0.00  -9999.00
     1   2005    204   24800.0      12.9      20.8      1.49      2.00      1.90  -9999.00
     1   2005    205    4400.0      18.0      19.3      2.06      2.00      3.60  -9999.00
     1   2005    206    4900.0      13.2      21.0      1.52      2.00      1.20  -9999.00
     1   2005    207   25900.0      15.1      19.2      1.72      2.00      0.20  -9999.00
     1   2005    208   19300.0      11.7      19.7      1.37      2.00      2.30  -9999.00
     1   2005    209   11100.0       9.7      18.9      1.20      2.00      3.90  -9999.00
     1   2005    210   16100.0      12.0      21.5      1.40      2.00      1.00  -9999.00
     1   2005    211   22300.0      16.2      23.0      1.84      2.00      0.80  -9999.00
     1   2005    212   25400.0      14.7      24.0      1.67      2.00      0.00  -9999.00
     1   2005    213   25100.0      11.3      24.0      1.34      2.00      0.00  -9999.00
     1   2005    214    7200.0      11.9      20.9      1.39      2.00      0.00  -9999.00
     1   2005    215   23600.0       9.4      19.7      1.18      2.00      0.00  -9999.00
     1   2005    216   18300.0      11.5      20.6      1.36      2.00      0.50  -9999.00
     1   2005    217   14800.0       8.8      22.7      1.13      2.00      1.40  -9999.00
     1   2005    218    5700.0       9.9      17.3      1.22      2.00      0.40  -9999.00
     1   2005    219   24000.0       7.0      17.5      1.00      2.00      0.00  -9999.00
     1   2005    220   21900.0      12.7      21.7      1.47      2.00      0.00  -9999.00
     1   2005    221   24000.0       7.3      22.5      1.02      2.00      0.00  -9999.00
     1   2005    222   18100.0      12.1      21.6      1.41      2.00      0.50  -9999.00
     1   2005    223   16900.0       6.4      24.1      0.96      2.00      1.00  -9999.00
     1   2005    224   16500.0      11.4      20.5      1.35      2.00      0.50  -9999.00
     1   2005    225   14500.0      14.2      18.3      1.62      2.00     10.00  -9999.00
     1   2005    226   11100.0      13.1      25.1      1.51      2.00      0.00  -9999.00
     1   2005    227    9400.0      15.3      22.3      1.74      2.00      3.50  -9999.00
     1   2005    228    5200.0      12.0      20.6      1.40      2.00      0.50  -9999.00
     1   2005    229    8300.0      16.5      21.6      1.88      2.00      1.00  -9999.00
     1   2005    230   20400.0      12.1      17.0      1.41      2.00      3.20  -9999.00
     1   2005    231    7900.0      13.0      18.8      1.50      2.00      3.80  -9999.00
     1   2005    232   22800.0      12.9      24.9      1.49      2.00      0.00  -9999.00
     1   2005    233   18500.0      14.9      30.0      1.69      2.00      0.00  -9999.00
     1   2005    234   15400.0      12.5      24.9      1.45      2.00      0.00  -9999.00
     1   2005    235   19300.0      15.6      30.4      1.77      2.00      0.00  -9999.00
     1   2005    236   16100.0      11.7      20.5      1.37      2.00      4.20  -9999.00
     1   2005    237   18000.0      10.8      18.4      1.29      2.00      8.20  -9999.00
     1   2005    238   11300.0      10.9      19.7      1.30      2.00      2.20  -9999.00
     1   2005    239    9600.0       9.7      21.1      1.20      2.00      0.00  -9999.00
     1   2005    240   12500.0      10.1      17.0      1.24      2.00      1.60  -9999.00
     1   2005    241   15700.0      11.6      18.8      1.37      2.00      0.90  -9999.00
     1   2005    242   19100.0      12.4      19.5      1.44      2.00      0.00  -9999.00
     1   2005    243   21300.0      12.7      20.0      1.47      2.00      0.00  -9999.00
     1   2005    244   18000.0      13.7      24.5      1.57      2.00      0.00  -9999.00
     1   2005    245   20700.0      14.7      22.0      1.67      2.00      0.00  -9999.00
     1   2005    246   10200.0      11.1      24.2      1.32      2.00      0.00  -9999.00
     1   2005    247   11300.0      14.1      21.0      1.61      2.00      1.70  -9999.00
     1   2005    248   18400.0       9.6      22.9      1.20      2.00      0.00  -9999.00
     1   2005    249   14500.0       8.4      19.6      1.10      2.00      0.00  -9999.00
     1   2005    250    3200.0      10.3      17.8      1.25      2.00      5.30  -9999.00
     1   2005    251    9000.0       8.6      17.5      1.12      2.00      1.50  -9999.00
     1   2005    252   11900.0      12.1      19.2      1.41      2.00      0.00  -9999.00
     1   2005    253    4200.0      12.0      16.9      1.40      2.00     33.60  -9999.00
     1   2005    254    3100.0       9.8      20.9      1.21      2.00      0.10  -9999.00
     1   2005    255   16000.0      11.6      28.3      1.37      2.00      0.00  -9999.00
     1   2005    256   15800.0      12.7      26.0      1.47      2.00      2.00  -9999.00
     1   2005    257    7300.0      15.5      19.8      1.76      2.00      0.10  -9999.00
     1   2005    258    3400.0      13.7      23.8      1.57      2.00      0.40  -9999.00
     1   2005    259    6700.0      10.8      20.9      1.29      2.00     18.50  -9999.00
     1   2005    260    2400.0       8.7      18.2      1.12      2.00      0.00  -9999.00
     1   2005    261   14200.0      11.0      18.6      1.31      2.00      6.70  -9999.00
     1   2005    262   12500.0      12.8      18.9      1.48      2.00      0.00  -9999.00
     1   2005    263   15900.0       8.7      18.0      1.12      2.00      0.00  -9999.00
     1   2005    264    9300.0       7.4      19.2      1.03      2.00      0.00  -9999.00
     1   2005    265   16100.0       3.1      22.9      0.76      2.00      0.00  -9999.00
     1   2005    266   15500.0      10.7      16.6      1.29      2.00      0.00  -9999.00
     1   2005    267   14600.0      11.2      14.7      1.33      2.00      0.00  -9999.00
     1   2005    268    7000.0      11.5      18.4      1.36      2.00      0.00  -9999.00
     1   2005    269    5400.0       8.6      16.7      1.12      2.00      0.50  -9999.00
     1   2005    270   11100.0      11.6      19.2      1.37      2.00      0.00  -9999.00
     1   2005    271   14500.0       9.6      18.4      1.20      2.00      0.00  -9999.00
     1   2005    272   13100.0       8.0      14.5      1.07      2.00      0.00  -9999.00
     1   2005    273   15400.0      12.4      14.9      1.44      2.00      0.00  -9999.00
     1   2005    274    2200.0       8.1      13.8      1.08      2.00      1.50  -9999.00
     1   2005    275   10200.0      10.6      15.1      1.28      2.00      0.00  -9999.00
     1   2005    276    6100.0       7.8      13.3      1.06      2.00      0.50  -9999.00
     1   2005    277    2000.0       5.7      13.2      0.92      2.00      0.50  -9999.00
     1   2005    278   13000.0      11.2      19.8      1.33      2.00      0.00  -9999.00
     1   2005    279    7300.0       9.7      17.6      1.20      2.00      0.50  -9999.00
     1   2005    280   10600.0      10.5      15.5      1.27      2.00      0.00  -9999.00
     1   2005    281    2300.0       7.7      15.2      1.05      2.00      0.30  -9999.00
     1   2005    282   10500.0       9.5      14.8      1.19      2.00      0.00  -9999.00
     1   2005    283    5400.0       7.6      13.3      1.04      2.00     16.60  -9999.00
     1   2005    284    3400.0       7.0      15.3      1.00      2.00      0.00  -9999.00
     1   2005    285    6800.0       9.8      14.6      1.21      2.00      0.00  -9999.00
     1   2005    286    1600.0      10.6      15.4      1.28      2.00      4.30  -9999.00
     1   2005    287    2200.0       7.7      15.7      1.05      2.00      0.70  -9999.00
     1   2005    288    8100.0       6.6      11.5      0.97      2.00      0.00  -9999.00
     1   2005    289    6100.0       3.3       8.6      0.77      2.00      0.00  -9999.00
     1   2005    290    4900.0       9.3      13.8      1.17      2.00      0.00  -9999.00
     1   2005    291    5500.0       5.1      12.9      0.88      2.00      0.00  -9999.00
     1   2005    292   10400.0       5.8      13.7      0.92      2.00      0.00  -9999.00
     1   2005    293    9000.0       6.3      11.3      0.95      2.00      0.00  -9999.00
     1   2005    294    7700.0       4.4      11.2      0.84      2.00      0.00  -9999.00
     1   2005    295    8200.0       4.0       9.0      0.81      2.00      0.00  -9999.00
     1   2005    296    2700.0       2.1      10.8      0.71      2.00      0.00  -9999.00
     1   2005    297    9100.0       5.7       9.8      0.92      2.00      0.00  -9999.00
     1   2005    298    1500.0      12.0      14.8      1.40      2.00      0.00  -9999.00
     1   2005    299    2500.0       8.2      18.1      1.09      2.00      0.00  -9999.00
     1   2005    300    7300.0       5.4      11.7      0.90      2.00      0.00  -9999.00
     1   2005    301    6800.0       6.1      13.5      0.94      2.00      0.50  -9999.00
     1   2005    302    5800.0       7.3      14.8      1.02      2.00      0.40  -9999.00
     1   2005    303    1600.0       9.8      12.9      1.21      2.00      1.50  -9999.00
     1   2005    304    4300.0       5.3      13.3      0.89      2.00      7.80  -9999.00
     1   2005    305    2700.0       8.7      15.2      1.12      2.00      0.10  -9999.00
     1   2005    306    2100.0      -1.2      10.0      0.56      2.00      7.20  -9999.00
     1   2005    307    4500.0       3.8      10.7      0.80      2.00      0.10  -9999.00
     1   2005    308    7300.0       4.5      12.3      0.84      2.00      0.00  -9999.00
     1   2005    309    3900.0       5.7      12.2      0.92      2.00      0.40  -9999.00
     1   2005    310    3700.0       8.0      12.4      1.07      2.00      0.40  -9999.00
     1   2005    311    1100.0      11.2      13.4      1.33      2.00      0.10  -9999.00
     1   2005    312    2400.0       5.9      12.6      0.93      2.00      3.60  -9999.00
     1   2005    313    5800.0       2.2       9.8      0.72      2.00      0.00  -9999.00
     1   2005    314    2100.0       0.3      10.9      0.62      2.00      1.80  -9999.00
     1   2005    315    5600.0      -2.3       7.9      0.52      2.00      0.00  -9999.00
     1   2005    316     900.0       4.8      11.3      0.86      2.00      0.00  -9999.00
     1   2005    317    6200.0       1.4      12.7      0.68      2.00      0.00  -9999.00
     1   2005    318    1100.0       5.0       7.7      0.87      2.00      0.70  -9999.00
     1   2005    319    6600.0       2.0       7.6      0.71      2.00      0.00  -9999.00
     1   2005    320     900.0      -1.9       7.6      0.53      2.00      0.00  -9999.00
     1   2005    321     900.0       2.4       7.9      0.73      2.00      0.00  -9999.00
     1   2005    322    1000.0       1.9       4.1      0.70      2.00      0.00  -9999.00
     1   2005    323    3700.0      -1.2      -0.1      0.56      2.00      0.00  -9999.00
     1   2005    324     900.0       4.3       8.8      0.83      2.00      0.00  -9999.00
     1   2005    325    1400.0       2.0       7.6      0.71      2.00      0.00  -9999.00
     1   2005    326     800.0      -0.5       8.3      0.59      2.00      4.40  -9999.00
     1   2005    327    3600.0      -1.6      10.5      0.54      2.00      0.20  -9999.00
     1   2005    328    5200.0       2.8       5.8      0.75      2.00      0.00  -9999.00
     1   2005    329    1400.0       6.2       8.2      0.95      2.00      0.00  -9999.00
     1   2005    330    3600.0       2.8      11.1      0.75      2.00      1.00  -9999.00
     1   2005    331     800.0       4.5      11.0      0.84      2.00      4.70  -9999.00
     1   2005    332    1000.0       0.3       4.9      0.62      2.00      0.00  -9999.00
     1   2005    333    5200.0       2.0       7.4      0.71      2.00      0.00  -9999.00
     1   2005    334    2700.0      -0.2       6.1      0.60      2.00      0.00  -9999.00
     1   2005    335     800.0      -0.4       4.7      0.59      2.00      5.10  -9999.00
     1   2005    336    4800.0       2.0       6.4      0.71      2.00      1.40  -9999.00
     1   2005    337     700.0       3.6       7.5      0.79      2.00      0.10  -9999.00
     1   2005    338     700.0       1.5       8.0      0.68      2.00      0.20  -9999.00
     1   2005    339     900.0       1.1       7.8      0.66      2.00      2.30  -9999.00
     1   2005    340    4100.0       0.1       4.5      0.62      2.00      0.00  -9999.00
     1   2005    341     700.0       2.8       5.5      0.75      2.00      4.50  -9999.00
     1   2005    342    4100.0      -1.9       5.9      0.53      2.00      3.70  -9999.00
     1   2005    343     700.0      -3.3       7.5      0.48      2.00      0.40  -9999.00
     1   2005    344    4100.0      -8.3       3.3      0.33      2.00      0.00  -9999.00
     1   2005    345     600.0      -0.3       5.7      0.60      2.00      0.00  -9999.00
     1   2005    346     600.0       1.5       4.6      0.68      2.00      0.00  -9999.00
     1   2005    347    2300.0       3.9       6.9      0.81      2.00      2.10  -9999.00
     1   2005    348     700.0      -2.5       6.5      0.51      2.00      5.00  -9999.00
     1   2005    349    1500.0      -0.4       8.6      0.59      2.00      0.30  -9999.00
     1   2005    350     700.0       2.4      10.1      0.73      2.00      0.50  -9999.00
     1   2005    351    2200.0       3.9       8.1      0.81      2.00      0.20  -9999.00
     1   2005    352     700.0       2.5       9.6      0.73      2.00      0.50  -9999.00
     1   2005    353    1500.0       0.4      12.5      0.63      2.00      1.90  -9999.00
     1   2005    354     700.0      -1.0       6.7      0.57      2.00      0.50  -9999.00
     1   2005    355     700.0      -2.5       5.3      0.51      2.00      1.10  -9999.00
     1   2005    356    2300.0      -5.9       3.5      0.39      2.00      0.00  -9999.00
     1   2005    357     600.0       0.2       1.8      0.62      2.00      0.00  -9999.00
     1   2005    358    1200.0      -1.3       6.6      0.56      2.00      0.10  -9999.00
     1   2005    359     700.0       1.0       4.1      0.66      2.00      6.80  -9999.00
     1   2005    360     800.0       1.4       6.0      0.68      2.00      0.90  -9999.00
     1   2005    361    1000.0       3.4       6.7      0.78      2.00      0.00  -9999.00
     1   2005    362     700.0       1.1       6.0      0.66      2.00      2.50  -9999.00
     1   2005    363     700.0       0.6       5.8      0.64      2.00      3.10  -9999.00
     1   2005    364     700.0       2.1       9.8      0.71      2.00      1.30  -9999.00
     1   2005    365    3500.0       1.8       9.1      0.70      2.00      0.60  -9999.00
