*-----------------------------------------------------------------------------* 
           WHWG_260.met           52.12    0.96   89.00
* Date created:  08-Aug-2019     Author: K Coleman 
* 
* NIL VALUE       -9999 
* Source:   data provided by M. Semenov 
*  
* Latitude:    52.12 Longitude:     0.96 Altitude:    89.00
* 
* Column  Daily value 
* 1       station number 
* 2       year 
* 3       day 
* 4       irradiation                   (kJ m-2 d-1) 
* 5       minimum temperature           (degrees Celsius) 
* 6       maximum temperature           (degrees Celsius) 
* 7       early morning vapour pressure (kPa)             
* 8       mean wind speed (height: 2 m?) (m s-1)          
* 9       precipitation                 (mm d-1)          
* 10      sunshine                      (hrs)             
 		Jday	RAD	    TMIN	TMAX	 VAP	wind	RAIN	SUN  
               kj/m2	°C	    °C	     kPa	m/s	    mm	    hrs 
   52.12  89.00
     1   2005      1     700.0       3.7      10.4      0.80      2.00      0.10  -9999.00
     1   2005      2     700.0      -0.4       4.5      0.59      2.00      0.20  -9999.00
     1   2005      3    2900.0      -0.8       5.3      0.58      2.00      0.00  -9999.00
     1   2005      4    2200.0       4.0      10.3      0.81      2.00      2.50  -9999.00
     1   2005      5    4200.0       6.8      10.1      0.99      2.00      0.20  -9999.00
     1   2005      6    1200.0       1.6      10.6      0.69      2.00      1.30  -9999.00
     1   2005      7    4700.0      -0.7      11.1      0.58      2.00      0.00  -9999.00
     1   2005      8     900.0      -1.1       4.9      0.56      2.00      0.00  -9999.00
     1   2005      9    1300.0       0.7       6.3      0.64      2.00      0.00  -9999.00
     1   2005     10    4300.0      -0.4       3.0      0.59      2.00      0.20  -9999.00
     1   2005     11    3000.0       1.2       3.1      0.67      2.00      0.00  -9999.00
     1   2005     12    4700.0       1.7       6.9      0.69      2.00      0.00  -9999.00
     1   2005     13    3900.0       3.5      10.1      0.78      2.00      0.00  -9999.00
     1   2005     14    4200.0       1.4       6.4      0.68      2.00      0.00  -9999.00
     1   2005     15    3300.0       3.7       7.3      0.80      2.00      1.70  -9999.00
     1   2005     16    1400.0       1.8       6.6      0.70      2.00      6.60  -9999.00
     1   2005     17     800.0       2.6       6.7      0.74      2.00      0.70  -9999.00
     1   2005     18    4600.0      -0.5       6.5      0.59      2.00      0.30  -9999.00
     1   2005     19    1200.0       2.1       8.3      0.71      2.00      0.30  -9999.00
     1   2005     20     800.0       4.5       8.6      0.84      2.00      0.90  -9999.00
     1   2005     21     900.0       5.2       7.0      0.88      2.00      4.70  -9999.00
     1   2005     22     900.0       0.0       8.0      0.61      2.00      0.10  -9999.00
     1   2005     23    4900.0      -4.8       7.9      0.43      2.00      0.00  -9999.00
     1   2005     24    2200.0       4.8       9.3      0.86      2.00      0.10  -9999.00
     1   2005     25    5800.0       3.3       7.2      0.77      2.00      0.10  -9999.00
     1   2005     26    5200.0       0.5       5.5      0.63      2.00      0.00  -9999.00
     1   2005     27    4100.0       0.8       5.4      0.65      2.00      0.00  -9999.00
     1   2005     28    5200.0       0.1       7.1      0.62      2.00      0.80  -9999.00
     1   2005     29    3200.0       1.3       4.8      0.67      2.00      0.10  -9999.00
     1   2005     30    1900.0      -0.7       6.6      0.58      2.00      5.10  -9999.00
     1   2005     31    3400.0      -2.8       3.1      0.50      2.00      0.00  -9999.00
     1   2005     32    5200.0      -0.8       5.9      0.58      2.00      0.00  -9999.00
     1   2005     33    6100.0       1.5       3.7      0.68      2.00      0.00  -9999.00
     1   2005     34    6800.0       6.1      13.4      0.94      2.00      0.00  -9999.00
     1   2005     35    1100.0       2.7       9.9      0.74      2.00      0.00  -9999.00
     1   2005     36    1000.0       5.1      11.4      0.88      2.00      0.00  -9999.00
     1   2005     37    3400.0       3.9       8.8      0.81      2.00      0.00  -9999.00
     1   2005     38    4700.0       4.0       8.9      0.81      2.00      0.00  -9999.00
     1   2005     39    2900.0       5.5       9.1      0.90      2.00      0.00  -9999.00
     1   2005     40    7500.0      -0.8       5.8      0.58      2.00      0.00  -9999.00
     1   2005     41    8700.0       1.2       2.7      0.67      2.00      0.00  -9999.00
     1   2005     42    1100.0      -2.1       2.6      0.52      2.00      0.00  -9999.00
     1   2005     43    4800.0      -0.3       1.7      0.60      2.00      1.90  -9999.00
     1   2005     44    1200.0       0.3       6.0      0.62      2.00      1.30  -9999.00
     1   2005     45    7000.0      -3.5       3.6      0.47      2.00      0.00  -9999.00
     1   2005     46    9300.0       2.7       8.6      0.74      2.00      0.00  -9999.00
     1   2005     47    5900.0      -0.6      11.5      0.58      2.00      0.00  -9999.00
     1   2005     48    7900.0      -3.3       5.2      0.48      2.00      0.00  -9999.00
     1   2005     49    1300.0      -2.4       6.9      0.51      2.00      0.40  -9999.00
     1   2005     50    3200.0      -3.5       1.4      0.47      2.00      3.70  -9999.00
     1   2005     51   10000.0      -0.6       3.8      0.58      2.00      0.20  -9999.00
     1   2005     52    1400.0      -1.4       4.3      0.55      2.00      0.00  -9999.00
     1   2005     53    9500.0      -0.7       5.3      0.58      2.00      0.00  -9999.00
     1   2005     54    1400.0      -3.3       3.8      0.48      2.00      8.90  -9999.00
     1   2005     55   11000.0      -2.8       3.5      0.50      2.00      1.10  -9999.00
     1   2005     56    1500.0       5.9       9.2      0.93      2.00      1.60  -9999.00
     1   2005     57    1900.0       3.2       7.4      0.77      2.00      0.40  -9999.00
     1   2005     58    1400.0      -1.4       4.9      0.55      2.00      3.10  -9999.00
     1   2005     59    8800.0      -1.9       5.4      0.53      2.00      0.80  -9999.00
     1   2005     60    4700.0       0.8       5.1      0.65      2.00      0.40  -9999.00
     1   2005     61    5300.0      -1.8       5.0      0.54      2.00      0.80  -9999.00
     1   2005     62    6400.0       0.2       3.2      0.62      2.00      0.10  -9999.00
     1   2005     63    2800.0       0.0       5.5      0.61      2.00      0.40  -9999.00
     1   2005     64    2200.0      -1.6       6.5      0.54      2.00      0.70  -9999.00
     1   2005     65    6100.0      -1.4       7.2      0.55      2.00      3.20  -9999.00
     1   2005     66   11200.0       1.1      10.8      0.66      2.00      0.80  -9999.00
     1   2005     67   11200.0       3.4      13.0      0.78      2.00      0.10  -9999.00
     1   2005     68    1800.0       0.8      10.2      0.65      2.00      5.00  -9999.00
     1   2005     69   13400.0       3.1       7.7      0.76      2.00      0.00  -9999.00
     1   2005     70   15300.0      -0.2       9.6      0.60      2.00      0.00  -9999.00
     1   2005     71    8300.0       2.4       8.3      0.73      2.00      1.80  -9999.00
     1   2005     72    9000.0      10.5      12.2      1.27      2.00      0.00  -9999.00
     1   2005     73   10100.0       2.7      11.7      0.74      2.00      0.00  -9999.00
     1   2005     74    5600.0       1.0      11.2      0.66      2.00      0.10  -9999.00
     1   2005     75    2700.0       1.8      11.1      0.70      2.00      0.10  -9999.00
     1   2005     76   12500.0       3.4      15.7      0.78      2.00      0.00  -9999.00
     1   2005     77    7700.0       3.2      12.1      0.77      2.00      0.00  -9999.00
     1   2005     78    9500.0       3.8       8.2      0.80      2.00      0.20  -9999.00
     1   2005     79    9000.0       5.1       7.1      0.88      2.00     11.50  -9999.00
     1   2005     80    4700.0       2.7      11.6      0.74      2.00      1.50  -9999.00
     1   2005     81    5100.0       3.3      10.8      0.77      2.00      1.00  -9999.00
     1   2005     82    2300.0      -0.9       6.7      0.57      2.00      0.90  -9999.00
     1   2005     83    3800.0       2.3       9.7      0.72      2.00      0.00  -9999.00
     1   2005     84   14300.0       4.6      13.8      0.85      2.00      0.30  -9999.00
     1   2005     85   12300.0       1.9      11.4      0.70      2.00      1.00  -9999.00
     1   2005     86    7100.0       3.5      10.7      0.78      2.00      0.10  -9999.00
     1   2005     87   11600.0       2.0      13.8      0.71      2.00      0.00  -9999.00
     1   2005     88   16300.0       3.5      10.4      0.78      2.00      0.00  -9999.00
     1   2005     89   13400.0       1.0      10.7      0.66      2.00      0.20  -9999.00
     1   2005     90    8200.0       3.8      13.8      0.80      2.00      1.00  -9999.00
     1   2005     91   10200.0       2.3      16.2      0.72      2.00      3.30  -9999.00
     1   2005     92   13900.0       5.9      22.8      0.93      2.00      0.00  -9999.00
     1   2005     93    8700.0       8.3      16.8      1.09      2.00      0.00  -9999.00
     1   2005     94    7500.0       3.7      15.8      0.80      2.00      0.00  -9999.00
     1   2005     95   17200.0       6.8      14.6      0.99      2.00      0.00  -9999.00
     1   2005     96    5500.0      -0.1       6.5      0.61      2.00      0.60  -9999.00
     1   2005     97    6600.0      -0.3       8.7      0.60      2.00      0.00  -9999.00
     1   2005     98   12400.0       2.7      12.3      0.74      2.00      0.00  -9999.00
     1   2005     99   18700.0       3.2      14.6      0.77      2.00      0.00  -9999.00
     1   2005    100   10200.0       3.9       9.4      0.81      2.00      4.90  -9999.00
     1   2005    101    3200.0       5.3      10.4      0.89      2.00      3.00  -9999.00
     1   2005    102   18300.0       0.9      12.3      0.65      2.00      0.00  -9999.00
     1   2005    103   15500.0       3.3      13.6      0.77      2.00      0.00  -9999.00
     1   2005    104   21600.0       4.6      14.3      0.85      2.00      0.00  -9999.00
     1   2005    105   16600.0       2.4       9.2      0.73      2.00      1.10  -9999.00
     1   2005    106   19600.0      -1.1       7.6      0.56      2.00      7.00  -9999.00
     1   2005    107   18200.0       2.9      11.2      0.75      2.00      0.00  -9999.00
     1   2005    108    6200.0       5.2      15.8      0.88      2.00      0.00  -9999.00
     1   2005    109    4900.0       4.7      12.5      0.85      2.00      0.50  -9999.00
     1   2005    110   12600.0       6.4      11.5      0.96      2.00      0.90  -9999.00
     1   2005    111   11300.0       6.3      11.8      0.95      2.00      6.60  -9999.00
     1   2005    112    6200.0       5.9      13.5      0.93      2.00      1.00  -9999.00
     1   2005    113   13600.0      10.8      13.2      1.29      2.00      0.00  -9999.00
     1   2005    114   22400.0       5.2      15.3      0.88      2.00      0.00  -9999.00
     1   2005    115   19400.0       7.6      12.3      1.04      2.00      0.00  -9999.00
     1   2005    116   16000.0       4.5      15.2      0.84      2.00      0.00  -9999.00
     1   2005    117    4200.0       6.1      13.6      0.94      2.00      1.30  -9999.00
     1   2005    118   12400.0      -1.0      10.0      0.57      2.00      1.10  -9999.00
     1   2005    119   16800.0       2.6       9.6      0.74      2.00      9.20  -9999.00
     1   2005    120   24500.0       1.6      12.3      0.69      2.00      0.00  -9999.00
     1   2005    121    5600.0       3.6       9.3      0.79      2.00      4.60  -9999.00
     1   2005    122   16900.0       3.0      12.8      0.76      2.00      1.00  -9999.00
     1   2005    123    7700.0       5.1      15.5      0.88      2.00      6.10  -9999.00
     1   2005    124    4100.0       7.8      25.2      1.06      2.00      0.00  -9999.00
     1   2005    125   18600.0       4.6      16.1      0.85      2.00      4.90  -9999.00
     1   2005    126    4700.0       4.4      13.3      0.84      2.00      2.70  -9999.00
     1   2005    127   21700.0       6.7      13.6      0.98      2.00      0.00  -9999.00
     1   2005    128   24000.0       3.9      17.0      0.81      2.00      0.00  -9999.00
     1   2005    129   25200.0       1.4      18.1      0.68      2.00      0.00  -9999.00
     1   2005    130    8100.0       5.6      15.2      0.91      2.00      0.00  -9999.00
     1   2005    131   24200.0       4.7      14.2      0.85      2.00      6.00  -9999.00
     1   2005    132    5000.0       7.4      14.3      1.03      2.00      1.60  -9999.00
     1   2005    133   25100.0       4.6      13.9      0.85      2.00      0.00  -9999.00
     1   2005    134   12700.0       9.7      18.0      1.20      2.00      0.00  -9999.00
     1   2005    135   21000.0      10.8      17.3      1.29      2.00      0.00  -9999.00
     1   2005    136   15900.0       7.1      20.6      1.01      2.00      0.00  -9999.00
     1   2005    137   17500.0       2.0      15.9      0.71      2.00      1.30  -9999.00
     1   2005    138   21500.0       7.0      16.5      1.00      2.00      0.30  -9999.00
     1   2005    139   17700.0       2.8      17.8      0.75      2.00      7.40  -9999.00
     1   2005    140   18800.0       9.7      15.1      1.20      2.00      3.10  -9999.00
     1   2005    141   24700.0       9.3      19.8      1.17      2.00      0.00  -9999.00
     1   2005    142   11800.0       8.2      15.1      1.09      2.00      2.00  -9999.00
     1   2005    143   18900.0       4.9      16.3      0.87      2.00      0.30  -9999.00
     1   2005    144    5200.0       5.6      15.1      0.91      2.00      6.20  -9999.00
     1   2005    145   10600.0       8.2      15.3      1.09      2.00      0.50  -9999.00
     1   2005    146   15000.0       8.1      16.9      1.08      2.00      0.40  -9999.00
     1   2005    147   13100.0      10.0      19.4      1.23      2.00      0.00  -9999.00
     1   2005    148   17300.0       4.2      15.5      0.82      2.00      3.80  -9999.00
     1   2005    149    9600.0       6.5      17.9      0.97      2.00      3.50  -9999.00
     1   2005    150   27100.0      13.7      24.3      1.57      2.00      0.00  -9999.00
     1   2005    151   24100.0       8.9      26.2      1.14      2.00      0.00  -9999.00
     1   2005    152   10700.0      11.2      17.8      1.33      2.00      7.90  -9999.00
     1   2005    153   20000.0       9.8      17.2      1.21      2.00      0.00  -9999.00
     1   2005    154   23900.0      14.8      28.5      1.68      2.00      1.70  -9999.00
     1   2005    155   14500.0      12.0      20.0      1.40      2.00      1.10  -9999.00
     1   2005    156   27100.0      13.4      20.3      1.54      2.00      0.00  -9999.00
     1   2005    157   18900.0      10.5      17.8      1.27      2.00      1.30  -9999.00
     1   2005    158   16500.0       9.2      14.4      1.16      2.00      0.70  -9999.00
     1   2005    159   22400.0       5.3      16.7      0.89      2.00      0.40  -9999.00
     1   2005    160   14000.0      10.7      20.6      1.29      2.00      2.20  -9999.00
     1   2005    161   17300.0       9.5      20.7      1.19      2.00      3.40  -9999.00
     1   2005    162   19500.0      12.8      18.2      1.48      2.00      6.10  -9999.00
     1   2005    163   27100.0       8.7      20.7      1.12      2.00      0.00  -9999.00
     1   2005    164   25500.0      11.2      20.8      1.33      2.00      0.00  -9999.00
     1   2005    165    5900.0       9.4      20.3      1.18      2.00      0.00  -9999.00
     1   2005    166   29300.0       7.9      19.5      1.07      2.00      0.00  -9999.00
     1   2005    167   28500.0       9.0      17.0      1.15      2.00      0.00  -9999.00
     1   2005    168   14500.0      11.1      22.6      1.32      2.00      0.90  -9999.00
     1   2005    169    5200.0      10.8      19.6      1.29      2.00      5.60  -9999.00
     1   2005    170   27500.0       9.8      19.1      1.21      2.00      0.00  -9999.00
     1   2005    171   22400.0      10.0      19.1      1.23      2.00      0.50  -9999.00
     1   2005    172   24700.0       9.7      14.5      1.20      2.00      0.80  -9999.00
     1   2005    173   23600.0       5.1      19.6      0.88      2.00      0.00  -9999.00
     1   2005    174   20700.0      11.2      19.1      1.33      2.00      2.20  -9999.00
     1   2005    175   30000.0      10.6      20.0      1.28      2.00      0.00  -9999.00
     1   2005    176   19700.0      11.2      20.6      1.33      2.00      0.70  -9999.00
     1   2005    177   21000.0       9.0      21.8      1.15      2.00      1.40  -9999.00
     1   2005    178   29700.0      10.4      20.0      1.26      2.00      0.00  -9999.00
     1   2005    179   14500.0       9.5      19.3      1.19      2.00      0.50  -9999.00
     1   2005    180   24500.0       5.5      19.7      0.90      2.00      0.00  -9999.00
     1   2005    181   19800.0       7.0      22.5      1.00      2.00      0.00  -9999.00
     1   2005    182   27600.0      11.4      22.4      1.35      2.00      0.00  -9999.00
     1   2005    183   21700.0      16.1      20.3      1.83      2.00      0.00  -9999.00
     1   2005    184   24700.0      11.3      23.1      1.34      2.00      0.00  -9999.00
     1   2005    185   12600.0      13.1      24.1      1.51      2.00      2.60  -9999.00
     1   2005    186   21300.0      10.4      20.4      1.26      2.00      0.00  -9999.00
     1   2005    187   21600.0       9.2      21.0      1.16      2.00      0.00  -9999.00
     1   2005    188   18200.0      10.8      22.7      1.29      2.00      0.00  -9999.00
     1   2005    189   12500.0      14.0      24.3      1.60      2.00      0.00  -9999.00
     1   2005    190   13400.0      16.3      22.9      1.85      2.00      0.30  -9999.00
     1   2005    191   21300.0      12.3      23.2      1.43      2.00      0.40  -9999.00
     1   2005    192   20200.0      14.1      20.8      1.61      2.00      0.90  -9999.00
     1   2005    193   11300.0      13.2      21.1      1.52      2.00      2.40  -9999.00
     1   2005    194   15300.0      11.4      18.4      1.35      2.00      1.40  -9999.00
     1   2005    195   27700.0      11.9      18.3      1.39      2.00      0.00  -9999.00
     1   2005    196   14700.0      11.0      19.0      1.31      2.00     14.20  -9999.00
     1   2005    197    6600.0       7.9      19.7      1.07      2.00      1.10  -9999.00
     1   2005    198    7300.0      11.7      17.9      1.37      2.00      0.10  -9999.00
     1   2005    199   24800.0      13.1      21.4      1.51      2.00      0.00  -9999.00
     1   2005    200   25900.0      14.3      30.0      1.63      2.00      0.00  -9999.00
     1   2005    201    4000.0      11.3      21.6      1.34      2.00      3.10  -9999.00
     1   2005    202   15100.0      13.5      25.9      1.55      2.00      0.00  -9999.00
     1   2005    203   21500.0      13.4      30.0      1.54      2.00      0.00  -9999.00
     1   2005    204   17200.0      12.6      20.3      1.46      2.00      0.10  -9999.00
     1   2005    205   25200.0      12.7      21.4      1.47      2.00      0.00  -9999.00
     1   2005    206    4100.0      12.8      20.6      1.48      2.00      0.70  -9999.00
     1   2005    207    8200.0      12.2      21.9      1.42      2.00      0.20  -9999.00
     1   2005    208   19200.0      13.4      20.3      1.54      2.00      0.40  -9999.00
     1   2005    209   19300.0      12.3      18.9      1.43      2.00      1.10  -9999.00
     1   2005    210   18200.0       9.8      17.9      1.21      2.00      1.30  -9999.00
     1   2005    211   15100.0      13.1      18.9      1.51      2.00      0.00  -9999.00
     1   2005    212    6300.0      13.2      20.4      1.52      2.00      0.40  -9999.00
     1   2005    213    9500.0      15.9      23.0      1.81      2.00      1.50  -9999.00
     1   2005    214   23300.0      14.8      22.6      1.68      2.00      0.00  -9999.00
     1   2005    215   16700.0      12.4      20.8      1.44      2.00      4.10  -9999.00
     1   2005    216   11900.0      13.3      23.5      1.53      2.00      0.00  -9999.00
     1   2005    217   16300.0       9.4      23.8      1.18      2.00      0.00  -9999.00
     1   2005    218   16000.0      12.5      18.9      1.45      2.00      2.30  -9999.00
     1   2005    219    4000.0      10.1      19.2      1.24      2.00      0.60  -9999.00
     1   2005    220    5000.0      14.3      20.2      1.63      2.00      8.50  -9999.00
     1   2005    221    5600.0      11.7      19.7      1.37      2.00      3.80  -9999.00
     1   2005    222   18600.0      11.4      23.6      1.35      2.00      0.00  -9999.00
     1   2005    223   10700.0      14.4      21.2      1.64      2.00      6.30  -9999.00
     1   2005    224   16500.0      16.9      23.9      1.92      2.00      0.00  -9999.00
     1   2005    225   22000.0      14.8      24.4      1.68      2.00      0.00  -9999.00
     1   2005    226   17200.0      12.1      21.4      1.41      2.00      0.00  -9999.00
     1   2005    227   21100.0      14.9      18.0      1.69      2.00      0.00  -9999.00
     1   2005    228   21800.0       8.6      18.2      1.12      2.00      0.00  -9999.00
     1   2005    229   19300.0      12.3      18.7      1.43      2.00      0.30  -9999.00
     1   2005    230   10000.0      11.2      18.8      1.33      2.00      1.10  -9999.00
     1   2005    231   15500.0      14.3      20.4      1.63      2.00      2.20  -9999.00
     1   2005    232   18600.0      13.8      21.6      1.58      2.00      0.00  -9999.00
     1   2005    233   11200.0      13.3      20.2      1.53      2.00      9.70  -9999.00
     1   2005    234    9500.0      12.4      20.8      1.44      2.00      0.00  -9999.00
     1   2005    235   16500.0       8.5      18.3      1.11      2.00      0.00  -9999.00
     1   2005    236   21400.0       5.4      20.5      0.90      2.00      0.00  -9999.00
     1   2005    237   22400.0      11.9      19.2      1.39      2.00      0.00  -9999.00
     1   2005    238   23200.0      13.8      26.9      1.58      2.00      0.00  -9999.00
     1   2005    239   17300.0      11.6      21.5      1.37      2.00      0.60  -9999.00
     1   2005    240   14100.0      14.8      23.7      1.68      2.00      0.00  -9999.00
     1   2005    241   19400.0      14.5      21.7      1.65      2.00      0.80  -9999.00
     1   2005    242    3200.0      15.0      20.6      1.70      2.00      0.70  -9999.00
     1   2005    243   17600.0      13.7      21.3      1.57      2.00      0.00  -9999.00
     1   2005    244    9800.0       9.8      15.9      1.21      2.00      0.10  -9999.00
     1   2005    245    5000.0       9.3      18.8      1.17      2.00      0.10  -9999.00
     1   2005    246   11100.0      14.2      23.3      1.62      2.00      0.00  -9999.00
     1   2005    247    6100.0      10.5      25.0      1.27      2.00      0.00  -9999.00
     1   2005    248   12300.0      11.2      22.1      1.33      2.00      0.00  -9999.00
     1   2005    249   10100.0       8.6      26.8      1.12      2.00      0.00  -9999.00
     1   2005    250    9300.0       9.6      19.5      1.20      2.00      1.90  -9999.00
     1   2005    251    3900.0       7.3      20.1      1.02      2.00      0.30  -9999.00
     1   2005    252    5600.0      11.7      20.1      1.37      2.00      0.60  -9999.00
     1   2005    253    4300.0       7.8      22.9      1.06      2.00      0.00  -9999.00
     1   2005    254   14300.0       8.2      19.1      1.09      2.00      0.00  -9999.00
     1   2005    255   14900.0       6.8      19.9      0.99      2.00      0.00  -9999.00
     1   2005    256   14900.0      10.2      20.5      1.24      2.00      0.00  -9999.00
     1   2005    257   13400.0      10.4      21.5      1.26      2.00      0.00  -9999.00
     1   2005    258   18100.0      10.4      25.8      1.26      2.00      0.00  -9999.00
     1   2005    259   13200.0       8.9      20.0      1.14      2.00      0.00  -9999.00
     1   2005    260    4600.0      11.1      18.4      1.32      2.00      0.00  -9999.00
     1   2005    261   13400.0       9.2      14.6      1.16      2.00      0.10  -9999.00
     1   2005    262    7700.0      14.6      17.2      1.66      2.00      9.30  -9999.00
     1   2005    263    2700.0      12.2      19.5      1.42      2.00      0.80  -9999.00
     1   2005    264   14800.0       4.4      15.1      0.84      2.00      0.00  -9999.00
     1   2005    265    2600.0       8.5      15.7      1.11      2.00      0.10  -9999.00
     1   2005    266   12100.0      10.1      15.8      1.24      2.00      0.00  -9999.00
     1   2005    267   11100.0      14.6      15.7      1.66      2.00      0.10  -9999.00
     1   2005    268    2600.0      10.8      18.7      1.29      2.00      0.00  -9999.00
     1   2005    269   14200.0       9.2      16.7      1.16      2.00      0.00  -9999.00
     1   2005    270    7300.0      12.2      25.0      1.42      2.00      0.00  -9999.00
     1   2005    271   12400.0      10.1      19.9      1.24      2.00      0.00  -9999.00
     1   2005    272   11800.0       5.8      15.4      0.92      2.00      2.30  -9999.00
     1   2005    273   12100.0       7.8      13.1      1.06      2.00      0.10  -9999.00
     1   2005    274    2400.0      10.1      17.2      1.24      2.00      2.00  -9999.00
     1   2005    275    5300.0      14.6      19.5      1.66      2.00      0.90  -9999.00
     1   2005    276    8300.0       9.3      13.9      1.17      2.00      0.90  -9999.00
     1   2005    277   11100.0      10.7      15.9      1.29      2.00      0.30  -9999.00
     1   2005    278    3600.0      12.8      18.5      1.48      2.00      0.50  -9999.00
     1   2005    279   11100.0      13.7      16.7      1.57      2.00      0.40  -9999.00
     1   2005    280    8500.0      -0.5      13.1      0.59      2.00      0.00  -9999.00
     1   2005    281    3500.0       7.3      13.5      1.02      2.00      7.40  -9999.00
     1   2005    282    2200.0       7.2      12.7      1.02      2.00      0.30  -9999.00
     1   2005    283    1600.0       4.3      11.1      0.83      2.00      0.00  -9999.00
     1   2005    284    3300.0       4.5      14.1      0.84      2.00      0.00  -9999.00
     1   2005    285    1600.0       8.1      14.4      1.08      2.00      4.10  -9999.00
     1   2005    286    5600.0       8.5      15.6      1.11      2.00      0.90  -9999.00
     1   2005    287    8600.0      11.1      16.3      1.32      2.00      0.00  -9999.00
     1   2005    288    2200.0      11.1      19.8      1.32      2.00     13.20  -9999.00
     1   2005    289    1600.0       9.4      19.6      1.18      2.00      0.10  -9999.00
     1   2005    290    9700.0       6.0      14.9      0.93      2.00      0.00  -9999.00
     1   2005    291    5800.0       6.4      17.6      0.96      2.00      0.00  -9999.00
     1   2005    292    6500.0       8.9      16.1      1.14      2.00      9.40  -9999.00
     1   2005    293    5500.0      11.1      16.8      1.32      2.00      1.00  -9999.00
     1   2005    294    7400.0       8.7      16.8      1.12      2.00      0.00  -9999.00
     1   2005    295    9300.0       8.9      19.4      1.14      2.00      0.00  -9999.00
     1   2005    296    8500.0       8.3      15.4      1.09      2.00      0.00  -9999.00
     1   2005    297    9800.0      10.6      14.5      1.28      2.00      0.00  -9999.00
     1   2005    298    8200.0      10.1      18.1      1.24      2.00      0.50  -9999.00
     1   2005    299    1500.0       8.6      13.8      1.12      2.00     15.50  -9999.00
     1   2005    300    6600.0       3.0      11.9      0.76      2.00     26.20  -9999.00
     1   2005    301    5100.0       7.2      12.1      1.02      2.00      0.50  -9999.00
     1   2005    302    3800.0       5.0      13.7      0.87      2.00      0.00  -9999.00
     1   2005    303    7900.0       3.3      12.9      0.77      2.00      0.00  -9999.00
     1   2005    304    8200.0       3.8       9.8      0.80      2.00      0.00  -9999.00
     1   2005    305    1500.0       6.3      12.8      0.95      2.00      0.60  -9999.00
     1   2005    306    8200.0       6.2      13.4      0.95      2.00      0.20  -9999.00
     1   2005    307    2100.0       8.3      12.9      1.09      2.00      7.90  -9999.00
     1   2005    308    6400.0       4.5      11.3      0.84      2.00      0.00  -9999.00
     1   2005    309    1000.0       2.5      10.1      0.73      2.00      0.00  -9999.00
     1   2005    310    6000.0       6.0      13.6      0.93      2.00      1.10  -9999.00
     1   2005    311    2400.0       5.8      12.7      0.92      2.00     10.50  -9999.00
     1   2005    312    1000.0       6.3      10.9      0.95      2.00      0.00  -9999.00
     1   2005    313    2700.0       7.3      10.6      1.02      2.00      0.10  -9999.00
     1   2005    314    5000.0       2.9       9.4      0.75      2.00      0.00  -9999.00
     1   2005    315    2100.0       2.2      12.6      0.72      2.00      1.70  -9999.00
     1   2005    316     900.0       2.5       9.5      0.73      2.00      0.50  -9999.00
     1   2005    317     900.0      -1.7       7.6      0.54      2.00      6.50  -9999.00
     1   2005    318    2700.0       3.3       5.7      0.77      2.00      0.00  -9999.00
     1   2005    319    6200.0       6.4       8.4      0.96      2.00      0.30  -9999.00
     1   2005    320    1000.0      -0.7       6.1      0.58      2.00      0.30  -9999.00
     1   2005    321     800.0       4.2       9.7      0.82      2.00      0.30  -9999.00
     1   2005    322    1700.0       5.0      15.1      0.87      2.00      0.00  -9999.00
     1   2005    323     800.0       3.8      13.1      0.80      2.00      0.10  -9999.00
     1   2005    324    1100.0       0.1       7.5      0.62      2.00      1.00  -9999.00
     1   2005    325    5800.0       0.7       8.3      0.64      2.00      0.00  -9999.00
     1   2005    326     800.0       5.7      10.8      0.92      2.00      2.30  -9999.00
     1   2005    327    4100.0       7.3       9.9      1.02      2.00      0.00  -9999.00
     1   2005    328     700.0       2.4       7.2      0.73      2.00      6.30  -9999.00
     1   2005    329     900.0       4.8       7.8      0.86      2.00      4.50  -9999.00
     1   2005    330     800.0      -0.2       3.3      0.60      2.00      0.40  -9999.00
     1   2005    331    4200.0       0.5       6.8      0.63      2.00      0.00  -9999.00
     1   2005    332     800.0       8.8      10.1      1.13      2.00      1.00  -9999.00
     1   2005    333     800.0       5.9      10.2      0.93      2.00     18.00  -9999.00
     1   2005    334     800.0       7.3      11.1      1.02      2.00      5.70  -9999.00
     1   2005    335     800.0       3.9       8.9      0.81      2.00      0.10  -9999.00
     1   2005    336    1900.0       3.1      10.9      0.76      2.00      0.20  -9999.00
     1   2005    337     700.0       5.2       8.1      0.88      2.00      0.30  -9999.00
     1   2005    338     700.0       7.8      10.7      1.06      2.00      0.20  -9999.00
     1   2005    339    4400.0       7.7      11.0      1.05      2.00      2.20  -9999.00
     1   2005    340     600.0       1.5       6.4      0.68      2.00      0.00  -9999.00
     1   2005    341     700.0       0.7       9.0      0.64      2.00      2.10  -9999.00
     1   2005    342     600.0       3.2       9.6      0.77      2.00      0.00  -9999.00
     1   2005    343    2000.0       4.2      12.6      0.82      2.00      0.00  -9999.00
     1   2005    344    3900.0       2.2       7.5      0.72      2.00      0.00  -9999.00
     1   2005    345     700.0       1.9      10.6      0.70      2.00      0.10  -9999.00
     1   2005    346    4100.0      -0.2       6.6      0.60      2.00      0.00  -9999.00
     1   2005    347     700.0       0.8       6.7      0.65      2.00      0.80  -9999.00
     1   2005    348    3900.0      -4.7       2.9      0.43      2.00      8.80  -9999.00
     1   2005    349    2700.0      -1.0       4.2      0.57      2.00      6.10  -9999.00
     1   2005    350    4000.0       0.4       6.9      0.63      2.00      0.70  -9999.00
     1   2005    351     700.0       3.4       7.1      0.78      2.00      0.80  -9999.00
     1   2005    352     700.0       5.5       8.3      0.90      2.00      0.40  -9999.00
     1   2005    353    2500.0       2.3       6.0      0.72      2.00      3.70  -9999.00
     1   2005    354     600.0       0.1       3.4      0.62      2.00      0.00  -9999.00
     1   2005    355    2200.0      -6.1       5.6      0.39      2.00      0.00  -9999.00
     1   2005    356     700.0       1.0       5.8      0.66      2.00      0.40  -9999.00
     1   2005    357    3800.0       1.5       5.3      0.68      2.00      3.20  -9999.00
     1   2005    358     700.0       2.9       9.4      0.75      2.00      4.30  -9999.00
     1   2005    359     600.0       6.2      11.6      0.95      2.00      0.00  -9999.00
     1   2005    360     600.0       0.1       5.1      0.62      2.00      0.00  -9999.00
     1   2005    361    2700.0       2.2       4.0      0.72      2.00      0.00  -9999.00
     1   2005    362     700.0      -1.8       5.8      0.54      2.00     12.30  -9999.00
     1   2005    363     700.0      -2.5       4.1      0.51      2.00      0.50  -9999.00
     1   2005    364     700.0       0.4       5.9      0.63      2.00      1.30  -9999.00
     1   2005    365    3100.0       2.0       3.3      0.71      2.00      0.00  -9999.00
