*-----------------------------------------------------------------------------* 
           WHWG_274.met           52.12    0.96   89.00
* Date created:  08-Aug-2019     Author: K Coleman 
* 
* NIL VALUE       -9999 
* Source:   data provided by M. Semenov 
*  
* Latitude:    52.12 Longitude:     0.96 Altitude:    89.00
* 
* Column  Daily value 
* 1       station number 
* 2       year 
* 3       day 
* 4       irradiation                   (kJ m-2 d-1) 
* 5       minimum temperature           (degrees Celsius) 
* 6       maximum temperature           (degrees Celsius) 
* 7       early morning vapour pressure (kPa)             
* 8       mean wind speed (height: 2 m?) (m s-1)          
* 9       precipitation                 (mm d-1)          
* 10      sunshine                      (hrs)             
 		Jday	RAD	    TMIN	TMAX	 VAP	wind	RAIN	SUN  
               kj/m2	°C	    °C	     kPa	m/s	    mm	    hrs 
   52.12  89.00
     1   2005      1    3900.0       1.5       7.2      0.68      2.00      5.00  -9999.00
     1   2005      2    1500.0       7.0       9.5      1.00      2.00      0.50  -9999.00
     1   2005      3    5000.0       2.7      10.3      0.74      2.00      0.10  -9999.00
     1   2005      4    3400.0       0.7       5.0      0.64      2.00      0.00  -9999.00
     1   2005      5     700.0       0.4       5.2      0.63      2.00      0.00  -9999.00
     1   2005      6    3000.0       2.8      10.0      0.75      2.00      0.00  -9999.00
     1   2005      7    1900.0       2.5       9.0      0.73      2.00      0.00  -9999.00
     1   2005      8     700.0      -1.1       3.6      0.56      2.00      0.00  -9999.00
     1   2005      9     700.0       0.5       5.0      0.63      2.00      0.00  -9999.00
     1   2005     10     700.0       1.9       6.1      0.70      2.00      0.00  -9999.00
     1   2005     11    4300.0       5.2       7.2      0.88      2.00      0.00  -9999.00
     1   2005     12     700.0       3.1       9.5      0.76      2.00      0.00  -9999.00
     1   2005     13    3500.0       4.0       7.3      0.81      2.00      0.00  -9999.00
     1   2005     14    3800.0       4.9       9.0      0.87      2.00      0.00  -9999.00
     1   2005     15     700.0       4.2       6.7      0.82      2.00      0.00  -9999.00
     1   2005     16    4200.0       2.3       5.9      0.72      2.00      0.10  -9999.00
     1   2005     17    4900.0       1.1       3.1      0.66      2.00      0.00  -9999.00
     1   2005     18    1300.0       3.2       7.9      0.77      2.00      0.90  -9999.00
     1   2005     19    1100.0       6.6       8.7      0.97      2.00      0.10  -9999.00
     1   2005     20    4200.0      -2.5       5.0      0.51      2.00      0.40  -9999.00
     1   2005     21    5800.0      -2.4      -0.4      0.51      2.00      0.00  -9999.00
     1   2005     22    1200.0       1.9       8.0      0.70      2.00      3.30  -9999.00
     1   2005     23    5700.0       0.8       7.9      0.65      2.00      0.00  -9999.00
     1   2005     24     800.0       4.2       8.2      0.82      2.00      0.50  -9999.00
     1   2005     25    1400.0       4.2       8.8      0.82      2.00      0.40  -9999.00
     1   2005     26    4300.0       0.5       3.2      0.63      2.00      0.00  -9999.00
     1   2005     27    5200.0      -1.1      -0.5      0.56      2.00      0.00  -9999.00
     1   2005     28    1200.0      -1.7       8.0      0.54      2.00      3.70  -9999.00
     1   2005     29    1200.0       2.0       6.4      0.71      2.00      3.40  -9999.00
     1   2005     30    1100.0       2.9       8.8      0.75      2.00      0.40  -9999.00
     1   2005     31    6800.0       0.1       7.8      0.62      2.00      0.00  -9999.00
     1   2005     32    7000.0       0.1       6.1      0.62      2.00      0.00  -9999.00
     1   2005     33    1100.0      -2.9       7.1      0.49      2.00      7.30  -9999.00
     1   2005     34    5900.0       5.4      11.8      0.90      2.00      0.10  -9999.00
     1   2005     35    1100.0       3.5      11.5      0.78      2.00      2.00  -9999.00
     1   2005     36    7600.0      -0.7       6.7      0.58      2.00      0.00  -9999.00
     1   2005     37    4800.0       0.5       5.8      0.63      2.00      0.00  -9999.00
     1   2005     38    6900.0       6.7      11.0      0.98      2.00      0.00  -9999.00
     1   2005     39    1100.0       4.3      13.1      0.83      2.00      7.80  -9999.00
     1   2005     40    1100.0       2.3       7.6      0.72      2.00      0.10  -9999.00
     1   2005     41    3300.0       1.1       3.7      0.66      2.00      0.00  -9999.00
     1   2005     42    6600.0      -1.2       6.4      0.56      2.00      0.00  -9999.00
     1   2005     43    2200.0       1.1       5.9      0.66      2.00      0.70  -9999.00
     1   2005     44    2100.0      -0.1       4.1      0.61      2.00      0.10  -9999.00
     1   2005     45    1900.0       0.2       2.9      0.62      2.00      6.00  -9999.00
     1   2005     46    1200.0       2.4      10.5      0.73      2.00      2.60  -9999.00
     1   2005     47    2000.0      -0.3      10.3      0.60      2.00      0.00  -9999.00
     1   2005     48    3700.0      -0.3       6.7      0.60      2.00      0.00  -9999.00
     1   2005     49    6900.0      -0.2       7.0      0.60      2.00      0.50  -9999.00
     1   2005     50    8100.0      -1.1       3.7      0.56      2.00      0.20  -9999.00
     1   2005     51    1600.0       0.8       2.8      0.65      2.00     10.90  -9999.00
     1   2005     52    8100.0      -3.0      -1.3      0.49      2.00      1.40  -9999.00
     1   2005     53    8200.0      -1.4       1.4      0.55      2.00      0.00  -9999.00
     1   2005     54    8600.0       0.2       8.0      0.62      2.00      0.80  -9999.00
     1   2005     55    2500.0       3.6       9.4      0.79      2.00      5.20  -9999.00
     1   2005     56    5300.0       4.4       8.3      0.84      2.00      5.90  -9999.00
     1   2005     57    7500.0       1.3       6.2      0.67      2.00      6.50  -9999.00
     1   2005     58    2500.0       3.9      12.3      0.81      2.00      0.30  -9999.00
     1   2005     59    1400.0       2.5      11.0      0.73      2.00      0.10  -9999.00
     1   2005     60    7400.0       2.3       7.9      0.72      2.00      7.80  -9999.00
     1   2005     61    8700.0       5.6      10.0      0.91      2.00      0.10  -9999.00
     1   2005     62    2300.0       2.6       8.8      0.74      2.00      3.70  -9999.00
     1   2005     63    7300.0       1.1      10.1      0.66      2.00      0.00  -9999.00
     1   2005     64    7500.0       2.3       7.3      0.72      2.00      0.90  -9999.00
     1   2005     65   11400.0       6.7       7.3      0.98      2.00      4.40  -9999.00
     1   2005     66    6700.0      -2.0       0.2      0.53      2.00      3.00  -9999.00
     1   2005     67    1900.0      -0.3       6.1      0.60      2.00      0.20  -9999.00
     1   2005     68    2200.0       4.3      14.9      0.83      2.00      0.00  -9999.00
     1   2005     69   11400.0       4.7      14.1      0.85      2.00      0.00  -9999.00
     1   2005     70    9900.0       1.6       7.2      0.69      2.00      0.00  -9999.00
     1   2005     71    8800.0       3.8       8.5      0.80      2.00      0.00  -9999.00
     1   2005     72   15700.0       0.5      12.2      0.63      2.00      0.00  -9999.00
     1   2005     73    3600.0      -2.4      11.5      0.51      2.00      0.30  -9999.00
     1   2005     74   14300.0       0.4       5.7      0.63      2.00      0.00  -9999.00
     1   2005     75   11300.0      -3.4       9.6      0.48      2.00      0.00  -9999.00
     1   2005     76    6700.0       1.5       7.0      0.68      2.00      1.00  -9999.00
     1   2005     77    9500.0       2.3       8.8      0.72      2.00      0.00  -9999.00
     1   2005     78   14100.0       3.5      13.0      0.78      2.00      0.00  -9999.00
     1   2005     79   12600.0       2.7      20.7      0.74      2.00      0.00  -9999.00
     1   2005     80    2100.0      -1.3       7.2      0.56      2.00      2.40  -9999.00
     1   2005     81    9800.0      -1.3       8.8      0.56      2.00      1.10  -9999.00
     1   2005     82    2200.0       5.2      11.4      0.88      2.00      7.80  -9999.00
     1   2005     83   11400.0       2.0      10.8      0.71      2.00      0.00  -9999.00
     1   2005     84   10000.0      -1.5       8.0      0.55      2.00      0.00  -9999.00
     1   2005     85   12600.0      -2.2       6.3      0.52      2.00      2.00  -9999.00
     1   2005     86    6400.0       3.7       8.0      0.80      2.00      2.10  -9999.00
     1   2005     87    7800.0       3.8       7.3      0.80      2.00      3.40  -9999.00
     1   2005     88    2700.0       5.1      11.5      0.88      2.00      0.20  -9999.00
     1   2005     89    8100.0       2.3      12.7      0.72      2.00      4.70  -9999.00
     1   2005     90   10600.0       8.5      16.5      1.11      2.00      0.00  -9999.00
     1   2005     91    3600.0       4.1      19.9      0.82      2.00      0.00  -9999.00
     1   2005     92    9100.0       8.1      11.4      1.08      2.00      0.10  -9999.00
     1   2005     93    3500.0       6.6      11.0      0.97      2.00      1.40  -9999.00
     1   2005     94    4900.0       6.8      13.5      0.99      2.00      0.00  -9999.00
     1   2005     95   13400.0       3.7      16.8      0.80      2.00      0.00  -9999.00
     1   2005     96   17400.0       1.7      11.9      0.69      2.00      0.00  -9999.00
     1   2005     97    5300.0      -0.9      14.2      0.57      2.00      0.00  -9999.00
     1   2005     98   13500.0       8.0      14.2      1.07      2.00      0.00  -9999.00
     1   2005     99   18000.0       5.4      15.1      0.90      2.00      0.00  -9999.00
     1   2005    100    8400.0       4.1      13.4      0.82      2.00      1.60  -9999.00
     1   2005    101   12000.0       2.6      18.9      0.74      2.00      0.10  -9999.00
     1   2005    102   18300.0       4.4      18.4      0.84      2.00      1.50  -9999.00
     1   2005    103   17100.0       2.4      18.8      0.73      2.00      1.00  -9999.00
     1   2005    104   11700.0       1.9      11.4      0.70      2.00      3.10  -9999.00
     1   2005    105   12600.0       0.7      12.2      0.64      2.00      5.10  -9999.00
     1   2005    106   21400.0       7.0      12.1      1.00      2.00     14.80  -9999.00
     1   2005    107   22400.0       4.2      15.3      0.82      2.00      0.00  -9999.00
     1   2005    108    7600.0       3.4      16.7      0.78      2.00      0.00  -9999.00
     1   2005    109   14700.0       5.0      14.3      0.87      2.00      0.00  -9999.00
     1   2005    110   16400.0       5.6      16.1      0.91      2.00      9.00  -9999.00
     1   2005    111   17600.0       8.6      14.2      1.12      2.00      2.70  -9999.00
     1   2005    112    5700.0       3.3      10.0      0.77      2.00     11.00  -9999.00
     1   2005    113    4400.0       2.8      10.5      0.75      2.00      0.20  -9999.00
     1   2005    114   15400.0       6.0      13.1      0.93      2.00      5.60  -9999.00
     1   2005    115   20700.0       3.8      12.2      0.80      2.00     14.20  -9999.00
     1   2005    116   16900.0       8.2      12.9      1.09      2.00      1.00  -9999.00
     1   2005    117    7800.0       9.9      18.0      1.22      2.00      0.00  -9999.00
     1   2005    118    9900.0       4.8      11.0      0.86      2.00      0.00  -9999.00
     1   2005    119   22800.0       3.8      11.6      0.80      2.00      0.00  -9999.00
     1   2005    120   10800.0       6.2      14.9      0.95      2.00      2.20  -9999.00
     1   2005    121   13500.0       7.8      16.0      1.06      2.00      0.30  -9999.00
     1   2005    122    5200.0      11.0      14.6      1.31      2.00      1.20  -9999.00
     1   2005    123    9200.0       7.7      20.8      1.05      2.00      0.70  -9999.00
     1   2005    124    4000.0       5.7      10.4      0.92      2.00      1.70  -9999.00
     1   2005    125    4400.0       5.5      11.8      0.90      2.00     34.00  -9999.00
     1   2005    126    5500.0       4.0      14.2      0.81      2.00      1.20  -9999.00
     1   2005    127    8500.0       2.0      14.6      0.71      2.00      1.10  -9999.00
     1   2005    128   20600.0       6.1      16.7      0.94      2.00      2.50  -9999.00
     1   2005    129   21300.0       9.3      22.3      1.17      2.00      0.00  -9999.00
     1   2005    130    4800.0       3.9      14.3      0.81      2.00      0.00  -9999.00
     1   2005    131   12300.0       2.7      14.1      0.74      2.00      9.40  -9999.00
     1   2005    132    8200.0       8.8      19.4      1.13      2.00      0.00  -9999.00
     1   2005    133    4300.0       8.1      14.1      1.08      2.00      1.20  -9999.00
     1   2005    134   13300.0       8.2      13.8      1.09      2.00      4.40  -9999.00
     1   2005    135   15300.0      10.0      13.2      1.23      2.00      0.00  -9999.00
     1   2005    136   24800.0       8.0      14.6      1.07      2.00      1.10  -9999.00
     1   2005    137   19400.0       8.7      20.4      1.12      2.00      0.00  -9999.00
     1   2005    138   12500.0       8.6      15.6      1.12      2.00      0.00  -9999.00
     1   2005    139   27600.0       8.3      15.1      1.09      2.00      0.00  -9999.00
     1   2005    140   27000.0       9.7      19.7      1.20      2.00      0.00  -9999.00
     1   2005    141   25300.0       7.8      19.3      1.06      2.00      0.00  -9999.00
     1   2005    142   26200.0      13.1      19.6      1.51      2.00      0.00  -9999.00
     1   2005    143   26400.0      10.8      19.8      1.29      2.00      0.00  -9999.00
     1   2005    144    8700.0      10.1      18.5      1.24      2.00      0.00  -9999.00
     1   2005    145   14800.0      13.5      15.9      1.55      2.00      0.00  -9999.00
     1   2005    146   14500.0       9.3      19.5      1.17      2.00      0.00  -9999.00
     1   2005    147    8200.0      10.1      17.9      1.24      2.00      0.00  -9999.00
     1   2005    148   23600.0       9.4      17.9      1.18      2.00      0.00  -9999.00
     1   2005    149    8000.0       8.1      16.1      1.08      2.00      0.00  -9999.00
     1   2005    150    8900.0       8.1      17.2      1.08      2.00      0.00  -9999.00
     1   2005    151   28500.0      11.2      20.5      1.33      2.00      0.00  -9999.00
     1   2005    152   10500.0       7.0      15.7      1.00      2.00      3.20  -9999.00
     1   2005    153   21500.0       4.3      12.3      0.83      2.00      1.30  -9999.00
     1   2005    154   18600.0       9.6      24.0      1.20      2.00      0.00  -9999.00
     1   2005    155   28100.0      12.8      22.8      1.48      2.00      0.00  -9999.00
     1   2005    156   12400.0       8.8      16.0      1.13      2.00      0.80  -9999.00
     1   2005    157   14200.0       7.2      17.1      1.02      2.00      4.10  -9999.00
     1   2005    158   12900.0      10.5      16.4      1.27      2.00      0.60  -9999.00
     1   2005    159    4600.0      11.0      16.2      1.31      2.00      1.20  -9999.00
     1   2005    160   26100.0       9.8      17.5      1.21      2.00      4.90  -9999.00
     1   2005    161   20700.0      11.5      16.7      1.36      2.00      2.00  -9999.00
     1   2005    162   15400.0       8.2      19.2      1.09      2.00      0.80  -9999.00
     1   2005    163   14900.0       6.5      17.5      0.97      2.00      9.10  -9999.00
     1   2005    164   22500.0       8.9      18.3      1.14      2.00      2.20  -9999.00
     1   2005    165    4500.0      12.2      18.6      1.42      2.00      3.80  -9999.00
     1   2005    166   19600.0      12.8      18.8      1.48      2.00      1.70  -9999.00
     1   2005    167   27500.0      10.6      23.8      1.28      2.00      0.00  -9999.00
     1   2005    168    7700.0       8.7      19.7      1.12      2.00     10.30  -9999.00
     1   2005    169   28100.0      11.2      17.7      1.33      2.00      1.00  -9999.00
     1   2005    170   28200.0      13.0      23.2      1.50      2.00      0.00  -9999.00
     1   2005    171   23800.0      13.1      25.0      1.51      2.00      0.00  -9999.00
     1   2005    172   24200.0      10.2      17.9      1.24      2.00      0.00  -9999.00
     1   2005    173   18500.0      10.0      15.4      1.23      2.00     14.70  -9999.00
     1   2005    174   17000.0       9.8      14.1      1.21      2.00      2.90  -9999.00
     1   2005    175   27700.0      11.6      16.7      1.37      2.00      0.60  -9999.00
     1   2005    176   25600.0      12.9      18.4      1.49      2.00      0.40  -9999.00
     1   2005    177   21500.0      15.7      16.4      1.78      2.00      0.60  -9999.00
     1   2005    178   28000.0       9.6      19.2      1.20      2.00      0.00  -9999.00
     1   2005    179   15200.0      10.1      17.7      1.24      2.00      3.10  -9999.00
     1   2005    180    6800.0      11.6      15.9      1.37      2.00      2.50  -9999.00
     1   2005    181   23500.0      11.3      14.5      1.34      2.00      0.00  -9999.00
     1   2005    182   23700.0      11.0      21.9      1.31      2.00      0.00  -9999.00
     1   2005    183   24300.0       7.6      23.6      1.04      2.00      0.00  -9999.00
     1   2005    184   15400.0      10.9      18.9      1.30      2.00      2.00  -9999.00
     1   2005    185   11400.0       8.0      19.7      1.07      2.00      0.40  -9999.00
     1   2005    186   26500.0      11.7      18.9      1.37      2.00      8.00  -9999.00
     1   2005    187   17300.0      12.8      17.8      1.48      2.00      0.40  -9999.00
     1   2005    188    4200.0      10.2      17.8      1.24      2.00      5.20  -9999.00
     1   2005    189    5100.0      12.1      16.9      1.41      2.00      3.50  -9999.00
     1   2005    190   19400.0       8.7      20.7      1.12      2.00      0.00  -9999.00
     1   2005    191    4200.0      12.4      18.5      1.44      2.00      6.30  -9999.00
     1   2005    192    4500.0      13.3      20.7      1.53      2.00      0.10  -9999.00
     1   2005    193   19400.0      13.7      28.3      1.57      2.00      0.00  -9999.00
     1   2005    194    8000.0       9.4      18.2      1.18      2.00      0.00  -9999.00
     1   2005    195   14000.0       9.7      15.2      1.20      2.00      0.40  -9999.00
     1   2005    196    4100.0      17.6      22.3      2.01      2.00      0.50  -9999.00
     1   2005    197    7800.0      15.4      23.7      1.75      2.00      0.00  -9999.00
     1   2005    198   23900.0      13.6      23.5      1.56      2.00      0.00  -9999.00
     1   2005    199   26400.0      11.6      22.0      1.37      2.00      0.00  -9999.00
     1   2005    200   24200.0       7.2      18.1      1.02      2.00      0.00  -9999.00
     1   2005    201   14500.0       8.6      20.0      1.12      2.00      0.00  -9999.00
     1   2005    202   17800.0      14.0      23.0      1.60      2.00      0.00  -9999.00
     1   2005    203   25400.0      14.6      23.2      1.66      2.00      0.00  -9999.00
     1   2005    204   28600.0      11.3      22.7      1.34      2.00      0.00  -9999.00
     1   2005    205   24800.0       8.7      21.7      1.12      2.00      0.00  -9999.00
     1   2005    206   17300.0       8.6      18.4      1.12      2.00      0.90  -9999.00
     1   2005    207   24600.0      13.3      19.5      1.53      2.00      0.00  -9999.00
     1   2005    208   10800.0       9.5      14.4      1.19      2.00      4.80  -9999.00
     1   2005    209   25000.0      13.8      21.1      1.58      2.00      0.00  -9999.00
     1   2005    210   16000.0      10.8      20.4      1.29      2.00      0.00  -9999.00
     1   2005    211   22400.0       6.8      18.2      0.99      2.00      0.70  -9999.00
     1   2005    212   14700.0      12.6      19.0      1.46      2.00      1.80  -9999.00
     1   2005    213    6400.0      11.3      19.2      1.34      2.00      4.10  -9999.00
     1   2005    214   25400.0      12.1      24.0      1.41      2.00      0.00  -9999.00
     1   2005    215   18700.0       9.1      29.9      1.16      2.00      0.00  -9999.00
     1   2005    216   23700.0      12.2      20.7      1.42      2.00      0.40  -9999.00
     1   2005    217   20800.0      16.0      21.6      1.82      2.00      0.00  -9999.00
     1   2005    218   17000.0      14.2      31.2      1.62      2.00      0.00  -9999.00
     1   2005    219   23600.0      11.1      24.5      1.32      2.00      0.00  -9999.00
     1   2005    220    4100.0      12.1      22.1      1.41      2.00      0.00  -9999.00
     1   2005    221   15100.0       8.7      25.1      1.12      2.00      0.00  -9999.00
     1   2005    222   10700.0      14.4      23.0      1.64      2.00      0.00  -9999.00
     1   2005    223   23600.0      10.5      21.3      1.27      2.00      0.00  -9999.00
     1   2005    224   13000.0      13.6      19.8      1.56      2.00      9.80  -9999.00
     1   2005    225   11900.0      17.1      21.4      1.95      2.00      8.10  -9999.00
     1   2005    226    6300.0      13.4      21.0      1.54      2.00      0.30  -9999.00
     1   2005    227    8300.0      14.3      21.9      1.63      2.00      0.00  -9999.00
     1   2005    228   19500.0      10.5      21.8      1.27      2.00      0.00  -9999.00
     1   2005    229   17700.0      12.8      21.4      1.48      2.00      0.00  -9999.00
     1   2005    230    7100.0      16.4      24.1      1.86      2.00     28.10  -9999.00
     1   2005    231   16000.0      12.8      21.4      1.48      2.00      1.90  -9999.00
     1   2005    232   15200.0      14.5      28.3      1.65      2.00      0.70  -9999.00
     1   2005    233   15400.0      15.8      25.8      1.79      2.00     24.20  -9999.00
     1   2005    234   21300.0       9.5      19.6      1.19      2.00     34.30  -9999.00
     1   2005    235    8000.0      13.6      24.0      1.56      2.00      0.00  -9999.00
     1   2005    236   20800.0      11.9      20.5      1.39      2.00      3.10  -9999.00
     1   2005    237   15600.0      13.9      24.0      1.59      2.00      0.00  -9999.00
     1   2005    238   14600.0       7.0      17.6      1.00      2.00      7.00  -9999.00
     1   2005    239   22700.0       9.7      18.9      1.20      2.00      0.00  -9999.00
     1   2005    240   13000.0      11.3      21.3      1.34      2.00      9.00  -9999.00
     1   2005    241   12200.0       9.5      22.0      1.19      2.00      0.00  -9999.00
     1   2005    242    4500.0      12.7      20.3      1.47      2.00      0.10  -9999.00
     1   2005    243   19300.0      10.6      19.1      1.28      2.00      0.80  -9999.00
     1   2005    244   11500.0      12.4      22.8      1.44      2.00      1.20  -9999.00
     1   2005    245   19400.0      13.1      22.4      1.51      2.00      0.00  -9999.00
     1   2005    246   16900.0       7.7      16.9      1.05      2.00      2.80  -9999.00
     1   2005    247    4900.0       6.2      18.1      0.95      2.00      0.00  -9999.00
     1   2005    248   11100.0      15.3      21.6      1.74      2.00      0.00  -9999.00
     1   2005    249    5200.0      11.1      18.7      1.32      2.00      0.00  -9999.00
     1   2005    250   11800.0       9.2      18.1      1.16      2.00      0.10  -9999.00
     1   2005    251   18900.0      11.7      19.4      1.37      2.00      0.00  -9999.00
     1   2005    252    3700.0      15.0      23.5      1.70      2.00      0.00  -9999.00
     1   2005    253   14200.0      10.9      18.4      1.30      2.00     11.00  -9999.00
     1   2005    254    5500.0      10.7      15.4      1.29      2.00      2.40  -9999.00
     1   2005    255    4000.0      15.2      19.1      1.73      2.00      0.00  -9999.00
     1   2005    256   14300.0       9.1      17.7      1.16      2.00      0.00  -9999.00
     1   2005    257    3100.0      11.3      15.8      1.34      2.00      0.00  -9999.00
     1   2005    258    9200.0      11.7      21.3      1.37      2.00      0.00  -9999.00
     1   2005    259    3700.0       9.6      17.6      1.20      2.00      7.50  -9999.00
     1   2005    260    3200.0      11.2      19.7      1.33      2.00      0.10  -9999.00
     1   2005    261    3700.0      13.1      16.8      1.51      2.00     24.00  -9999.00
     1   2005    262   15000.0       5.5      16.2      0.90      2.00      0.00  -9999.00
     1   2005    263   14500.0      10.0      15.9      1.23      2.00      0.00  -9999.00
     1   2005    264    4000.0       8.4      13.4      1.10      2.00      0.00  -9999.00
     1   2005    265   17100.0      11.0      14.8      1.31      2.00      0.00  -9999.00
     1   2005    266   14900.0      11.3      20.0      1.34      2.00      0.00  -9999.00
     1   2005    267   14000.0      14.6      23.2      1.66      2.00      0.00  -9999.00
     1   2005    268    2500.0       6.0      14.5      0.93      2.00      0.00  -9999.00
     1   2005    269   10600.0      10.7      14.7      1.29      2.00      0.00  -9999.00
     1   2005    270   15000.0      10.9      17.1      1.30      2.00      0.00  -9999.00
     1   2005    271   12000.0      10.2      14.6      1.24      2.00      0.10  -9999.00
     1   2005    272    4000.0       9.7      19.4      1.20      2.00      1.30  -9999.00
     1   2005    273   10600.0       7.3      18.1      1.02      2.00      0.70  -9999.00
     1   2005    274   12100.0      10.4      16.1      1.26      2.00      0.00  -9999.00
     1   2005    275   13900.0      11.8      13.4      1.38      2.00      0.00  -9999.00
     1   2005    276    9700.0       6.1      13.2      0.94      2.00      0.30  -9999.00
     1   2005    277    6100.0       5.5      15.2      0.90      2.00      2.30  -9999.00
     1   2005    278   10900.0       8.8      14.8      1.13      2.00      0.40  -9999.00
     1   2005    279   11500.0       6.1      15.0      0.94      2.00      0.10  -9999.00
     1   2005    280    6100.0      10.8      19.9      1.29      2.00      0.00  -9999.00
     1   2005    281    5000.0       7.3      18.8      1.02      2.00      0.00  -9999.00
     1   2005    282    7200.0       6.8      15.4      0.99      2.00      0.00  -9999.00
     1   2005    283    8300.0      10.5      13.9      1.27      2.00      3.90  -9999.00
     1   2005    284    2400.0       7.7      13.6      1.05      2.00      0.00  -9999.00
     1   2005    285    4400.0       4.9      10.3      0.87      2.00      0.10  -9999.00
     1   2005    286    2200.0       7.1      15.4      1.01      2.00      1.70  -9999.00
     1   2005    287    1800.0       1.7      17.1      0.69      2.00      0.00  -9999.00
     1   2005    288    1700.0       8.0      13.0      1.07      2.00     29.30  -9999.00
     1   2005    289    8000.0       9.1      14.4      1.16      2.00      0.00  -9999.00
     1   2005    290    9800.0      11.8      18.7      1.38      2.00      0.00  -9999.00
     1   2005    291    1500.0       8.8      15.8      1.13      2.00      0.40  -9999.00
     1   2005    292    9100.0       7.7      16.3      1.05      2.00      0.00  -9999.00
     1   2005    293    5400.0       4.8      14.6      0.86      2.00      0.10  -9999.00
     1   2005    294    1500.0       8.2      13.5      1.09      2.00     14.10  -9999.00
     1   2005    295    2800.0       5.3      13.1      0.89      2.00      0.90  -9999.00
     1   2005    296    6100.0       4.8      13.7      0.86      2.00      0.50  -9999.00
     1   2005    297    3700.0       5.0      12.9      0.87      2.00      1.00  -9999.00
     1   2005    298    1900.0       6.8      12.1      0.99      2.00      0.30  -9999.00
     1   2005    299    1400.0       5.8      12.7      0.92      2.00      0.40  -9999.00
     1   2005    300    4900.0       7.2      11.4      1.02      2.00      0.70  -9999.00
     1   2005    301    8100.0       5.4      11.4      0.90      2.00      0.30  -9999.00
     1   2005    302    1700.0      10.3      14.0      1.25      2.00      0.30  -9999.00
     1   2005    303    4700.0      13.6      16.1      1.56      2.00      0.40  -9999.00
     1   2005    304    1600.0       6.9      13.2      0.99      2.00      8.80  -9999.00
     1   2005    305    9100.0       4.7      12.0      0.85      2.00      0.00  -9999.00
     1   2005    306    2600.0       2.2      12.0      0.72      2.00      4.00  -9999.00
     1   2005    307    1200.0      -2.0      12.7      0.53      2.00      1.20  -9999.00
     1   2005    308    5200.0       2.9      11.5      0.75      2.00     26.30  -9999.00
     1   2005    309    1000.0       7.2      10.1      1.02      2.00      1.00  -9999.00
     1   2005    310    4500.0       3.0      11.5      0.76      2.00      1.10  -9999.00
     1   2005    311    5900.0       4.8      11.0      0.86      2.00      4.30  -9999.00
     1   2005    312    4000.0       6.9      12.0      0.99      2.00      0.20  -9999.00
     1   2005    313    4900.0       7.2       9.5      1.02      2.00      1.90  -9999.00
     1   2005    314    1000.0       5.4      10.0      0.90      2.00      5.10  -9999.00
     1   2005    315    1800.0       7.5       9.5      1.04      2.00     13.80  -9999.00
     1   2005    316    1100.0       4.7       9.5      0.85      2.00      1.00  -9999.00
     1   2005    317    5800.0       0.8       7.6      0.65      2.00      8.90  -9999.00
     1   2005    318     800.0       4.1       8.6      0.82      2.00      2.00  -9999.00
     1   2005    319    5700.0       6.0       8.0      0.93      2.00      0.00  -9999.00
     1   2005    320    3200.0       4.3       9.3      0.83      2.00      6.70  -9999.00
     1   2005    321    3600.0       7.1      11.3      1.01      2.00      2.10  -9999.00
     1   2005    322    4000.0       6.5      10.6      0.97      2.00      6.40  -9999.00
     1   2005    323     800.0       6.3       9.3      0.95      2.00      9.00  -9999.00
     1   2005    324    3300.0       4.9      13.8      0.87      2.00      1.50  -9999.00
     1   2005    325    1200.0       2.7      11.0      0.74      2.00      0.00  -9999.00
     1   2005    326     900.0       4.5      12.7      0.84      2.00      0.00  -9999.00
     1   2005    327    1100.0       1.1      12.1      0.66      2.00      0.70  -9999.00
     1   2005    328     800.0       2.9      11.8      0.75      2.00      0.20  -9999.00
     1   2005    329    1500.0       4.0      11.3      0.81      2.00      0.20  -9999.00
     1   2005    330     800.0       0.8       8.0      0.65      2.00      0.00  -9999.00
     1   2005    331    5000.0      -3.9       7.9      0.46      2.00      0.00  -9999.00
     1   2005    332    1700.0       6.0       7.8      0.93      2.00      0.00  -9999.00
     1   2005    333    1000.0       6.0      11.0      0.93      2.00      3.00  -9999.00
     1   2005    334     800.0       2.1       8.4      0.71      2.00      0.00  -9999.00
     1   2005    335    3900.0       0.7      11.5      0.64      2.00      0.40  -9999.00
     1   2005    336     700.0       4.3      12.2      0.83      2.00      6.00  -9999.00
     1   2005    337     700.0       1.9       8.8      0.70      2.00      0.00  -9999.00
     1   2005    338    1400.0       6.1      14.7      0.94      2.00      0.20  -9999.00
     1   2005    339     600.0       6.7      10.6      0.98      2.00      0.00  -9999.00
     1   2005    340     700.0       0.6       5.5      0.64      2.00      3.70  -9999.00
     1   2005    341    4200.0      -2.9       3.7      0.49      2.00      0.00  -9999.00
     1   2005    342    3300.0       2.9       6.2      0.75      2.00      0.00  -9999.00
     1   2005    343    2500.0       1.9       3.8      0.70      2.00      0.00  -9999.00
     1   2005    344    4200.0       1.3       6.5      0.67      2.00      0.00  -9999.00
     1   2005    345     700.0       1.9       7.0      0.70      2.00      0.50  -9999.00
     1   2005    346    2200.0       1.9       7.5      0.70      2.00      3.70  -9999.00
     1   2005    347     800.0       4.6       6.6      0.85      2.00      8.10  -9999.00
     1   2005    348     800.0       4.8       7.9      0.86      2.00      0.80  -9999.00
     1   2005    349     700.0       2.9       9.9      0.75      2.00      6.10  -9999.00
     1   2005    350     700.0       3.0       8.2      0.76      2.00      2.90  -9999.00
     1   2005    351     700.0       1.8      10.5      0.70      2.00      1.50  -9999.00
     1   2005    352    3800.0      -0.4       4.7      0.59      2.00      0.00  -9999.00
     1   2005    353     700.0      -0.3       5.9      0.60      2.00      4.40  -9999.00
     1   2005    354    1900.0       1.2       7.9      0.67      2.00      0.10  -9999.00
     1   2005    355     700.0      -2.0       6.4      0.53      2.00      1.60  -9999.00
     1   2005    356    2800.0       3.6       7.2      0.79      2.00      2.60  -9999.00
     1   2005    357    1500.0       4.8       8.1      0.86      2.00      0.50  -9999.00
     1   2005    358     700.0      -0.5       7.0      0.59      2.00      0.30  -9999.00
     1   2005    359     700.0      -0.8       9.6      0.58      2.00      1.60  -9999.00
     1   2005    360    3900.0       1.2       6.5      0.67      2.00      0.00  -9999.00
     1   2005    361    4100.0       2.0       5.4      0.71      2.00      0.00  -9999.00
     1   2005    362    3600.0       2.5       6.2      0.73      2.00      0.00  -9999.00
     1   2005    363    3700.0       0.7      10.2      0.64      2.00      0.10  -9999.00
     1   2005    364     700.0       1.4       9.5      0.68      2.00      0.10  -9999.00
     1   2005    365     800.0       1.2       7.4      0.67      2.00      2.40  -9999.00
