*-----------------------------------------------------------------------------* 
           WHWG_186.met           52.12    0.96   89.00
* Date created:  08-Aug-2019     Author: K Coleman 
* 
* NIL VALUE       -9999 
* Source:   data provided by M. Semenov 
*  
* Latitude:    52.12 Longitude:     0.96 Altitude:    89.00
* 
* Column  Daily value 
* 1       station number 
* 2       year 
* 3       day 
* 4       irradiation                   (kJ m-2 d-1) 
* 5       minimum temperature           (degrees Celsius) 
* 6       maximum temperature           (degrees Celsius) 
* 7       early morning vapour pressure (kPa)             
* 8       mean wind speed (height: 2 m?) (m s-1)          
* 9       precipitation                 (mm d-1)          
* 10      sunshine                      (hrs)             
 		Jday	RAD	    TMIN	TMAX	 VAP	wind	RAIN	SUN  
               kj/m2	°C	    °C	     kPa	m/s	    mm	    hrs 
   52.12  89.00
     1   2005      1     700.0      -1.9       4.8      0.53      2.00      0.10  -9999.00
     1   2005      2     700.0       6.1       9.9      0.94      2.00      0.50  -9999.00
     1   2005      3    3300.0       5.3      11.6      0.89      2.00      0.00  -9999.00
     1   2005      4     700.0       4.0       6.7      0.81      2.00      0.00  -9999.00
     1   2005      5    3800.0       1.3       4.6      0.67      2.00      0.00  -9999.00
     1   2005      6     700.0       2.5       7.8      0.73      2.00      0.60  -9999.00
     1   2005      7     800.0       7.4       9.6      1.03      2.00      1.70  -9999.00
     1   2005      8     700.0       1.9       7.0      0.70      2.00      0.70  -9999.00
     1   2005      9     700.0       1.7       6.3      0.69      2.00      0.00  -9999.00
     1   2005     10    3600.0       2.0       9.6      0.71      2.00      0.00  -9999.00
     1   2005     11     800.0       0.2       9.7      0.62      2.00      0.90  -9999.00
     1   2005     12     700.0       0.7       8.5      0.64      2.00      0.90  -9999.00
     1   2005     13    3300.0      -2.1       7.0      0.52      2.00      0.10  -9999.00
     1   2005     14     800.0       0.4       4.2      0.63      2.00      0.00  -9999.00
     1   2005     15     800.0      -5.1       6.6      0.42      2.00      0.10  -9999.00
     1   2005     16    4700.0      -0.1       8.6      0.61      2.00      0.30  -9999.00
     1   2005     17    3900.0       3.0       7.2      0.76      2.00      0.10  -9999.00
     1   2005     18     800.0       9.2       9.3      1.16      2.00      0.00  -9999.00
     1   2005     19     700.0       6.0      11.4      0.93      2.00      3.00  -9999.00
     1   2005     20     900.0       1.9       8.6      0.70      2.00      0.10  -9999.00
     1   2005     21    5800.0       1.8       5.6      0.70      2.00      0.00  -9999.00
     1   2005     22     800.0       2.8       8.0      0.75      2.00      0.00  -9999.00
     1   2005     23     900.0       4.5       7.1      0.84      2.00      0.00  -9999.00
     1   2005     24     800.0       0.3       9.2      0.62      2.00      0.10  -9999.00
     1   2005     25    5600.0      -0.5      11.2      0.59      2.00      9.40  -9999.00
     1   2005     26     900.0      -0.6       5.8      0.58      2.00      4.50  -9999.00
     1   2005     27     900.0      -0.4       5.0      0.59      2.00      0.00  -9999.00
     1   2005     28    1500.0       2.6       6.0      0.74      2.00      4.00  -9999.00
     1   2005     29    5600.0       4.0       6.0      0.81      2.00      0.00  -9999.00
     1   2005     30    5700.0      -2.9       2.3      0.49      2.00      0.00  -9999.00
     1   2005     31    2800.0      -0.9       5.3      0.57      2.00      0.00  -9999.00
     1   2005     32    6600.0       3.4       7.4      0.78      2.00      0.00  -9999.00
     1   2005     33    1000.0       1.6       8.2      0.69      2.00      8.30  -9999.00
     1   2005     34    1800.0      -1.4       0.7      0.55      2.00      1.20  -9999.00
     1   2005     35    2000.0      -3.3       4.7      0.48      2.00      0.30  -9999.00
     1   2005     36    4300.0       3.9       8.4      0.81      2.00      3.40  -9999.00
     1   2005     37    1000.0       1.5       7.1      0.68      2.00      0.00  -9999.00
     1   2005     38    3100.0       0.8       8.9      0.65      2.00      0.00  -9999.00
     1   2005     39    1300.0       2.3       9.1      0.72      2.00      1.30  -9999.00
     1   2005     40    1200.0       3.0      10.5      0.76      2.00      3.30  -9999.00
     1   2005     41    1700.0       5.9       9.9      0.93      2.00      0.40  -9999.00
     1   2005     42    1300.0       1.2       5.1      0.67      2.00      0.00  -9999.00
     1   2005     43    3500.0       4.4       8.1      0.84      2.00      7.40  -9999.00
     1   2005     44    1100.0       0.0       7.8      0.61      2.00      2.30  -9999.00
     1   2005     45    4300.0       0.1       9.2      0.62      2.00      0.90  -9999.00
     1   2005     46    7100.0       1.1       7.0      0.66      2.00      0.00  -9999.00
     1   2005     47    1300.0       0.8       8.2      0.65      2.00      1.90  -9999.00
     1   2005     48    9800.0       0.2       4.6      0.62      2.00      0.00  -9999.00
     1   2005     49    1200.0      -0.3       5.5      0.60      2.00      0.40  -9999.00
     1   2005     50   10000.0       3.4       9.1      0.78      2.00      0.00  -9999.00
     1   2005     51    9500.0       2.5       8.8      0.73      2.00      0.00  -9999.00
     1   2005     52    1500.0      -1.5       0.7      0.55      2.00      0.00  -9999.00
     1   2005     53    8400.0      -1.6       5.5      0.54      2.00      2.10  -9999.00
     1   2005     54    2400.0      -1.6       6.5      0.54      2.00      0.00  -9999.00
     1   2005     55   10200.0      -8.9       7.8      0.31      2.00      0.00  -9999.00
     1   2005     56    1400.0       5.2      10.6      0.88      2.00      0.40  -9999.00
     1   2005     57    2800.0       4.9      10.1      0.87      2.00      5.30  -9999.00
     1   2005     58    1400.0      -0.1       7.9      0.61      2.00      1.80  -9999.00
     1   2005     59    8500.0       0.5      10.1      0.63      2.00      0.00  -9999.00
     1   2005     60   10200.0       0.6       6.2      0.64      2.00      0.00  -9999.00
     1   2005     61    4600.0       3.3       8.8      0.77      2.00      0.00  -9999.00
     1   2005     62    8100.0      -1.6       9.3      0.54      2.00      0.20  -9999.00
     1   2005     63    4800.0       1.2       9.5      0.67      2.00      3.50  -9999.00
     1   2005     64   10700.0       2.2       7.6      0.72      2.00      1.00  -9999.00
     1   2005     65    1900.0       4.5       6.2      0.84      2.00      0.20  -9999.00
     1   2005     66    2200.0       0.7       8.1      0.64      2.00      0.50  -9999.00
     1   2005     67    4000.0       3.9       5.7      0.81      2.00      0.60  -9999.00
     1   2005     68    2000.0       1.9       3.0      0.70      2.00      1.60  -9999.00
     1   2005     69    2200.0       1.1       7.9      0.66      2.00      0.40  -9999.00
     1   2005     70    2000.0       4.4      11.0      0.84      2.00      0.50  -9999.00
     1   2005     71   13100.0       3.4      12.3      0.78      2.00      0.00  -9999.00
     1   2005     72   13200.0       1.8      13.1      0.70      2.00      0.00  -9999.00
     1   2005     73   12300.0       5.0      11.2      0.87      2.00      9.30  -9999.00
     1   2005     74    7600.0       1.5      12.2      0.68      2.00      0.00  -9999.00
     1   2005     75    2800.0       2.0      15.5      0.71      2.00      2.90  -9999.00
     1   2005     76    7200.0       0.8       5.3      0.65      2.00      0.00  -9999.00
     1   2005     77    9700.0       4.8       6.1      0.86      2.00      0.40  -9999.00
     1   2005     78    2300.0       1.3       7.0      0.67      2.00      0.50  -9999.00
     1   2005     79    5100.0       4.0      11.1      0.81      2.00      0.00  -9999.00
     1   2005     80   13000.0       3.7      11.7      0.80      2.00      1.00  -9999.00
     1   2005     81    3300.0       4.9      15.3      0.87      2.00      6.40  -9999.00
     1   2005     82   14400.0       3.1      12.1      0.76      2.00      0.00  -9999.00
     1   2005     83   10000.0       0.6      10.4      0.64      2.00      1.40  -9999.00
     1   2005     84    2300.0       3.1      10.1      0.76      2.00      3.40  -9999.00
     1   2005     85   15300.0       2.0       8.1      0.71      2.00      1.80  -9999.00
     1   2005     86   10800.0       3.4       8.3      0.78      2.00      3.80  -9999.00
     1   2005     87   13200.0       5.2       8.0      0.88      2.00      0.20  -9999.00
     1   2005     88    4900.0       7.9      15.8      1.07      2.00      0.00  -9999.00
     1   2005     89   10600.0       6.6      13.4      0.97      2.00      0.00  -9999.00
     1   2005     90    9300.0       4.0      10.4      0.81      2.00      0.00  -9999.00
     1   2005     91   10800.0       9.6      10.4      1.20      2.00      0.10  -9999.00
     1   2005     92    6400.0       3.9      10.9      0.81      2.00      2.60  -9999.00
     1   2005     93   13700.0       4.7      13.1      0.85      2.00      0.80  -9999.00
     1   2005     94    3200.0       3.9      11.1      0.81      2.00      0.30  -9999.00
     1   2005     95    9400.0       5.5      13.8      0.90      2.00     14.10  -9999.00
     1   2005     96    9100.0       3.7      12.9      0.80      2.00      0.10  -9999.00
     1   2005     97   13600.0       2.0      17.1      0.71      2.00      0.00  -9999.00
     1   2005     98   16600.0       5.6      13.0      0.91      2.00      0.00  -9999.00
     1   2005     99   18600.0       9.2      14.7      1.16      2.00      0.00  -9999.00
     1   2005    100   15900.0       1.8      12.9      0.70      2.00      0.00  -9999.00
     1   2005    101    9500.0       2.0      11.0      0.71      2.00      0.00  -9999.00
     1   2005    102    7200.0       3.3      11.6      0.77      2.00      0.00  -9999.00
     1   2005    103   11900.0      -3.4      11.7      0.48      2.00      0.00  -9999.00
     1   2005    104   12100.0       4.7      12.6      0.85      2.00      0.00  -9999.00
     1   2005    105   11300.0       5.1      13.0      0.88      2.00      0.10  -9999.00
     1   2005    106   19000.0       8.5      12.7      1.11      2.00      0.50  -9999.00
     1   2005    107    3300.0       6.7      13.1      0.98      2.00      1.80  -9999.00
     1   2005    108   19900.0       7.4      15.5      1.03      2.00      0.00  -9999.00
     1   2005    109   21600.0       8.3      12.5      1.09      2.00      0.00  -9999.00
     1   2005    110   23500.0       3.1      12.7      0.76      2.00      0.00  -9999.00
     1   2005    111    5200.0       5.4       9.9      0.90      2.00      0.20  -9999.00
     1   2005    112    4200.0       9.1      17.5      1.16      2.00      0.00  -9999.00
     1   2005    113   19600.0       5.3      15.0      0.89      2.00     10.50  -9999.00
     1   2005    114   16900.0       5.3      12.5      0.89      2.00      0.20  -9999.00
     1   2005    115   18900.0       5.8      14.5      0.92      2.00      0.00  -9999.00
     1   2005    116   10900.0      -2.2      11.8      0.52      2.00      0.00  -9999.00
     1   2005    117   15700.0       0.5      10.0      0.63      2.00      0.00  -9999.00
     1   2005    118   12100.0       6.4      13.0      0.96      2.00      0.00  -9999.00
     1   2005    119   21800.0      10.8      12.4      1.29      2.00      0.00  -9999.00
     1   2005    120    5800.0       4.8      13.3      0.86      2.00      1.10  -9999.00
     1   2005    121   18500.0       8.4      13.4      1.10      2.00      0.00  -9999.00
     1   2005    122    5600.0       3.8      10.5      0.80      2.00      2.40  -9999.00
     1   2005    123   18900.0      -0.3      14.5      0.60      2.00      0.00  -9999.00
     1   2005    124   21800.0       4.4      12.4      0.84      2.00      8.40  -9999.00
     1   2005    125   14100.0       4.9      12.9      0.87      2.00      1.00  -9999.00
     1   2005    126   19900.0       7.5      14.3      1.04      2.00      2.10  -9999.00
     1   2005    127    4100.0       5.5      15.1      0.90      2.00      2.30  -9999.00
     1   2005    128   24300.0       5.7      16.5      0.92      2.00      0.00  -9999.00
     1   2005    129    4200.0       6.4      15.7      0.96      2.00      0.70  -9999.00
     1   2005    130   19500.0       9.7      16.2      1.20      2.00      0.00  -9999.00
     1   2005    131   18100.0       6.1      14.9      0.94      2.00      8.20  -9999.00
     1   2005    132   13900.0       4.6      13.7      0.85      2.00      0.80  -9999.00
     1   2005    133   19800.0       7.9      12.0      1.07      2.00      0.00  -9999.00
     1   2005    134   22200.0       4.9      12.9      0.87      2.00      1.80  -9999.00
     1   2005    135   19300.0       8.0      14.0      1.07      2.00     27.20  -9999.00
     1   2005    136   14100.0      10.3      17.4      1.25      2.00      7.70  -9999.00
     1   2005    137   20500.0      13.6      20.1      1.56      2.00      0.00  -9999.00
     1   2005    138   21900.0       6.7      12.6      0.98      2.00      1.00  -9999.00
     1   2005    139   18900.0       9.5      14.0      1.19      2.00      0.60  -9999.00
     1   2005    140    7900.0       7.4      17.8      1.03      2.00      0.00  -9999.00
     1   2005    141   25700.0      10.0      19.0      1.23      2.00      0.00  -9999.00
     1   2005    142   16800.0       7.2      14.8      1.02      2.00      0.00  -9999.00
     1   2005    143   27600.0       6.1      17.7      0.94      2.00      0.00  -9999.00
     1   2005    144   10200.0       9.7      16.4      1.20      2.00      0.00  -9999.00
     1   2005    145   21300.0       8.2      17.0      1.09      2.00      0.00  -9999.00
     1   2005    146   15600.0       7.3      20.8      1.02      2.00      0.00  -9999.00
     1   2005    147   14000.0       0.8      21.7      0.65      2.00      0.00  -9999.00
     1   2005    148   22100.0       8.6      16.1      1.12      2.00      0.00  -9999.00
     1   2005    149    8700.0       6.0      12.8      0.93      2.00      0.00  -9999.00
     1   2005    150   26700.0       8.2      17.9      1.09      2.00      0.00  -9999.00
     1   2005    151   19300.0       9.5      19.8      1.19      2.00      0.00  -9999.00
     1   2005    152   21000.0       9.1      21.4      1.16      2.00      0.00  -9999.00
     1   2005    153   16300.0      15.9      19.9      1.81      2.00      0.00  -9999.00
     1   2005    154   17000.0      11.6      17.2      1.37      2.00      1.80  -9999.00
     1   2005    155   10500.0      11.8      16.6      1.38      2.00      6.70  -9999.00
     1   2005    156   20400.0       8.0      18.3      1.07      2.00      0.00  -9999.00
     1   2005    157   23400.0       4.5      21.1      0.84      2.00      0.00  -9999.00
     1   2005    158   16700.0       9.2      23.3      1.16      2.00      0.00  -9999.00
     1   2005    159    4800.0      10.8      19.9      1.29      2.00      0.00  -9999.00
     1   2005    160   29000.0      10.3      23.9      1.25      2.00      0.00  -9999.00
     1   2005    161   27800.0       6.7      27.7      0.98      2.00      0.00  -9999.00
     1   2005    162   28000.0      13.4      21.0      1.54      2.00      0.00  -9999.00
     1   2005    163   23700.0      10.7      21.0      1.29      2.00      0.00  -9999.00
     1   2005    164    4900.0      14.0      23.6      1.60      2.00      0.00  -9999.00
     1   2005    165   15400.0      11.5      19.6      1.36      2.00      0.00  -9999.00
     1   2005    166   28200.0       5.7      17.2      0.92      2.00      0.00  -9999.00
     1   2005    167   28600.0      10.0      19.8      1.23      2.00      0.00  -9999.00
     1   2005    168   29100.0       9.0      21.8      1.15      2.00      0.00  -9999.00
     1   2005    169   21500.0      10.6      19.8      1.28      2.00      0.00  -9999.00
     1   2005    170   24100.0      12.6      18.9      1.46      2.00      4.60  -9999.00
     1   2005    171   23200.0      10.8      16.0      1.29      2.00     13.00  -9999.00
     1   2005    172   15800.0       9.6      21.6      1.20      2.00      3.40  -9999.00
     1   2005    173    8900.0      10.3      22.7      1.25      2.00      0.00  -9999.00
     1   2005    174    6000.0       9.9      15.2      1.22      2.00      1.30  -9999.00
     1   2005    175   12300.0      14.3      16.2      1.63      2.00      0.90  -9999.00
     1   2005    176   11300.0      10.7      20.1      1.29      2.00      9.70  -9999.00
     1   2005    177   25500.0      12.6      22.8      1.46      2.00      0.00  -9999.00
     1   2005    178   28200.0      10.0      20.4      1.23      2.00      0.00  -9999.00
     1   2005    179    7300.0      13.2      19.0      1.52      2.00      0.30  -9999.00
     1   2005    180   16100.0       7.0      17.5      1.00      2.00      3.30  -9999.00
     1   2005    181   15200.0      11.5      17.5      1.36      2.00      0.00  -9999.00
     1   2005    182   29800.0      11.3      21.4      1.34      2.00      0.00  -9999.00
     1   2005    183   29100.0      16.5      25.4      1.88      2.00      0.00  -9999.00
     1   2005    184   20300.0       8.0      19.0      1.07      2.00      0.00  -9999.00
     1   2005    185   29700.0      10.7      21.5      1.29      2.00      0.00  -9999.00
     1   2005    186   27900.0       9.8      21.5      1.21      2.00      0.00  -9999.00
     1   2005    187   29700.0      10.8      23.2      1.29      2.00      0.00  -9999.00
     1   2005    188    9900.0      11.7      19.3      1.37      2.00     35.40  -9999.00
     1   2005    189   27400.0      11.7      20.8      1.37      2.00      0.00  -9999.00
     1   2005    190    9500.0      11.8      20.7      1.38      2.00      1.00  -9999.00
     1   2005    191   27800.0      10.1      22.6      1.24      2.00      0.00  -9999.00
     1   2005    192    5800.0      12.2      22.6      1.42      2.00      0.00  -9999.00
     1   2005    193   19400.0       8.5      20.9      1.11      2.00      0.00  -9999.00
     1   2005    194    7200.0      12.6      25.2      1.46      2.00      0.00  -9999.00
     1   2005    195   10800.0       8.1      25.4      1.08      2.00      1.30  -9999.00
     1   2005    196    7000.0      14.7      23.5      1.67      2.00      1.10  -9999.00
     1   2005    197   18700.0      13.9      30.0      1.59      2.00      0.60  -9999.00
     1   2005    198    5200.0      13.1      20.9      1.51      2.00      0.70  -9999.00
     1   2005    199   17800.0      13.8      19.9      1.58      2.00      0.40  -9999.00
     1   2005    200   16000.0      13.6      24.0      1.56      2.00      0.00  -9999.00
     1   2005    201    5800.0      13.2      22.4      1.52      2.00     12.10  -9999.00
     1   2005    202   22900.0      12.5      19.1      1.45      2.00      2.70  -9999.00
     1   2005    203   25400.0      11.9      22.7      1.39      2.00      0.00  -9999.00
     1   2005    204   19100.0      10.6      18.7      1.28      2.00      1.10  -9999.00
     1   2005    205   15000.0      10.1      18.8      1.24      2.00      0.00  -9999.00
     1   2005    206   26000.0       9.9      19.6      1.22      2.00      0.00  -9999.00
     1   2005    207    9600.0      11.6      21.4      1.37      2.00      0.00  -9999.00
     1   2005    208   26900.0      11.7      20.1      1.37      2.00      0.00  -9999.00
     1   2005    209   20400.0      11.2      19.7      1.33      2.00      0.20  -9999.00
     1   2005    210   14400.0      12.5      21.9      1.45      2.00      0.20  -9999.00
     1   2005    211   15400.0      11.3      20.8      1.34      2.00      6.00  -9999.00
     1   2005    212   22100.0      12.5      21.9      1.45      2.00      0.10  -9999.00
     1   2005    213    7800.0      16.7      20.4      1.90      2.00     19.50  -9999.00
     1   2005    214   10800.0      13.9      23.8      1.59      2.00      0.80  -9999.00
     1   2005    215   21200.0      11.5      26.2      1.36      2.00      0.00  -9999.00
     1   2005    216   23900.0      11.3      21.8      1.34      2.00      0.00  -9999.00
     1   2005    217   24500.0      14.5      18.0      1.65      2.00      0.00  -9999.00
     1   2005    218   19800.0      14.5      22.8      1.65      2.00      0.00  -9999.00
     1   2005    219   10700.0      15.2      21.4      1.73      2.00      0.00  -9999.00
     1   2005    220   23100.0      10.2      18.8      1.24      2.00      0.50  -9999.00
     1   2005    221    7100.0      14.1      19.3      1.61      2.00      8.60  -9999.00
     1   2005    222   15700.0      10.7      22.9      1.29      2.00      0.00  -9999.00
     1   2005    223   19600.0      12.0      23.5      1.40      2.00      0.00  -9999.00
     1   2005    224    3900.0      13.7      19.7      1.57      2.00      0.40  -9999.00
     1   2005    225   21800.0      14.6      17.3      1.66      2.00      8.10  -9999.00
     1   2005    226   11600.0      10.8      19.2      1.29      2.00      8.20  -9999.00
     1   2005    227   15000.0      14.0      18.5      1.60      2.00      2.40  -9999.00
     1   2005    228    5700.0      10.1      20.4      1.24      2.00      1.30  -9999.00
     1   2005    229   22700.0      10.2      21.9      1.24      2.00      0.00  -9999.00
     1   2005    230   22300.0      12.2      20.6      1.42      2.00      0.00  -9999.00
     1   2005    231   20600.0      13.9      20.2      1.59      2.00      0.00  -9999.00
     1   2005    232   22000.0      11.3      20.2      1.34      2.00      1.40  -9999.00
     1   2005    233   16100.0      15.5      23.7      1.76      2.00      0.00  -9999.00
     1   2005    234    7100.0      10.8      20.7      1.29      2.00     11.20  -9999.00
     1   2005    235   23700.0       8.6      24.4      1.12      2.00      0.00  -9999.00
     1   2005    236   12800.0      10.9      18.7      1.30      2.00      0.80  -9999.00
     1   2005    237   17000.0      12.1      19.4      1.41      2.00     10.90  -9999.00
     1   2005    238    3400.0      12.7      22.6      1.47      2.00      0.60  -9999.00
     1   2005    239   15200.0      14.8      20.7      1.68      2.00      4.80  -9999.00
     1   2005    240    3500.0      11.9      20.0      1.39      2.00     11.20  -9999.00
     1   2005    241   15300.0      11.3      20.5      1.34      2.00      0.40  -9999.00
     1   2005    242   16300.0      12.5      21.6      1.45      2.00      0.30  -9999.00
     1   2005    243   13700.0      14.9      19.3      1.69      2.00      0.50  -9999.00
     1   2005    244    3400.0      13.3      18.6      1.53      2.00      0.10  -9999.00
     1   2005    245    3700.0      11.8      16.4      1.38      2.00      0.00  -9999.00
     1   2005    246    5900.0       9.2      16.6      1.16      2.00      0.00  -9999.00
     1   2005    247   18400.0      12.0      19.5      1.40      2.00      0.00  -9999.00
     1   2005    248    5900.0      10.4      18.1      1.26      2.00      0.10  -9999.00
     1   2005    249   16000.0      12.7      19.2      1.47      2.00      1.60  -9999.00
     1   2005    250   19000.0      11.5      19.0      1.36      2.00      0.00  -9999.00
     1   2005    251   15400.0      15.3      20.7      1.74      2.00      0.00  -9999.00
     1   2005    252   10500.0      14.1      20.8      1.61      2.00      0.00  -9999.00
     1   2005    253    7800.0      10.9      22.3      1.30      2.00      0.10  -9999.00
     1   2005    254    3500.0      10.4      16.6      1.26      2.00      0.10  -9999.00
     1   2005    255   12500.0      12.1      19.2      1.41      2.00      0.10  -9999.00
     1   2005    256    9100.0       8.9      17.3      1.14      2.00     10.10  -9999.00
     1   2005    257   15400.0      12.2      15.3      1.42      2.00      0.00  -9999.00
     1   2005    258   14200.0       7.9      17.0      1.07      2.00     19.60  -9999.00
     1   2005    259   15200.0       9.7      15.9      1.20      2.00      0.00  -9999.00
     1   2005    260    9500.0       7.9      15.9      1.07      2.00      0.00  -9999.00
     1   2005    261   14400.0       9.6      18.2      1.20      2.00      0.00  -9999.00
     1   2005    262   15000.0       7.0      18.7      1.00      2.00      0.00  -9999.00
     1   2005    263   13700.0       8.8      19.1      1.13      2.00      0.00  -9999.00
     1   2005    264   14700.0      10.0      21.6      1.23      2.00      0.00  -9999.00
     1   2005    265    2500.0       7.0      18.0      1.00      2.00      0.10  -9999.00
     1   2005    266   12000.0      11.4      19.4      1.35      2.00      0.00  -9999.00
     1   2005    267    5400.0      13.5      20.5      1.55      2.00      0.00  -9999.00
     1   2005    268    3700.0       7.8      13.8      1.06      2.00      2.20  -9999.00
     1   2005    269   12300.0       8.5      16.0      1.11      2.00      2.30  -9999.00
     1   2005    270   12900.0       9.9      17.8      1.22      2.00      0.00  -9999.00
     1   2005    271    3900.0      12.0      17.3      1.40      2.00      6.00  -9999.00
     1   2005    272   13400.0       9.5      22.1      1.19      2.00      0.00  -9999.00
     1   2005    273    8300.0       9.9      17.4      1.22      2.00      4.20  -9999.00
     1   2005    274   10800.0       8.7      14.9      1.12      2.00      5.80  -9999.00
     1   2005    275   12300.0       7.7      11.9      1.05      2.00      0.00  -9999.00
     1   2005    276    3100.0      10.2      16.5      1.24      2.00      0.00  -9999.00
     1   2005    277   11200.0       6.4      16.1      0.96      2.00      0.00  -9999.00
     1   2005    278    1900.0       8.4      17.0      1.10      2.00      2.00  -9999.00
     1   2005    279   10100.0       2.5      17.6      0.73      2.00     19.20  -9999.00
     1   2005    280    3100.0       7.5      14.4      1.04      2.00      1.00  -9999.00
     1   2005    281    7900.0       9.2      16.2      1.16      2.00      0.00  -9999.00
     1   2005    282    7900.0       7.1      14.7      1.01      2.00      0.00  -9999.00
     1   2005    283    1900.0       9.4      16.3      1.18      2.00     10.20  -9999.00
     1   2005    284    7300.0      10.3      18.0      1.25      2.00      3.30  -9999.00
     1   2005    285    1700.0      10.0      16.8      1.23      2.00      3.40  -9999.00
     1   2005    286    8400.0       7.0      13.8      1.00      2.00      0.50  -9999.00
     1   2005    287    7700.0       5.1      14.1      0.88      2.00      0.00  -9999.00
     1   2005    288    9700.0       6.5      13.9      0.97      2.00      0.00  -9999.00
     1   2005    289    5900.0       3.4      14.7      0.78      2.00      0.30  -9999.00
     1   2005    290    9500.0       4.1      10.2      0.82      2.00      0.00  -9999.00
     1   2005    291    2900.0       2.9      13.2      0.75      2.00      0.00  -9999.00
     1   2005    292    5700.0       9.5      15.1      1.19      2.00      0.50  -9999.00
     1   2005    293    1400.0      11.8      14.1      1.38      2.00      0.40  -9999.00
     1   2005    294    5000.0       0.2      10.7      0.62      2.00      7.10  -9999.00
     1   2005    295    1500.0       2.6      12.3      0.74      2.00      0.70  -9999.00
     1   2005    296    1300.0       9.1      13.6      1.16      2.00      9.20  -9999.00
     1   2005    297    1200.0       5.8      15.6      0.92      2.00      0.50  -9999.00
     1   2005    298    1400.0       7.6      12.4      1.04      2.00      0.00  -9999.00
     1   2005    299    1500.0       7.3      10.5      1.02      2.00      0.00  -9999.00
     1   2005    300    9300.0       4.8      12.3      0.86      2.00      0.00  -9999.00
     1   2005    301    4400.0       7.3      14.5      1.02      2.00      0.00  -9999.00
     1   2005    302    1600.0       7.0      11.6      1.00      2.00      0.00  -9999.00
     1   2005    303    7400.0       5.2      11.2      0.88      2.00      0.00  -9999.00
     1   2005    304    8000.0       4.4      11.9      0.84      2.00      6.60  -9999.00
     1   2005    305    1800.0       7.2      11.4      1.02      2.00     18.50  -9999.00
     1   2005    306    4900.0       3.1      10.9      0.76      2.00      3.50  -9999.00
     1   2005    307    1400.0       5.8       6.5      0.92      2.00      0.50  -9999.00
     1   2005    308    1600.0       3.9      13.0      0.81      2.00      0.90  -9999.00
     1   2005    309    7100.0       3.2      10.6      0.77      2.00      0.00  -9999.00
     1   2005    310    6600.0       4.6       8.1      0.85      2.00      0.00  -9999.00
     1   2005    311    2700.0       2.5      10.3      0.73      2.00      0.00  -9999.00
     1   2005    312    1000.0       7.9      13.4      1.07      2.00      5.40  -9999.00
     1   2005    313    4700.0       6.3      13.8      0.95      2.00     28.20  -9999.00
     1   2005    314    3400.0       0.3       8.4      0.62      2.00      0.20  -9999.00
     1   2005    315    1200.0      -1.4      10.5      0.55      2.00      0.50  -9999.00
     1   2005    316    1500.0       8.0      11.4      1.07      2.00      2.80  -9999.00
     1   2005    317    4100.0       5.7      10.0      0.92      2.00      1.20  -9999.00
     1   2005    318    5200.0       5.6      12.4      0.91      2.00      0.00  -9999.00
     1   2005    319    3700.0       3.3       9.8      0.77      2.00      0.00  -9999.00
     1   2005    320    1200.0       8.5      11.8      1.11      2.00      0.30  -9999.00
     1   2005    321     900.0      10.5      11.4      1.27      2.00      4.30  -9999.00
     1   2005    322    5500.0       7.4      12.2      1.03      2.00      5.00  -9999.00
     1   2005    323    4800.0       5.7       8.6      0.92      2.00      0.00  -9999.00
     1   2005    324     800.0       2.7       9.9      0.74      2.00      0.00  -9999.00
     1   2005    325    4500.0       4.9       9.7      0.87      2.00      0.00  -9999.00
     1   2005    326    5500.0      -0.3       7.3      0.60      2.00      0.00  -9999.00
     1   2005    327    4600.0      -2.9       8.3      0.49      2.00      0.00  -9999.00
     1   2005    328    2300.0      -0.1       7.3      0.61      2.00      0.00  -9999.00
     1   2005    329    1900.0       0.2       6.3      0.62      2.00      0.00  -9999.00
     1   2005    330    2700.0       7.8       9.3      1.06      2.00      0.00  -9999.00
     1   2005    331    5500.0       4.8       8.1      0.86      2.00      0.00  -9999.00
     1   2005    332    4600.0       1.9       8.6      0.70      2.00      0.00  -9999.00
     1   2005    333    3600.0       0.4       9.7      0.63      2.00      5.40  -9999.00
     1   2005    334    4800.0       2.9       9.0      0.75      2.00      0.00  -9999.00
     1   2005    335     800.0       2.3      12.4      0.72      2.00      0.30  -9999.00
     1   2005    336     700.0       2.9       9.5      0.75      2.00      8.20  -9999.00
     1   2005    337     700.0       2.2       7.9      0.72      2.00      0.00  -9999.00
     1   2005    338    3300.0       5.8       9.6      0.92      2.00      0.60  -9999.00
     1   2005    339     700.0      10.3      11.3      1.25      2.00      0.10  -9999.00
     1   2005    340     600.0       6.4       9.1      0.96      2.00      0.00  -9999.00
     1   2005    341    1300.0       2.2       7.6      0.72      2.00      0.00  -9999.00
     1   2005    342    4100.0       2.2       6.3      0.72      2.00      0.00  -9999.00
     1   2005    343     700.0       3.7       9.8      0.80      2.00      0.90  -9999.00
     1   2005    344     700.0      -0.9       3.7      0.57      2.00      0.10  -9999.00
     1   2005    345    1500.0      -1.8       4.2      0.54      2.00      0.90  -9999.00
     1   2005    346    4000.0      -0.2       5.9      0.60      2.00      0.00  -9999.00
     1   2005    347    2200.0      -3.3       3.5      0.48      2.00      0.00  -9999.00
     1   2005    348     600.0      -2.0       5.2      0.53      2.00      0.00  -9999.00
     1   2005    349    1600.0      -0.8       3.0      0.58      2.00      0.00  -9999.00
     1   2005    350     700.0       0.5       8.5      0.63      2.00      4.20  -9999.00
     1   2005    351    3100.0       1.6       6.7      0.69      2.00      0.50  -9999.00
     1   2005    352    1100.0      -1.1       6.3      0.56      2.00      0.10  -9999.00
     1   2005    353    2300.0      -0.9       5.5      0.57      2.00      0.00  -9999.00
     1   2005    354     700.0       0.8       4.6      0.65      2.00      0.00  -9999.00
     1   2005    355     700.0      -2.5       3.3      0.51      2.00      7.70  -9999.00
     1   2005    356    3800.0      -0.2       7.7      0.60      2.00      3.50  -9999.00
     1   2005    357    3500.0       1.2       7.5      0.67      2.00      0.00  -9999.00
     1   2005    358    3800.0       0.8       6.1      0.65      2.00      0.00  -9999.00
     1   2005    359     600.0       0.0       5.1      0.61      2.00      0.00  -9999.00
     1   2005    360     600.0       3.1       7.8      0.76      2.00      0.00  -9999.00
     1   2005    361     700.0       6.5       7.4      0.97      2.00      0.10  -9999.00
     1   2005    362     700.0      -0.4       5.8      0.59      2.00      3.70  -9999.00
     1   2005    363     600.0       1.1       5.6      0.66      2.00      0.00  -9999.00
     1   2005    364     700.0       1.6       6.2      0.69      2.00      1.30  -9999.00
     1   2005    365     700.0       0.2       5.3      0.62      2.00      0.40  -9999.00
