*-----------------------------------------------------------------------------* 
           WHWG_170.met           52.12    0.96   89.00
* Date created:  08-Aug-2019     Author: K Coleman 
* 
* NIL VALUE       -9999 
* Source:   data provided by M. Semenov 
*  
* Latitude:    52.12 Longitude:     0.96 Altitude:    89.00
* 
* Column  Daily value 
* 1       station number 
* 2       year 
* 3       day 
* 4       irradiation                   (kJ m-2 d-1) 
* 5       minimum temperature           (degrees Celsius) 
* 6       maximum temperature           (degrees Celsius) 
* 7       early morning vapour pressure (kPa)             
* 8       mean wind speed (height: 2 m?) (m s-1)          
* 9       precipitation                 (mm d-1)          
* 10      sunshine                      (hrs)             
 		Jday	RAD	    TMIN	TMAX	 VAP	wind	RAIN	SUN  
               kj/m2	°C	    °C	     kPa	m/s	    mm	    hrs 
   52.12  89.00
     1   2005      1     700.0       0.1       6.1      0.62      2.00      0.10  -9999.00
     1   2005      2     700.0       1.9       9.5      0.70      2.00      4.20  -9999.00
     1   2005      3     700.0       4.7      10.1      0.85      2.00      1.80  -9999.00
     1   2005      4    2000.0       5.8       8.8      0.92      2.00      1.30  -9999.00
     1   2005      5     800.0       3.9      10.4      0.81      2.00      3.90  -9999.00
     1   2005      6     700.0       2.8       5.7      0.75      2.00      0.10  -9999.00
     1   2005      7    2700.0      -0.7       4.2      0.58      2.00      0.30  -9999.00
     1   2005      8    4100.0       7.0      10.8      1.00      2.00      4.10  -9999.00
     1   2005      9     700.0       4.5      10.5      0.84      2.00      0.30  -9999.00
     1   2005     10    1500.0       3.8       8.8      0.80      2.00      0.30  -9999.00
     1   2005     11     800.0       0.4       9.2      0.63      2.00      1.10  -9999.00
     1   2005     12     900.0       0.6       3.6      0.64      2.00      0.10  -9999.00
     1   2005     13     800.0      -3.9       5.2      0.46      2.00      6.70  -9999.00
     1   2005     14     800.0       2.2       8.1      0.72      2.00      0.50  -9999.00
     1   2005     15    4100.0       0.7       8.3      0.64      2.00      0.00  -9999.00
     1   2005     16    4000.0      -3.5       6.6      0.47      2.00      0.30  -9999.00
     1   2005     17    1200.0       0.4       3.6      0.63      2.00      0.40  -9999.00
     1   2005     18     700.0       2.3       9.1      0.72      2.00      6.00  -9999.00
     1   2005     19    4900.0       2.3       8.8      0.72      2.00      0.10  -9999.00
     1   2005     20    6000.0       0.6       9.1      0.64      2.00      7.60  -9999.00
     1   2005     21    5200.0       2.8       8.9      0.75      2.00      0.00  -9999.00
     1   2005     22    1000.0      -0.8       3.0      0.58      2.00      0.00  -9999.00
     1   2005     23     900.0      -2.0       4.8      0.53      2.00      1.50  -9999.00
     1   2005     24     900.0       2.8      10.3      0.75      2.00      3.20  -9999.00
     1   2005     25    4800.0       1.8      11.9      0.70      2.00      2.80  -9999.00
     1   2005     26    4900.0       2.0       9.0      0.71      2.00      5.40  -9999.00
     1   2005     27    4100.0      -1.4       8.2      0.55      2.00      0.00  -9999.00
     1   2005     28    1000.0       5.4       8.7      0.90      2.00      0.00  -9999.00
     1   2005     29    1000.0       2.5      12.4      0.73      2.00      0.00  -9999.00
     1   2005     30     900.0      -1.6       6.9      0.54      2.00      0.00  -9999.00
     1   2005     31    6800.0      -6.5       7.4      0.38      2.00      0.00  -9999.00
     1   2005     32     900.0       1.9       7.7      0.70      2.00      0.00  -9999.00
     1   2005     33    5600.0      -0.8       8.8      0.58      2.00      0.00  -9999.00
     1   2005     34    1300.0      -0.8       3.4      0.58      2.00      0.00  -9999.00
     1   2005     35    6900.0      -0.8       1.4      0.58      2.00      0.00  -9999.00
     1   2005     36    7200.0       0.3       8.7      0.62      2.00      0.00  -9999.00
     1   2005     37    1200.0       1.0      10.5      0.66      2.00      0.40  -9999.00
     1   2005     38    5200.0       5.0       9.1      0.87      2.00      0.00  -9999.00
     1   2005     39    1200.0       6.0       9.3      0.93      2.00      0.00  -9999.00
     1   2005     40    6000.0       1.4       9.0      0.68      2.00      0.00  -9999.00
     1   2005     41    7800.0       3.4       9.2      0.78      2.00      0.00  -9999.00
     1   2005     42    1100.0       4.1      10.2      0.82      2.00      7.30  -9999.00
     1   2005     43    1300.0       5.6      10.2      0.91      2.00      4.70  -9999.00
     1   2005     44    6100.0       1.3       9.2      0.67      2.00      2.00  -9999.00
     1   2005     45    1800.0       0.2       9.0      0.62      2.00      0.20  -9999.00
     1   2005     46    1300.0       0.0       6.8      0.61      2.00      2.20  -9999.00
     1   2005     47    4700.0       0.3       7.9      0.62      2.00      3.50  -9999.00
     1   2005     48    6900.0      -0.9       6.7      0.57      2.00      6.70  -9999.00
     1   2005     49    8700.0       2.0       7.8      0.71      2.00      0.90  -9999.00
     1   2005     50    6800.0       0.9       5.5      0.65      2.00      0.00  -9999.00
     1   2005     51    5800.0      -1.1       5.6      0.56      2.00      0.00  -9999.00
     1   2005     52    1700.0       4.9       9.8      0.87      2.00      0.00  -9999.00
     1   2005     53    8400.0       0.9       9.1      0.65      2.00      0.00  -9999.00
     1   2005     54   10100.0       3.6      11.2      0.79      2.00      0.00  -9999.00
     1   2005     55    1400.0       0.8       8.6      0.65      2.00      0.00  -9999.00
     1   2005     56    7600.0       4.1      10.4      0.82      2.00      1.80  -9999.00
     1   2005     57    5900.0       3.5      11.6      0.78      2.00      0.70  -9999.00
     1   2005     58    2600.0      -4.4       4.7      0.44      2.00      3.10  -9999.00
     1   2005     59    5100.0       0.1       3.6      0.62      2.00      0.10  -9999.00
     1   2005     60   10900.0       0.5       2.8      0.63      2.00      0.00  -9999.00
     1   2005     61    2800.0      -3.8       8.2      0.46      2.00      0.00  -9999.00
     1   2005     62    2200.0       1.9      11.0      0.70      2.00      0.00  -9999.00
     1   2005     63    9300.0       3.2      10.3      0.77      2.00      4.40  -9999.00
     1   2005     64    7100.0      -1.4       8.9      0.55      2.00      0.00  -9999.00
     1   2005     65    6300.0       3.3       9.0      0.77      2.00      0.70  -9999.00
     1   2005     66   11600.0       4.0       7.4      0.81      2.00     10.00  -9999.00
     1   2005     67    2000.0       5.2       8.0      0.88      2.00      0.00  -9999.00
     1   2005     68   13700.0       1.1       4.6      0.66      2.00      0.00  -9999.00
     1   2005     69   10400.0      -0.5       7.3      0.59      2.00      0.50  -9999.00
     1   2005     70    2800.0      -1.8       5.2      0.54      2.00      8.20  -9999.00
     1   2005     71    6200.0      -0.5       0.9      0.59      2.00      0.00  -9999.00
     1   2005     72    2100.0       4.4       9.5      0.84      2.00      1.10  -9999.00
     1   2005     73    9400.0       5.0      12.9      0.87      2.00      0.00  -9999.00
     1   2005     74   10600.0       2.7      15.7      0.74      2.00      0.00  -9999.00
     1   2005     75   12600.0       1.2      13.5      0.67      2.00      0.10  -9999.00
     1   2005     76    2200.0       1.0       3.3      0.66      2.00      1.50  -9999.00
     1   2005     77   11000.0       0.5       8.7      0.63      2.00      6.70  -9999.00
     1   2005     78   15800.0       5.0      11.2      0.87      2.00      0.50  -9999.00
     1   2005     79    3100.0       5.2      15.1      0.88      2.00      5.70  -9999.00
     1   2005     80    2700.0       2.9       9.3      0.75      2.00      0.30  -9999.00
     1   2005     81    5900.0       2.0      10.5      0.71      2.00     10.50  -9999.00
     1   2005     82   15100.0       2.9       8.4      0.75      2.00      0.00  -9999.00
     1   2005     83    3500.0       5.3       7.3      0.89      2.00      0.90  -9999.00
     1   2005     84    4600.0       3.6      11.5      0.79      2.00      4.10  -9999.00
     1   2005     85    5200.0       3.1      16.1      0.76      2.00      3.20  -9999.00
     1   2005     86   10900.0       3.4      11.5      0.78      2.00      0.40  -9999.00
     1   2005     87    2900.0       1.7      12.4      0.69      2.00      0.40  -9999.00
     1   2005     88    7200.0       0.9      10.3      0.65      2.00      6.80  -9999.00
     1   2005     89   15100.0       1.2       9.3      0.67      2.00      1.70  -9999.00
     1   2005     90   14600.0       0.2      11.2      0.62      2.00      0.30  -9999.00
     1   2005     91    8500.0       3.2      14.3      0.77      2.00      2.10  -9999.00
     1   2005     92    9800.0       2.8       9.1      0.75      2.00      1.20  -9999.00
     1   2005     93   14700.0      -1.0      10.4      0.57      2.00      0.00  -9999.00
     1   2005     94    3900.0       4.8      10.5      0.86      2.00      0.00  -9999.00
     1   2005     95    6500.0       5.2       7.5      0.88      2.00      0.50  -9999.00
     1   2005     96   13900.0       2.3       9.4      0.72      2.00      0.30  -9999.00
     1   2005     97    3900.0       1.6      10.6      0.69      2.00      0.20  -9999.00
     1   2005     98   18800.0       5.5      13.6      0.90      2.00      0.00  -9999.00
     1   2005     99   11400.0       4.7      13.6      0.85      2.00      0.00  -9999.00
     1   2005    100   18900.0       2.2      12.0      0.72      2.00      0.00  -9999.00
     1   2005    101   14100.0       4.2      12.2      0.82      2.00      0.00  -9999.00
     1   2005    102   14900.0      -2.5       9.6      0.51      2.00      1.20  -9999.00
     1   2005    103   11100.0       2.8      10.6      0.75      2.00      0.40  -9999.00
     1   2005    104    5400.0       7.2      14.6      1.02      2.00      2.30  -9999.00
     1   2005    105    3600.0       7.1      20.3      1.01      2.00      0.00  -9999.00
     1   2005    106    8700.0       3.6      10.8      0.79      2.00      0.00  -9999.00
     1   2005    107   10200.0       5.0       7.5      0.87      2.00      0.00  -9999.00
     1   2005    108   23100.0       2.3      13.3      0.72      2.00      0.00  -9999.00
     1   2005    109   12600.0       3.5      12.8      0.78      2.00      0.00  -9999.00
     1   2005    110   17600.0       6.1      21.7      0.94      2.00      0.00  -9999.00
     1   2005    111   11300.0       5.7      15.1      0.92      2.00      4.80  -9999.00
     1   2005    112   21200.0       6.9      13.7      0.99      2.00      0.00  -9999.00
     1   2005    113   19900.0       6.6      12.8      0.97      2.00      0.00  -9999.00
     1   2005    114   16300.0       6.5      17.7      0.97      2.00      0.00  -9999.00
     1   2005    115   14200.0       4.3      14.7      0.83      2.00      5.50  -9999.00
     1   2005    116   15500.0       2.2      13.4      0.72      2.00      0.30  -9999.00
     1   2005    117    3500.0       3.0      15.4      0.76      2.00      3.70  -9999.00
     1   2005    118    7900.0       6.8      12.5      0.99      2.00      5.20  -9999.00
     1   2005    119   13700.0       5.3      12.3      0.89      2.00     20.00  -9999.00
     1   2005    120   16900.0       4.1       9.3      0.82      2.00      1.00  -9999.00
     1   2005    121   18700.0       5.1      12.6      0.88      2.00      0.20  -9999.00
     1   2005    122    4300.0       5.9      20.4      0.93      2.00      0.00  -9999.00
     1   2005    123   16300.0       7.4      18.5      1.03      2.00      1.60  -9999.00
     1   2005    124   25700.0       8.1      18.5      1.08      2.00      0.00  -9999.00
     1   2005    125    4000.0       8.0      13.2      1.07      2.00      0.10  -9999.00
     1   2005    126   20800.0       1.3      12.3      0.67      2.00      3.80  -9999.00
     1   2005    127   22500.0       5.7       9.9      0.92      2.00      1.70  -9999.00
     1   2005    128    4300.0       5.4      12.2      0.90      2.00      0.00  -9999.00
     1   2005    129   26500.0       2.3      14.4      0.72      2.00      0.00  -9999.00
     1   2005    130    8100.0       7.0      12.9      1.00      2.00      0.40  -9999.00
     1   2005    131   17300.0       4.2      13.3      0.82      2.00      5.20  -9999.00
     1   2005    132    8200.0       5.7      15.4      0.92      2.00      0.80  -9999.00
     1   2005    133   27100.0       4.9      15.6      0.87      2.00      0.00  -9999.00
     1   2005    134   11100.0       8.0      15.8      1.07      2.00      0.00  -9999.00
     1   2005    135   24400.0       6.9      13.1      0.99      2.00      0.00  -9999.00
     1   2005    136   25500.0       4.8      16.8      0.86      2.00      0.00  -9999.00
     1   2005    137    7900.0       2.1      16.5      0.71      2.00      0.00  -9999.00
     1   2005    138   17900.0       8.1      16.4      1.08      2.00      0.00  -9999.00
     1   2005    139   18000.0       9.3      18.3      1.17      2.00      0.00  -9999.00
     1   2005    140   17500.0       8.5      15.1      1.11      2.00      2.30  -9999.00
     1   2005    141   19700.0       9.8      21.2      1.21      2.00      0.00  -9999.00
     1   2005    142   19400.0       4.8      14.2      0.86      2.00      1.20  -9999.00
     1   2005    143   25800.0       8.0      15.4      1.07      2.00      2.30  -9999.00
     1   2005    144   22800.0       7.5      16.6      1.04      2.00      0.00  -9999.00
     1   2005    145   26400.0       9.7      12.9      1.20      2.00      0.50  -9999.00
     1   2005    146   21300.0      10.0      15.6      1.23      2.00      0.60  -9999.00
     1   2005    147    8500.0      13.5      17.2      1.55      2.00      0.00  -9999.00
     1   2005    148   25100.0       9.9      18.3      1.22      2.00      0.00  -9999.00
     1   2005    149   12500.0       9.6      15.4      1.20      2.00      8.70  -9999.00
     1   2005    150   19000.0       8.3      15.3      1.09      2.00      1.30  -9999.00
     1   2005    151   25800.0       7.7      15.5      1.05      2.00      0.00  -9999.00
     1   2005    152   23500.0       6.5      12.5      0.97      2.00      0.70  -9999.00
     1   2005    153    6500.0       6.1      12.8      0.94      2.00      2.50  -9999.00
     1   2005    154   23600.0      10.0      19.1      1.23      2.00      0.00  -9999.00
     1   2005    155   29600.0      12.2      18.2      1.42      2.00      0.00  -9999.00
     1   2005    156   29600.0      12.6      21.0      1.46      2.00      0.00  -9999.00
     1   2005    157    6000.0      14.5      18.1      1.65      2.00      0.00  -9999.00
     1   2005    158   27100.0      11.1      19.2      1.32      2.00      0.00  -9999.00
     1   2005    159   30000.0      10.8      21.7      1.29      2.00      0.00  -9999.00
     1   2005    160   15600.0       5.4      18.2      0.90      2.00      0.00  -9999.00
     1   2005    161   29300.0       8.5      17.0      1.11      2.00      0.00  -9999.00
     1   2005    162   28800.0      10.5      22.1      1.27      2.00      0.00  -9999.00
     1   2005    163   28300.0       9.6      19.2      1.20      2.00      0.00  -9999.00
     1   2005    164   29500.0       9.3      15.9      1.17      2.00      0.00  -9999.00
     1   2005    165   23800.0       5.8      17.0      0.92      2.00      0.80  -9999.00
     1   2005    166   29200.0      10.7      22.2      1.29      2.00      0.00  -9999.00
     1   2005    167    4600.0      11.2      17.9      1.33      2.00      0.50  -9999.00
     1   2005    168   22600.0      10.0      19.7      1.23      2.00      6.60  -9999.00
     1   2005    169   15200.0      11.2      17.7      1.33      2.00      0.70  -9999.00
     1   2005    170   13200.0      11.0      16.7      1.31      2.00      1.40  -9999.00
     1   2005    171   23400.0      12.5      19.1      1.45      2.00      1.80  -9999.00
     1   2005    172   28400.0       7.3      19.7      1.02      2.00      0.00  -9999.00
     1   2005    173   24600.0       9.0      15.9      1.15      2.00      4.90  -9999.00
     1   2005    174   19800.0       9.9      21.8      1.22      2.00      3.30  -9999.00
     1   2005    175   29300.0       9.9      24.7      1.22      2.00      0.00  -9999.00
     1   2005    176   23400.0      12.2      20.7      1.42      2.00      0.00  -9999.00
     1   2005    177   16100.0      15.7      19.5      1.78      2.00      0.60  -9999.00
     1   2005    178   24000.0       9.0      14.4      1.15      2.00      4.30  -9999.00
     1   2005    179   23900.0       7.6      18.5      1.04      2.00      0.00  -9999.00
     1   2005    180    5100.0       5.4      17.1      0.90      2.00      0.00  -9999.00
     1   2005    181   19500.0       9.3      19.9      1.17      2.00      0.00  -9999.00
     1   2005    182    7200.0       9.8      16.0      1.21      2.00      0.60  -9999.00
     1   2005    183   11600.0      11.1      15.9      1.32      2.00      6.10  -9999.00
     1   2005    184   10100.0      13.6      20.8      1.56      2.00      0.80  -9999.00
     1   2005    185    9800.0      13.5      19.4      1.55      2.00     21.10  -9999.00
     1   2005    186   18400.0      16.2      22.6      1.84      2.00     13.00  -9999.00
     1   2005    187   16300.0      12.5      28.8      1.45      2.00      0.00  -9999.00
     1   2005    188    9700.0       7.5      19.2      1.04      2.00      0.00  -9999.00
     1   2005    189   15600.0       9.6      15.8      1.20      2.00      0.20  -9999.00
     1   2005    190   14500.0      12.4      20.0      1.44      2.00      1.60  -9999.00
     1   2005    191   24700.0      13.7      21.9      1.57      2.00      0.00  -9999.00
     1   2005    192   29500.0      13.4      24.6      1.54      2.00      0.00  -9999.00
     1   2005    193   25900.0      11.7      21.5      1.37      2.00      0.00  -9999.00
     1   2005    194   24300.0      11.7      19.2      1.37      2.00      4.60  -9999.00
     1   2005    195    8300.0      10.4      19.6      1.26      2.00     70.80  -9999.00
     1   2005    196    4100.0      11.8      19.8      1.38      2.00      0.60  -9999.00
     1   2005    197   19100.0      10.3      20.6      1.25      2.00      0.00  -9999.00
     1   2005    198    7000.0      10.5      18.1      1.27      2.00      8.60  -9999.00
     1   2005    199    9700.0      12.0      19.4      1.40      2.00      0.00  -9999.00
     1   2005    200   28900.0      15.3      25.7      1.74      2.00      0.00  -9999.00
     1   2005    201   20000.0      12.2      29.4      1.42      2.00      0.30  -9999.00
     1   2005    202    4500.0      14.7      23.0      1.67      2.00     14.10  -9999.00
     1   2005    203    5200.0      13.5      23.1      1.55      2.00      0.30  -9999.00
     1   2005    204   23000.0      11.4      20.3      1.35      2.00      2.60  -9999.00
     1   2005    205    7000.0      13.0      19.8      1.50      2.00     12.50  -9999.00
     1   2005    206   26200.0      11.7      20.4      1.37      2.00      0.00  -9999.00
     1   2005    207   15600.0      13.2      22.7      1.52      2.00      0.00  -9999.00
     1   2005    208    9100.0      12.0      19.4      1.40      2.00      2.20  -9999.00
     1   2005    209   18000.0      10.9      23.0      1.30      2.00      0.00  -9999.00
     1   2005    210   11800.0      12.8      20.7      1.48      2.00      7.10  -9999.00
     1   2005    211    4300.0       8.6      18.3      1.12      2.00      0.50  -9999.00
     1   2005    212   14200.0      14.0      21.5      1.60      2.00      6.20  -9999.00
     1   2005    213    3900.0      12.6      21.5      1.46      2.00      4.20  -9999.00
     1   2005    214   22600.0      12.0      21.0      1.40      2.00      0.50  -9999.00
     1   2005    215   23900.0      12.4      24.2      1.44      2.00      0.00  -9999.00
     1   2005    216   18500.0      10.6      17.8      1.28      2.00      0.00  -9999.00
     1   2005    217   20800.0      14.5      21.7      1.65      2.00      0.00  -9999.00
     1   2005    218   20100.0      12.5      23.3      1.45      2.00      0.00  -9999.00
     1   2005    219   15400.0      12.1      26.9      1.41      2.00      0.00  -9999.00
     1   2005    220   14300.0      10.1      18.9      1.24      2.00      0.40  -9999.00
     1   2005    221   21800.0      11.9      19.9      1.39      2.00      0.60  -9999.00
     1   2005    222   12100.0      14.0      25.4      1.60      2.00      6.00  -9999.00
     1   2005    223   17700.0      13.8      24.1      1.58      2.00      2.50  -9999.00
     1   2005    224   23000.0      13.7      23.6      1.57      2.00      0.00  -9999.00
     1   2005    225   13400.0      11.2      22.4      1.33      2.00      1.30  -9999.00
     1   2005    226   13600.0      14.4      27.5      1.64      2.00      0.00  -9999.00
     1   2005    227   14600.0      10.0      23.3      1.23      2.00      1.10  -9999.00
     1   2005    228   15600.0      10.0      18.1      1.23      2.00      4.70  -9999.00
     1   2005    229   24700.0      13.9      22.4      1.59      2.00      0.00  -9999.00
     1   2005    230   23400.0      12.9      21.3      1.49      2.00      0.00  -9999.00
     1   2005    231   16400.0      10.0      23.3      1.23      2.00      0.00  -9999.00
     1   2005    232   15400.0      10.8      21.1      1.29      2.00      0.30  -9999.00
     1   2005    233   14600.0      13.9      24.6      1.59      2.00      0.30  -9999.00
     1   2005    234    9900.0      14.0      25.3      1.60      2.00      0.00  -9999.00
     1   2005    235   17100.0      16.4      31.5      1.86      2.00      0.00  -9999.00
     1   2005    236    7300.0      11.0      23.3      1.31      2.00      0.00  -9999.00
     1   2005    237   10200.0      12.7      27.2      1.47      2.00      0.00  -9999.00
     1   2005    238   14300.0      10.6      21.2      1.28      2.00      0.20  -9999.00
     1   2005    239    3600.0       6.1      21.3      0.94      2.00      0.80  -9999.00
     1   2005    240   21400.0       8.7      19.8      1.12      2.00      3.60  -9999.00
     1   2005    241   10500.0       9.1      20.1      1.16      2.00      0.60  -9999.00
     1   2005    242   14300.0      12.3      21.6      1.43      2.00      7.90  -9999.00
     1   2005    243    7400.0      16.1      21.3      1.83      2.00      0.00  -9999.00
     1   2005    244   13000.0      10.4      17.0      1.26      2.00     22.90  -9999.00
     1   2005    245    8200.0      10.9      17.4      1.30      2.00      4.70  -9999.00
     1   2005    246    6700.0       7.4      18.0      1.03      2.00      0.10  -9999.00
     1   2005    247    3700.0      11.9      20.7      1.39      2.00      0.00  -9999.00
     1   2005    248   14500.0      11.3      19.9      1.34      2.00      0.00  -9999.00
     1   2005    249    8100.0      16.1      20.7      1.83      2.00      0.00  -9999.00
     1   2005    250    5600.0       3.3      19.3      0.77      2.00      0.00  -9999.00
     1   2005    251    5300.0      10.6      17.1      1.28      2.00      0.00  -9999.00
     1   2005    252   17100.0       4.9      16.8      0.87      2.00      0.00  -9999.00
     1   2005    253    6700.0       9.6      17.5      1.20      2.00      0.80  -9999.00
     1   2005    254   16900.0       9.6      16.5      1.20      2.00      0.00  -9999.00
     1   2005    255   12400.0       6.7      17.9      0.98      2.00      0.00  -9999.00
     1   2005    256    6600.0       8.8      19.6      1.13      2.00      5.90  -9999.00
     1   2005    257   10700.0       8.2      17.5      1.09      2.00     11.20  -9999.00
     1   2005    258   15500.0       9.3      21.5      1.17      2.00      0.00  -9999.00
     1   2005    259    9900.0       9.8      19.5      1.21      2.00      3.50  -9999.00
     1   2005    260    2900.0      13.4      18.6      1.54      2.00      0.10  -9999.00
     1   2005    261   15000.0      11.9      18.3      1.39      2.00      0.00  -9999.00
     1   2005    262    6400.0       8.0      17.8      1.07      2.00      0.10  -9999.00
     1   2005    263   11800.0      11.7      20.6      1.37      2.00      2.50  -9999.00
     1   2005    264    3300.0      11.1      17.6      1.32      2.00      2.70  -9999.00
     1   2005    265   14500.0      14.2      14.8      1.62      2.00      1.70  -9999.00
     1   2005    266   13400.0       9.5      21.1      1.19      2.00      0.00  -9999.00
     1   2005    267    2400.0       9.5      18.0      1.19      2.00      0.10  -9999.00
     1   2005    268   11900.0      10.1      15.5      1.24      2.00      0.00  -9999.00
     1   2005    269   15200.0       9.6      13.7      1.20      2.00      0.00  -9999.00
     1   2005    270   13100.0      11.6      16.8      1.37      2.00      0.00  -9999.00
     1   2005    271    2500.0      11.1      15.9      1.32      2.00      0.00  -9999.00
     1   2005    272   12900.0       5.5      16.1      0.90      2.00      0.00  -9999.00
     1   2005    273   12000.0       2.4      16.9      0.73      2.00      0.00  -9999.00
     1   2005    274   12600.0      10.3      16.5      1.25      2.00      0.00  -9999.00
     1   2005    275    2900.0      12.1      15.3      1.41      2.00     32.10  -9999.00
     1   2005    276    7300.0       8.9      16.1      1.14      2.00      0.00  -9999.00
     1   2005    277   11600.0      12.3      18.1      1.43      2.00      0.00  -9999.00
     1   2005    278   12900.0      10.2      15.6      1.24      2.00      0.00  -9999.00
     1   2005    279    1800.0      10.2      16.9      1.24      2.00      0.00  -9999.00
     1   2005    280    9600.0       9.7      18.0      1.20      2.00      4.40  -9999.00
     1   2005    281   11600.0       7.8      15.5      1.06      2.00      0.00  -9999.00
     1   2005    282    9700.0       6.8      14.5      0.99      2.00      0.00  -9999.00
     1   2005    283    5300.0       7.6      12.1      1.04      2.00      4.00  -9999.00
     1   2005    284    6000.0      11.0      15.8      1.31      2.00      2.10  -9999.00
     1   2005    285   10000.0       6.4      18.9      0.96      2.00      0.00  -9999.00
     1   2005    286    1500.0      10.5      15.3      1.27      2.00      0.90  -9999.00
     1   2005    287    9200.0      11.9      13.3      1.39      2.00      0.00  -9999.00
     1   2005    288    1500.0      10.3      15.5      1.25      2.00      2.60  -9999.00
     1   2005    289    5900.0       5.9      15.9      0.93      2.00      7.00  -9999.00
     1   2005    290    5700.0       4.4      12.1      0.84      2.00      0.00  -9999.00
     1   2005    291    6000.0       4.2      12.9      0.82      2.00      0.00  -9999.00
     1   2005    292    5400.0       6.7      13.5      0.98      2.00      0.00  -9999.00
     1   2005    293    4500.0       9.7      11.7      1.20      2.00      0.00  -9999.00
     1   2005    294    8000.0      -2.6       9.9      0.50      2.00      0.60  -9999.00
     1   2005    295    6200.0       5.8       9.4      0.92      2.00      7.40  -9999.00
     1   2005    296    1300.0       9.3      15.8      1.17      2.00      0.10  -9999.00
     1   2005    297    1300.0      13.1      18.5      1.51      2.00      1.10  -9999.00
     1   2005    298    7400.0       3.7       9.4      0.80      2.00     18.20  -9999.00
     1   2005    299    5100.0       4.6      12.3      0.85      2.00      5.40  -9999.00
     1   2005    300    1400.0       6.4      11.9      0.96      2.00      9.20  -9999.00
     1   2005    301    3700.0       7.8      11.6      1.06      2.00      0.00  -9999.00
     1   2005    302    1400.0       8.8      12.3      1.13      2.00      0.40  -9999.00
     1   2005    303    1600.0       7.8      11.4      1.06      2.00     19.30  -9999.00
     1   2005    304    3100.0       8.7      14.4      1.12      2.00      0.20  -9999.00
     1   2005    305    6500.0       5.8      14.8      0.92      2.00     29.60  -9999.00
     1   2005    306    3300.0       4.5      10.1      0.84      2.00      0.00  -9999.00
     1   2005    307    3500.0       6.6       9.8      0.97      2.00      0.00  -9999.00
     1   2005    308    3800.0       9.4      11.7      1.18      2.00      0.00  -9999.00
     1   2005    309    2100.0       7.4      11.3      1.03      2.00      2.30  -9999.00
     1   2005    310    2900.0       5.8      12.7      0.92      2.00      0.50  -9999.00
     1   2005    311    5700.0       7.5      10.6      1.04      2.00      1.40  -9999.00
     1   2005    312     900.0       3.2       9.5      0.77      2.00     14.00  -9999.00
     1   2005    313    5200.0       1.5       5.0      0.68      2.00      0.00  -9999.00
     1   2005    314    6000.0       4.0       8.7      0.81      2.00      0.00  -9999.00
     1   2005    315     900.0       0.7       8.5      0.64      2.00      0.00  -9999.00
     1   2005    316    3600.0       5.4      11.1      0.90      2.00      0.10  -9999.00
     1   2005    317    5000.0       3.3      12.7      0.77      2.00      0.00  -9999.00
     1   2005    318    2800.0       1.7       9.8      0.69      2.00      5.80  -9999.00
     1   2005    319     900.0       3.3      10.8      0.77      2.00      0.80  -9999.00
     1   2005    320     900.0       3.7      10.0      0.80      2.00     13.50  -9999.00
     1   2005    321    1300.0      -0.6       4.6      0.58      2.00      0.00  -9999.00
     1   2005    322    1600.0      -1.0       7.3      0.57      2.00      1.10  -9999.00
     1   2005    323    5300.0       0.5       4.1      0.63      2.00      2.60  -9999.00
     1   2005    324     900.0       4.6      12.0      0.85      2.00      2.80  -9999.00
     1   2005    325    1500.0       1.4      12.6      0.68      2.00      0.20  -9999.00
     1   2005    326     800.0       4.4      11.0      0.84      2.00      0.40  -9999.00
     1   2005    327     800.0       2.6      12.2      0.74      2.00     14.00  -9999.00
     1   2005    328     900.0       1.3      10.3      0.67      2.00      0.00  -9999.00
     1   2005    329     900.0       0.8      12.8      0.65      2.00      2.40  -9999.00
     1   2005    330    1400.0       1.3       8.8      0.67      2.00      0.10  -9999.00
     1   2005    331    3300.0       4.6       9.7      0.85      2.00      3.10  -9999.00
     1   2005    332    4600.0       2.6       5.0      0.74      2.00      7.50  -9999.00
     1   2005    333    2000.0       3.1       5.1      0.76      2.00      4.60  -9999.00
     1   2005    334     800.0      -0.5       5.5      0.59      2.00      0.00  -9999.00
     1   2005    335     800.0      -2.9       5.4      0.49      2.00      0.70  -9999.00
     1   2005    336     700.0       0.5       5.9      0.63      2.00      3.10  -9999.00
     1   2005    337     700.0       0.3       4.9      0.62      2.00      0.00  -9999.00
     1   2005    338    3200.0       0.2       5.3      0.62      2.00      0.00  -9999.00
     1   2005    339    4300.0       2.2       6.3      0.72      2.00      0.00  -9999.00
     1   2005    340     600.0       3.7       6.8      0.80      2.00      0.00  -9999.00
     1   2005    341     700.0       1.0      11.1      0.66      2.00      0.30  -9999.00
     1   2005    342    2800.0      -0.6       5.9      0.58      2.00      6.50  -9999.00
     1   2005    343    4100.0      -7.5       3.9      0.35      2.00      0.00  -9999.00
     1   2005    344     600.0       1.0       5.7      0.66      2.00      0.00  -9999.00
     1   2005    345     700.0       1.0       9.4      0.66      2.00      2.30  -9999.00
     1   2005    346    2600.0       4.4       8.1      0.84      2.00      4.70  -9999.00
     1   2005    347     600.0       5.6       8.0      0.91      2.00      0.00  -9999.00
     1   2005    348    3600.0       3.1       6.5      0.76      2.00      0.00  -9999.00
     1   2005    349    4100.0       1.0       7.0      0.66      2.00      0.00  -9999.00
     1   2005    350    3600.0       1.0       4.8      0.66      2.00      0.00  -9999.00
     1   2005    351    1900.0      -1.6       4.4      0.54      2.00      0.10  -9999.00
     1   2005    352     700.0       3.4       7.9      0.78      2.00      4.50  -9999.00
     1   2005    353    3700.0       1.7       7.8      0.69      2.00      2.90  -9999.00
     1   2005    354    1600.0       2.0       5.8      0.71      2.00      0.90  -9999.00
     1   2005    355    3300.0       2.5       3.1      0.73      2.00      0.00  -9999.00
     1   2005    356    4000.0       3.2       7.1      0.77      2.00      2.50  -9999.00
     1   2005    357     600.0       0.8       5.0      0.65      2.00      0.00  -9999.00
     1   2005    358     900.0       4.7       9.0      0.85      2.00      0.50  -9999.00
     1   2005    359     600.0       7.4       9.1      1.03      2.00      0.00  -9999.00
     1   2005    360     600.0      -0.1       5.4      0.61      2.00      0.00  -9999.00
     1   2005    361    3100.0       0.6       3.5      0.64      2.00      1.20  -9999.00
     1   2005    362    3100.0       2.2       8.6      0.72      2.00      1.30  -9999.00
     1   2005    363     700.0       5.3       9.5      0.89      2.00      3.00  -9999.00
     1   2005    364    3700.0      -4.6       3.6      0.43      2.00      9.60  -9999.00
     1   2005    365     700.0      -0.8       4.8      0.58      2.00      0.60  -9999.00
