*-----------------------------------------------------------------------------* 
           WHWG_222.met           52.12    0.96   89.00
* Date created:  08-Aug-2019     Author: K Coleman 
* 
* NIL VALUE       -9999 
* Source:   data provided by M. Semenov 
*  
* Latitude:    52.12 Longitude:     0.96 Altitude:    89.00
* 
* Column  Daily value 
* 1       station number 
* 2       year 
* 3       day 
* 4       irradiation                   (kJ m-2 d-1) 
* 5       minimum temperature           (degrees Celsius) 
* 6       maximum temperature           (degrees Celsius) 
* 7       early morning vapour pressure (kPa)             
* 8       mean wind speed (height: 2 m?) (m s-1)          
* 9       precipitation                 (mm d-1)          
* 10      sunshine                      (hrs)             
 		Jday	RAD	    TMIN	TMAX	 VAP	wind	RAIN	SUN  
               kj/m2	°C	    °C	     kPa	m/s	    mm	    hrs 
   52.12  89.00
     1   2005      1    1600.0      -0.2       7.3      0.60      2.00      0.20  -9999.00
     1   2005      2    4500.0      -0.8       3.2      0.58      2.00      0.00  -9999.00
     1   2005      3    4200.0      -0.3       3.9      0.60      2.00      0.00  -9999.00
     1   2005      4    1000.0       2.1       7.7      0.71      2.00      2.80  -9999.00
     1   2005      5    1500.0       6.3       9.3      0.95      2.00      4.30  -9999.00
     1   2005      6     700.0       0.9       3.3      0.65      2.00      0.00  -9999.00
     1   2005      7    5300.0      -0.1       1.6      0.61      2.00      9.10  -9999.00
     1   2005      8     800.0       2.2       4.7      0.72      2.00      0.00  -9999.00
     1   2005      9    1700.0       2.1       4.1      0.71      2.00      0.00  -9999.00
     1   2005     10    4300.0       8.5      10.1      1.11      2.00      1.40  -9999.00
     1   2005     11    1000.0       5.2      10.5      0.88      2.00      5.50  -9999.00
     1   2005     12    4600.0       2.6       5.8      0.74      2.00      1.80  -9999.00
     1   2005     13    1100.0       3.1       7.3      0.76      2.00      1.10  -9999.00
     1   2005     14    4800.0      -5.5       4.8      0.41      2.00      0.00  -9999.00
     1   2005     15    4400.0       0.8       5.9      0.65      2.00      0.90  -9999.00
     1   2005     16    4500.0      -1.1       6.2      0.56      2.00      0.00  -9999.00
     1   2005     17    1400.0      -0.9       5.7      0.57      2.00      0.80  -9999.00
     1   2005     18     700.0       3.4       9.0      0.78      2.00      0.00  -9999.00
     1   2005     19    4600.0       1.6      13.2      0.69      2.00      0.30  -9999.00
     1   2005     20     800.0       3.1       9.5      0.76      2.00      1.80  -9999.00
     1   2005     21    3700.0       8.1      10.1      1.08      2.00      0.40  -9999.00
     1   2005     22    4900.0       1.5       8.0      0.68      2.00      2.80  -9999.00
     1   2005     23    4600.0       0.7       8.9      0.64      2.00      0.50  -9999.00
     1   2005     24    4200.0      -1.1       1.5      0.56      2.00      0.00  -9999.00
     1   2005     25    4200.0       0.6       2.0      0.64      2.00      0.00  -9999.00
     1   2005     26     900.0       1.5       8.8      0.68      2.00      0.00  -9999.00
     1   2005     27    2000.0       7.4      11.6      1.03      2.00      0.50  -9999.00
     1   2005     28    1900.0       3.4      10.3      0.78      2.00      0.00  -9999.00
     1   2005     29    5700.0       4.7      10.7      0.85      2.00      0.70  -9999.00
     1   2005     30    7500.0      -2.7       4.5      0.50      2.00      0.20  -9999.00
     1   2005     31    1700.0      -3.2       7.2      0.48      2.00      4.50  -9999.00
     1   2005     32    2900.0       2.8       9.5      0.75      2.00      2.40  -9999.00
     1   2005     33    2100.0       1.2       7.9      0.67      2.00      3.30  -9999.00
     1   2005     34    1200.0      -1.2       6.8      0.56      2.00      0.00  -9999.00
     1   2005     35    6600.0       0.5       5.2      0.63      2.00      0.00  -9999.00
     1   2005     36    3600.0       0.3       7.3      0.62      2.00      0.00  -9999.00
     1   2005     37    1000.0       2.5       8.5      0.73      2.00      0.00  -9999.00
     1   2005     38    4900.0       2.5       8.9      0.73      2.00      0.00  -9999.00
     1   2005     39    1100.0       4.0      10.3      0.81      2.00      0.00  -9999.00
     1   2005     40    3200.0       3.2       6.9      0.77      2.00      0.00  -9999.00
     1   2005     41    1700.0       3.4       5.2      0.78      2.00      0.70  -9999.00
     1   2005     42    7100.0      -0.2       4.5      0.60      2.00      0.00  -9999.00
     1   2005     43    6700.0      -2.6       5.8      0.50      2.00      0.00  -9999.00
     1   2005     44    7800.0      -2.3       5.3      0.52      2.00      0.00  -9999.00
     1   2005     45    2700.0      -3.1       3.1      0.49      2.00      0.00  -9999.00
     1   2005     46    7000.0       2.6       6.9      0.74      2.00      0.00  -9999.00
     1   2005     47    6400.0       1.9       6.0      0.70      2.00      0.00  -9999.00
     1   2005     48    1400.0       2.4       9.9      0.73      2.00      0.30  -9999.00
     1   2005     49    6500.0      -1.5       7.5      0.55      2.00      0.00  -9999.00
     1   2005     50    2400.0       3.4       7.1      0.78      2.00      0.80  -9999.00
     1   2005     51    7300.0       2.0       9.1      0.71      2.00      0.50  -9999.00
     1   2005     52    6400.0       4.4       9.5      0.84      2.00      6.50  -9999.00
     1   2005     53    2200.0       1.1       8.8      0.66      2.00      5.50  -9999.00
     1   2005     54    2000.0       4.8      10.5      0.86      2.00      1.50  -9999.00
     1   2005     55    1800.0       3.1       9.8      0.76      2.00      0.00  -9999.00
     1   2005     56    8400.0      -0.8       5.7      0.58      2.00      0.70  -9999.00
     1   2005     57    7100.0      -0.7       7.8      0.58      2.00      0.00  -9999.00
     1   2005     58    4500.0       0.5       8.2      0.63      2.00      0.20  -9999.00
     1   2005     59    1500.0       1.1       8.3      0.66      2.00      7.40  -9999.00
     1   2005     60    8600.0      -4.6       8.1      0.43      2.00      0.10  -9999.00
     1   2005     61    2400.0      -2.4       4.0      0.51      2.00      0.00  -9999.00
     1   2005     62   10600.0       2.7       5.8      0.74      2.00      0.60  -9999.00
     1   2005     63    1600.0       5.6       9.0      0.91      2.00      1.10  -9999.00
     1   2005     64    9400.0       0.7      11.6      0.64      2.00      0.00  -9999.00
     1   2005     65    9800.0       1.3       9.8      0.67      2.00      0.00  -9999.00
     1   2005     66    9100.0       2.6       7.9      0.74      2.00      0.00  -9999.00
     1   2005     67   13500.0       2.7       9.4      0.74      2.00      4.90  -9999.00
     1   2005     68    2100.0       1.2       8.0      0.67      2.00      0.20  -9999.00
     1   2005     69    1900.0       1.8       9.9      0.70      2.00      0.80  -9999.00
     1   2005     70   10800.0       1.2       9.8      0.67      2.00      0.00  -9999.00
     1   2005     71    9600.0       4.1      11.1      0.82      2.00      0.00  -9999.00
     1   2005     72    3000.0       0.0       6.1      0.61      2.00      0.50  -9999.00
     1   2005     73   12700.0       0.2       2.1      0.62      2.00      0.00  -9999.00
     1   2005     74    3800.0       1.3      12.5      0.67      2.00      0.00  -9999.00
     1   2005     75    2000.0       0.7      13.8      0.64      2.00      1.30  -9999.00
     1   2005     76    7300.0       3.8       7.8      0.80      2.00      0.00  -9999.00
     1   2005     77    9800.0       4.0       6.3      0.81      2.00      0.00  -9999.00
     1   2005     78   15900.0       4.0      15.0      0.81      2.00      4.10  -9999.00
     1   2005     79    9600.0       4.8      11.5      0.86      2.00      7.80  -9999.00
     1   2005     80    9800.0       1.1      10.5      0.66      2.00      0.40  -9999.00
     1   2005     81   10100.0       0.8       8.6      0.65      2.00      1.20  -9999.00
     1   2005     82    8800.0       3.4      14.3      0.78      2.00      0.00  -9999.00
     1   2005     83   15100.0      -0.6      15.3      0.58      2.00      0.00  -9999.00
     1   2005     84   12100.0       3.5      11.7      0.78      2.00      0.60  -9999.00
     1   2005     85    7500.0       6.9       9.5      0.99      2.00      5.10  -9999.00
     1   2005     86   13000.0       4.5      10.4      0.84      2.00      0.00  -9999.00
     1   2005     87   14000.0       5.7       7.7      0.92      2.00      0.00  -9999.00
     1   2005     88    3900.0       6.4      12.9      0.96      2.00      7.00  -9999.00
     1   2005     89   14100.0       6.6      12.5      0.97      2.00      0.00  -9999.00
     1   2005     90    3600.0      10.4      15.0      1.26      2.00      0.70  -9999.00
     1   2005     91   15600.0       4.5      15.1      0.84      2.00      0.00  -9999.00
     1   2005     92    4500.0       7.4      10.8      1.03      2.00      1.00  -9999.00
     1   2005     93   15100.0      10.5      12.4      1.27      2.00      6.80  -9999.00
     1   2005     94    4900.0       5.2       9.1      0.88      2.00      1.80  -9999.00
     1   2005     95    5100.0       9.5      10.0      1.19      2.00      3.30  -9999.00
     1   2005     96    3400.0       4.8      14.5      0.86      2.00      0.10  -9999.00
     1   2005     97   15500.0       6.6      12.8      0.97      2.00      1.60  -9999.00
     1   2005     98   11100.0       1.9      14.5      0.70      2.00      0.00  -9999.00
     1   2005     99    6000.0       4.4      17.5      0.84      2.00      0.00  -9999.00
     1   2005    100    9100.0       6.9      23.3      0.99      2.00      0.00  -9999.00
     1   2005    101    6200.0       6.3      15.1      0.95      2.00      0.00  -9999.00
     1   2005    102    6400.0       3.5      10.4      0.78      2.00      0.00  -9999.00
     1   2005    103   14400.0       4.8      10.2      0.86      2.00      0.90  -9999.00
     1   2005    104    4200.0       2.0       7.3      0.71      2.00      5.20  -9999.00
     1   2005    105    3800.0       3.4       8.2      0.78      2.00      5.10  -9999.00
     1   2005    106   14600.0       5.6      14.1      0.91      2.00      0.10  -9999.00
     1   2005    107    4500.0       5.2      14.4      0.88      2.00      2.30  -9999.00
     1   2005    108    3700.0       2.2      10.8      0.72      2.00      5.60  -9999.00
     1   2005    109   19700.0       5.0       9.2      0.87      2.00      3.00  -9999.00
     1   2005    110   14100.0       3.1      10.6      0.76      2.00      0.10  -9999.00
     1   2005    111   16900.0       1.3      10.9      0.67      2.00      1.10  -9999.00
     1   2005    112    8900.0       3.2      14.1      0.77      2.00      1.50  -9999.00
     1   2005    113    7700.0       6.2      13.3      0.95      2.00      0.30  -9999.00
     1   2005    114   12600.0      -0.4       7.9      0.59      2.00      0.10  -9999.00
     1   2005    115    8800.0       0.2       8.8      0.62      2.00      9.00  -9999.00
     1   2005    116   20200.0       1.7       8.2      0.69      2.00      1.70  -9999.00
     1   2005    117   19000.0       3.3      11.1      0.77      2.00      5.40  -9999.00
     1   2005    118    3700.0       5.2      11.0      0.88      2.00     28.30  -9999.00
     1   2005    119   15600.0       1.5       6.8      0.68      2.00      3.30  -9999.00
     1   2005    120   21200.0       7.2      13.2      1.02      2.00      1.00  -9999.00
     1   2005    121   19700.0       4.7      13.1      0.85      2.00      9.50  -9999.00
     1   2005    122    6200.0       6.5      12.6      0.97      2.00      0.00  -9999.00
     1   2005    123    7600.0       8.7      12.6      1.12      2.00      5.20  -9999.00
     1   2005    124    3700.0       7.6      12.4      1.04      2.00      0.80  -9999.00
     1   2005    125    9700.0       6.4      11.6      0.96      2.00      3.00  -9999.00
     1   2005    126   15400.0       6.6      13.2      0.97      2.00      4.60  -9999.00
     1   2005    127    7600.0       6.5      15.6      0.97      2.00      0.00  -9999.00
     1   2005    128   26700.0       5.7      13.6      0.92      2.00      0.00  -9999.00
     1   2005    129   21200.0       7.8       9.8      1.06      2.00      0.00  -9999.00
     1   2005    130   22600.0      10.5      19.8      1.27      2.00      0.00  -9999.00
     1   2005    131   18400.0      10.3      18.0      1.25      2.00      0.00  -9999.00
     1   2005    132   14400.0       4.8      17.2      0.86      2.00      0.00  -9999.00
     1   2005    133   27000.0       4.1      20.5      0.82      2.00      0.00  -9999.00
     1   2005    134   22400.0       8.7      25.1      1.12      2.00      0.00  -9999.00
     1   2005    135   27100.0       9.9      21.7      1.22      2.00      0.00  -9999.00
     1   2005    136   25300.0       6.1       9.1      0.94      2.00      0.00  -9999.00
     1   2005    137   25700.0       8.2      13.4      1.09      2.00      0.00  -9999.00
     1   2005    138    6800.0       3.8      14.9      0.80      2.00      1.00  -9999.00
     1   2005    139    4900.0       6.7      17.8      0.98      2.00     15.10  -9999.00
     1   2005    140   15700.0       8.1      17.7      1.08      2.00      2.40  -9999.00
     1   2005    141   27800.0       7.1      20.3      1.01      2.00      0.00  -9999.00
     1   2005    142   15400.0       9.4      15.2      1.18      2.00      2.70  -9999.00
     1   2005    143   21500.0      13.3      15.3      1.53      2.00      0.00  -9999.00
     1   2005    144   10800.0       6.0      13.3      0.93      2.00      0.60  -9999.00
     1   2005    145   24500.0       2.9      15.8      0.75      2.00      0.00  -9999.00
     1   2005    146   17100.0       8.7      21.8      1.12      2.00      0.00  -9999.00
     1   2005    147    8200.0      11.6      16.6      1.37      2.00      1.90  -9999.00
     1   2005    148    7800.0       9.4      16.7      1.18      2.00      1.90  -9999.00
     1   2005    149   25200.0       8.2      18.8      1.09      2.00      0.50  -9999.00
     1   2005    150   25000.0       7.6      18.1      1.04      2.00      0.00  -9999.00
     1   2005    151   27600.0       3.9      19.4      0.81      2.00      0.00  -9999.00
     1   2005    152    7400.0       9.5      16.7      1.19      2.00      8.20  -9999.00
     1   2005    153   10900.0       6.3      16.3      0.95      2.00      2.50  -9999.00
     1   2005    154    6300.0       9.0      20.3      1.15      2.00      0.00  -9999.00
     1   2005    155    6500.0       5.4      16.2      0.90      2.00      0.70  -9999.00
     1   2005    156    4900.0       7.9      14.5      1.07      2.00     14.20  -9999.00
     1   2005    157   23500.0       3.3      11.5      0.77      2.00      0.00  -9999.00
     1   2005    158    8800.0       5.1      14.6      0.88      2.00      2.50  -9999.00
     1   2005    159   21700.0       9.3      16.6      1.17      2.00      0.40  -9999.00
     1   2005    160   17400.0       6.1      15.9      0.94      2.00      0.70  -9999.00
     1   2005    161   15200.0      10.1      18.4      1.24      2.00     11.20  -9999.00
     1   2005    162    4500.0       5.0      14.1      0.87      2.00     15.90  -9999.00
     1   2005    163   15400.0       5.2      15.9      0.88      2.00      0.40  -9999.00
     1   2005    164   27400.0      10.2      17.1      1.24      2.00      0.00  -9999.00
     1   2005    165   29600.0      13.7      18.6      1.57      2.00      0.00  -9999.00
     1   2005    166   24600.0      10.6      22.4      1.28      2.00      0.00  -9999.00
     1   2005    167   21200.0      13.1      18.1      1.51      2.00      0.50  -9999.00
     1   2005    168   11200.0      10.1      16.7      1.24      2.00      0.50  -9999.00
     1   2005    169    9000.0      10.1      15.6      1.24      2.00      0.00  -9999.00
     1   2005    170   28600.0      14.3      21.8      1.63      2.00      0.00  -9999.00
     1   2005    171    4500.0       9.7      21.9      1.20      2.00      5.00  -9999.00
     1   2005    172   21000.0       7.9      16.6      1.07      2.00      2.00  -9999.00
     1   2005    173    8200.0      11.1      13.7      1.32      2.00      0.00  -9999.00
     1   2005    174   20500.0      10.2      20.5      1.24      2.00      3.90  -9999.00
     1   2005    175   13100.0      10.6      19.7      1.28      2.00      1.00  -9999.00
     1   2005    176    5600.0       4.7      17.9      0.85      2.00      0.00  -9999.00
     1   2005    177   26400.0      10.5      16.1      1.27      2.00      0.00  -9999.00
     1   2005    178   27900.0      11.5      20.0      1.36      2.00      0.00  -9999.00
     1   2005    179   12300.0      11.3      19.5      1.34      2.00      1.10  -9999.00
     1   2005    180    7900.0      11.5      17.5      1.36      2.00      0.50  -9999.00
     1   2005    181   20900.0      16.2      19.0      1.84      2.00      3.90  -9999.00
     1   2005    182    8900.0      11.2      19.6      1.33      2.00      4.10  -9999.00
     1   2005    183    8600.0      11.9      20.1      1.39      2.00      8.40  -9999.00
     1   2005    184   28800.0       8.0      14.8      1.07      2.00      0.70  -9999.00
     1   2005    185   16100.0       7.2      17.2      1.02      2.00      3.30  -9999.00
     1   2005    186   24000.0       8.8      20.2      1.13      2.00      0.00  -9999.00
     1   2005    187   22600.0      10.5      21.2      1.27      2.00      0.00  -9999.00
     1   2005    188   26300.0      11.8      23.2      1.38      2.00      0.00  -9999.00
     1   2005    189   14000.0      12.4      26.7      1.44      2.00      0.00  -9999.00
     1   2005    190   26200.0      10.7      19.8      1.29      2.00      0.00  -9999.00
     1   2005    191   19900.0      10.9      22.6      1.30      2.00      0.00  -9999.00
     1   2005    192   27200.0       9.8      17.9      1.21      2.00      0.00  -9999.00
     1   2005    193    7000.0      12.4      16.4      1.44      2.00      8.00  -9999.00
     1   2005    194    7600.0      10.9      17.7      1.30      2.00      0.20  -9999.00
     1   2005    195   27700.0       7.3      14.3      1.02      2.00      0.20  -9999.00
     1   2005    196    9000.0      13.4      24.9      1.54      2.00      0.00  -9999.00
     1   2005    197   29200.0      16.6      28.2      1.89      2.00      0.00  -9999.00
     1   2005    198   19700.0      11.4      19.1      1.35      2.00      7.70  -9999.00
     1   2005    199    4100.0      12.7      18.7      1.47      2.00      3.50  -9999.00
     1   2005    200   25200.0      12.7      22.4      1.47      2.00      1.20  -9999.00
     1   2005    201   20500.0      13.3      24.5      1.53      2.00      0.00  -9999.00
     1   2005    202    8300.0       9.8      19.9      1.21      2.00      0.00  -9999.00
     1   2005    203    6000.0      12.4      17.9      1.44      2.00      2.60  -9999.00
     1   2005    204   24800.0      12.1      18.9      1.41      2.00      4.70  -9999.00
     1   2005    205   27500.0      15.2      22.5      1.73      2.00      0.00  -9999.00
     1   2005    206   18600.0      13.2      22.3      1.52      2.00      0.00  -9999.00
     1   2005    207    5400.0      15.1      20.8      1.72      2.00     13.00  -9999.00
     1   2005    208   20800.0      15.8      22.7      1.79      2.00     23.30  -9999.00
     1   2005    209   23100.0      14.9      27.4      1.69      2.00      0.00  -9999.00
     1   2005    210   16300.0      13.7      26.5      1.57      2.00      0.00  -9999.00
     1   2005    211   26400.0       9.8      23.0      1.21      2.00      0.00  -9999.00
     1   2005    212   24500.0       9.3      20.2      1.17      2.00      0.00  -9999.00
     1   2005    213   25300.0      12.3      23.1      1.43      2.00      0.00  -9999.00
     1   2005    214   26200.0      14.7      26.4      1.67      2.00      0.00  -9999.00
     1   2005    215   17000.0      14.1      23.2      1.61      2.00      0.00  -9999.00
     1   2005    216   21400.0       9.7      20.7      1.20      2.00      0.00  -9999.00
     1   2005    217   22500.0      11.0      22.7      1.31      2.00      0.00  -9999.00
     1   2005    218   20800.0      12.3      24.8      1.43      2.00      0.00  -9999.00
     1   2005    219   12400.0       9.0      22.6      1.15      2.00      0.00  -9999.00
     1   2005    220   13700.0      13.8      21.6      1.58      2.00     13.00  -9999.00
     1   2005    221   23900.0      10.9      22.6      1.30      2.00      0.00  -9999.00
     1   2005    222    3800.0      11.0      18.8      1.31      2.00      0.50  -9999.00
     1   2005    223   14800.0      14.5      23.7      1.65      2.00      0.00  -9999.00
     1   2005    224   16000.0      13.2      20.9      1.52      2.00      0.40  -9999.00
     1   2005    225   10800.0      12.9      18.8      1.49      2.00      0.40  -9999.00
     1   2005    226    6800.0      12.3      20.8      1.43      2.00      2.00  -9999.00
     1   2005    227   19000.0      14.7      21.2      1.67      2.00      0.00  -9999.00
     1   2005    228   11500.0      11.7      23.3      1.37      2.00      0.00  -9999.00
     1   2005    229   16700.0      12.9      22.7      1.49      2.00      4.30  -9999.00
     1   2005    230   13000.0      12.6      21.2      1.46      2.00      0.00  -9999.00
     1   2005    231   13000.0      14.3      18.8      1.63      2.00      4.20  -9999.00
     1   2005    232   15200.0       8.2      19.5      1.09      2.00      4.20  -9999.00
     1   2005    233   11100.0      13.3      20.5      1.53      2.00      0.00  -9999.00
     1   2005    234   21800.0      15.6      24.0      1.77      2.00      0.00  -9999.00
     1   2005    235   15200.0      17.7      23.4      2.02      2.00      0.00  -9999.00
     1   2005    236    3400.0      12.3      18.9      1.43      2.00      6.90  -9999.00
     1   2005    237   22900.0      14.7      18.1      1.67      2.00      0.00  -9999.00
     1   2005    238   21700.0      13.0      20.7      1.50      2.00      0.00  -9999.00
     1   2005    239    3500.0      12.1      19.7      1.41      2.00     10.80  -9999.00
     1   2005    240    6400.0      12.7      20.8      1.47      2.00      0.20  -9999.00
     1   2005    241   12400.0      12.1      20.2      1.41      2.00      9.00  -9999.00
     1   2005    242   17200.0      10.3      19.8      1.25      2.00      9.30  -9999.00
     1   2005    243   17000.0       8.5      19.5      1.11      2.00      0.00  -9999.00
     1   2005    244    8300.0      11.3      21.3      1.34      2.00      0.00  -9999.00
     1   2005    245    8200.0       8.5      21.3      1.11      2.00      0.00  -9999.00
     1   2005    246   15300.0      11.2      15.0      1.33      2.00      0.00  -9999.00
     1   2005    247   11400.0       9.1      13.9      1.16      2.00      6.80  -9999.00
     1   2005    248   13800.0      11.5      22.1      1.36      2.00      0.10  -9999.00
     1   2005    249    9200.0      12.1      23.3      1.41      2.00      1.90  -9999.00
     1   2005    250   16200.0      12.7      25.6      1.47      2.00      0.00  -9999.00
     1   2005    251   14400.0      15.5      20.3      1.76      2.00      3.00  -9999.00
     1   2005    252   15800.0      11.8      19.3      1.38      2.00      3.70  -9999.00
     1   2005    253    3600.0      12.1      19.7      1.41      2.00      2.30  -9999.00
     1   2005    254    3100.0      11.5      19.0      1.36      2.00      5.30  -9999.00
     1   2005    255    3200.0      16.4      16.6      1.86      2.00      0.90  -9999.00
     1   2005    256    3900.0      11.1      21.7      1.32      2.00      1.60  -9999.00
     1   2005    257    9300.0       7.0      19.7      1.00      2.00      0.10  -9999.00
     1   2005    258    2800.0       9.5      14.9      1.19      2.00      0.10  -9999.00
     1   2005    259   14300.0       8.9      18.7      1.14      2.00      0.00  -9999.00
     1   2005    260   13600.0       7.4      18.2      1.03      2.00      0.00  -9999.00
     1   2005    261   14800.0       9.1      16.4      1.16      2.00      0.00  -9999.00
     1   2005    262   10600.0      13.1      18.7      1.51      2.00      4.90  -9999.00
     1   2005    263    7300.0       8.9      18.2      1.14      2.00      0.00  -9999.00
     1   2005    264   13300.0      11.3      17.3      1.34      2.00      0.00  -9999.00
     1   2005    265    2700.0      13.5      14.8      1.55      2.00      7.90  -9999.00
     1   2005    266   10500.0      11.3      19.3      1.34      2.00     11.50  -9999.00
     1   2005    267   12600.0       7.9      17.7      1.07      2.00      0.00  -9999.00
     1   2005    268    3200.0       5.0      15.3      0.87      2.00      0.00  -9999.00
     1   2005    269   11200.0       8.3      14.9      1.09      2.00      0.00  -9999.00
     1   2005    270    6300.0      11.0      18.5      1.31      2.00      0.00  -9999.00
     1   2005    271    5500.0       8.8      18.9      1.13      2.00      0.00  -9999.00
     1   2005    272    6700.0       9.8      18.2      1.21      2.00      0.00  -9999.00
     1   2005    273   11300.0       7.7      16.4      1.05      2.00      2.00  -9999.00
     1   2005    274    2100.0       7.8      16.7      1.06      2.00      1.00  -9999.00
     1   2005    275   14800.0       3.3      20.5      0.77      2.00      0.00  -9999.00
     1   2005    276    7500.0       7.0      15.1      1.00      2.00      1.80  -9999.00
     1   2005    277    5300.0       7.4      17.2      1.03      2.00      0.00  -9999.00
     1   2005    278    8100.0       3.0      11.6      0.76      2.00      5.90  -9999.00
     1   2005    279    5000.0       5.8      14.9      0.92      2.00      4.10  -9999.00
     1   2005    280    8000.0      10.5      14.9      1.27      2.00      9.10  -9999.00
     1   2005    281   11500.0       8.4      13.4      1.10      2.00      2.10  -9999.00
     1   2005    282    3100.0      14.8      17.6      1.68      2.00      0.90  -9999.00
     1   2005    283    3300.0      12.5      15.3      1.45      2.00      8.30  -9999.00
     1   2005    284    3800.0       7.2      15.3      1.02      2.00      0.00  -9999.00
     1   2005    285    8600.0       4.5      13.3      0.84      2.00      0.30  -9999.00
     1   2005    286    6800.0       7.0      14.5      1.00      2.00      2.00  -9999.00
     1   2005    287    9700.0       2.0      12.5      0.71      2.00      0.00  -9999.00
     1   2005    288    8600.0      11.3      18.9      1.34      2.00      5.30  -9999.00
     1   2005    289    9700.0       6.7      18.1      0.98      2.00      0.00  -9999.00
     1   2005    290    3600.0       7.1      14.4      1.01      2.00      4.30  -9999.00
     1   2005    291   10700.0       8.9      12.6      1.14      2.00      0.20  -9999.00
     1   2005    292    3600.0       8.8      14.1      1.13      2.00      0.40  -9999.00
     1   2005    293    4400.0       3.9      13.0      0.81      2.00      3.70  -9999.00
     1   2005    294    1500.0       8.6      14.0      1.12      2.00      1.00  -9999.00
     1   2005    295    5700.0       3.9      11.7      0.81      2.00     31.90  -9999.00
     1   2005    296    4900.0       8.1      17.0      1.08      2.00      0.00  -9999.00
     1   2005    297    1400.0       9.7      15.8      1.20      2.00      0.40  -9999.00
     1   2005    298    2900.0       7.1      12.3      1.01      2.00      0.80  -9999.00
     1   2005    299    7500.0       7.6      14.6      1.04      2.00     17.40  -9999.00
     1   2005    300    6700.0      12.9      15.1      1.49      2.00      0.00  -9999.00
     1   2005    301    7900.0       7.9      12.0      1.07      2.00      0.00  -9999.00
     1   2005    302    4100.0       3.5       6.9      0.78      2.00      0.00  -9999.00
     1   2005    303    6800.0       7.0       7.9      1.00      2.00      0.60  -9999.00
     1   2005    304    1400.0       6.2      11.2      0.95      2.00      0.30  -9999.00
     1   2005    305    1100.0       8.4      10.4      1.10      2.00      0.40  -9999.00
     1   2005    306    1300.0       6.9      16.5      0.99      2.00      0.00  -9999.00
     1   2005    307    2200.0       9.0      14.2      1.15      2.00      2.80  -9999.00
     1   2005    308    1200.0       8.2      13.3      1.09      2.00      0.40  -9999.00
     1   2005    309    5500.0       5.0      12.0      0.87      2.00      0.20  -9999.00
     1   2005    310    6900.0       1.3       7.7      0.67      2.00      0.00  -9999.00
     1   2005    311    2700.0       2.6      11.3      0.74      2.00      0.70  -9999.00
     1   2005    312    3200.0       7.0      15.9      1.00      2.00      0.20  -9999.00
     1   2005    313    3800.0       8.2      12.9      1.09      2.00      0.50  -9999.00
     1   2005    314    1100.0       6.1      12.1      0.94      2.00      0.30  -9999.00
     1   2005    315    1100.0       4.9      14.4      0.87      2.00      0.10  -9999.00
     1   2005    316    5300.0       4.9      12.5      0.87      2.00      6.00  -9999.00
     1   2005    317    1400.0       6.9      11.6      0.99      2.00      3.90  -9999.00
     1   2005    318    5200.0       3.1       4.7      0.76      2.00      0.00  -9999.00
     1   2005    319    5500.0      -1.5       0.8      0.55      2.00      0.00  -9999.00
     1   2005    320     900.0       3.5       6.3      0.78      2.00      0.00  -9999.00
     1   2005    321    1200.0       1.6       6.6      0.69      2.00      1.30  -9999.00
     1   2005    322    2300.0       3.9       6.5      0.81      2.00      0.00  -9999.00
     1   2005    323     800.0       5.0       7.6      0.87      2.00      0.30  -9999.00
     1   2005    324    3400.0       2.5       7.6      0.73      2.00      0.00  -9999.00
     1   2005    325    4200.0       4.9       6.9      0.87      2.00      2.70  -9999.00
     1   2005    326    1000.0       5.9      13.5      0.93      2.00      0.30  -9999.00
     1   2005    327    1500.0       2.7      13.5      0.74      2.00      0.40  -9999.00
     1   2005    328    1000.0       7.1      11.1      1.01      2.00      0.20  -9999.00
     1   2005    329    4500.0       8.0      13.7      1.07      2.00      0.00  -9999.00
     1   2005    330    2200.0      -1.7       6.9      0.54      2.00      0.10  -9999.00
     1   2005    331    4800.0      -2.7       7.2      0.50      2.00      0.40  -9999.00
     1   2005    332     800.0       4.2       7.6      0.82      2.00      0.30  -9999.00
     1   2005    333    1100.0       0.8       4.2      0.65      2.00      9.70  -9999.00
     1   2005    334    4500.0       2.3       8.8      0.72      2.00      6.00  -9999.00
     1   2005    335     700.0       1.7       6.6      0.69      2.00      0.30  -9999.00
     1   2005    336    4100.0      -1.7       5.9      0.54      2.00      0.40  -9999.00
     1   2005    337     700.0      -1.7       3.4      0.54      2.00      1.80  -9999.00
     1   2005    338    4400.0       0.8       5.8      0.65      2.00      0.00  -9999.00
     1   2005    339    3500.0       2.0       7.5      0.71      2.00      0.00  -9999.00
     1   2005    340    1200.0       3.6       9.8      0.79      2.00      0.80  -9999.00
     1   2005    341    4300.0       2.3      11.1      0.72      2.00      0.20  -9999.00
     1   2005    342     800.0       0.9       5.5      0.65      2.00      1.00  -9999.00
     1   2005    343    1200.0      -0.8       7.7      0.58      2.00      0.60  -9999.00
     1   2005    344     700.0       6.1       9.4      0.94      2.00      0.50  -9999.00
     1   2005    345    4100.0       6.9       8.9      0.99      2.00      0.00  -9999.00
     1   2005    346    4100.0      -2.4       2.7      0.51      2.00      0.00  -9999.00
     1   2005    347    3000.0       0.7       5.5      0.64      2.00      0.00  -9999.00
     1   2005    348    3300.0       2.9       7.1      0.75      2.00      1.00  -9999.00
     1   2005    349     700.0       1.9       6.4      0.70      2.00      0.90  -9999.00
     1   2005    350     600.0      -1.5       5.7      0.55      2.00      0.00  -9999.00
     1   2005    351    3100.0       0.1       6.4      0.62      2.00      0.20  -9999.00
     1   2005    352     600.0      -0.8       5.1      0.58      2.00      0.00  -9999.00
     1   2005    353     700.0      -0.5       7.3      0.59      2.00      0.90  -9999.00
     1   2005    354     700.0       1.8       8.2      0.70      2.00      0.10  -9999.00
     1   2005    355    3800.0       1.2       6.6      0.67      2.00      2.00  -9999.00
     1   2005    356     900.0       1.0       4.7      0.66      2.00      0.40  -9999.00
     1   2005    357    2700.0       3.4       4.2      0.78      2.00      0.20  -9999.00
     1   2005    358     700.0      -0.2       5.3      0.60      2.00     10.50  -9999.00
     1   2005    359    1200.0      -0.3       4.0      0.60      2.00      0.00  -9999.00
     1   2005    360     600.0       6.4       8.3      0.96      2.00      0.00  -9999.00
     1   2005    361     700.0       8.6      10.3      1.12      2.00      3.50  -9999.00
     1   2005    362     700.0      -1.9       1.5      0.53      2.00      0.10  -9999.00
     1   2005    363    4400.0      -0.6       1.4      0.58      2.00      0.00  -9999.00
     1   2005    364    4400.0       4.1       7.4      0.82      2.00      0.00  -9999.00
     1   2005    365     700.0       1.6      10.1      0.69      2.00      3.80  -9999.00
