*-----------------------------------------------------------------------------* 
           WHWG_85.met            52.12    0.96   89.00
* Date created:  08-Aug-2019     Author: K Coleman 
* 
* NIL VALUE       -9999 
* Source:   data provided by M. Semenov 
*  
* Latitude:    52.12 Longitude:     0.96 Altitude:    89.00
* 
* Column  Daily value 
* 1       station number 
* 2       year 
* 3       day 
* 4       irradiation                   (kJ m-2 d-1) 
* 5       minimum temperature           (degrees Celsius) 
* 6       maximum temperature           (degrees Celsius) 
* 7       early morning vapour pressure (kPa)             
* 8       mean wind speed (height: 2 m?) (m s-1)          
* 9       precipitation                 (mm d-1)          
* 10      sunshine                      (hrs)             
 		Jday	RAD	    TMIN	TMAX	 VAP	wind	RAIN	SUN  
               kj/m2	°C	    °C	     kPa	m/s	    mm	    hrs 
   52.12  89.00
     1   2005      1     700.0       1.0       5.5      0.66      2.00      0.30  -9999.00
     1   2005      2    3700.0      -4.6       5.4      0.43      2.00      0.90  -9999.00
     1   2005      3     800.0       1.2       8.7      0.67      2.00      3.90  -9999.00
     1   2005      4    4700.0       4.2       5.5      0.82      2.00      0.00  -9999.00
     1   2005      5    4100.0       2.8       8.9      0.75      2.00      0.90  -9999.00
     1   2005      6     700.0       1.0      11.7      0.66      2.00      2.00  -9999.00
     1   2005      7    1700.0       4.9       7.8      0.87      2.00      0.00  -9999.00
     1   2005      8    4300.0       6.8       8.2      0.99      2.00      3.20  -9999.00
     1   2005      9     700.0       1.8       9.3      0.70      2.00      0.00  -9999.00
     1   2005     10     700.0       3.4       8.4      0.78      2.00      0.00  -9999.00
     1   2005     11    2900.0       1.6      10.1      0.69      2.00      2.50  -9999.00
     1   2005     12     700.0      -0.4       8.0      0.59      2.00      4.20  -9999.00
     1   2005     13    4900.0       7.3       8.3      1.02      2.00      0.00  -9999.00
     1   2005     14    5100.0       4.3      12.4      0.83      2.00      0.00  -9999.00
     1   2005     15    4300.0       3.3      10.0      0.77      2.00      0.10  -9999.00
     1   2005     16     700.0       1.7      12.1      0.69      2.00      0.20  -9999.00
     1   2005     17     800.0       1.1       4.7      0.66      2.00      0.00  -9999.00
     1   2005     18    3100.0      -0.2       2.2      0.60      2.00      0.00  -9999.00
     1   2005     19     800.0       2.3       6.3      0.72      2.00      0.00  -9999.00
     1   2005     20     900.0       3.0       6.9      0.76      2.00      0.10  -9999.00
     1   2005     21    1900.0       3.6       8.0      0.79      2.00      4.60  -9999.00
     1   2005     22    1500.0       3.4       8.2      0.78      2.00      0.20  -9999.00
     1   2005     23    2300.0      -0.2       7.3      0.60      2.00      0.00  -9999.00
     1   2005     24    3400.0       1.2       5.3      0.67      2.00      0.00  -9999.00
     1   2005     25     900.0       1.8       6.2      0.70      2.00      0.00  -9999.00
     1   2005     26    6400.0       2.5       3.6      0.73      2.00      0.00  -9999.00
     1   2005     27    1000.0       1.9       9.1      0.70      2.00      0.00  -9999.00
     1   2005     28    3200.0       1.5      12.3      0.68      2.00      0.00  -9999.00
     1   2005     29    1000.0       0.5       4.0      0.63      2.00      0.00  -9999.00
     1   2005     30     900.0      -1.2      -1.0      0.56      2.00      0.00  -9999.00
     1   2005     31     900.0       2.6      10.4      0.74      2.00      2.00  -9999.00
     1   2005     32    2400.0      -1.1      10.8      0.56      2.00      4.40  -9999.00
     1   2005     33    4800.0      -1.1       5.0      0.56      2.00      0.00  -9999.00
     1   2005     34    7300.0      -0.6       6.4      0.58      2.00      0.00  -9999.00
     1   2005     35    7000.0       0.3       8.7      0.62      2.00      0.00  -9999.00
     1   2005     36    6200.0      -2.3      10.3      0.52      2.00      0.10  -9999.00
     1   2005     37    1000.0       2.2       9.3      0.72      2.00      1.70  -9999.00
     1   2005     38    5800.0       3.6      11.8      0.79      2.00      3.80  -9999.00
     1   2005     39    1400.0      -1.5       4.2      0.55      2.00      6.10  -9999.00
     1   2005     40    8000.0      -1.3       5.2      0.56      2.00      0.50  -9999.00
     1   2005     41    1600.0       2.8       7.2      0.75      2.00      0.10  -9999.00
     1   2005     42    1200.0       6.3       6.8      0.95      2.00      5.10  -9999.00
     1   2005     43    3300.0      -1.3       0.6      0.56      2.00      0.40  -9999.00
     1   2005     44    1200.0       0.0       4.4      0.61      2.00      4.10  -9999.00
     1   2005     45    6800.0       9.5      13.4      1.19      2.00      1.60  -9999.00
     1   2005     46    1300.0       5.6      12.5      0.91      2.00      0.30  -9999.00
     1   2005     47    7200.0      -3.8       0.3      0.46      2.00      0.00  -9999.00
     1   2005     48    4500.0      -1.6       4.4      0.54      2.00      0.00  -9999.00
     1   2005     49    1300.0       6.9      10.1      0.99      2.00      0.00  -9999.00
     1   2005     50    1900.0       3.7       9.4      0.80      2.00      0.00  -9999.00
     1   2005     51    9000.0       2.6       8.7      0.74      2.00      0.00  -9999.00
     1   2005     52    5800.0      -0.5       8.6      0.59      2.00      0.00  -9999.00
     1   2005     53    4700.0      -1.3       1.3      0.56      2.00      0.00  -9999.00
     1   2005     54    1500.0      -1.7       0.3      0.54      2.00      0.00  -9999.00
     1   2005     55    8200.0       0.2       9.1      0.62      2.00      0.00  -9999.00
     1   2005     56   11600.0      -1.1       9.3      0.56      2.00      0.00  -9999.00
     1   2005     57    8400.0      -0.2       6.9      0.60      2.00      0.00  -9999.00
     1   2005     58    1700.0       1.3       8.9      0.67      2.00      9.10  -9999.00
     1   2005     59    1400.0       2.7       9.8      0.74      2.00      2.70  -9999.00
     1   2005     60    2400.0       6.7      11.8      0.98      2.00      0.90  -9999.00
     1   2005     61    7500.0       3.9       8.4      0.81      2.00      0.70  -9999.00
     1   2005     62    9100.0       6.9       9.1      0.99      2.00      1.20  -9999.00
     1   2005     63    9600.0       1.1      10.7      0.66      2.00      0.00  -9999.00
     1   2005     64    2100.0       2.7       9.5      0.74      2.00      7.60  -9999.00
     1   2005     65    8700.0       1.7      10.6      0.69      2.00      0.20  -9999.00
     1   2005     66    4900.0      -0.7       8.2      0.58      2.00      1.90  -9999.00
     1   2005     67    1900.0       3.1       9.5      0.76      2.00      1.20  -9999.00
     1   2005     68   11700.0      -1.0       6.3      0.57      2.00      0.00  -9999.00
     1   2005     69    2600.0       5.6      11.5      0.91      2.00      0.00  -9999.00
     1   2005     70    7800.0       5.1      10.0      0.88      2.00      0.40  -9999.00
     1   2005     71   11900.0      -2.8       6.3      0.50      2.00      1.50  -9999.00
     1   2005     72   13200.0       2.4       3.3      0.73      2.00      5.70  -9999.00
     1   2005     73   13400.0      10.3      11.9      1.25      2.00      0.00  -9999.00
     1   2005     74    2200.0       6.8      10.6      0.99      2.00      0.70  -9999.00
     1   2005     75   14100.0       9.9      11.1      1.22      2.00      0.70  -9999.00
     1   2005     76   13000.0       7.7      13.7      1.05      2.00      0.00  -9999.00
     1   2005     77   10100.0       7.1      13.5      1.01      2.00      0.00  -9999.00
     1   2005     78    5000.0       4.2      14.0      0.82      2.00      0.30  -9999.00
     1   2005     79    2200.0       2.1      13.7      0.71      2.00      0.00  -9999.00
     1   2005     80   12200.0       6.1      12.9      0.94      2.00      0.00  -9999.00
     1   2005     81    9600.0       3.2      10.3      0.77      2.00      0.00  -9999.00
     1   2005     82    3400.0       6.1       6.8      0.94      2.00      0.00  -9999.00
     1   2005     83    8700.0       0.7      12.1      0.64      2.00      0.00  -9999.00
     1   2005     84    3400.0       3.1      13.3      0.76      2.00      0.00  -9999.00
     1   2005     85    9100.0       3.8      15.1      0.80      2.00      0.00  -9999.00
     1   2005     86    5700.0       3.4      14.2      0.78      2.00      0.00  -9999.00
     1   2005     87    4000.0       3.2      14.0      0.77      2.00      0.00  -9999.00
     1   2005     88    2700.0       3.5      10.6      0.78      2.00      1.80  -9999.00
     1   2005     89   11500.0       2.9      14.1      0.75      2.00      0.00  -9999.00
     1   2005     90   10400.0       2.5      12.4      0.73      2.00      0.40  -9999.00
     1   2005     91    5100.0       0.6       9.1      0.64      2.00      1.50  -9999.00
     1   2005     92    8900.0       0.9       8.2      0.65      2.00      1.80  -9999.00
     1   2005     93   13100.0       3.8      15.7      0.80      2.00      1.30  -9999.00
     1   2005     94    3800.0       4.3      18.6      0.83      2.00      5.10  -9999.00
     1   2005     95    8300.0       2.0       9.3      0.71      2.00      0.00  -9999.00
     1   2005     96   14600.0       4.5      11.5      0.84      2.00      0.00  -9999.00
     1   2005     97    8200.0      -2.0       9.2      0.53      2.00      1.00  -9999.00
     1   2005     98    4900.0       0.7      10.8      0.64      2.00      0.30  -9999.00
     1   2005     99   18800.0       2.8      13.7      0.75      2.00      0.10  -9999.00
     1   2005    100    3000.0       4.7      18.1      0.85      2.00      4.60  -9999.00
     1   2005    101   18200.0       2.8      11.9      0.75      2.00      0.60  -9999.00
     1   2005    102    9000.0       2.2      14.1      0.72      2.00      0.80  -9999.00
     1   2005    103   15900.0       3.8       8.8      0.80      2.00      0.30  -9999.00
     1   2005    104   19700.0       4.1       9.9      0.82      2.00      1.00  -9999.00
     1   2005    105   15500.0       3.7      13.4      0.80      2.00      0.90  -9999.00
     1   2005    106    3800.0       8.1      11.1      1.08      2.00      4.90  -9999.00
     1   2005    107   19300.0       0.8      11.9      0.65      2.00      0.90  -9999.00
     1   2005    108   20500.0       4.8      11.8      0.86      2.00      0.40  -9999.00
     1   2005    109    7100.0       2.9      11.2      0.75      2.00      0.40  -9999.00
     1   2005    110    3700.0       5.0       9.4      0.87      2.00      0.30  -9999.00
     1   2005    111   15600.0       4.4      12.0      0.84      2.00      0.20  -9999.00
     1   2005    112   14700.0       5.6       9.7      0.91      2.00      0.10  -9999.00
     1   2005    113    3600.0       3.1       9.2      0.76      2.00      7.80  -9999.00
     1   2005    114   17900.0       6.9       9.7      0.99      2.00      2.90  -9999.00
     1   2005    115   11900.0       1.6      13.2      0.69      2.00      2.40  -9999.00
     1   2005    116   19400.0       1.1      16.6      0.66      2.00      0.00  -9999.00
     1   2005    117   24600.0       4.7      18.0      0.85      2.00      0.00  -9999.00
     1   2005    118   22900.0       8.2      16.3      1.09      2.00      0.00  -9999.00
     1   2005    119   22500.0       6.8      15.3      0.99      2.00      2.70  -9999.00
     1   2005    120    7600.0      10.4      13.6      1.26      2.00      4.20  -9999.00
     1   2005    121   18900.0       8.7      13.9      1.12      2.00      2.30  -9999.00
     1   2005    122    9500.0       5.1      15.3      0.88      2.00      5.80  -9999.00
     1   2005    123   17500.0       7.7      13.6      1.05      2.00      5.70  -9999.00
     1   2005    124   21600.0       4.5      13.6      0.84      2.00      0.50  -9999.00
     1   2005    125   25100.0       8.8      17.6      1.13      2.00      0.00  -9999.00
     1   2005    126    7600.0       8.9      14.3      1.14      2.00     11.70  -9999.00
     1   2005    127   24900.0       7.1      16.3      1.01      2.00      0.00  -9999.00
     1   2005    128    5500.0       5.4      15.8      0.90      2.00      3.80  -9999.00
     1   2005    129   25300.0       6.6      13.3      0.97      2.00      0.00  -9999.00
     1   2005    130    6500.0       8.6      11.6      1.12      2.00      0.00  -9999.00
     1   2005    131   14100.0       9.8      15.5      1.21      2.00      0.30  -9999.00
     1   2005    132    5400.0       7.8      15.6      1.06      2.00      0.60  -9999.00
     1   2005    133   13600.0       6.7      17.3      0.98      2.00      0.30  -9999.00
     1   2005    134   10200.0       7.0      21.1      1.00      2.00      0.40  -9999.00
     1   2005    135   26200.0       7.0      20.6      1.00      2.00      0.00  -9999.00
     1   2005    136   14100.0       8.2      17.2      1.09      2.00      1.10  -9999.00
     1   2005    137   13200.0       5.1      13.3      0.88      2.00      2.60  -9999.00
     1   2005    138   12100.0       6.5      15.8      0.97      2.00      0.50  -9999.00
     1   2005    139   24100.0      10.5      24.1      1.27      2.00      0.00  -9999.00
     1   2005    140   17100.0       8.9      20.8      1.14      2.00      0.00  -9999.00
     1   2005    141   24500.0       6.5      11.2      0.97      2.00      0.00  -9999.00
     1   2005    142   23500.0       5.1      13.7      0.88      2.00      0.00  -9999.00
     1   2005    143   27500.0       8.0      14.0      1.07      2.00      0.00  -9999.00
     1   2005    144   15200.0      12.6      15.6      1.46      2.00      0.00  -9999.00
     1   2005    145   12300.0      13.1      18.9      1.51      2.00      0.00  -9999.00
     1   2005    146   17700.0      12.3      17.6      1.43      2.00      0.50  -9999.00
     1   2005    147    4400.0       9.0      14.1      1.15      2.00      0.80  -9999.00
     1   2005    148    7900.0       8.9      12.1      1.14      2.00      0.00  -9999.00
     1   2005    149   14000.0       8.7      20.5      1.12      2.00      0.00  -9999.00
     1   2005    150   26100.0       6.0      19.1      0.93      2.00      1.10  -9999.00
     1   2005    151    6800.0       5.3      16.2      0.89      2.00      0.50  -9999.00
     1   2005    152   27900.0       9.0      17.7      1.15      2.00      0.00  -9999.00
     1   2005    153   28600.0       8.1      18.5      1.08      2.00      0.00  -9999.00
     1   2005    154    6300.0      11.1      19.7      1.32      2.00      0.00  -9999.00
     1   2005    155   25500.0      10.5      16.5      1.27      2.00      0.00  -9999.00
     1   2005    156   19900.0       9.5      15.5      1.19      2.00      5.30  -9999.00
     1   2005    157   28000.0       9.0      16.8      1.15      2.00      0.00  -9999.00
     1   2005    158   29100.0       8.7      18.0      1.12      2.00      0.00  -9999.00
     1   2005    159   29100.0       9.9      20.7      1.22      2.00      0.00  -9999.00
     1   2005    160    6700.0      10.3      18.4      1.25      2.00      2.10  -9999.00
     1   2005    161   28900.0       8.4      16.3      1.10      2.00      8.10  -9999.00
     1   2005    162   28500.0       8.4      21.4      1.10      2.00      0.00  -9999.00
     1   2005    163   21000.0       9.6      17.0      1.20      2.00      0.70  -9999.00
     1   2005    164   13900.0       5.0      14.5      0.87      2.00      1.50  -9999.00
     1   2005    165   21700.0      10.5      20.7      1.27      2.00      0.70  -9999.00
     1   2005    166   24300.0      10.3      19.1      1.25      2.00      0.90  -9999.00
     1   2005    167    5100.0      10.9      17.8      1.30      2.00      1.20  -9999.00
     1   2005    168   29800.0      12.0      20.4      1.40      2.00      0.00  -9999.00
     1   2005    169   14000.0      10.4      17.4      1.26      2.00      0.00  -9999.00
     1   2005    170   25300.0       7.9      13.5      1.07      2.00      1.30  -9999.00
     1   2005    171    7500.0       5.3      14.6      0.89      2.00      3.30  -9999.00
     1   2005    172   23000.0      10.5      13.9      1.27      2.00      0.00  -9999.00
     1   2005    173   20000.0      13.8      20.4      1.58      2.00      0.00  -9999.00
     1   2005    174   22100.0      11.1      20.7      1.32      2.00      2.90  -9999.00
     1   2005    175   15100.0      11.5      19.8      1.36      2.00      0.00  -9999.00
     1   2005    176   29400.0      10.3      18.8      1.25      2.00      0.00  -9999.00
     1   2005    177   26200.0       9.3      22.2      1.17      2.00      0.00  -9999.00
     1   2005    178   16000.0      10.5      26.9      1.27      2.00      9.90  -9999.00
     1   2005    179   20700.0      10.0      17.0      1.23      2.00      1.30  -9999.00
     1   2005    180   21100.0      11.0      18.5      1.31      2.00      2.10  -9999.00
     1   2005    181   17900.0      12.1      17.5      1.41      2.00      1.40  -9999.00
     1   2005    182   16400.0      14.7      16.7      1.67      2.00      0.70  -9999.00
     1   2005    183   28300.0      11.6      23.4      1.37      2.00      0.00  -9999.00
     1   2005    184   19000.0      11.0      28.2      1.31      2.00      0.80  -9999.00
     1   2005    185    5800.0      11.1      18.1      1.32      2.00      3.80  -9999.00
     1   2005    186   14400.0      13.2      16.3      1.52      2.00      0.70  -9999.00
     1   2005    187   27300.0       6.6      18.2      0.97      2.00      0.00  -9999.00
     1   2005    188   21400.0      10.2      18.4      1.24      2.00     70.90  -9999.00
     1   2005    189   24400.0       8.9      18.0      1.14      2.00      0.00  -9999.00
     1   2005    190   18000.0       9.8      16.0      1.21      2.00      5.00  -9999.00
     1   2005    191    7400.0      13.4      19.9      1.54      2.00      4.80  -9999.00
     1   2005    192   23600.0      10.1      23.6      1.24      2.00      0.00  -9999.00
     1   2005    193   21200.0      10.0      18.2      1.23      2.00     67.30  -9999.00
     1   2005    194   11700.0      13.4      20.2      1.54      2.00      0.20  -9999.00
     1   2005    195   22600.0      10.4      17.3      1.26      2.00      0.00  -9999.00
     1   2005    196   10100.0      12.9      18.3      1.49      2.00      5.50  -9999.00
     1   2005    197   26400.0       9.9      21.6      1.22      2.00      0.00  -9999.00
     1   2005    198    9500.0      11.7      18.2      1.37      2.00      6.00  -9999.00
     1   2005    199   20200.0       9.5      18.0      1.19      2.00      5.10  -9999.00
     1   2005    200   14600.0      11.5      19.6      1.36      2.00     10.30  -9999.00
     1   2005    201   15600.0      11.2      22.6      1.33      2.00      0.00  -9999.00
     1   2005    202   19500.0      10.7      20.3      1.29      2.00      0.40  -9999.00
     1   2005    203   27100.0      11.3      17.0      1.34      2.00      0.70  -9999.00
     1   2005    204    7500.0       7.2      21.1      1.02      2.00      0.00  -9999.00
     1   2005    205   23300.0      14.2      21.0      1.62      2.00      1.40  -9999.00
     1   2005    206   13800.0      13.5      20.8      1.55      2.00      2.70  -9999.00
     1   2005    207   24600.0      10.2      21.9      1.24      2.00      0.00  -9999.00
     1   2005    208   19000.0      11.2      16.3      1.33      2.00      0.70  -9999.00
     1   2005    209   22800.0       9.5      20.1      1.19      2.00      0.00  -9999.00
     1   2005    210   27700.0      10.3      21.8      1.25      2.00      0.00  -9999.00
     1   2005    211   14300.0      11.8      18.7      1.38      2.00      7.00  -9999.00
     1   2005    212   20200.0      13.8      19.0      1.58      2.00      0.00  -9999.00
     1   2005    213   24100.0      15.5      24.5      1.76      2.00      0.00  -9999.00
     1   2005    214   14600.0      17.0      23.8      1.94      2.00      0.00  -9999.00
     1   2005    215    6900.0      10.2      18.4      1.24      2.00      0.50  -9999.00
     1   2005    216    7100.0      12.3      19.4      1.43      2.00      0.00  -9999.00
     1   2005    217   17900.0      13.6      22.5      1.56      2.00      1.40  -9999.00
     1   2005    218   11600.0      10.0      24.2      1.23      2.00      0.30  -9999.00
     1   2005    219   17100.0      12.3      21.9      1.43      2.00      0.20  -9999.00
     1   2005    220   21500.0       7.7      25.7      1.05      2.00      0.00  -9999.00
     1   2005    221    3800.0      12.2      19.9      1.42      2.00      2.80  -9999.00
     1   2005    222   23200.0      12.6      21.6      1.46      2.00      0.50  -9999.00
     1   2005    223    7300.0      12.2      20.9      1.42      2.00      0.90  -9999.00
     1   2005    224   19000.0      12.3      24.9      1.43      2.00      0.00  -9999.00
     1   2005    225   17800.0      11.1      21.3      1.32      2.00      0.00  -9999.00
     1   2005    226   15000.0      12.5      21.5      1.45      2.00      0.00  -9999.00
     1   2005    227   23700.0      13.8      25.3      1.58      2.00      0.00  -9999.00
     1   2005    228   19200.0      14.8      24.2      1.68      2.00      0.00  -9999.00
     1   2005    229   21900.0      11.1      20.2      1.32      2.00      0.00  -9999.00
     1   2005    230   10800.0      14.1      19.7      1.61      2.00     17.80  -9999.00
     1   2005    231   18600.0      11.8      23.7      1.38      2.00      0.00  -9999.00
     1   2005    232   13300.0      12.2      21.2      1.42      2.00      1.50  -9999.00
     1   2005    233   19000.0      10.2      19.0      1.24      2.00      0.00  -9999.00
     1   2005    234   16300.0      10.6      18.6      1.28      2.00      0.00  -9999.00
     1   2005    235    5600.0      13.7      25.9      1.57      2.00      0.00  -9999.00
     1   2005    236   15700.0      13.0      23.1      1.50      2.00      0.30  -9999.00
     1   2005    237   13000.0      13.1      22.7      1.51      2.00      3.10  -9999.00
     1   2005    238   14500.0      15.7      23.9      1.78      2.00      0.00  -9999.00
     1   2005    239    6800.0      13.6      19.8      1.56      2.00      0.70  -9999.00
     1   2005    240   18300.0      10.5      21.4      1.27      2.00      0.50  -9999.00
     1   2005    241    9100.0      11.0      21.6      1.31      2.00      0.00  -9999.00
     1   2005    242   10500.0       7.4      19.2      1.03      2.00     17.20  -9999.00
     1   2005    243    7800.0      12.5      18.7      1.45      2.00      2.10  -9999.00
     1   2005    244   13000.0      14.8      18.7      1.68      2.00      0.10  -9999.00
     1   2005    245    3100.0      11.9      21.2      1.39      2.00      0.90  -9999.00
     1   2005    246   15300.0       8.3      23.6      1.09      2.00      4.70  -9999.00
     1   2005    247    6900.0      12.9      21.5      1.49      2.00      0.00  -9999.00
     1   2005    248   16100.0      16.6      19.8      1.89      2.00      0.00  -9999.00
     1   2005    249   17900.0       9.3      19.4      1.17      2.00      0.00  -9999.00
     1   2005    250    3000.0      12.0      18.4      1.40      2.00      1.60  -9999.00
     1   2005    251    4800.0      12.2      20.4      1.42      2.00      5.70  -9999.00
     1   2005    252    7500.0      13.1      25.1      1.51      2.00      2.20  -9999.00
     1   2005    253   10300.0       8.8      19.5      1.13      2.00      1.10  -9999.00
     1   2005    254    2900.0       9.5      17.8      1.19      2.00      3.30  -9999.00
     1   2005    255   19100.0       9.6      20.1      1.20      2.00      0.00  -9999.00
     1   2005    256   17200.0      14.4      18.5      1.64      2.00      0.00  -9999.00
     1   2005    257    8600.0      10.5      19.0      1.27      2.00      0.00  -9999.00
     1   2005    258    2600.0       7.0      22.3      1.00      2.00      0.00  -9999.00
     1   2005    259    2900.0      10.8      15.0      1.29      2.00      0.10  -9999.00
     1   2005    260   16000.0      10.4      16.4      1.26      2.00      0.00  -9999.00
     1   2005    261   11500.0      10.1      13.9      1.24      2.00      0.40  -9999.00
     1   2005    262   14100.0       6.5      16.3      0.97      2.00      1.20  -9999.00
     1   2005    263    2800.0      10.7      17.9      1.29      2.00      0.10  -9999.00
     1   2005    264   12500.0       8.8      17.5      1.13      2.00      0.00  -9999.00
     1   2005    265    3900.0      11.6      16.3      1.37      2.00      0.10  -9999.00
     1   2005    266    3100.0       7.0      14.0      1.00      2.00      0.10  -9999.00
     1   2005    267   12500.0      10.5      16.4      1.27      2.00      0.10  -9999.00
     1   2005    268    4700.0      12.0      18.3      1.40      2.00      0.00  -9999.00
     1   2005    269   13600.0      10.4      15.3      1.26      2.00      0.00  -9999.00
     1   2005    270   13200.0      11.7      15.1      1.37      2.00      0.00  -9999.00
     1   2005    271   13300.0       9.1      17.1      1.16      2.00      0.00  -9999.00
     1   2005    272    2200.0      10.5      15.9      1.27      2.00      1.60  -9999.00
     1   2005    273    7600.0       6.1      17.2      0.94      2.00      0.00  -9999.00
     1   2005    274    6700.0       9.7      18.7      1.20      2.00      0.00  -9999.00
     1   2005    275    6000.0       8.7      14.6      1.12      2.00      0.90  -9999.00
     1   2005    276   12000.0       4.4      16.7      0.84      2.00      0.00  -9999.00
     1   2005    277    6100.0      10.8      16.7      1.29      2.00      0.00  -9999.00
     1   2005    278    4700.0      10.3      17.1      1.25      2.00      0.30  -9999.00
     1   2005    279    3400.0       9.8      16.6      1.21      2.00      8.30  -9999.00
     1   2005    280    2400.0      10.8      14.5      1.29      2.00     10.90  -9999.00
     1   2005    281    3000.0       7.8      16.0      1.06      2.00      1.70  -9999.00
     1   2005    282    9800.0       5.7      16.0      0.92      2.00      0.00  -9999.00
     1   2005    283    5500.0       6.8      15.8      0.99      2.00      0.00  -9999.00
     1   2005    284    7500.0       8.7      14.7      1.12      2.00      0.00  -9999.00
     1   2005    285    8300.0      10.7      17.2      1.29      2.00      0.00  -9999.00
     1   2005    286    9500.0      14.5      16.5      1.65      2.00      0.40  -9999.00
     1   2005    287    1600.0       6.1      12.3      0.94      2.00      7.60  -9999.00
     1   2005    288    8900.0       9.1      14.3      1.16      2.00      2.50  -9999.00
     1   2005    289    8500.0       5.2      13.6      0.88      2.00      0.00  -9999.00
     1   2005    290    7600.0       6.0      10.4      0.93      2.00      0.00  -9999.00
     1   2005    291    1800.0       6.9      10.7      0.99      2.00      0.20  -9999.00
     1   2005    292    9300.0      10.2      12.2      1.24      2.00      0.60  -9999.00
     1   2005    293    9500.0       6.9      14.4      0.99      2.00      0.00  -9999.00
     1   2005    294    4800.0      11.2      13.7      1.33      2.00      0.00  -9999.00
     1   2005    295    1600.0       3.2      10.9      0.77      2.00      2.10  -9999.00
     1   2005    296    9400.0       2.2      10.0      0.72      2.00      0.00  -9999.00
     1   2005    297    7400.0       4.2      11.6      0.82      2.00      0.00  -9999.00
     1   2005    298    1500.0       4.9      10.2      0.87      2.00      0.00  -9999.00
     1   2005    299    6800.0       8.0      16.4      1.07      2.00      0.00  -9999.00
     1   2005    300    5000.0      12.5      18.4      1.45      2.00      6.80  -9999.00
     1   2005    301    1200.0       2.2       9.8      0.72      2.00      0.50  -9999.00
     1   2005    302    1400.0       6.4      12.6      0.96      2.00     21.70  -9999.00
     1   2005    303    6200.0      10.8      14.5      1.29      2.00      6.20  -9999.00
     1   2005    304    3500.0       6.4      15.2      0.96      2.00      3.00  -9999.00
     1   2005    305    1500.0       3.6      10.1      0.79      2.00      0.50  -9999.00
     1   2005    306    6900.0      -1.7      12.4      0.54      2.00      7.40  -9999.00
     1   2005    307    3300.0       5.6      13.3      0.91      2.00      0.00  -9999.00
     1   2005    308    8000.0       2.3      16.2      0.72      2.00      3.60  -9999.00
     1   2005    309    3400.0       6.2      14.9      0.95      2.00      0.00  -9999.00
     1   2005    310    1800.0      10.8      16.0      1.29      2.00      2.00  -9999.00
     1   2005    311    6400.0       0.8       8.5      0.65      2.00      0.40  -9999.00
     1   2005    312    1000.0      -2.1       8.2      0.52      2.00      0.00  -9999.00
     1   2005    313    6900.0       5.0       6.9      0.87      2.00      0.00  -9999.00
     1   2005    314    1100.0       7.2       9.6      1.02      2.00      0.00  -9999.00
     1   2005    315     900.0       2.2       8.4      0.72      2.00      1.10  -9999.00
     1   2005    316     900.0       3.7       9.1      0.80      2.00      0.00  -9999.00
     1   2005    317    5500.0      11.6      13.6      1.37      2.00      6.10  -9999.00
     1   2005    318     900.0       7.8      15.6      1.06      2.00      1.20  -9999.00
     1   2005    319    1000.0       5.4      10.6      0.90      2.00      0.40  -9999.00
     1   2005    320    6300.0       5.7       9.3      0.92      2.00      0.00  -9999.00
     1   2005    321    3600.0       0.6       8.1      0.64      2.00      0.40  -9999.00
     1   2005    322    4100.0       0.3       9.2      0.62      2.00      2.80  -9999.00
     1   2005    323    3800.0       6.6      12.9      0.97      2.00      0.40  -9999.00
     1   2005    324    4800.0       5.8      12.3      0.92      2.00      2.70  -9999.00
     1   2005    325     800.0       6.2      10.4      0.95      2.00      0.60  -9999.00
     1   2005    326    4300.0       8.3      10.3      1.09      2.00      0.70  -9999.00
     1   2005    327    4000.0       1.2       5.2      0.67      2.00      0.30  -9999.00
     1   2005    328     900.0      -1.4       3.2      0.55      2.00     14.00  -9999.00
     1   2005    329    2900.0       5.5      12.2      0.90      2.00      0.80  -9999.00
     1   2005    330     800.0       7.1      10.1      1.01      2.00      8.50  -9999.00
     1   2005    331    1100.0      -0.4       7.4      0.59      2.00      2.00  -9999.00
     1   2005    332    4800.0       3.7       9.5      0.80      2.00      0.10  -9999.00
     1   2005    333    5100.0       5.6       8.6      0.91      2.00      0.30  -9999.00
     1   2005    334     800.0       6.3       8.0      0.95      2.00      0.50  -9999.00
     1   2005    335     800.0       0.7       6.3      0.64      2.00      6.70  -9999.00
     1   2005    336     700.0      -0.6       3.5      0.58      2.00      0.50  -9999.00
     1   2005    337    1600.0       8.1      10.0      1.08      2.00      4.90  -9999.00
     1   2005    338     700.0       4.5      11.9      0.84      2.00      4.40  -9999.00
     1   2005    339    3600.0       1.2       4.5      0.67      2.00      0.00  -9999.00
     1   2005    340    1000.0       4.4       7.1      0.84      2.00      0.50  -9999.00
     1   2005    341    1200.0       1.0       3.8      0.66      2.00     10.90  -9999.00
     1   2005    342     700.0      -0.9       6.7      0.57      2.00      0.30  -9999.00
     1   2005    343     700.0       3.4       8.0      0.78      2.00      1.00  -9999.00
     1   2005    344    4000.0       1.2       8.5      0.67      2.00      0.10  -9999.00
     1   2005    345     700.0       5.0      10.7      0.87      2.00      1.30  -9999.00
     1   2005    346    1300.0       1.4      10.4      0.68      2.00      0.50  -9999.00
     1   2005    347     800.0      -1.2       5.1      0.56      2.00      0.80  -9999.00
     1   2005    348     700.0       1.0       5.9      0.66      2.00      0.40  -9999.00
     1   2005    349     600.0       1.1       6.6      0.66      2.00      0.00  -9999.00
     1   2005    350    1900.0       0.4       5.8      0.63      2.00      0.00  -9999.00
     1   2005    351    4000.0       2.0      10.1      0.71      2.00      0.00  -9999.00
     1   2005    352     600.0       2.4      11.8      0.73      2.00      0.00  -9999.00
     1   2005    353    1000.0       0.0       8.0      0.61      2.00      5.60  -9999.00
     1   2005    354    4000.0      -3.5       5.0      0.47      2.00      0.00  -9999.00
     1   2005    355     800.0       3.1       7.1      0.76      2.00      2.20  -9999.00
     1   2005    356     600.0       6.6       8.6      0.97      2.00      0.00  -9999.00
     1   2005    357    3400.0       2.1       7.3      0.71      2.00      0.30  -9999.00
     1   2005    358     700.0       0.6       6.6      0.64      2.00      0.20  -9999.00
     1   2005    359     600.0       2.3       5.9      0.72      2.00      0.00  -9999.00
     1   2005    360    2200.0       4.0       6.0      0.81      2.00      0.10  -9999.00
     1   2005    361     800.0       4.9       8.8      0.87      2.00      3.60  -9999.00
     1   2005    362    3400.0       6.0       8.0      0.93      2.00      0.00  -9999.00
     1   2005    363    4000.0       0.0       3.8      0.61      2.00      0.00  -9999.00
     1   2005    364    1100.0       2.3       4.5      0.72      2.00      0.60  -9999.00
     1   2005    365     800.0      -1.7       5.9      0.54      2.00      2.50  -9999.00
