*-----------------------------------------------------------------------------* 
           WHWG_174.met           52.12    0.96   89.00
* Date created:  08-Aug-2019     Author: K Coleman 
* 
* NIL VALUE       -9999 
* Source:   data provided by M. Semenov 
*  
* Latitude:    52.12 Longitude:     0.96 Altitude:    89.00
* 
* Column  Daily value 
* 1       station number 
* 2       year 
* 3       day 
* 4       irradiation                   (kJ m-2 d-1) 
* 5       minimum temperature           (degrees Celsius) 
* 6       maximum temperature           (degrees Celsius) 
* 7       early morning vapour pressure (kPa)             
* 8       mean wind speed (height: 2 m?) (m s-1)          
* 9       precipitation                 (mm d-1)          
* 10      sunshine                      (hrs)             
 		Jday	RAD	    TMIN	TMAX	 VAP	wind	RAIN	SUN  
               kj/m2	°C	    °C	     kPa	m/s	    mm	    hrs 
   52.12  89.00
     1   2005      1     700.0      -1.8       0.2      0.54      2.00      0.00  -9999.00
     1   2005      2     700.0      -1.2       5.1      0.56      2.00      3.00  -9999.00
     1   2005      3    2000.0      -0.8       4.6      0.58      2.00      1.00  -9999.00
     1   2005      4    3800.0       2.8       7.4      0.75      2.00      0.00  -9999.00
     1   2005      5    2200.0       3.5       8.1      0.78      2.00      0.00  -9999.00
     1   2005      6    4400.0      -0.8       6.1      0.58      2.00      0.10  -9999.00
     1   2005      7     800.0       1.9       3.3      0.70      2.00      0.30  -9999.00
     1   2005      8    2900.0       0.2       5.1      0.62      2.00      0.70  -9999.00
     1   2005      9     700.0      -0.1       2.6      0.61      2.00      0.00  -9999.00
     1   2005     10    2100.0       4.0       8.4      0.81      2.00      0.50  -9999.00
     1   2005     11     800.0       3.4       9.3      0.78      2.00      0.90  -9999.00
     1   2005     12    4400.0       2.2       7.7      0.72      2.00      0.00  -9999.00
     1   2005     13    5400.0       7.3       9.3      1.02      2.00      0.00  -9999.00
     1   2005     14     700.0       3.9       7.5      0.81      2.00      0.00  -9999.00
     1   2005     15     700.0       7.3       8.4      1.02      2.00      0.00  -9999.00
     1   2005     16    3300.0       2.0       5.5      0.71      2.00      0.00  -9999.00
     1   2005     17    3400.0       1.5       6.8      0.68      2.00      0.00  -9999.00
     1   2005     18     800.0       0.3       4.0      0.62      2.00      0.30  -9999.00
     1   2005     19     800.0       1.9       4.7      0.70      2.00     12.90  -9999.00
     1   2005     20     800.0       1.0       4.7      0.66      2.00      0.00  -9999.00
     1   2005     21     900.0       0.2       8.3      0.62      2.00      4.70  -9999.00
     1   2005     22     900.0      -2.3       6.7      0.52      2.00     10.70  -9999.00
     1   2005     23     800.0       0.7       5.0      0.64      2.00      0.00  -9999.00
     1   2005     24     900.0       0.7       9.5      0.64      2.00      0.40  -9999.00
     1   2005     25    1000.0       0.0      11.0      0.61      2.00      0.10  -9999.00
     1   2005     26    4100.0       3.6       9.0      0.79      2.00      0.10  -9999.00
     1   2005     27    3300.0       3.8       6.9      0.80      2.00      1.00  -9999.00
     1   2005     28     900.0       1.2       4.7      0.67      2.00      0.00  -9999.00
     1   2005     29    6600.0       3.2       5.2      0.77      2.00      0.00  -9999.00
     1   2005     30    1000.0       5.2       8.5      0.88      2.00      0.00  -9999.00
     1   2005     31    3900.0       3.2      10.8      0.77      2.00      0.40  -9999.00
     1   2005     32    1000.0       3.6       8.6      0.79      2.00     22.00  -9999.00
     1   2005     33    7900.0       4.2       6.3      0.82      2.00      0.20  -9999.00
     1   2005     34    1000.0       5.8      10.1      0.92      2.00      0.60  -9999.00
     1   2005     35    5900.0       3.7      11.2      0.80      2.00      4.40  -9999.00
     1   2005     36    5800.0      -0.4       5.9      0.59      2.00      0.10  -9999.00
     1   2005     37    5800.0      -0.7       7.5      0.58      2.00      0.70  -9999.00
     1   2005     38    6300.0       1.3       7.1      0.67      2.00      2.50  -9999.00
     1   2005     39    3100.0      -0.8       7.0      0.58      2.00      0.30  -9999.00
     1   2005     40    1200.0       4.1       8.8      0.82      2.00      0.20  -9999.00
     1   2005     41    1100.0       8.4      10.4      1.10      2.00      1.90  -9999.00
     1   2005     42    4800.0      -1.8       6.9      0.54      2.00      0.10  -9999.00
     1   2005     43    7100.0      -6.5       7.6      0.38      2.00      1.00  -9999.00
     1   2005     44    2900.0       4.6      10.6      0.85      2.00      0.30  -9999.00
     1   2005     45    4900.0       3.6       8.5      0.79      2.00     10.80  -9999.00
     1   2005     46    6400.0       4.6       9.0      0.85      2.00      0.20  -9999.00
     1   2005     47    1400.0       7.5       9.0      1.04      2.00      0.00  -9999.00
     1   2005     48    8900.0      -0.7       7.5      0.58      2.00      0.00  -9999.00
     1   2005     49    1300.0      -0.9       6.6      0.57      2.00      2.10  -9999.00
     1   2005     50    9800.0      -0.6       7.0      0.58      2.00      0.90  -9999.00
     1   2005     51    3900.0      -4.3       9.0      0.44      2.00      1.00  -9999.00
     1   2005     52    2100.0       1.8       8.4      0.70      2.00      1.70  -9999.00
     1   2005     53    2400.0       0.6       7.9      0.64      2.00      2.90  -9999.00
     1   2005     54   10000.0      -1.7       0.5      0.54      2.00      0.00  -9999.00
     1   2005     55    9500.0      -2.4       1.2      0.51      2.00      0.00  -9999.00
     1   2005     56    6000.0       4.0      10.8      0.81      2.00      0.00  -9999.00
     1   2005     57    2000.0       0.9      11.6      0.65      2.00      0.00  -9999.00
     1   2005     58    7300.0       4.8      10.1      0.86      2.00      0.40  -9999.00
     1   2005     59    3300.0       1.4      12.1      0.68      2.00      0.40  -9999.00
     1   2005     60    9200.0       3.4       8.5      0.78      2.00      0.10  -9999.00
     1   2005     61   11600.0       3.7      10.6      0.80      2.00      0.50  -9999.00
     1   2005     62    2500.0       0.4       5.2      0.63      2.00      3.10  -9999.00
     1   2005     63    6000.0      -0.7       2.0      0.58      2.00      0.10  -9999.00
     1   2005     64    6300.0       2.3       5.7      0.72      2.00      5.50  -9999.00
     1   2005     65    1700.0       4.3       8.0      0.83      2.00      1.80  -9999.00
     1   2005     66    1900.0      -1.1       8.7      0.56      2.00      0.50  -9999.00
     1   2005     67   11500.0       2.7       8.8      0.74      2.00      0.80  -9999.00
     1   2005     68    6500.0       2.8       5.9      0.75      2.00      0.00  -9999.00
     1   2005     69    7600.0       1.3       9.3      0.67      2.00      0.00  -9999.00
     1   2005     70    2700.0       6.0      13.7      0.93      2.00      0.00  -9999.00
     1   2005     71    7300.0       2.2      13.3      0.72      2.00      0.00  -9999.00
     1   2005     72    8900.0       1.4       7.8      0.68      2.00      0.00  -9999.00
     1   2005     73   15400.0       2.6       8.6      0.74      2.00      0.00  -9999.00
     1   2005     74    7000.0       3.4       9.3      0.78      2.00      0.80  -9999.00
     1   2005     75   13800.0       1.0      10.1      0.66      2.00      0.90  -9999.00
     1   2005     76   14800.0      -1.5      10.6      0.55      2.00      0.00  -9999.00
     1   2005     77    4900.0       2.6      10.4      0.74      2.00      0.10  -9999.00
     1   2005     78    2100.0       3.7      11.3      0.80      2.00      3.00  -9999.00
     1   2005     79    5900.0       1.7      11.2      0.69      2.00      1.20  -9999.00
     1   2005     80    8800.0       6.4      15.4      0.96      2.00     24.10  -9999.00
     1   2005     81   14700.0       7.6      18.1      1.04      2.00      0.00  -9999.00
     1   2005     82   17000.0       2.4       9.2      0.73      2.00      0.00  -9999.00
     1   2005     83   12400.0       3.2       6.3      0.77      2.00      0.00  -9999.00
     1   2005     84   11700.0       3.3      17.2      0.77      2.00      0.00  -9999.00
     1   2005     85    7800.0       2.5      13.2      0.73      2.00      0.00  -9999.00
     1   2005     86   16200.0       4.5       8.8      0.84      2.00      5.00  -9999.00
     1   2005     87   15700.0       6.1      11.1      0.94      2.00      0.80  -9999.00
     1   2005     88   16100.0       2.2      10.8      0.72      2.00      1.00  -9999.00
     1   2005     89   15600.0       5.1      13.4      0.88      2.00      0.10  -9999.00
     1   2005     90   13600.0       2.7      15.4      0.74      2.00      0.00  -9999.00
     1   2005     91   12000.0       2.7      14.1      0.74      2.00      0.40  -9999.00
     1   2005     92    4000.0       2.2       9.5      0.72      2.00      4.70  -9999.00
     1   2005     93    3500.0       0.7      10.2      0.64      2.00      0.80  -9999.00
     1   2005     94   11100.0       3.8      12.5      0.80      2.00      0.00  -9999.00
     1   2005     95   20500.0       5.8       9.6      0.92      2.00      0.00  -9999.00
     1   2005     96   13900.0      -0.6       5.5      0.58      2.00      0.00  -9999.00
     1   2005     97   13700.0       0.5       7.6      0.63      2.00      0.30  -9999.00
     1   2005     98    3200.0       4.6      13.0      0.85      2.00     19.50  -9999.00
     1   2005     99   17900.0       2.4      20.2      0.73      2.00      0.00  -9999.00
     1   2005    100   15800.0       4.4      14.8      0.84      2.00      0.00  -9999.00
     1   2005    101   16100.0       2.8      18.4      0.75      2.00      0.00  -9999.00
     1   2005    102    3300.0       5.8      13.1      0.92      2.00      0.40  -9999.00
     1   2005    103    3100.0       4.0      11.8      0.81      2.00      2.80  -9999.00
     1   2005    104   10900.0       3.0      11.1      0.76      2.00      1.00  -9999.00
     1   2005    105   16400.0       6.3       9.4      0.95      2.00      4.80  -9999.00
     1   2005    106    9500.0       5.7      12.4      0.92      2.00      6.30  -9999.00
     1   2005    107   18900.0       5.9      11.7      0.93      2.00      0.40  -9999.00
     1   2005    108    8900.0       5.1      11.5      0.88      2.00      2.30  -9999.00
     1   2005    109    6200.0       9.1       9.5      1.16      2.00      3.80  -9999.00
     1   2005    110   20800.0       3.9      15.2      0.81      2.00      0.00  -9999.00
     1   2005    111   16500.0       3.3      16.1      0.77      2.00      0.00  -9999.00
     1   2005    112    3700.0       5.2      11.3      0.88      2.00      0.10  -9999.00
     1   2005    113    3800.0       2.7      10.6      0.74      2.00      1.00  -9999.00
     1   2005    114   13900.0       3.0      14.3      0.76      2.00      9.10  -9999.00
     1   2005    115   17800.0       5.3      19.1      0.89      2.00      0.00  -9999.00
     1   2005    116   17800.0       0.2      12.7      0.62      2.00      0.00  -9999.00
     1   2005    117   18100.0       1.5       8.7      0.68      2.00      2.90  -9999.00
     1   2005    118   22500.0       4.4      11.8      0.84      2.00      0.30  -9999.00
     1   2005    119   13300.0       5.4       8.7      0.90      2.00      3.20  -9999.00
     1   2005    120   20300.0       5.5      17.8      0.90      2.00      0.00  -9999.00
     1   2005    121   19600.0       9.5      18.6      1.19      2.00      1.30  -9999.00
     1   2005    122   14500.0       3.7      12.7      0.80      2.00      0.00  -9999.00
     1   2005    123   16900.0       5.8       9.2      0.92      2.00      6.00  -9999.00
     1   2005    124   19200.0       3.6      13.8      0.79      2.00      0.30  -9999.00
     1   2005    125   15700.0       4.2      15.4      0.82      2.00      0.10  -9999.00
     1   2005    126   24900.0       8.0      16.9      1.07      2.00      0.00  -9999.00
     1   2005    127   16900.0       9.9      19.7      1.22      2.00      0.00  -9999.00
     1   2005    128   25100.0       7.1      17.9      1.01      2.00      0.00  -9999.00
     1   2005    129    4100.0       3.0      19.8      0.76      2.00      0.00  -9999.00
     1   2005    130   27200.0       5.6      15.4      0.91      2.00      0.00  -9999.00
     1   2005    131   15000.0       7.4      18.2      1.03      2.00      0.00  -9999.00
     1   2005    132   26900.0       6.2      12.2      0.95      2.00      0.00  -9999.00
     1   2005    133   21200.0       6.5      12.1      0.97      2.00      0.00  -9999.00
     1   2005    134    5100.0      11.1      21.6      1.32      2.00      0.00  -9999.00
     1   2005    135   13400.0       9.3      24.5      1.17      2.00      0.00  -9999.00
     1   2005    136    4100.0       5.7      17.5      0.92      2.00      0.00  -9999.00
     1   2005    137    8800.0       6.6      13.4      0.97      2.00      2.40  -9999.00
     1   2005    138   14000.0       8.8      16.4      1.13      2.00      2.90  -9999.00
     1   2005    139   25500.0       6.9      18.5      0.99      2.00      6.60  -9999.00
     1   2005    140   28000.0       1.8      13.4      0.70      2.00      0.00  -9999.00
     1   2005    141   26800.0       2.6      10.3      0.74      2.00      0.00  -9999.00
     1   2005    142   23600.0       7.0      18.3      1.00      2.00      0.00  -9999.00
     1   2005    143   27200.0      10.4      16.2      1.26      2.00      0.00  -9999.00
     1   2005    144   22800.0       8.3      16.9      1.09      2.00      0.00  -9999.00
     1   2005    145   18700.0       7.0      15.8      1.00      2.00      0.00  -9999.00
     1   2005    146   26600.0       7.6      19.2      1.04      2.00      0.00  -9999.00
     1   2005    147   22000.0       1.3      21.9      0.67      2.00      0.00  -9999.00
     1   2005    148   19000.0       6.6      16.7      0.97      2.00      0.00  -9999.00
     1   2005    149   22300.0       9.4      16.7      1.18      2.00      0.00  -9999.00
     1   2005    150   21900.0       8.0      17.3      1.07      2.00      0.00  -9999.00
     1   2005    151   26000.0       9.1      15.8      1.16      2.00      0.00  -9999.00
     1   2005    152   27500.0       8.6      17.7      1.12      2.00      0.00  -9999.00
     1   2005    153   29300.0      10.6      13.8      1.28      2.00      0.00  -9999.00
     1   2005    154    9500.0      10.5      21.3      1.27      2.00      0.00  -9999.00
     1   2005    155   16900.0       9.2      19.7      1.16      2.00      0.70  -9999.00
     1   2005    156    4400.0      10.1      15.3      1.24      2.00      0.60  -9999.00
     1   2005    157   11800.0       7.2      16.9      1.02      2.00      1.80  -9999.00
     1   2005    158   16700.0      10.3      22.0      1.25      2.00      1.40  -9999.00
     1   2005    159   26100.0      10.5      19.8      1.27      2.00      2.30  -9999.00
     1   2005    160   15400.0       8.1      14.2      1.08      2.00      8.60  -9999.00
     1   2005    161   15100.0       9.9      13.8      1.22      2.00      0.80  -9999.00
     1   2005    162   21900.0      10.9      16.3      1.30      2.00     10.30  -9999.00
     1   2005    163   26600.0      16.0      16.7      1.82      2.00     10.70  -9999.00
     1   2005    164   16500.0      10.6      20.7      1.28      2.00      6.00  -9999.00
     1   2005    165   21700.0       7.2      18.2      1.02      2.00      7.40  -9999.00
     1   2005    166   29300.0       9.0      21.8      1.15      2.00      0.00  -9999.00
     1   2005    167   29100.0       9.8      23.4      1.21      2.00      0.00  -9999.00
     1   2005    168   11000.0      10.7      20.3      1.29      2.00      0.00  -9999.00
     1   2005    169    9100.0      14.3      18.3      1.63      2.00      0.00  -9999.00
     1   2005    170   26600.0       6.0      19.2      0.93      2.00      0.00  -9999.00
     1   2005    171   24400.0       9.6      19.3      1.20      2.00     24.70  -9999.00
     1   2005    172   20700.0       9.1      14.5      1.16      2.00      0.30  -9999.00
     1   2005    173   29400.0      11.2      18.8      1.33      2.00      0.00  -9999.00
     1   2005    174    6000.0      11.3      19.7      1.34      2.00      0.00  -9999.00
     1   2005    175   27800.0      13.1      20.2      1.51      2.00      0.00  -9999.00
     1   2005    176   18000.0      15.9      24.8      1.81      2.00      0.00  -9999.00
     1   2005    177    9000.0      16.0      25.3      1.82      2.00      0.00  -9999.00
     1   2005    178   26300.0       3.9      19.9      0.81      2.00      0.00  -9999.00
     1   2005    179   19400.0       8.8      18.1      1.13      2.00      0.80  -9999.00
     1   2005    180   17900.0      12.0      17.9      1.40      2.00      0.50  -9999.00
     1   2005    181   23700.0      11.4      18.4      1.35      2.00      0.00  -9999.00
     1   2005    182   12300.0      11.5      18.9      1.36      2.00      1.90  -9999.00
     1   2005    183   19200.0      11.4      21.4      1.35      2.00     36.80  -9999.00
     1   2005    184    8400.0       8.7      20.4      1.12      2.00      0.00  -9999.00
     1   2005    185   18700.0       8.2      21.6      1.09      2.00      0.00  -9999.00
     1   2005    186   10900.0      10.5      19.1      1.27      2.00      5.50  -9999.00
     1   2005    187   15400.0       7.0      16.3      1.00      2.00      0.60  -9999.00
     1   2005    188   13900.0      11.4      19.0      1.35      2.00      0.90  -9999.00
     1   2005    189   26700.0      16.1      19.4      1.83      2.00      0.00  -9999.00
     1   2005    190   21900.0      12.3      21.1      1.43      2.00      0.00  -9999.00
     1   2005    191   21400.0      10.8      16.7      1.29      2.00      0.00  -9999.00
     1   2005    192   29600.0      11.7      22.9      1.37      2.00      0.00  -9999.00
     1   2005    193   12900.0      12.1      26.6      1.41      2.00      0.00  -9999.00
     1   2005    194    8700.0      10.8      21.5      1.29      2.00      0.00  -9999.00
     1   2005    195    4400.0      10.9      18.0      1.30      2.00      0.30  -9999.00
     1   2005    196   16600.0      10.8      16.4      1.29      2.00     19.50  -9999.00
     1   2005    197    5200.0       8.0      19.3      1.07      2.00      3.10  -9999.00
     1   2005    198   13500.0      12.0      23.1      1.40      2.00      0.00  -9999.00
     1   2005    199   27700.0      11.2      22.0      1.33      2.00      6.00  -9999.00
     1   2005    200   20700.0      13.0      20.9      1.50      2.00      1.20  -9999.00
     1   2005    201   14100.0      12.7      21.6      1.47      2.00      0.00  -9999.00
     1   2005    202   23200.0      15.5      24.0      1.76      2.00      0.00  -9999.00
     1   2005    203   25200.0      15.0      21.4      1.70      2.00     18.10  -9999.00
     1   2005    204   27200.0      10.8      21.7      1.29      2.00      0.00  -9999.00
     1   2005    205   25800.0      12.3      22.1      1.43      2.00      0.00  -9999.00
     1   2005    206   16400.0      10.6      19.4      1.28      2.00      8.70  -9999.00
     1   2005    207   15800.0      14.0      24.8      1.60      2.00      0.00  -9999.00
     1   2005    208   14400.0      12.5      21.1      1.45      2.00      4.80  -9999.00
     1   2005    209    3900.0       9.6      30.3      1.20      2.00      0.30  -9999.00
     1   2005    210    6100.0      12.2      20.7      1.42      2.00      1.10  -9999.00
     1   2005    211   23100.0       9.9      21.6      1.22      2.00      0.30  -9999.00
     1   2005    212   17100.0      12.7      19.7      1.47      2.00      1.50  -9999.00
     1   2005    213   20300.0      11.4      21.1      1.35      2.00      3.40  -9999.00
     1   2005    214    9100.0      12.3      22.4      1.43      2.00      0.00  -9999.00
     1   2005    215   24200.0      11.0      21.7      1.31      2.00      0.00  -9999.00
     1   2005    216   21000.0      13.2      18.7      1.52      2.00      1.20  -9999.00
     1   2005    217   19800.0      10.2      21.5      1.24      2.00      0.00  -9999.00
     1   2005    218   18200.0      10.7      18.7      1.29      2.00      0.00  -9999.00
     1   2005    219   20100.0      13.7      22.3      1.57      2.00      0.00  -9999.00
     1   2005    220    5400.0      13.0      21.3      1.50      2.00      2.20  -9999.00
     1   2005    221    6700.0       9.6      24.7      1.20      2.00      0.60  -9999.00
     1   2005    222   18900.0      11.4      20.7      1.35      2.00      9.20  -9999.00
     1   2005    223   20600.0      10.0      26.1      1.23      2.00      0.00  -9999.00
     1   2005    224    8800.0      12.8      23.1      1.48      2.00      0.00  -9999.00
     1   2005    225   19900.0      12.3      19.1      1.43      2.00      0.30  -9999.00
     1   2005    226   22800.0      11.2      19.5      1.33      2.00      1.00  -9999.00
     1   2005    227    3600.0      14.6      16.1      1.66      2.00      4.90  -9999.00
     1   2005    228   20400.0      16.3      26.0      1.85      2.00      0.00  -9999.00
     1   2005    229   17100.0      14.1      21.7      1.61      2.00      0.60  -9999.00
     1   2005    230   15100.0      12.1      17.8      1.41      2.00      2.70  -9999.00
     1   2005    231   21500.0      12.1      22.7      1.41      2.00      0.00  -9999.00
     1   2005    232   12800.0      12.3      17.5      1.43      2.00     17.00  -9999.00
     1   2005    233   13200.0      14.3      22.6      1.63      2.00      0.00  -9999.00
     1   2005    234   16500.0      17.0      22.9      1.94      2.00     14.80  -9999.00
     1   2005    235    3400.0      13.4      21.6      1.54      2.00     11.40  -9999.00
     1   2005    236   14600.0      14.7      23.3      1.67      2.00      0.00  -9999.00
     1   2005    237   21500.0      12.8      24.9      1.48      2.00      0.00  -9999.00
     1   2005    238   18500.0       8.1      19.6      1.08      2.00      0.00  -9999.00
     1   2005    239   21900.0       9.3      19.6      1.17      2.00      0.00  -9999.00
     1   2005    240    3600.0      11.4      17.9      1.35      2.00      3.60  -9999.00
     1   2005    241   16900.0      12.7      20.2      1.47      2.00      0.80  -9999.00
     1   2005    242   18800.0      15.1      23.2      1.72      2.00      0.00  -9999.00
     1   2005    243   11000.0      12.1      23.8      1.41      2.00      4.30  -9999.00
     1   2005    244   19100.0      12.2      21.3      1.42      2.00      0.00  -9999.00
     1   2005    245   15500.0      16.0      19.5      1.82      2.00      0.00  -9999.00
     1   2005    246   15500.0      11.5      20.3      1.36      2.00      0.00  -9999.00
     1   2005    247   17800.0      15.7      18.8      1.78      2.00      0.00  -9999.00
     1   2005    248   10600.0       5.0      20.0      0.87      2.00      0.00  -9999.00
     1   2005    249   16300.0       5.6      19.9      0.91      2.00      0.00  -9999.00
     1   2005    250   17100.0       6.8      19.7      0.99      2.00      0.00  -9999.00
     1   2005    251    9700.0       7.3      18.4      1.02      2.00      0.00  -9999.00
     1   2005    252    4900.0      10.8      18.5      1.29      2.00      4.10  -9999.00
     1   2005    253    6400.0      14.9      18.1      1.69      2.00      0.00  -9999.00
     1   2005    254   16500.0       8.6      20.2      1.12      2.00      0.00  -9999.00
     1   2005    255   16600.0       9.8      17.5      1.21      2.00      0.00  -9999.00
     1   2005    256   14100.0      11.7      18.7      1.37      2.00      0.30  -9999.00
     1   2005    257    5100.0      10.7      19.8      1.29      2.00     24.00  -9999.00
     1   2005    258    9400.0      13.7      19.8      1.57      2.00      0.40  -9999.00
     1   2005    259   14800.0      11.7      18.5      1.37      2.00      0.00  -9999.00
     1   2005    260   10300.0      11.3      18.5      1.34      2.00      0.00  -9999.00
     1   2005    261    9500.0      13.6      16.4      1.56      2.00      0.10  -9999.00
     1   2005    262    8200.0      10.3      17.2      1.25      2.00      0.10  -9999.00
     1   2005    263    3700.0      14.2      16.2      1.62      2.00      0.10  -9999.00
     1   2005    264   14400.0       7.5      18.1      1.04      2.00      0.00  -9999.00
     1   2005    265   11500.0      10.9      18.3      1.30      2.00      0.00  -9999.00
     1   2005    266    4900.0       8.6      16.7      1.12      2.00      0.50  -9999.00
     1   2005    267    2900.0      10.4      16.8      1.26      2.00      0.10  -9999.00
     1   2005    268    7600.0       9.5      17.8      1.19      2.00      0.00  -9999.00
     1   2005    269   12600.0      12.5      19.0      1.45      2.00      3.30  -9999.00
     1   2005    270   12600.0       9.9      19.4      1.22      2.00      0.00  -9999.00
     1   2005    271   11200.0      12.6      22.4      1.46      2.00      0.00  -9999.00
     1   2005    272   11000.0       9.0      17.2      1.15      2.00      0.00  -9999.00
     1   2005    273    2900.0      11.0      18.4      1.31      2.00      0.00  -9999.00
     1   2005    274   12800.0       5.7      11.9      0.92      2.00      0.00  -9999.00
     1   2005    275   13700.0       6.2      15.6      0.95      2.00      0.00  -9999.00
     1   2005    276    6200.0       9.1      16.2      1.16      2.00      0.00  -9999.00
     1   2005    277    9700.0      13.1      14.9      1.51      2.00      0.00  -9999.00
     1   2005    278   10700.0      12.1      21.4      1.41      2.00      2.20  -9999.00
     1   2005    279    7700.0      11.9      20.6      1.39      2.00      0.00  -9999.00
     1   2005    280   11000.0       7.3      15.5      1.02      2.00      0.00  -9999.00
     1   2005    281    9400.0       9.0      16.2      1.15      2.00      0.00  -9999.00
     1   2005    282    4000.0       7.1      14.7      1.01      2.00      0.00  -9999.00
     1   2005    283    1600.0       0.1      15.6      0.62      2.00      0.00  -9999.00
     1   2005    284    3300.0       7.1      12.6      1.01      2.00      0.60  -9999.00
     1   2005    285    1900.0       9.9      10.5      1.22      2.00      0.40  -9999.00
     1   2005    286    1800.0      10.6      14.3      1.28      2.00     10.60  -9999.00
     1   2005    287    7700.0       6.4      17.0      0.96      2.00      0.00  -9999.00
     1   2005    288    7700.0       7.2      12.9      1.02      2.00      0.00  -9999.00
     1   2005    289    4100.0       8.6      12.0      1.12      2.00      2.60  -9999.00
     1   2005    290   10100.0       9.3      13.8      1.17      2.00      0.00  -9999.00
     1   2005    291    6300.0      12.3      15.9      1.43      2.00      3.80  -9999.00
     1   2005    292   10100.0       6.2      12.2      0.95      2.00      0.00  -9999.00
     1   2005    293    5900.0       5.4      14.3      0.90      2.00      0.00  -9999.00
     1   2005    294    6100.0       6.0      12.2      0.93      2.00      0.00  -9999.00
     1   2005    295    1700.0       9.5      10.4      1.19      2.00      0.60  -9999.00
     1   2005    296    1500.0       7.9      12.0      1.07      2.00     30.30  -9999.00
     1   2005    297    5100.0       2.9      11.9      0.75      2.00      1.10  -9999.00
     1   2005    298    1300.0       9.1      15.7      1.16      2.00      0.70  -9999.00
     1   2005    299    2300.0       7.4      13.9      1.03      2.00      1.50  -9999.00
     1   2005    300    2800.0      10.0      16.6      1.23      2.00      8.50  -9999.00
     1   2005    301    4600.0      12.9      15.1      1.49      2.00      2.80  -9999.00
     1   2005    302    8100.0       4.3      10.8      0.83      2.00      0.00  -9999.00
     1   2005    303    3300.0       5.8      13.0      0.92      2.00      7.30  -9999.00
     1   2005    304    4500.0       8.8      14.9      1.13      2.00      0.20  -9999.00
     1   2005    305    6400.0       5.7      12.8      0.92      2.00      0.00  -9999.00
     1   2005    306    1300.0      -0.4       8.5      0.59      2.00     14.00  -9999.00
     1   2005    307    7400.0       1.3      10.4      0.67      2.00      3.50  -9999.00
     1   2005    308    4000.0       3.9      10.2      0.81      2.00      2.40  -9999.00
     1   2005    309    8200.0       7.0      10.8      1.00      2.00      0.00  -9999.00
     1   2005    310    7100.0       4.5      13.3      0.84      2.00      0.00  -9999.00
     1   2005    311    1200.0       5.3      13.6      0.89      2.00      0.00  -9999.00
     1   2005    312    1600.0       3.0       6.6      0.76      2.00      0.00  -9999.00
     1   2005    313    5900.0       6.1       8.1      0.94      2.00      0.00  -9999.00
     1   2005    314    6000.0       5.2       9.9      0.88      2.00      0.00  -9999.00
     1   2005    315     900.0       8.3      11.7      1.09      2.00      0.00  -9999.00
     1   2005    316    5700.0       4.3       8.7      0.83      2.00      0.00  -9999.00
     1   2005    317     900.0       9.0      11.5      1.15      2.00      0.00  -9999.00
     1   2005    318    5800.0      -3.4       7.9      0.48      2.00      0.00  -9999.00
     1   2005    319     900.0       2.0      10.8      0.71      2.00      0.40  -9999.00
     1   2005    320    3700.0       3.7       7.4      0.80      2.00      1.10  -9999.00
     1   2005    321    1000.0       4.0       5.4      0.81      2.00      0.00  -9999.00
     1   2005    322    4400.0       8.5      13.1      1.11      2.00      0.00  -9999.00
     1   2005    323    1000.0       7.8      12.6      1.06      2.00      0.00  -9999.00
     1   2005    324    5100.0      -0.2       9.1      0.60      2.00      0.00  -9999.00
     1   2005    325    5000.0       1.1       7.1      0.66      2.00      0.00  -9999.00
     1   2005    326     800.0       2.5       9.7      0.73      2.00      0.00  -9999.00
     1   2005    327    4600.0       6.4       7.4      0.96      2.00      0.00  -9999.00
     1   2005    328    5500.0       0.7       6.6      0.64      2.00      0.00  -9999.00
     1   2005    329     900.0       3.4       8.6      0.78      2.00      0.00  -9999.00
     1   2005    330    3500.0       0.7       9.1      0.64      2.00      7.50  -9999.00
     1   2005    331    3600.0       4.0       8.4      0.81      2.00      1.60  -9999.00
     1   2005    332     700.0       3.3       7.3      0.77      2.00      0.50  -9999.00
     1   2005    333    3700.0       4.4       6.5      0.84      2.00      0.00  -9999.00
     1   2005    334    4800.0       0.9       6.0      0.65      2.00      0.00  -9999.00
     1   2005    335     800.0       3.8       7.8      0.80      2.00      0.00  -9999.00
     1   2005    336    4100.0      -1.7       5.5      0.54      2.00      0.00  -9999.00
     1   2005    337     700.0      -2.1       4.5      0.52      2.00      0.00  -9999.00
     1   2005    338    4400.0       7.0       8.9      1.00      2.00      0.00  -9999.00
     1   2005    339    1300.0       5.5       7.7      0.90      2.00      0.00  -9999.00
     1   2005    340    1900.0       6.2       8.7      0.95      2.00      9.40  -9999.00
     1   2005    341     700.0       2.3      10.6      0.72      2.00      0.10  -9999.00
     1   2005    342     700.0       4.4       8.3      0.84      2.00      0.20  -9999.00
     1   2005    343     600.0       5.9       7.9      0.93      2.00      0.00  -9999.00
     1   2005    344     900.0       7.5       9.2      1.04      2.00      4.00  -9999.00
     1   2005    345     700.0       5.4       6.5      0.90      2.00      3.80  -9999.00
     1   2005    346     600.0       1.7       6.0      0.69      2.00      0.00  -9999.00
     1   2005    347    3700.0      -0.2       4.8      0.60      2.00      0.00  -9999.00
     1   2005    348    3400.0      -2.8       3.3      0.50      2.00      0.00  -9999.00
     1   2005    349    3900.0      -1.6       5.8      0.54      2.00      0.00  -9999.00
     1   2005    350    3700.0      -1.5       5.7      0.55      2.00      3.00  -9999.00
     1   2005    351    1000.0      -0.9       2.3      0.57      2.00      0.00  -9999.00
     1   2005    352     600.0       1.6       6.2      0.69      2.00      0.00  -9999.00
     1   2005    353    2600.0      -0.4       6.8      0.59      2.00      0.00  -9999.00
     1   2005    354    1700.0      -1.7       4.9      0.54      2.00      0.40  -9999.00
     1   2005    355     700.0       0.3       3.7      0.62      2.00      2.20  -9999.00
     1   2005    356     700.0       0.7       8.2      0.64      2.00      0.90  -9999.00
     1   2005    357     700.0       1.8       9.7      0.70      2.00      5.40  -9999.00
     1   2005    358    1900.0       3.1       8.8      0.76      2.00      7.90  -9999.00
     1   2005    359    3500.0       6.6       8.1      0.97      2.00      0.50  -9999.00
     1   2005    360    3000.0       6.3      10.3      0.95      2.00      3.80  -9999.00
     1   2005    361     700.0       7.4       7.9      1.03      2.00      3.30  -9999.00
     1   2005    362    3400.0       1.2       7.0      0.67      2.00      0.70  -9999.00
     1   2005    363    3900.0      -1.8       9.6      0.54      2.00      0.20  -9999.00
     1   2005    364     700.0       6.0      12.7      0.93      2.00      0.60  -9999.00
     1   2005    365     700.0       5.0      10.5      0.87      2.00      2.80  -9999.00
