*-----------------------------------------------------------------------------* 
           WHWG_107.met           52.12    0.96   89.00
* Date created:  08-Aug-2019     Author: K Coleman 
* 
* NIL VALUE       -9999 
* Source:   data provided by M. Semenov 
*  
* Latitude:    52.12 Longitude:     0.96 Altitude:    89.00
* 
* Column  Daily value 
* 1       station number 
* 2       year 
* 3       day 
* 4       irradiation                   (kJ m-2 d-1) 
* 5       minimum temperature           (degrees Celsius) 
* 6       maximum temperature           (degrees Celsius) 
* 7       early morning vapour pressure (kPa)             
* 8       mean wind speed (height: 2 m?) (m s-1)          
* 9       precipitation                 (mm d-1)          
* 10      sunshine                      (hrs)             
 		Jday	RAD	    TMIN	TMAX	 VAP	wind	RAIN	SUN  
               kj/m2	°C	    °C	     kPa	m/s	    mm	    hrs 
   52.12  89.00
     1   2005      1     700.0       3.8      12.1      0.80      2.00      0.80  -9999.00
     1   2005      2    3800.0       4.0      12.2      0.81      2.00     10.00  -9999.00
     1   2005      3    2100.0       1.8       8.4      0.70      2.00      1.00  -9999.00
     1   2005      4     800.0       3.3       6.4      0.77      2.00      0.90  -9999.00
     1   2005      5     800.0       4.8      14.0      0.86      2.00      1.10  -9999.00
     1   2005      6     700.0       6.6      13.0      0.97      2.00      0.00  -9999.00
     1   2005      7     700.0       1.2       9.4      0.67      2.00      0.00  -9999.00
     1   2005      8    3900.0       6.3       8.8      0.95      2.00     14.30  -9999.00
     1   2005      9    2800.0      -0.3       5.4      0.60      2.00      0.80  -9999.00
     1   2005     10    4000.0       2.6       3.3      0.74      2.00      1.40  -9999.00
     1   2005     11    3400.0       2.3       6.9      0.72      2.00      0.00  -9999.00
     1   2005     12     700.0       3.4       4.7      0.78      2.00      0.00  -9999.00
     1   2005     13    1000.0       0.6       8.1      0.64      2.00      0.40  -9999.00
     1   2005     14     800.0      -0.2       6.8      0.60      2.00      0.90  -9999.00
     1   2005     15    5100.0      -3.4       4.4      0.48      2.00      0.00  -9999.00
     1   2005     16     700.0       0.7       4.4      0.64      2.00      0.90  -9999.00
     1   2005     17     700.0      -0.7       8.2      0.58      2.00      4.50  -9999.00
     1   2005     18     900.0      -7.3       6.9      0.35      2.00      0.70  -9999.00
     1   2005     19     700.0       3.6       9.5      0.79      2.00      0.90  -9999.00
     1   2005     20    3000.0       1.0      10.2      0.66      2.00      0.00  -9999.00
     1   2005     21     800.0      -0.7       7.1      0.58      2.00      2.70  -9999.00
     1   2005     22    2500.0      -2.6       7.6      0.50      2.00      0.00  -9999.00
     1   2005     23    2200.0       2.0       7.7      0.71      2.00      0.00  -9999.00
     1   2005     24     800.0       6.5      10.2      0.97      2.00      1.80  -9999.00
     1   2005     25     900.0       6.1       8.9      0.94      2.00      1.90  -9999.00
     1   2005     26    2400.0       2.4       9.9      0.73      2.00      2.40  -9999.00
     1   2005     27    1000.0      -6.2       3.0      0.38      2.00      0.00  -9999.00
     1   2005     28    2300.0      -2.8       3.5      0.50      2.00      5.70  -9999.00
     1   2005     29     900.0       0.4       7.6      0.63      2.00      0.00  -9999.00
     1   2005     30    1200.0       3.9      11.4      0.81      2.00      1.30  -9999.00
     1   2005     31    5000.0      -3.9       6.1      0.46      2.00     13.00  -9999.00
     1   2005     32    1300.0       0.9       4.0      0.65      2.00      1.40  -9999.00
     1   2005     33    5500.0       1.1       7.1      0.66      2.00      0.00  -9999.00
     1   2005     34    4800.0       4.4       6.5      0.84      2.00      0.00  -9999.00
     1   2005     35    1000.0      -0.5       5.0      0.59      2.00      0.00  -9999.00
     1   2005     36    1100.0      -1.3       5.5      0.56      2.00      0.00  -9999.00
     1   2005     37    1900.0      -1.1       6.3      0.56      2.00      0.00  -9999.00
     1   2005     38    7200.0       1.9       4.9      0.70      2.00      0.00  -9999.00
     1   2005     39    7800.0       1.1       9.1      0.66      2.00      0.00  -9999.00
     1   2005     40    7200.0       3.0       7.1      0.76      2.00      0.00  -9999.00
     1   2005     41    5700.0       0.0       6.5      0.61      2.00      0.00  -9999.00
     1   2005     42    1100.0      -3.2       9.0      0.48      2.00      0.00  -9999.00
     1   2005     43    2200.0       3.1       9.3      0.76      2.00      0.00  -9999.00
     1   2005     44    1900.0       1.1      11.2      0.66      2.00      5.40  -9999.00
     1   2005     45    8000.0       0.5       9.0      0.63      2.00      0.00  -9999.00
     1   2005     46    5900.0      -1.4       8.8      0.55      2.00      0.00  -9999.00
     1   2005     47    7000.0       5.4       9.1      0.90      2.00     13.20  -9999.00
     1   2005     48    1400.0       3.8       9.0      0.80      2.00      1.40  -9999.00
     1   2005     49    7200.0      -1.2       2.4      0.56      2.00      0.00  -9999.00
     1   2005     50    6900.0      -3.8      -1.8      0.46      2.00      2.30  -9999.00
     1   2005     51    7100.0       4.0       8.6      0.81      2.00      0.00  -9999.00
     1   2005     52    6700.0       6.6       9.3      0.97      2.00      0.00  -9999.00
     1   2005     53    9300.0       2.7       7.3      0.74      2.00      0.00  -9999.00
     1   2005     54    4700.0       3.7       9.0      0.80      2.00      8.00  -9999.00
     1   2005     55    5800.0      -2.5       5.5      0.51      2.00      0.00  -9999.00
     1   2005     56    6000.0      -1.2       4.7      0.56      2.00      0.00  -9999.00
     1   2005     57    8300.0      -1.4       3.4      0.55      2.00      1.10  -9999.00
     1   2005     58    4700.0       0.6       5.2      0.64      2.00      0.20  -9999.00
     1   2005     59    5600.0      -0.3       2.8      0.60      2.00      0.50  -9999.00
     1   2005     60    9500.0      -2.4       6.9      0.51      2.00      1.00  -9999.00
     1   2005     61   11700.0       5.2       9.8      0.88      2.00      0.00  -9999.00
     1   2005     62    1700.0       6.5       7.9      0.97      2.00      0.00  -9999.00
     1   2005     63    1900.0       4.3       8.0      0.83      2.00      0.10  -9999.00
     1   2005     64    3200.0       3.3       9.8      0.77      2.00      0.50  -9999.00
     1   2005     65    5300.0       0.1       6.4      0.62      2.00      0.90  -9999.00
     1   2005     66    7800.0       0.6       9.3      0.64      2.00      1.50  -9999.00
     1   2005     67    9400.0       3.8      11.6      0.80      2.00      0.00  -9999.00
     1   2005     68   10100.0       3.3      10.4      0.77      2.00      0.00  -9999.00
     1   2005     69   11100.0       0.2       7.8      0.62      2.00      0.10  -9999.00
     1   2005     70    8200.0       2.9       4.5      0.75      2.00      0.00  -9999.00
     1   2005     71    5300.0       5.7      12.6      0.92      2.00      0.00  -9999.00
     1   2005     72    2600.0       4.7      11.1      0.85      2.00      0.00  -9999.00
     1   2005     73    4200.0       8.4      11.3      1.10      2.00      0.00  -9999.00
     1   2005     74    8400.0       2.7      11.8      0.74      2.00      0.00  -9999.00
     1   2005     75    2200.0       3.3      10.1      0.77      2.00      0.10  -9999.00
     1   2005     76    2500.0       3.0       7.7      0.76      2.00      3.80  -9999.00
     1   2005     77    2300.0      -3.1       9.7      0.49      2.00      0.20  -9999.00
     1   2005     78    7700.0       0.7      11.9      0.64      2.00      0.30  -9999.00
     1   2005     79    7800.0      -2.7       8.9      0.50      2.00      0.00  -9999.00
     1   2005     80   12000.0       0.8       4.3      0.65      2.00      0.00  -9999.00
     1   2005     81   10300.0       3.5      12.0      0.78      2.00      0.70  -9999.00
     1   2005     82    6100.0      10.4      11.6      1.26      2.00      0.00  -9999.00
     1   2005     83   13600.0       2.1      12.6      0.71      2.00      0.00  -9999.00
     1   2005     84    4600.0       6.6      12.2      0.97      2.00      0.00  -9999.00
     1   2005     85   16100.0       0.6      10.3      0.64      2.00      0.00  -9999.00
     1   2005     86   11400.0       1.0      13.1      0.66      2.00      0.00  -9999.00
     1   2005     87   10200.0      -0.3       8.1      0.60      2.00      0.00  -9999.00
     1   2005     88   16900.0      -4.6       7.5      0.43      2.00      0.00  -9999.00
     1   2005     89    4900.0       1.4      12.8      0.68      2.00      0.00  -9999.00
     1   2005     90   16100.0       4.2       9.8      0.82      2.00      0.00  -9999.00
     1   2005     91    6400.0       3.9      11.5      0.81      2.00      0.40  -9999.00
     1   2005     92   16600.0       9.1      14.9      1.16      2.00      0.00  -9999.00
     1   2005     93   14400.0      -0.2      11.8      0.60      2.00      0.00  -9999.00
     1   2005     94   15400.0      -0.7      14.8      0.58      2.00      0.00  -9999.00
     1   2005     95    7300.0       2.5       7.4      0.73      2.00      0.00  -9999.00
     1   2005     96    7700.0      -2.5      10.1      0.51      2.00      6.40  -9999.00
     1   2005     97    7800.0       4.8      14.0      0.86      2.00      0.40  -9999.00
     1   2005     98   15200.0       3.6      18.5      0.79      2.00      0.00  -9999.00
     1   2005     99   17200.0       2.8      11.3      0.75      2.00      0.00  -9999.00
     1   2005    100   11600.0       2.7       6.8      0.74      2.00      0.00  -9999.00
     1   2005    101   15600.0       2.3       9.7      0.72      2.00      0.00  -9999.00
     1   2005    102   16400.0       4.2      10.8      0.82      2.00      0.00  -9999.00
     1   2005    103    7800.0       4.4       9.5      0.84      2.00      4.70  -9999.00
     1   2005    104   13100.0       5.3      14.4      0.89      2.00      0.00  -9999.00
     1   2005    105   15500.0       0.5      10.4      0.63      2.00      0.00  -9999.00
     1   2005    106   21100.0       2.8      11.7      0.75      2.00      0.00  -9999.00
     1   2005    107    7700.0      -0.1      12.4      0.61      2.00      0.00  -9999.00
     1   2005    108    9500.0       4.3      11.1      0.83      2.00      0.00  -9999.00
     1   2005    109    3600.0       4.0      11.2      0.81      2.00      0.30  -9999.00
     1   2005    110   14600.0       5.8      12.5      0.92      2.00      2.60  -9999.00
     1   2005    111   16200.0       3.8      15.4      0.80      2.00      0.00  -9999.00
     1   2005    112   21100.0       4.0      13.9      0.81      2.00      0.00  -9999.00
     1   2005    113    8400.0       3.7      15.2      0.80      2.00      0.00  -9999.00
     1   2005    114   13900.0      -3.0      17.6      0.49      2.00      0.00  -9999.00
     1   2005    115   10200.0       4.6      15.9      0.85      2.00      0.00  -9999.00
     1   2005    116   16200.0       5.4      15.1      0.90      2.00      0.30  -9999.00
     1   2005    117    7700.0       1.9      10.7      0.70      2.00      0.20  -9999.00
     1   2005    118   16000.0       3.5      12.0      0.78      2.00      3.80  -9999.00
     1   2005    119   11700.0       5.7      16.4      0.92      2.00      0.00  -9999.00
     1   2005    120   17700.0       4.2      11.6      0.82      2.00      0.60  -9999.00
     1   2005    121   16700.0       6.5      14.1      0.97      2.00      0.00  -9999.00
     1   2005    122   11000.0      11.3      15.1      1.34      2.00      0.00  -9999.00
     1   2005    123   18500.0       3.1      13.0      0.76      2.00      0.30  -9999.00
     1   2005    124    8800.0       4.6      13.0      0.85      2.00      0.00  -9999.00
     1   2005    125   23400.0       5.9      18.3      0.93      2.00      0.00  -9999.00
     1   2005    126   24700.0       2.8      17.6      0.75      2.00      0.00  -9999.00
     1   2005    127   24900.0       9.3      16.1      1.17      2.00      0.00  -9999.00
     1   2005    128   24000.0      13.0      18.3      1.50      2.00      0.00  -9999.00
     1   2005    129   25700.0       4.6      14.6      0.85      2.00      0.00  -9999.00
     1   2005    130   26300.0       7.2      16.6      1.02      2.00      0.00  -9999.00
     1   2005    131    4100.0       3.9      14.8      0.81      2.00      0.00  -9999.00
     1   2005    132   17300.0       7.0      17.8      1.00      2.00      0.00  -9999.00
     1   2005    133   26500.0       6.2      15.6      0.95      2.00      0.00  -9999.00
     1   2005    134   25300.0       2.2      14.3      0.72      2.00     16.50  -9999.00
     1   2005    135   21700.0       6.7      12.1      0.98      2.00     10.30  -9999.00
     1   2005    136   11100.0       6.4      12.2      0.96      2.00      2.20  -9999.00
     1   2005    137    5500.0       8.2      14.9      1.09      2.00      1.80  -9999.00
     1   2005    138    4300.0       6.9      13.1      0.99      2.00      8.70  -9999.00
     1   2005    139    5100.0       5.6      15.3      0.91      2.00      0.30  -9999.00
     1   2005    140    4400.0       5.9      19.1      0.93      2.00      0.00  -9999.00
     1   2005    141    6500.0       5.4      13.6      0.90      2.00      3.20  -9999.00
     1   2005    142   27100.0       6.3      18.4      0.95      2.00      0.00  -9999.00
     1   2005    143   13100.0       5.9      13.5      0.93      2.00      2.30  -9999.00
     1   2005    144   13500.0       8.4      15.0      1.10      2.00      2.30  -9999.00
     1   2005    145   21900.0       7.7      15.6      1.05      2.00      0.00  -9999.00
     1   2005    146   27800.0       9.2      18.5      1.16      2.00      0.00  -9999.00
     1   2005    147   22300.0      10.9      21.9      1.30      2.00      0.00  -9999.00
     1   2005    148    4500.0      15.0      20.7      1.70      2.00      0.00  -9999.00
     1   2005    149   25300.0       6.7      14.3      0.98      2.00      0.00  -9999.00
     1   2005    150   20800.0       7.3      17.9      1.02      2.00      0.00  -9999.00
     1   2005    151   17000.0       9.5      16.0      1.19      2.00      0.50  -9999.00
     1   2005    152   17300.0       6.6      15.3      0.97      2.00      0.30  -9999.00
     1   2005    153   15300.0       6.6      14.7      0.97      2.00     11.00  -9999.00
     1   2005    154   26300.0       8.8      15.1      1.13      2.00      0.00  -9999.00
     1   2005    155   12400.0       6.6      17.3      0.97      2.00      8.20  -9999.00
     1   2005    156   23900.0       3.9      17.3      0.81      2.00     26.40  -9999.00
     1   2005    157    9300.0       9.8      14.4      1.21      2.00      6.30  -9999.00
     1   2005    158   28800.0      14.3      17.8      1.63      2.00      0.00  -9999.00
     1   2005    159   29100.0       8.6      19.7      1.12      2.00      0.00  -9999.00
     1   2005    160   28300.0       2.8      20.6      0.75      2.00      0.00  -9999.00
     1   2005    161   29500.0      12.3      21.3      1.43      2.00      0.00  -9999.00
     1   2005    162   20900.0       9.9      22.4      1.22      2.00      0.00  -9999.00
     1   2005    163   29900.0       9.6      20.8      1.20      2.00      0.00  -9999.00
     1   2005    164   17700.0       9.2      25.3      1.16      2.00      0.00  -9999.00
     1   2005    165   28000.0      13.4      19.6      1.54      2.00      0.00  -9999.00
     1   2005    166    7000.0      10.2      15.6      1.24      2.00      0.80  -9999.00
     1   2005    167    6900.0       6.0      16.7      0.93      2.00      8.70  -9999.00
     1   2005    168   22100.0      10.2      19.5      1.24      2.00      0.50  -9999.00
     1   2005    169   28900.0      12.4      21.7      1.44      2.00      1.30  -9999.00
     1   2005    170   14900.0      17.0      21.7      1.94      2.00      9.90  -9999.00
     1   2005    171   11600.0      10.9      17.7      1.30      2.00      1.90  -9999.00
     1   2005    172   22700.0       8.3      20.1      1.09      2.00      0.00  -9999.00
     1   2005    173   14400.0      13.0      24.6      1.50      2.00      0.00  -9999.00
     1   2005    174   21500.0      10.0      22.1      1.23      2.00      0.00  -9999.00
     1   2005    175    9200.0       5.8      18.1      0.92      2.00      0.30  -9999.00
     1   2005    176   21300.0       8.8      20.4      1.13      2.00      0.00  -9999.00
     1   2005    177    4400.0      11.9      20.3      1.39      2.00      1.50  -9999.00
     1   2005    178    5500.0      11.8      17.7      1.38      2.00      0.30  -9999.00
     1   2005    179   16800.0      10.9      20.4      1.30      2.00     12.30  -9999.00
     1   2005    180   28000.0      13.2      20.1      1.52      2.00      0.00  -9999.00
     1   2005    181   28100.0       7.3      20.6      1.02      2.00      0.00  -9999.00
     1   2005    182    8300.0       5.0      17.7      0.87      2.00      2.40  -9999.00
     1   2005    183   27000.0      11.2      23.3      1.33      2.00      0.00  -9999.00
     1   2005    184   17300.0      12.0      23.0      1.40      2.00      0.00  -9999.00
     1   2005    185   14800.0       9.4      16.6      1.18      2.00      0.40  -9999.00
     1   2005    186   22200.0      10.1      15.9      1.24      2.00      4.10  -9999.00
     1   2005    187    4700.0       6.7      16.9      0.98      2.00      6.30  -9999.00
     1   2005    188   24300.0       9.4      18.8      1.18      2.00      0.80  -9999.00
     1   2005    189    4300.0      11.3      18.5      1.34      2.00      0.90  -9999.00
     1   2005    190   27500.0       7.9      18.4      1.07      2.00      1.40  -9999.00
     1   2005    191   12700.0      13.9      23.2      1.59      2.00      2.00  -9999.00
     1   2005    192   21200.0      11.8      25.9      1.38      2.00      0.00  -9999.00
     1   2005    193   15700.0      14.0      20.4      1.60      2.00      1.40  -9999.00
     1   2005    194   28500.0      11.0      25.4      1.31      2.00      0.00  -9999.00
     1   2005    195   17800.0      11.0      20.7      1.31      2.00      0.00  -9999.00
     1   2005    196   17300.0      11.5      22.6      1.36      2.00      0.00  -9999.00
     1   2005    197   26000.0      14.8      26.5      1.68      2.00      0.00  -9999.00
     1   2005    198   10600.0      14.3      26.8      1.63      2.00      0.00  -9999.00
     1   2005    199   26800.0      11.3      22.7      1.34      2.00      0.00  -9999.00
     1   2005    200   24500.0      12.7      25.4      1.47      2.00      0.00  -9999.00
     1   2005    201    4700.0      14.5      21.2      1.65      2.00      2.70  -9999.00
     1   2005    202   21500.0      11.9      20.2      1.39      2.00      9.80  -9999.00
     1   2005    203   21700.0      11.3      18.6      1.34      2.00      0.10  -9999.00
     1   2005    204   15400.0      15.2      21.0      1.73      2.00      0.00  -9999.00
     1   2005    205   14800.0      11.6      22.3      1.37      2.00      0.00  -9999.00
     1   2005    206   22700.0       8.7      25.1      1.12      2.00      0.00  -9999.00
     1   2005    207   19800.0      15.8      27.6      1.79      2.00      0.00  -9999.00
     1   2005    208    4000.0      11.5      24.7      1.36      2.00      0.40  -9999.00
     1   2005    209   11800.0       5.4      16.9      0.90      2.00      0.50  -9999.00
     1   2005    210    3800.0      12.3      18.3      1.43      2.00      8.50  -9999.00
     1   2005    211   14300.0      14.8      24.2      1.68      2.00      0.00  -9999.00
     1   2005    212   11000.0      13.2      23.1      1.52      2.00      5.80  -9999.00
     1   2005    213    9600.0      12.0      18.5      1.40      2.00      7.10  -9999.00
     1   2005    214   15500.0      10.9      20.1      1.30      2.00      0.40  -9999.00
     1   2005    215    8600.0      13.8      20.7      1.58      2.00      0.80  -9999.00
     1   2005    216   24700.0      13.2      21.3      1.52      2.00      0.00  -9999.00
     1   2005    217   22900.0      14.3      25.9      1.63      2.00      0.00  -9999.00
     1   2005    218   18400.0      12.1      22.5      1.41      2.00      0.00  -9999.00
     1   2005    219   22400.0      14.5      24.0      1.65      2.00      0.00  -9999.00
     1   2005    220   21300.0      13.9      28.0      1.59      2.00      0.00  -9999.00
     1   2005    221    3900.0      10.3      16.3      1.25      2.00      4.10  -9999.00
     1   2005    222    3500.0      12.6      17.4      1.46      2.00      1.10  -9999.00
     1   2005    223   13500.0      13.0      20.3      1.50      2.00      9.90  -9999.00
     1   2005    224    7700.0       9.1      20.5      1.16      2.00      0.50  -9999.00
     1   2005    225   22400.0      11.9      22.0      1.39      2.00      5.70  -9999.00
     1   2005    226   21700.0      10.0      24.4      1.23      2.00      0.00  -9999.00
     1   2005    227   18200.0      13.0      20.3      1.50      2.00      2.80  -9999.00
     1   2005    228   17300.0      14.3      22.3      1.63      2.00      5.70  -9999.00
     1   2005    229   15400.0      13.3      18.7      1.53      2.00      1.10  -9999.00
     1   2005    230   12600.0      10.8      16.2      1.29      2.00      7.80  -9999.00
     1   2005    231   23800.0      15.8      26.3      1.79      2.00      0.00  -9999.00
     1   2005    232   24000.0      13.2      23.4      1.52      2.00      0.00  -9999.00
     1   2005    233   20300.0      12.7      23.4      1.47      2.00      0.00  -9999.00
     1   2005    234   17700.0      14.6      23.1      1.66      2.00      0.00  -9999.00
     1   2005    235   23300.0       7.4      18.0      1.03      2.00      0.00  -9999.00
     1   2005    236   20200.0      10.7      19.6      1.29      2.00      0.00  -9999.00
     1   2005    237   19100.0       9.8      22.0      1.21      2.00      0.00  -9999.00
     1   2005    238   17300.0       9.4      24.9      1.18      2.00      0.00  -9999.00
     1   2005    239   13300.0       9.8      20.1      1.21      2.00      0.80  -9999.00
     1   2005    240    9600.0      10.8      21.9      1.29      2.00      0.50  -9999.00
     1   2005    241   19700.0      11.9      19.6      1.39      2.00      2.90  -9999.00
     1   2005    242   18100.0       9.3      21.6      1.17      2.00      0.00  -9999.00
     1   2005    243   15700.0      10.1      21.9      1.24      2.00      0.00  -9999.00
     1   2005    244   19600.0       8.1      26.0      1.08      2.00      0.00  -9999.00
     1   2005    245   16400.0      11.6      20.2      1.37      2.00      0.00  -9999.00
     1   2005    246   13500.0      11.8      23.2      1.38      2.00      0.00  -9999.00
     1   2005    247   17200.0       9.4      18.0      1.18      2.00      0.00  -9999.00
     1   2005    248   14000.0       7.5      17.9      1.04      2.00      0.00  -9999.00
     1   2005    249   19000.0       8.2      20.1      1.09      2.00      0.00  -9999.00
     1   2005    250   13900.0      11.7      20.7      1.37      2.00      1.40  -9999.00
     1   2005    251   18200.0      16.0      22.6      1.82      2.00      0.00  -9999.00
     1   2005    252    3000.0      13.9      20.4      1.59      2.00      0.10  -9999.00
     1   2005    253   15200.0      13.6      20.7      1.56      2.00      7.10  -9999.00
     1   2005    254   17200.0       9.1      23.0      1.16      2.00      0.00  -9999.00
     1   2005    255   11400.0      12.5      17.8      1.45      2.00      2.10  -9999.00
     1   2005    256   14300.0       8.6      18.2      1.12      2.00      0.00  -9999.00
     1   2005    257   12800.0       7.8      15.4      1.06      2.00      0.20  -9999.00
     1   2005    258    4000.0       9.3      18.1      1.17      2.00      4.70  -9999.00
     1   2005    259   14800.0      13.7      18.1      1.57      2.00      0.10  -9999.00
     1   2005    260   11800.0      11.7      19.3      1.37      2.00      1.20  -9999.00
     1   2005    261    4800.0      11.1      18.9      1.32      2.00      6.80  -9999.00
     1   2005    262   16800.0       7.7      22.1      1.05      2.00      0.00  -9999.00
     1   2005    263   14600.0      10.9      18.0      1.30      2.00      9.20  -9999.00
     1   2005    264    9700.0      10.2      20.4      1.24      2.00      0.10  -9999.00
     1   2005    265   12200.0       8.6      18.1      1.12      2.00      0.00  -9999.00
     1   2005    266    5500.0       6.8      18.2      0.99      2.00      0.10  -9999.00
     1   2005    267    9300.0      12.4      16.8      1.44      2.00      2.20  -9999.00
     1   2005    268   12900.0      10.4      17.3      1.26      2.00      0.00  -9999.00
     1   2005    269    6900.0      11.9      18.3      1.39      2.00      0.00  -9999.00
     1   2005    270   11000.0      11.8      23.1      1.38      2.00      0.00  -9999.00
     1   2005    271   11600.0      12.4      15.7      1.44      2.00      4.00  -9999.00
     1   2005    272   10500.0      13.1      14.1      1.51      2.00      0.10  -9999.00
     1   2005    273    2800.0       9.5      20.4      1.19      2.00      0.00  -9999.00
     1   2005    274    2400.0       7.8      19.5      1.06      2.00      0.00  -9999.00
     1   2005    275    1900.0       9.9      20.1      1.22      2.00      0.00  -9999.00
     1   2005    276   13500.0       9.7      17.6      1.20      2.00      0.00  -9999.00
     1   2005    277   11000.0      12.0      16.6      1.40      2.00      0.00  -9999.00
     1   2005    278   12800.0       7.9      18.5      1.07      2.00      0.00  -9999.00
     1   2005    279   11300.0       7.8      15.0      1.06      2.00      0.00  -9999.00
     1   2005    280    2900.0       8.2      13.6      1.09      2.00      0.00  -9999.00
     1   2005    281    4200.0       7.9      14.2      1.07      2.00      0.00  -9999.00
     1   2005    282   10700.0       6.8      11.9      0.99      2.00      0.00  -9999.00
     1   2005    283    8700.0       5.8      12.6      0.92      2.00     15.50  -9999.00
     1   2005    284    1600.0       1.8       9.9      0.70      2.00     26.30  -9999.00
     1   2005    285   10700.0       9.6      15.3      1.20      2.00      0.00  -9999.00
     1   2005    286    8400.0       7.1      15.4      1.01      2.00      7.10  -9999.00
     1   2005    287    3900.0       8.8      14.3      1.13      2.00      0.50  -9999.00
     1   2005    288    1500.0      12.4      15.2      1.44      2.00      4.40  -9999.00
     1   2005    289   10300.0       2.9      12.0      0.75      2.00      0.00  -9999.00
     1   2005    290    7700.0       8.1       9.8      1.08      2.00     27.80  -9999.00
     1   2005    291    6800.0       7.8      14.4      1.06      2.00      2.70  -9999.00
     1   2005    292    5600.0       6.4      15.9      0.96      2.00      0.00  -9999.00
     1   2005    293    3500.0      12.0      16.2      1.40      2.00      6.70  -9999.00
     1   2005    294    1500.0      11.7      15.0      1.37      2.00      1.00  -9999.00
     1   2005    295    9100.0       6.1      13.0      0.94      2.00      3.60  -9999.00
     1   2005    296    8100.0       2.5      11.9      0.73      2.00      2.70  -9999.00
     1   2005    297    3800.0      10.4      13.9      1.26      2.00      4.40  -9999.00
     1   2005    298    1500.0       9.4      11.8      1.18      2.00      1.40  -9999.00
     1   2005    299    4200.0       8.6      15.4      1.12      2.00      0.00  -9999.00
     1   2005    300    6500.0      10.2      17.8      1.24      2.00      0.00  -9999.00
     1   2005    301    7400.0      -0.4       9.0      0.59      2.00      0.00  -9999.00
     1   2005    302    1500.0       3.7      10.7      0.80      2.00      2.10  -9999.00
     1   2005    303    6800.0       6.5      12.2      0.97      2.00      0.00  -9999.00
     1   2005    304    5400.0       2.8      10.5      0.75      2.00      0.00  -9999.00
     1   2005    305    5800.0      10.5      16.0      1.27      2.00      0.40  -9999.00
     1   2005    306    1400.0       7.7      13.7      1.05      2.00      6.40  -9999.00
     1   2005    307    5700.0       3.0      12.2      0.76      2.00      1.80  -9999.00
     1   2005    308    7300.0       2.2      11.1      0.72      2.00      0.00  -9999.00
     1   2005    309    1600.0       0.9       8.1      0.65      2.00      5.50  -9999.00
     1   2005    310    6500.0      -0.1       7.8      0.61      2.00      0.00  -9999.00
     1   2005    311    6900.0       4.1      12.9      0.82      2.00      0.00  -9999.00
     1   2005    312    6100.0       0.9       9.8      0.65      2.00      0.00  -9999.00
     1   2005    313    1000.0      -3.0       8.7      0.49      2.00      0.60  -9999.00
     1   2005    314    1100.0       1.7       5.5      0.69      2.00      0.00  -9999.00
     1   2005    315    1400.0       5.6      10.3      0.91      2.00      0.00  -9999.00
     1   2005    316     900.0       4.6       9.3      0.85      2.00      0.00  -9999.00
     1   2005    317    1000.0       4.3      12.8      0.83      2.00      0.30  -9999.00
     1   2005    318     900.0      -0.5      11.1      0.59      2.00      0.70  -9999.00
     1   2005    319    1000.0       2.2      10.8      0.72      2.00      1.00  -9999.00
     1   2005    320     800.0       6.5       7.9      0.97      2.00      2.70  -9999.00
     1   2005    321    1000.0       4.1       8.0      0.82      2.00      0.30  -9999.00
     1   2005    322     900.0       4.8       6.9      0.86      2.00      0.10  -9999.00
     1   2005    323    1900.0       2.2      10.5      0.72      2.00      5.90  -9999.00
     1   2005    324     800.0       0.0      11.6      0.61      2.00      0.30  -9999.00
     1   2005    325    1000.0       0.2       9.4      0.62      2.00      0.00  -9999.00
     1   2005    326    1400.0       2.0      10.3      0.71      2.00      0.00  -9999.00
     1   2005    327    1100.0       5.3       9.8      0.89      2.00      2.40  -9999.00
     1   2005    328    3900.0       0.9      12.0      0.65      2.00      3.20  -9999.00
     1   2005    329    2600.0       3.9       6.8      0.81      2.00      0.50  -9999.00
     1   2005    330    4600.0       5.9       7.2      0.93      2.00      0.00  -9999.00
     1   2005    331     800.0      -0.4       8.1      0.59      2.00      8.30  -9999.00
     1   2005    332     700.0       2.4       5.7      0.73      2.00      0.00  -9999.00
     1   2005    333    1000.0       5.8      10.3      0.92      2.00      0.90  -9999.00
     1   2005    334     800.0       6.9      10.3      0.99      2.00      5.80  -9999.00
     1   2005    335    3100.0       5.2       8.6      0.88      2.00      0.00  -9999.00
     1   2005    336    3900.0       6.8       7.2      0.99      2.00      0.00  -9999.00
     1   2005    337     700.0       1.6       5.1      0.69      2.00      0.60  -9999.00
     1   2005    338    3700.0       1.4       4.3      0.68      2.00      7.10  -9999.00
     1   2005    339     700.0       3.2       8.0      0.77      2.00      0.00  -9999.00
     1   2005    340    4100.0       4.1       7.1      0.82      2.00      0.00  -9999.00
     1   2005    341     600.0       2.5      10.3      0.73      2.00      0.00  -9999.00
     1   2005    342    1100.0       0.1      10.6      0.62      2.00      0.10  -9999.00
     1   2005    343     700.0       0.9       9.5      0.65      2.00      2.40  -9999.00
     1   2005    344    2700.0       0.0      11.8      0.61      2.00      0.00  -9999.00
     1   2005    345    2300.0       2.3       9.2      0.72      2.00      0.00  -9999.00
     1   2005    346    3800.0       1.1       9.8      0.66      2.00      0.00  -9999.00
     1   2005    347     700.0       1.2       6.0      0.67      2.00      6.90  -9999.00
     1   2005    348     700.0       1.9       7.5      0.70      2.00     12.00  -9999.00
     1   2005    349     600.0       7.2       9.2      1.02      2.00      0.00  -9999.00
     1   2005    350    3200.0       4.1       9.9      0.82      2.00      5.90  -9999.00
     1   2005    351    4100.0       0.3       5.0      0.62      2.00      0.30  -9999.00
     1   2005    352    1300.0      -1.8       5.2      0.54      2.00      0.30  -9999.00
     1   2005    353     700.0       0.8       9.2      0.65      2.00      0.40  -9999.00
     1   2005    354    1000.0       3.1       9.7      0.76      2.00      0.40  -9999.00
     1   2005    355    3400.0       1.0       6.1      0.66      2.00      0.00  -9999.00
     1   2005    356     900.0      -0.1       5.2      0.61      2.00      1.00  -9999.00
     1   2005    357     700.0       1.3       8.6      0.67      2.00      1.10  -9999.00
     1   2005    358     700.0       0.3       8.4      0.62      2.00     11.20  -9999.00
     1   2005    359    2800.0       4.5      10.1      0.84      2.00      0.00  -9999.00
     1   2005    360    4100.0       7.7       9.7      1.05      2.00      0.00  -9999.00
     1   2005    361    2600.0       2.7       8.9      0.74      2.00      0.00  -9999.00
     1   2005    362    3600.0       1.2      10.8      0.67      2.00      0.10  -9999.00
     1   2005    363    3800.0       5.6      13.7      0.91      2.00      0.00  -9999.00
     1   2005    364     700.0       4.3       9.7      0.83      2.00      0.30  -9999.00
     1   2005    365    2500.0      -3.2       2.2      0.48      2.00      1.30  -9999.00
