*-----------------------------------------------------------------------------* 
           WHWG_26.met            52.12    0.96   89.00
* Date created:  08-Aug-2019     Author: K Coleman 
* 
* NIL VALUE       -9999 
* Source:   data provided by M. Semenov 
*  
* Latitude:    52.12 Longitude:     0.96 Altitude:    89.00
* 
* Column  Daily value 
* 1       station number 
* 2       year 
* 3       day 
* 4       irradiation                   (kJ m-2 d-1) 
* 5       minimum temperature           (degrees Celsius) 
* 6       maximum temperature           (degrees Celsius) 
* 7       early morning vapour pressure (kPa)             
* 8       mean wind speed (height: 2 m?) (m s-1)          
* 9       precipitation                 (mm d-1)          
* 10      sunshine                      (hrs)             
 		Jday	RAD	    TMIN	TMAX	 VAP	wind	RAIN	SUN  
               kj/m2	°C	    °C	     kPa	m/s	    mm	    hrs 
   52.12  89.00
     1   2005      1     700.0       8.8       9.9      1.13      2.00      2.10  -9999.00
     1   2005      2    1600.0       4.0       7.0      0.81      2.00      0.00  -9999.00
     1   2005      3    1600.0       7.0       8.9      1.00      2.00      0.00  -9999.00
     1   2005      4     800.0       4.3       8.6      0.83      2.00      0.00  -9999.00
     1   2005      5    4600.0       2.6       9.1      0.74      2.00      0.00  -9999.00
     1   2005      6     700.0       0.7       6.0      0.64      2.00      0.10  -9999.00
     1   2005      7     700.0      -2.5       5.1      0.51      2.00      0.00  -9999.00
     1   2005      8    1800.0       1.1       5.6      0.66      2.00      9.40  -9999.00
     1   2005      9    3100.0       1.1       4.8      0.66      2.00      2.50  -9999.00
     1   2005     10    4100.0      -1.0       5.4      0.57      2.00      0.00  -9999.00
     1   2005     11    4700.0      -0.7       3.1      0.58      2.00      0.00  -9999.00
     1   2005     12     700.0       4.0       7.9      0.81      2.00      0.00  -9999.00
     1   2005     13     700.0       5.4       7.6      0.90      2.00      0.20  -9999.00
     1   2005     14    1900.0      -5.3       1.9      0.41      2.00      0.00  -9999.00
     1   2005     15    4400.0      -1.1       6.4      0.56      2.00      1.80  -9999.00
     1   2005     16    4000.0       1.6       8.2      0.69      2.00      0.10  -9999.00
     1   2005     17    5700.0      -0.8       9.0      0.58      2.00      0.00  -9999.00
     1   2005     18    2800.0       0.1       7.5      0.62      2.00      0.20  -9999.00
     1   2005     19     700.0      -5.4       6.2      0.41      2.00      0.40  -9999.00
     1   2005     20    4700.0       3.6       6.7      0.79      2.00      2.10  -9999.00
     1   2005     21    4400.0       3.8       8.1      0.80      2.00      6.00  -9999.00
     1   2005     22    3100.0      -0.9       2.8      0.57      2.00      0.10  -9999.00
     1   2005     23     900.0       1.2       2.6      0.67      2.00      4.70  -9999.00
     1   2005     24    2600.0       1.6       6.9      0.69      2.00      0.00  -9999.00
     1   2005     25    4900.0       4.3       8.0      0.83      2.00      0.80  -9999.00
     1   2005     26    5600.0      -1.6       4.3      0.54      2.00      2.40  -9999.00
     1   2005     27    4200.0      -3.7       2.0      0.46      2.00      1.50  -9999.00
     1   2005     28    4900.0       3.3      11.5      0.77      2.00      0.00  -9999.00
     1   2005     29    2300.0       7.0      10.9      1.00      2.00      9.10  -9999.00
     1   2005     30    4600.0       2.3       5.4      0.72      2.00      0.00  -9999.00
     1   2005     31    1200.0       4.5       7.1      0.84      2.00      0.00  -9999.00
     1   2005     32    2100.0       1.6       6.6      0.69      2.00      3.20  -9999.00
     1   2005     33    5100.0       3.3       7.0      0.77      2.00      1.10  -9999.00
     1   2005     34    1100.0       4.4       8.7      0.84      2.00      2.70  -9999.00
     1   2005     35    5800.0       0.5       5.5      0.63      2.00      0.00  -9999.00
     1   2005     36    1100.0       3.6      11.2      0.79      2.00      0.00  -9999.00
     1   2005     37    7400.0       3.6       8.9      0.79      2.00      0.00  -9999.00
     1   2005     38    2000.0      -2.6       1.4      0.50      2.00      0.00  -9999.00
     1   2005     39    5000.0      -0.6       4.3      0.58      2.00      0.40  -9999.00
     1   2005     40    1100.0      -1.2       3.0      0.56      2.00      1.50  -9999.00
     1   2005     41    1200.0      -6.5       2.8      0.38      2.00      5.30  -9999.00
     1   2005     42    1500.0       0.2       8.1      0.62      2.00      2.40  -9999.00
     1   2005     43    6800.0       0.3       7.1      0.62      2.00      3.20  -9999.00
     1   2005     44    1200.0      -0.7       5.6      0.58      2.00      0.10  -9999.00
     1   2005     45    3100.0       1.2       3.8      0.67      2.00      1.90  -9999.00
     1   2005     46    1200.0       4.8      10.9      0.86      2.00      7.90  -9999.00
     1   2005     47    8700.0       7.2       9.5      1.02      2.00      0.00  -9999.00
     1   2005     48    2700.0      -1.1       5.8      0.56      2.00      0.00  -9999.00
     1   2005     49    8800.0       2.1       8.3      0.71      2.00      0.00  -9999.00
     1   2005     50    1300.0      -2.7       5.7      0.50      2.00      0.00  -9999.00
     1   2005     51    5300.0      -7.9       8.4      0.34      2.00      2.10  -9999.00
     1   2005     52    7300.0       3.7      10.6      0.80      2.00      0.80  -9999.00
     1   2005     53    9100.0       3.0      10.5      0.76      2.00      7.70  -9999.00
     1   2005     54    3000.0       0.3       8.9      0.62      2.00      0.00  -9999.00
     1   2005     55    1400.0       3.0       9.3      0.76      2.00      0.50  -9999.00
     1   2005     56    6000.0       2.6       8.7      0.74      2.00      0.00  -9999.00
     1   2005     57    5800.0       0.4       9.5      0.63      2.00      2.70  -9999.00
     1   2005     58    8900.0      -1.1       3.5      0.56      2.00      0.00  -9999.00
     1   2005     59    1900.0       0.6       6.7      0.64      2.00      7.90  -9999.00
     1   2005     60   10900.0      -3.5       2.6      0.47      2.00      0.00  -9999.00
     1   2005     61    9800.0      -0.7       5.9      0.58      2.00      8.50  -9999.00
     1   2005     62    6800.0       1.2      11.5      0.67      2.00      7.70  -9999.00
     1   2005     63    1600.0       4.9       9.4      0.87      2.00      0.20  -9999.00
     1   2005     64    3800.0       5.6      10.1      0.91      2.00      0.00  -9999.00
     1   2005     65   12800.0       4.2      11.5      0.82      2.00      0.00  -9999.00
     1   2005     66    3800.0       3.4       7.4      0.78      2.00      0.80  -9999.00
     1   2005     67    1800.0      -0.4       7.4      0.59      2.00      1.20  -9999.00
     1   2005     68    1900.0       2.7       9.2      0.74      2.00      5.00  -9999.00
     1   2005     69    8400.0       2.6       6.0      0.74      2.00      0.90  -9999.00
     1   2005     70   10200.0       3.0      10.7      0.76      2.00      0.70  -9999.00
     1   2005     71    3500.0       6.4      10.2      0.96      2.00      0.00  -9999.00
     1   2005     72    4100.0      -6.4       4.7      0.38      2.00      0.00  -9999.00
     1   2005     73    4200.0      -3.6       7.0      0.47      2.00      0.20  -9999.00
     1   2005     74    8000.0      -1.0       9.8      0.57      2.00      0.00  -9999.00
     1   2005     75    4800.0       3.5      11.4      0.78      2.00      2.70  -9999.00
     1   2005     76    5900.0       3.4      12.2      0.78      2.00      0.10  -9999.00
     1   2005     77   12200.0       3.5      12.8      0.78      2.00      8.40  -9999.00
     1   2005     78   13200.0       0.8      10.2      0.65      2.00      0.00  -9999.00
     1   2005     79    5700.0      -0.6      10.2      0.58      2.00      0.00  -9999.00
     1   2005     80   14700.0      -1.7       9.5      0.54      2.00      0.00  -9999.00
     1   2005     81    4700.0      -5.4      12.4      0.41      2.00      0.00  -9999.00
     1   2005     82   11100.0       3.6      11.7      0.79      2.00      0.00  -9999.00
     1   2005     83    5600.0       7.1       9.1      1.01      2.00     10.30  -9999.00
     1   2005     84   14100.0       7.9      12.0      1.07      2.00      0.00  -9999.00
     1   2005     85   12900.0       3.5      10.0      0.78      2.00      1.60  -9999.00
     1   2005     86    7200.0       1.7       9.2      0.69      2.00      1.90  -9999.00
     1   2005     87    7700.0       5.1       9.1      0.88      2.00      1.00  -9999.00
     1   2005     88   12800.0       3.0       9.6      0.76      2.00      0.30  -9999.00
     1   2005     89   14400.0       3.6       7.1      0.79      2.00     12.50  -9999.00
     1   2005     90   10900.0       5.3      11.0      0.89      2.00      4.40  -9999.00
     1   2005     91    4100.0       4.8      13.6      0.86      2.00      0.20  -9999.00
     1   2005     92    2800.0       1.8      12.2      0.70      2.00      2.10  -9999.00
     1   2005     93    9000.0       0.2      15.2      0.62      2.00      0.40  -9999.00
     1   2005     94    6300.0       2.8       8.8      0.75      2.00      0.10  -9999.00
     1   2005     95    6500.0       3.8       5.5      0.80      2.00      0.90  -9999.00
     1   2005     96   12100.0       4.9      12.8      0.87      2.00      0.00  -9999.00
     1   2005     97   16200.0       5.6      11.9      0.91      2.00      3.90  -9999.00
     1   2005     98   14500.0       0.4       8.5      0.63      2.00      0.10  -9999.00
     1   2005     99    7500.0       2.8       9.4      0.75      2.00      0.00  -9999.00
     1   2005    100   13700.0       3.7      13.2      0.80      2.00      0.00  -9999.00
     1   2005    101   15600.0       2.5      14.6      0.73      2.00      0.00  -9999.00
     1   2005    102    3100.0       0.8       9.8      0.65      2.00      3.40  -9999.00
     1   2005    103   19800.0       0.6       8.9      0.64      2.00      0.00  -9999.00
     1   2005    104   16000.0       2.2      13.0      0.72      2.00      0.00  -9999.00
     1   2005    105   22300.0      -0.4      10.7      0.59      2.00      0.00  -9999.00
     1   2005    106   18800.0       7.1      16.4      1.01      2.00      0.00  -9999.00
     1   2005    107   17900.0       7.8      13.0      1.06      2.00      0.90  -9999.00
     1   2005    108    7100.0       5.0      12.6      0.87      2.00      0.70  -9999.00
     1   2005    109    7300.0       3.7      12.2      0.80      2.00      7.90  -9999.00
     1   2005    110   20400.0       7.0      13.4      1.00      2.00      0.00  -9999.00
     1   2005    111   13400.0       9.5      15.3      1.19      2.00      0.00  -9999.00
     1   2005    112   11200.0       3.7      13.6      0.80      2.00      0.00  -9999.00
     1   2005    113   20900.0      -0.6      12.1      0.58      2.00     25.00  -9999.00
     1   2005    114    4400.0       8.1      14.0      1.08      2.00      0.20  -9999.00
     1   2005    115   17000.0       5.8      15.1      0.92      2.00      0.00  -9999.00
     1   2005    116    3900.0       1.5       9.1      0.68      2.00      4.30  -9999.00
     1   2005    117   19500.0      -0.1       9.5      0.61      2.00      0.40  -9999.00
     1   2005    118   22800.0       0.3      11.6      0.62      2.00      0.00  -9999.00
     1   2005    119    7500.0       3.1      12.5      0.76      2.00      0.00  -9999.00
     1   2005    120    4400.0       4.6      11.5      0.85      2.00      2.20  -9999.00
     1   2005    121   10600.0       3.6      11.3      0.79      2.00     23.70  -9999.00
     1   2005    122   10700.0       6.5      14.2      0.97      2.00      4.20  -9999.00
     1   2005    123    4700.0       7.4      13.1      1.03      2.00      5.70  -9999.00
     1   2005    124   15900.0       5.1      10.8      0.88      2.00      0.20  -9999.00
     1   2005    125   13500.0       6.8      10.6      0.99      2.00      0.20  -9999.00
     1   2005    126   14200.0       4.5      15.0      0.84      2.00      0.10  -9999.00
     1   2005    127   13400.0       1.4      19.5      0.68      2.00      2.20  -9999.00
     1   2005    128   19700.0       9.6      18.0      1.20      2.00      2.70  -9999.00
     1   2005    129   21200.0      12.2      17.6      1.42      2.00      0.90  -9999.00
     1   2005    130   11200.0      10.3      18.5      1.25      2.00      0.00  -9999.00
     1   2005    131   27400.0       8.4      23.3      1.10      2.00      0.00  -9999.00
     1   2005    132   16200.0       7.6      20.6      1.04      2.00      0.00  -9999.00
     1   2005    133   26200.0       5.8      19.7      0.92      2.00      0.00  -9999.00
     1   2005    134   25500.0      12.4      20.9      1.44      2.00      0.00  -9999.00
     1   2005    135   27700.0       9.6      20.9      1.20      2.00      0.00  -9999.00
     1   2005    136   24900.0       7.3      16.5      1.02      2.00      0.00  -9999.00
     1   2005    137   25000.0       9.4      20.3      1.18      2.00      0.00  -9999.00
     1   2005    138   10000.0       4.9      10.8      0.87      2.00      0.70  -9999.00
     1   2005    139   24300.0       6.8      12.4      0.99      2.00      0.20  -9999.00
     1   2005    140   13800.0       9.9      17.0      1.22      2.00      0.30  -9999.00
     1   2005    141   21500.0      11.9      20.3      1.39      2.00      0.00  -9999.00
     1   2005    142   22100.0       7.2      17.6      1.02      2.00      0.00  -9999.00
     1   2005    143   11500.0       7.2      15.7      1.02      2.00      0.00  -9999.00
     1   2005    144   25000.0       0.0      15.7      0.61      2.00      0.00  -9999.00
     1   2005    145    4800.0       7.1      15.7      1.01      2.00      0.00  -9999.00
     1   2005    146   16400.0       9.9      15.7      1.22      2.00      0.50  -9999.00
     1   2005    147   24800.0      11.6      17.2      1.37      2.00      0.00  -9999.00
     1   2005    148    8800.0       5.7      11.8      0.92      2.00      0.30  -9999.00
     1   2005    149    5800.0       8.5      14.7      1.11      2.00     13.70  -9999.00
     1   2005    150    5500.0       9.9      17.0      1.22      2.00     19.50  -9999.00
     1   2005    151   11000.0       6.7      14.8      0.98      2.00      0.90  -9999.00
     1   2005    152   17300.0       9.3      15.5      1.17      2.00     10.40  -9999.00
     1   2005    153   27600.0       4.5      14.0      0.84      2.00      0.70  -9999.00
     1   2005    154   19800.0       6.3      13.9      0.95      2.00      3.00  -9999.00
     1   2005    155    6200.0       8.6      12.5      1.12      2.00      0.60  -9999.00
     1   2005    156   22700.0       4.0      16.2      0.81      2.00      0.00  -9999.00
     1   2005    157   16600.0       9.6      15.3      1.20      2.00      3.40  -9999.00
     1   2005    158    5500.0      10.1      16.6      1.24      2.00      1.00  -9999.00
     1   2005    159    5500.0      11.7      17.1      1.37      2.00      0.00  -9999.00
     1   2005    160   29900.0       5.9      16.6      0.93      2.00      0.00  -9999.00
     1   2005    161    4500.0       7.3      14.8      1.02      2.00      1.30  -9999.00
     1   2005    162    9200.0      15.0      21.3      1.70      2.00      4.30  -9999.00
     1   2005    163   15500.0      10.3      19.2      1.25      2.00      1.20  -9999.00
     1   2005    164   23500.0       9.0      17.6      1.15      2.00      0.00  -9999.00
     1   2005    165   21000.0       9.0      18.6      1.15      2.00      0.00  -9999.00
     1   2005    166   20500.0       8.7      17.5      1.12      2.00      0.60  -9999.00
     1   2005    167   28900.0      12.2      20.7      1.42      2.00      0.00  -9999.00
     1   2005    168    4800.0       9.1      21.9      1.16      2.00      0.00  -9999.00
     1   2005    169   23100.0       5.5      17.1      0.90      2.00     17.70  -9999.00
     1   2005    170   20400.0      11.7      18.8      1.37      2.00      2.50  -9999.00
     1   2005    171   30000.0      12.6      24.2      1.46      2.00      0.00  -9999.00
     1   2005    172   12400.0       7.9      16.6      1.07      2.00      0.00  -9999.00
     1   2005    173    4500.0       9.0      17.0      1.15      2.00      7.60  -9999.00
     1   2005    174   20700.0       9.6      14.7      1.20      2.00      8.50  -9999.00
     1   2005    175   29900.0      13.0      19.1      1.50      2.00      0.00  -9999.00
     1   2005    176   18000.0       8.9      16.6      1.14      2.00      2.10  -9999.00
     1   2005    177   16600.0      10.1      18.1      1.24      2.00      3.80  -9999.00
     1   2005    178    8700.0      10.6      18.5      1.28      2.00      0.00  -9999.00
     1   2005    179   29900.0      11.5      17.8      1.36      2.00      0.00  -9999.00
     1   2005    180   25600.0      13.4      22.5      1.54      2.00      0.00  -9999.00
     1   2005    181   12100.0      13.1      20.5      1.51      2.00      0.40  -9999.00
     1   2005    182   11400.0      12.0      20.0      1.40      2.00     11.70  -9999.00
     1   2005    183   25000.0      10.9      22.7      1.30      2.00      0.00  -9999.00
     1   2005    184   29200.0       9.3      19.3      1.17      2.00      0.00  -9999.00
     1   2005    185   16600.0       5.9      16.6      0.93      2.00      0.20  -9999.00
     1   2005    186    4300.0      12.7      20.0      1.47      2.00      4.20  -9999.00
     1   2005    187   27400.0      18.0      25.0      2.06      2.00      0.00  -9999.00
     1   2005    188    7600.0      11.3      23.4      1.34      2.00      0.00  -9999.00
     1   2005    189   11300.0       8.3      19.4      1.09      2.00      0.30  -9999.00
     1   2005    190   19700.0      13.0      21.9      1.50      2.00      3.30  -9999.00
     1   2005    191   12000.0      13.9      29.4      1.59      2.00      0.00  -9999.00
     1   2005    192   13900.0      13.1      19.8      1.51      2.00      5.50  -9999.00
     1   2005    193   27600.0      14.0      24.6      1.60      2.00      0.00  -9999.00
     1   2005    194   21500.0      11.5      22.6      1.36      2.00      0.00  -9999.00
     1   2005    195   28500.0      11.8      23.7      1.38      2.00      0.00  -9999.00
     1   2005    196   21400.0      11.0      18.8      1.31      2.00      3.30  -9999.00
     1   2005    197   21100.0       9.7      16.7      1.20      2.00      0.20  -9999.00
     1   2005    198    7500.0      13.2      22.2      1.52      2.00     12.60  -9999.00
     1   2005    199    4100.0      14.9      30.5      1.69      2.00      1.00  -9999.00
     1   2005    200   28100.0      12.5      22.7      1.45      2.00      0.00  -9999.00
     1   2005    201    6700.0      14.3      22.8      1.63      2.00      0.00  -9999.00
     1   2005    202   26500.0      19.2      25.6      2.22      2.00      0.00  -9999.00
     1   2005    203   14700.0      13.4      23.9      1.54      2.00      0.00  -9999.00
     1   2005    204   19100.0      11.3      20.2      1.34      2.00     17.30  -9999.00
     1   2005    205   20300.0       7.1      21.5      1.01      2.00      0.00  -9999.00
     1   2005    206    7800.0      12.4      19.3      1.44      2.00      1.00  -9999.00
     1   2005    207   17200.0      14.6      21.3      1.66      2.00      0.00  -9999.00
     1   2005    208    6000.0      12.6      20.5      1.46      2.00      0.30  -9999.00
     1   2005    209   10300.0      13.9      20.4      1.59      2.00      1.60  -9999.00
     1   2005    210   15000.0      13.5      25.3      1.55      2.00      0.00  -9999.00
     1   2005    211   13900.0      13.0      20.1      1.50      2.00      3.80  -9999.00
     1   2005    212   24300.0      12.6      19.8      1.46      2.00      3.70  -9999.00
     1   2005    213    3900.0      11.6      19.9      1.37      2.00      4.80  -9999.00
     1   2005    214   20600.0      13.7      22.9      1.57      2.00      2.90  -9999.00
     1   2005    215   19100.0      12.9      20.8      1.49      2.00      7.90  -9999.00
     1   2005    216   21700.0      12.8      19.0      1.48      2.00      0.80  -9999.00
     1   2005    217   17100.0      16.7      22.7      1.90      2.00      0.00  -9999.00
     1   2005    218   17700.0      14.2      19.8      1.62      2.00      0.90  -9999.00
     1   2005    219   12600.0      14.0      20.6      1.60      2.00      1.80  -9999.00
     1   2005    220   15200.0      15.4      32.1      1.75      2.00      2.90  -9999.00
     1   2005    221   24000.0      14.0      26.3      1.60      2.00      0.00  -9999.00
     1   2005    222   23300.0      12.6      21.8      1.46      2.00      0.00  -9999.00
     1   2005    223   15300.0      11.8      16.5      1.38      2.00      2.80  -9999.00
     1   2005    224    7900.0      11.8      20.5      1.38      2.00      3.10  -9999.00
     1   2005    225    3900.0      12.8      24.9      1.48      2.00      0.00  -9999.00
     1   2005    226   19100.0      14.3      22.0      1.63      2.00      0.60  -9999.00
     1   2005    227    6500.0      12.1      21.2      1.41      2.00      6.20  -9999.00
     1   2005    228   21000.0      12.9      21.2      1.49      2.00      2.90  -9999.00
     1   2005    229   11900.0      11.1      20.7      1.32      2.00      1.00  -9999.00
     1   2005    230   16900.0      13.6      22.7      1.56      2.00     10.40  -9999.00
     1   2005    231   13600.0      10.0      21.7      1.23      2.00      0.40  -9999.00
     1   2005    232   21600.0      13.7      23.5      1.57      2.00      0.00  -9999.00
     1   2005    233   13600.0      10.2      21.2      1.24      2.00      0.00  -9999.00
     1   2005    234   17100.0      12.7      22.6      1.47      2.00      0.00  -9999.00
     1   2005    235   13500.0      10.5      22.2      1.27      2.00      0.00  -9999.00
     1   2005    236   21300.0      11.0      23.4      1.31      2.00      0.00  -9999.00
     1   2005    237    3600.0      13.4      21.1      1.54      2.00      3.50  -9999.00
     1   2005    238   13700.0      11.8      22.2      1.38      2.00      0.00  -9999.00
     1   2005    239   15800.0       6.9      21.3      0.99      2.00      7.50  -9999.00
     1   2005    240   15700.0      10.6      22.5      1.28      2.00      0.00  -9999.00
     1   2005    241   19600.0      11.5      22.1      1.36      2.00      0.00  -9999.00
     1   2005    242   14700.0      13.6      18.9      1.56      2.00      6.10  -9999.00
     1   2005    243   20100.0      15.7      20.8      1.78      2.00      0.00  -9999.00
     1   2005    244    3300.0      12.7      22.7      1.47      2.00      4.80  -9999.00
     1   2005    245    4500.0      10.8      20.0      1.29      2.00      4.10  -9999.00
     1   2005    246   17400.0       4.9      17.3      0.87      2.00      0.10  -9999.00
     1   2005    247   14700.0      10.6      18.7      1.28      2.00      0.10  -9999.00
     1   2005    248    4500.0      13.6      19.0      1.56      2.00      3.40  -9999.00
     1   2005    249   11900.0      11.6      19.4      1.37      2.00      0.30  -9999.00
     1   2005    250    4100.0      13.8      21.1      1.58      2.00     18.20  -9999.00
     1   2005    251   16300.0      11.3      20.0      1.34      2.00      0.10  -9999.00
     1   2005    252    8100.0      12.4      19.5      1.44      2.00      0.00  -9999.00
     1   2005    253    7400.0      12.7      16.9      1.47      2.00      1.40  -9999.00
     1   2005    254   13700.0       7.1      19.5      1.01      2.00      0.00  -9999.00
     1   2005    255   15400.0      10.4      19.0      1.26      2.00      1.50  -9999.00
     1   2005    256    3400.0       9.7      20.0      1.20      2.00      0.10  -9999.00
     1   2005    257    4700.0       8.0      18.5      1.07      2.00      0.00  -9999.00
     1   2005    258   11200.0       6.6      19.5      0.97      2.00      0.00  -9999.00
     1   2005    259    2700.0       9.1      17.0      1.16      2.00      6.20  -9999.00
     1   2005    260   15600.0       9.6      18.5      1.20      2.00      0.00  -9999.00
     1   2005    261   14500.0      11.5      15.6      1.36      2.00      0.00  -9999.00
     1   2005    262    4800.0      12.2      21.3      1.42      2.00      0.00  -9999.00
     1   2005    263   15100.0      10.9      20.0      1.30      2.00      0.00  -9999.00
     1   2005    264   12400.0       9.7      22.9      1.20      2.00      0.00  -9999.00
     1   2005    265   14900.0      12.8      19.9      1.48      2.00      0.00  -9999.00
     1   2005    266    8000.0      12.7      16.7      1.47      2.00      5.20  -9999.00
     1   2005    267    6100.0       8.3      18.9      1.09      2.00      2.60  -9999.00
     1   2005    268    4500.0       9.5      17.0      1.19      2.00      3.80  -9999.00
     1   2005    269   14900.0       8.2      14.0      1.09      2.00     10.40  -9999.00
     1   2005    270   12500.0      10.5      16.5      1.27      2.00      0.20  -9999.00
     1   2005    271   11300.0       8.9      13.9      1.14      2.00      0.00  -9999.00
     1   2005    272    2400.0       8.6      16.1      1.12      2.00      0.10  -9999.00
     1   2005    273    2400.0       9.5      16.0      1.19      2.00      0.10  -9999.00
     1   2005    274   13600.0       9.5      16.6      1.19      2.00      0.00  -9999.00
     1   2005    275   13900.0       7.8      15.7      1.06      2.00      0.00  -9999.00
     1   2005    276   12500.0       9.7      17.9      1.20      2.00      0.00  -9999.00
     1   2005    277   12800.0       6.3      15.5      0.95      2.00      0.00  -9999.00
     1   2005    278   12400.0       7.2      15.2      1.02      2.00      0.40  -9999.00
     1   2005    279    1900.0       7.1      14.5      1.01      2.00      2.60  -9999.00
     1   2005    280   12400.0       7.6      16.1      1.04      2.00      0.00  -9999.00
     1   2005    281   12800.0      10.5      14.2      1.27      2.00      0.00  -9999.00
     1   2005    282    9700.0      11.4      19.0      1.35      2.00      3.50  -9999.00
     1   2005    283    3100.0       9.9      15.5      1.22      2.00      6.30  -9999.00
     1   2005    284    7100.0       9.4      13.7      1.18      2.00      4.20  -9999.00
     1   2005    285    9300.0      11.0      14.9      1.31      2.00      3.70  -9999.00
     1   2005    286    1700.0      13.3      16.6      1.53      2.00      6.50  -9999.00
     1   2005    287    8900.0      12.5      20.3      1.45      2.00      0.00  -9999.00
     1   2005    288    7800.0       3.6      10.2      0.79      2.00      0.00  -9999.00
     1   2005    289    7300.0       8.1      10.7      1.08      2.00     13.10  -9999.00
     1   2005    290    2800.0      11.3      15.8      1.34      2.00     32.50  -9999.00
     1   2005    291    6900.0      10.8      15.4      1.29      2.00      7.20  -9999.00
     1   2005    292    1800.0      10.7      15.5      1.29      2.00      5.20  -9999.00
     1   2005    293    9000.0      10.6      14.0      1.28      2.00      0.00  -9999.00
     1   2005    294   10000.0       4.4      12.6      0.84      2.00      0.50  -9999.00
     1   2005    295    5300.0       2.9      10.1      0.75      2.00      0.00  -9999.00
     1   2005    296    8500.0       5.1      11.8      0.88      2.00      6.40  -9999.00
     1   2005    297    1600.0       4.6      11.4      0.85      2.00     13.60  -9999.00
     1   2005    298    4100.0       5.0      13.6      0.87      2.00      2.00  -9999.00
     1   2005    299    6200.0       2.2      10.7      0.72      2.00      0.60  -9999.00
     1   2005    300    1200.0       6.2      12.7      0.95      2.00      4.00  -9999.00
     1   2005    301    4100.0       3.0      13.1      0.76      2.00      6.90  -9999.00
     1   2005    302    2700.0       5.5      10.9      0.90      2.00      0.20  -9999.00
     1   2005    303    9100.0       2.4      12.2      0.73      2.00      0.00  -9999.00
     1   2005    304    7800.0       6.7      13.8      0.98      2.00      0.00  -9999.00
     1   2005    305    7500.0       6.4      13.8      0.96      2.00      0.00  -9999.00
     1   2005    306    1700.0      10.1      11.9      1.24      2.00      0.00  -9999.00
     1   2005    307    3800.0       7.2      14.2      1.02      2.00      0.50  -9999.00
     1   2005    308    1400.0       8.2      12.8      1.09      2.00      0.80  -9999.00
     1   2005    309    1500.0       8.0      14.1      1.07      2.00      2.20  -9999.00
     1   2005    310    1600.0       6.7      14.6      0.98      2.00      0.40  -9999.00
     1   2005    311    2600.0       2.2      12.2      0.72      2.00      0.30  -9999.00
     1   2005    312    6200.0      -0.1       7.8      0.61      2.00      0.00  -9999.00
     1   2005    313     900.0       3.0      10.0      0.76      2.00      6.80  -9999.00
     1   2005    314    1000.0       8.3      11.4      1.09      2.00      0.10  -9999.00
     1   2005    315    1000.0       9.3      11.4      1.17      2.00      0.10  -9999.00
     1   2005    316    3200.0      -0.5       7.3      0.59      2.00      0.00  -9999.00
     1   2005    317    2600.0       3.6      10.9      0.79      2.00      0.10  -9999.00
     1   2005    318    1100.0       4.7      12.1      0.85      2.00      0.10  -9999.00
     1   2005    319     900.0       1.8      10.6      0.70      2.00      0.40  -9999.00
     1   2005    320     900.0       2.9       8.7      0.75      2.00      0.00  -9999.00
     1   2005    321     800.0       5.1       9.7      0.88      2.00      5.80  -9999.00
     1   2005    322    1400.0       1.2       6.5      0.67      2.00      0.00  -9999.00
     1   2005    323     900.0       0.3      10.1      0.62      2.00      0.30  -9999.00
     1   2005    324    1100.0      -2.9       7.3      0.49      2.00      0.40  -9999.00
     1   2005    325    3000.0      -0.2      10.2      0.60      2.00      1.70  -9999.00
     1   2005    326    2600.0       6.2      13.3      0.95      2.00      3.50  -9999.00
     1   2005    327     900.0       2.6      13.5      0.74      2.00      0.00  -9999.00
     1   2005    328     700.0       0.5       9.2      0.63      2.00      7.50  -9999.00
     1   2005    329    5300.0       2.5       8.3      0.73      2.00      0.20  -9999.00
     1   2005    330     700.0       0.2       3.8      0.62      2.00      0.00  -9999.00
     1   2005    331     800.0       0.4       8.2      0.63      2.00      0.10  -9999.00
     1   2005    332    4200.0       0.4       8.1      0.63      2.00      0.00  -9999.00
     1   2005    333    5500.0       1.2       6.8      0.67      2.00      0.00  -9999.00
     1   2005    334     800.0       7.3      10.5      1.02      2.00      0.00  -9999.00
     1   2005    335     800.0       5.4       9.7      0.90      2.00      3.80  -9999.00
     1   2005    336     800.0       4.4       9.2      0.84      2.00      8.50  -9999.00
     1   2005    337     700.0       5.6      11.3      0.91      2.00      0.40  -9999.00
     1   2005    338     700.0       3.1       9.5      0.76      2.00      0.30  -9999.00
     1   2005    339     700.0       4.6      11.4      0.85      2.00      0.40  -9999.00
     1   2005    340     600.0       3.7       7.2      0.80      2.00      0.00  -9999.00
     1   2005    341    3900.0       5.1       7.2      0.88      2.00      1.70  -9999.00
     1   2005    342    3900.0      -1.1       0.3      0.56      2.00      0.00  -9999.00
     1   2005    343     900.0       0.6       5.0      0.64      2.00      0.00  -9999.00
     1   2005    344     700.0       1.2       8.4      0.67      2.00      0.50  -9999.00
     1   2005    345    2300.0       2.8      10.0      0.75      2.00     12.20  -9999.00
     1   2005    346    4100.0       6.5       8.1      0.97      2.00      0.00  -9999.00
     1   2005    347    3300.0       6.3       8.3      0.95      2.00      0.00  -9999.00
     1   2005    348    4200.0      -0.3       5.3      0.60      2.00      0.00  -9999.00
     1   2005    349    2000.0      -2.3       8.7      0.52      2.00      2.90  -9999.00
     1   2005    350     900.0       3.3      10.3      0.77      2.00      3.10  -9999.00
     1   2005    351    1300.0       1.0       9.7      0.66      2.00      0.50  -9999.00
     1   2005    352    2300.0       5.4      12.6      0.90      2.00      0.00  -9999.00
     1   2005    353    3000.0       5.3       7.4      0.89      2.00      0.00  -9999.00
     1   2005    354    1500.0       4.7       7.7      0.85      2.00      0.10  -9999.00
     1   2005    355     700.0       6.5       7.9      0.97      2.00      0.10  -9999.00
     1   2005    356     900.0       0.6       6.3      0.64      2.00      4.70  -9999.00
     1   2005    357     600.0       1.2       4.4      0.67      2.00      0.00  -9999.00
     1   2005    358     700.0       1.2       8.1      0.67      2.00      0.30  -9999.00
     1   2005    359     700.0       1.8       7.9      0.70      2.00      2.70  -9999.00
     1   2005    360    1300.0       0.9       6.6      0.65      2.00      0.00  -9999.00
     1   2005    361     700.0      -1.6      10.3      0.54      2.00      0.30  -9999.00
     1   2005    362    1300.0       1.4       7.5      0.68      2.00      4.30  -9999.00
     1   2005    363     700.0       2.7       5.3      0.74      2.00      2.70  -9999.00
     1   2005    364    4500.0      -5.1       4.6      0.42      2.00      0.00  -9999.00
     1   2005    365     700.0      -5.5       6.7      0.41      2.00      0.80  -9999.00
