*-----------------------------------------------------------------------------* 
           WHWG_20.met            52.12    0.96   89.00
* Date created:  08-Aug-2019     Author: K Coleman 
* 
* NIL VALUE       -9999 
* Source:   data provided by M. Semenov 
*  
* Latitude:    52.12 Longitude:     0.96 Altitude:    89.00
* 
* Column  Daily value 
* 1       station number 
* 2       year 
* 3       day 
* 4       irradiation                   (kJ m-2 d-1) 
* 5       minimum temperature           (degrees Celsius) 
* 6       maximum temperature           (degrees Celsius) 
* 7       early morning vapour pressure (kPa)             
* 8       mean wind speed (height: 2 m?) (m s-1)          
* 9       precipitation                 (mm d-1)          
* 10      sunshine                      (hrs)             
 		Jday	RAD	    TMIN	TMAX	 VAP	wind	RAIN	SUN  
               kj/m2	°C	    °C	     kPa	m/s	    mm	    hrs 
   52.12  89.00
     1   2005      1     700.0       1.7      11.9      0.69      2.00      3.60  -9999.00
     1   2005      2    3300.0       5.4      11.6      0.90      2.00      1.40  -9999.00
     1   2005      3     700.0       2.1       9.5      0.71      2.00      0.30  -9999.00
     1   2005      4    4100.0       2.2      10.7      0.72      2.00      0.10  -9999.00
     1   2005      5    2200.0       5.1       9.5      0.88      2.00      0.10  -9999.00
     1   2005      6     800.0       8.7      10.7      1.12      2.00      2.30  -9999.00
     1   2005      7    1700.0       3.6       6.3      0.79      2.00      0.00  -9999.00
     1   2005      8    4300.0       5.9       9.0      0.93      2.00      1.10  -9999.00
     1   2005      9    1000.0       2.7       7.8      0.74      2.00      0.20  -9999.00
     1   2005     10    4600.0       4.5       9.2      0.84      2.00      0.90  -9999.00
     1   2005     11     900.0       1.1       9.2      0.66      2.00      4.50  -9999.00
     1   2005     12     700.0       3.1       6.9      0.76      2.00      4.30  -9999.00
     1   2005     13     800.0       2.8       8.4      0.75      2.00      0.40  -9999.00
     1   2005     14    5700.0       2.5       6.5      0.73      2.00      8.00  -9999.00
     1   2005     15     700.0       0.8       7.2      0.65      2.00      0.10  -9999.00
     1   2005     16    3800.0       2.3       7.4      0.72      2.00      4.60  -9999.00
     1   2005     17     800.0       4.9       8.8      0.87      2.00      2.50  -9999.00
     1   2005     18    2300.0      -0.5       7.3      0.59      2.00      0.00  -9999.00
     1   2005     19    5400.0       1.0       7.7      0.66      2.00      0.00  -9999.00
     1   2005     20    1100.0       3.1       9.8      0.76      2.00      0.40  -9999.00
     1   2005     21    1500.0      -0.3      10.4      0.60      2.00      3.00  -9999.00
     1   2005     22    1000.0       5.6       8.3      0.91      2.00      3.90  -9999.00
     1   2005     23    3200.0       4.3       4.7      0.83      2.00      0.00  -9999.00
     1   2005     24    5000.0       2.9       6.8      0.75      2.00      0.10  -9999.00
     1   2005     25    4900.0       0.4       6.0      0.63      2.00      0.10  -9999.00
     1   2005     26    4300.0       1.2       5.1      0.67      2.00      0.00  -9999.00
     1   2005     27    5800.0       5.5       8.7      0.90      2.00      0.20  -9999.00
     1   2005     28    5700.0       1.2       6.3      0.67      2.00      0.70  -9999.00
     1   2005     29    1000.0       3.6       6.1      0.79      2.00      2.10  -9999.00
     1   2005     30    3500.0       1.9       8.5      0.70      2.00      0.00  -9999.00
     1   2005     31    1000.0       5.4       7.1      0.90      2.00      0.00  -9999.00
     1   2005     32    1000.0       1.0       9.1      0.66      2.00      1.80  -9999.00
     1   2005     33    7200.0      -1.6       6.9      0.54      2.00      0.00  -9999.00
     1   2005     34    5200.0       2.0      10.5      0.71      2.00      0.00  -9999.00
     1   2005     35    6500.0       4.6      16.0      0.85      2.00      0.00  -9999.00
     1   2005     36    7300.0      -1.7       2.3      0.54      2.00      0.00  -9999.00
     1   2005     37    1200.0      -3.2       5.5      0.48      2.00      7.50  -9999.00
     1   2005     38    6700.0      -1.7       1.3      0.54      2.00      0.00  -9999.00
     1   2005     39    5600.0       0.3       3.7      0.62      2.00      3.50  -9999.00
     1   2005     40    6300.0      -4.9       4.3      0.42      2.00      4.30  -9999.00
     1   2005     41    1800.0      -3.5       0.1      0.47      2.00      0.70  -9999.00
     1   2005     42    1700.0      -4.1       3.1      0.45      2.00      0.00  -9999.00
     1   2005     43    1600.0      -4.2       4.7      0.45      2.00      0.00  -9999.00
     1   2005     44    3000.0       3.1       9.0      0.76      2.00      0.80  -9999.00
     1   2005     45    5000.0       5.4      10.9      0.90      2.00      3.10  -9999.00
     1   2005     46    1200.0      -3.1       6.1      0.49      2.00      0.60  -9999.00
     1   2005     47    8500.0      -0.9       7.5      0.57      2.00      0.00  -9999.00
     1   2005     48    1400.0      -2.5       2.0      0.51      2.00      0.00  -9999.00
     1   2005     49    7400.0      -4.9       4.8      0.42      2.00      0.00  -9999.00
     1   2005     50    6300.0       3.1       7.4      0.76      2.00      0.00  -9999.00
     1   2005     51    2700.0       3.1      10.1      0.76      2.00      1.40  -9999.00
     1   2005     52    3100.0      -0.8       6.4      0.58      2.00      2.20  -9999.00
     1   2005     53   10500.0       1.1       7.9      0.66      2.00      1.90  -9999.00
     1   2005     54    9100.0      -1.5       4.3      0.55      2.00      1.40  -9999.00
     1   2005     55    9200.0      -2.1       7.0      0.52      2.00      0.40  -9999.00
     1   2005     56    1500.0      -0.9       7.7      0.57      2.00      1.60  -9999.00
     1   2005     57    1600.0      -1.1       6.9      0.56      2.00      0.00  -9999.00
     1   2005     58    9900.0       2.5       7.6      0.73      2.00      0.00  -9999.00
     1   2005     59    1400.0       1.9       7.3      0.70      2.00      3.60  -9999.00
     1   2005     60    9900.0       0.1      10.3      0.62      2.00      2.70  -9999.00
     1   2005     61   10800.0       1.8       9.4      0.70      2.00      0.60  -9999.00
     1   2005     62    8400.0      -1.0       5.1      0.57      2.00      0.00  -9999.00
     1   2005     63    3100.0       0.4       3.9      0.63      2.00      0.00  -9999.00
     1   2005     64    5800.0       3.0      11.3      0.76      2.00      0.80  -9999.00
     1   2005     65   12000.0       2.8      12.0      0.75      2.00     10.00  -9999.00
     1   2005     66    7800.0       1.6       7.9      0.69      2.00      5.50  -9999.00
     1   2005     67    2900.0       2.9       9.9      0.75      2.00     10.10  -9999.00
     1   2005     68    4600.0       0.8       9.1      0.65      2.00      1.40  -9999.00
     1   2005     69    2400.0       0.3      10.3      0.62      2.00      0.00  -9999.00
     1   2005     70   11800.0       3.8      11.6      0.80      2.00      0.00  -9999.00
     1   2005     71   11000.0       1.7      10.4      0.69      2.00      0.00  -9999.00
     1   2005     72    9600.0       2.7      11.1      0.74      2.00      0.00  -9999.00
     1   2005     73    8500.0       5.6      12.9      0.91      2.00     24.70  -9999.00
     1   2005     74    9500.0       3.9       9.8      0.81      2.00      0.70  -9999.00
     1   2005     75    2000.0       6.7      10.9      0.98      2.00      0.70  -9999.00
     1   2005     76    2400.0       3.0       6.9      0.76      2.00      0.00  -9999.00
     1   2005     77   11000.0       5.5       6.7      0.90      2.00      2.80  -9999.00
     1   2005     78   13200.0       2.9       9.3      0.75      2.00      0.00  -9999.00
     1   2005     79   13100.0       7.9      11.9      1.07      2.00      0.00  -9999.00
     1   2005     80    5400.0       6.8      16.0      0.99      2.00      4.40  -9999.00
     1   2005     81    2200.0       3.3      11.8      0.77      2.00      1.40  -9999.00
     1   2005     82   11800.0      -0.4      10.2      0.59      2.00      0.40  -9999.00
     1   2005     83   16900.0       3.4       7.9      0.78      2.00     10.00  -9999.00
     1   2005     84    3200.0       5.8      10.4      0.92      2.00      0.20  -9999.00
     1   2005     85    6400.0       3.4      12.5      0.78      2.00      0.10  -9999.00
     1   2005     86   12800.0       1.0       9.2      0.66      2.00      0.00  -9999.00
     1   2005     87   10500.0      -0.7      11.1      0.58      2.00      0.00  -9999.00
     1   2005     88    2400.0       3.6      12.5      0.79      2.00      3.20  -9999.00
     1   2005     89    8700.0       6.6      13.7      0.97      2.00      0.20  -9999.00
     1   2005     90   16300.0       1.7      12.0      0.69      2.00      7.20  -9999.00
     1   2005     91    8100.0       2.7      10.6      0.74      2.00      0.50  -9999.00
     1   2005     92    4800.0       4.7      12.0      0.85      2.00      3.80  -9999.00
     1   2005     93    3800.0       3.5      12.3      0.78      2.00      4.90  -9999.00
     1   2005     94    5500.0       1.3      10.5      0.67      2.00      0.50  -9999.00
     1   2005     95    8500.0       4.7       7.9      0.85      2.00      3.70  -9999.00
     1   2005     96    4000.0       4.7      11.4      0.85      2.00      0.10  -9999.00
     1   2005     97    5200.0       2.2      11.2      0.72      2.00      2.50  -9999.00
     1   2005     98    3300.0       5.7      13.2      0.92      2.00      2.40  -9999.00
     1   2005     99   16100.0       3.9      10.9      0.81      2.00      0.10  -9999.00
     1   2005    100   10500.0       6.1      13.9      0.94      2.00      1.30  -9999.00
     1   2005    101   20000.0       4.4      21.6      0.84      2.00      0.00  -9999.00
     1   2005    102    3400.0       4.2      13.6      0.82      2.00      3.60  -9999.00
     1   2005    103   11100.0       0.6      13.4      0.64      2.00      0.70  -9999.00
     1   2005    104    3500.0       6.5      14.4      0.97      2.00      7.90  -9999.00
     1   2005    105   11300.0       4.6      12.7      0.85      2.00     12.40  -9999.00
     1   2005    106    3600.0       4.0      11.2      0.81      2.00      4.60  -9999.00
     1   2005    107    3500.0       5.2      11.9      0.88      2.00      0.10  -9999.00
     1   2005    108   13000.0       2.4      12.4      0.73      2.00      2.60  -9999.00
     1   2005    109   11400.0       5.6      16.2      0.91      2.00      0.00  -9999.00
     1   2005    110   10400.0       5.0      11.3      0.87      2.00      0.00  -9999.00
     1   2005    111   13200.0       3.2       7.7      0.77      2.00      0.70  -9999.00
     1   2005    112   20700.0       4.9      13.2      0.87      2.00      0.00  -9999.00
     1   2005    113    3900.0       4.5       9.7      0.84      2.00      4.50  -9999.00
     1   2005    114   20900.0       3.5      11.2      0.78      2.00      0.00  -9999.00
     1   2005    115    4500.0       3.0      10.2      0.76      2.00      1.90  -9999.00
     1   2005    116   21500.0       4.2      10.6      0.82      2.00      0.00  -9999.00
     1   2005    117   11600.0       4.3      10.0      0.83      2.00      0.00  -9999.00
     1   2005    118    7200.0       2.3      13.6      0.72      2.00      0.00  -9999.00
     1   2005    119   20300.0       2.8      12.5      0.75      2.00      5.40  -9999.00
     1   2005    120    4400.0       5.8      14.3      0.92      2.00      0.00  -9999.00
     1   2005    121   20000.0       8.6      17.7      1.12      2.00      0.00  -9999.00
     1   2005    122   20200.0       0.5      13.5      0.63      2.00      0.00  -9999.00
     1   2005    123   21100.0       5.0      12.3      0.87      2.00      0.00  -9999.00
     1   2005    124   14000.0       8.9      20.7      1.14      2.00      0.00  -9999.00
     1   2005    125   12400.0       9.2      17.1      1.16      2.00      0.00  -9999.00
     1   2005    126   18500.0       9.3      16.2      1.17      2.00      0.00  -9999.00
     1   2005    127   16000.0      10.2      16.7      1.24      2.00      0.00  -9999.00
     1   2005    128   20900.0       7.0      16.4      1.00      2.00      0.00  -9999.00
     1   2005    129   26400.0       4.2      17.4      0.82      2.00      0.00  -9999.00
     1   2005    130   25800.0       6.4      16.9      0.96      2.00      0.00  -9999.00
     1   2005    131   20700.0       3.7      15.2      0.80      2.00      0.00  -9999.00
     1   2005    132   17500.0       7.4      15.2      1.03      2.00      0.00  -9999.00
     1   2005    133    5700.0      11.1      12.9      1.32      2.00      0.70  -9999.00
     1   2005    134    7900.0       9.4      15.0      1.18      2.00      1.80  -9999.00
     1   2005    135   21000.0       7.4      14.9      1.03      2.00      1.40  -9999.00
     1   2005    136   17400.0       8.4      14.8      1.10      2.00      0.30  -9999.00
     1   2005    137   17400.0       6.8      17.8      0.99      2.00      4.80  -9999.00
     1   2005    138   12900.0      10.6      15.3      1.28      2.00     14.20  -9999.00
     1   2005    139   12100.0       8.6      14.9      1.12      2.00      3.20  -9999.00
     1   2005    140   11600.0       9.0      15.2      1.15      2.00      1.00  -9999.00
     1   2005    141   24600.0      11.9      20.7      1.39      2.00      0.00  -9999.00
     1   2005    142   24500.0       6.2      13.7      0.95      2.00      0.00  -9999.00
     1   2005    143   27400.0       6.2      16.5      0.95      2.00      0.00  -9999.00
     1   2005    144    8600.0       8.5      16.0      1.11      2.00      0.00  -9999.00
     1   2005    145   27800.0      11.6      19.1      1.37      2.00      0.00  -9999.00
     1   2005    146   15000.0       9.1      17.1      1.16      2.00      0.00  -9999.00
     1   2005    147   21700.0       5.8      18.8      0.92      2.00      0.00  -9999.00
     1   2005    148   27500.0       3.8      13.1      0.80      2.00      0.00  -9999.00
     1   2005    149    4500.0       1.8      14.8      0.70      2.00      1.50  -9999.00
     1   2005    150   26700.0       9.6      16.3      1.20      2.00      0.00  -9999.00
     1   2005    151   17200.0       8.5      16.9      1.11      2.00      3.90  -9999.00
     1   2005    152   27000.0       9.2      18.4      1.16      2.00      0.00  -9999.00
     1   2005    153   26400.0       6.7      16.2      0.98      2.00      0.00  -9999.00
     1   2005    154   26800.0       8.3      21.9      1.09      2.00      0.00  -9999.00
     1   2005    155    4600.0       4.7      16.6      0.85      2.00      7.90  -9999.00
     1   2005    156   23000.0      10.7      17.8      1.29      2.00      0.00  -9999.00
     1   2005    157   27400.0       7.0      15.0      1.00      2.00      0.00  -9999.00
     1   2005    158   29900.0       8.7      18.6      1.12      2.00      0.00  -9999.00
     1   2005    159   27300.0      12.3      20.9      1.43      2.00      0.00  -9999.00
     1   2005    160   29600.0      11.2      18.1      1.33      2.00      0.00  -9999.00
     1   2005    161    6600.0       8.8      19.8      1.13      2.00      0.00  -9999.00
     1   2005    162    6100.0      10.5      19.0      1.27      2.00      0.00  -9999.00
     1   2005    163   13500.0      10.0      19.3      1.23      2.00      0.00  -9999.00
     1   2005    164   29200.0      10.0      19.2      1.23      2.00      0.00  -9999.00
     1   2005    165   21600.0      10.8      17.7      1.29      2.00      0.00  -9999.00
     1   2005    166   21400.0      10.9      18.2      1.30      2.00      0.00  -9999.00
     1   2005    167   28800.0      12.8      19.8      1.48      2.00      0.00  -9999.00
     1   2005    168   27900.0       9.7      22.8      1.20      2.00      0.00  -9999.00
     1   2005    169   11900.0       3.8      20.3      0.80      2.00      0.00  -9999.00
     1   2005    170   27200.0      11.0      21.5      1.31      2.00      0.00  -9999.00
     1   2005    171   25100.0      11.2      25.8      1.33      2.00      0.00  -9999.00
     1   2005    172   26200.0       8.6      21.6      1.12      2.00      0.00  -9999.00
     1   2005    173   25700.0       7.9      18.7      1.07      2.00      2.10  -9999.00
     1   2005    174   12100.0      10.9      17.6      1.30      2.00     19.20  -9999.00
     1   2005    175   29700.0       8.7      20.3      1.12      2.00      0.00  -9999.00
     1   2005    176   16500.0      11.2      19.2      1.33      2.00      0.00  -9999.00
     1   2005    177   28000.0       8.8      19.8      1.13      2.00      0.00  -9999.00
     1   2005    178    5300.0      10.1      18.6      1.24      2.00     15.30  -9999.00
     1   2005    179   24200.0       8.5      16.9      1.11      2.00      0.50  -9999.00
     1   2005    180   13500.0      11.7      24.1      1.37      2.00      0.00  -9999.00
     1   2005    181   18400.0       8.2      20.9      1.09      2.00      0.00  -9999.00
     1   2005    182   11500.0      10.2      20.7      1.24      2.00      0.00  -9999.00
     1   2005    183   29600.0      10.4      22.2      1.26      2.00      0.00  -9999.00
     1   2005    184   26800.0      14.3      23.5      1.63      2.00      0.00  -9999.00
     1   2005    185   25900.0      15.7      21.8      1.78      2.00      0.00  -9999.00
     1   2005    186   27400.0      10.7      22.5      1.29      2.00      0.00  -9999.00
     1   2005    187   19300.0      12.1      20.5      1.41      2.00      0.00  -9999.00
     1   2005    188    5900.0      11.4      21.6      1.35      2.00      0.00  -9999.00
     1   2005    189   19600.0       9.4      16.9      1.18      2.00      0.40  -9999.00
     1   2005    190   20000.0      11.8      22.7      1.38      2.00      0.00  -9999.00
     1   2005    191   22800.0       5.7      20.7      0.92      2.00      1.60  -9999.00
     1   2005    192   16700.0      13.4      22.0      1.54      2.00      0.50  -9999.00
     1   2005    193   27000.0      12.4      27.6      1.44      2.00      0.00  -9999.00
     1   2005    194   19700.0      12.1      20.0      1.41      2.00      5.30  -9999.00
     1   2005    195   20000.0      12.9      20.9      1.49      2.00      0.40  -9999.00
     1   2005    196    7600.0      12.9      20.2      1.49      2.00      0.10  -9999.00
     1   2005    197   23200.0      11.0      22.3      1.31      2.00      0.00  -9999.00
     1   2005    198   18100.0      11.9      21.0      1.39      2.00      0.00  -9999.00
     1   2005    199   27000.0       9.8      21.4      1.21      2.00      0.00  -9999.00
     1   2005    200    4100.0      11.4      18.5      1.35      2.00      0.40  -9999.00
     1   2005    201    5900.0      11.2      20.5      1.33      2.00     12.00  -9999.00
     1   2005    202   20700.0      12.5      20.9      1.45      2.00     25.40  -9999.00
     1   2005    203   27800.0      10.0      26.7      1.23      2.00      0.00  -9999.00
     1   2005    204   13800.0      12.0      20.1      1.40      2.00      0.20  -9999.00
     1   2005    205   19200.0       7.9      18.1      1.07      2.00     12.50  -9999.00
     1   2005    206   15000.0      13.2      22.7      1.52      2.00      0.70  -9999.00
     1   2005    207   21500.0      11.6      20.5      1.37      2.00      0.20  -9999.00
     1   2005    208   21900.0      15.4      28.3      1.75      2.00      0.10  -9999.00
     1   2005    209   23300.0      14.0      25.2      1.60      2.00      0.00  -9999.00
     1   2005    210   15200.0      10.8      20.9      1.29      2.00      0.00  -9999.00
     1   2005    211   21400.0      12.4      21.9      1.44      2.00      0.00  -9999.00
     1   2005    212   24900.0      12.4      23.1      1.44      2.00      0.00  -9999.00
     1   2005    213   20700.0      10.0      20.6      1.23      2.00      2.40  -9999.00
     1   2005    214    5600.0      12.2      21.4      1.42      2.00      0.60  -9999.00
     1   2005    215   17400.0      11.1      21.2      1.32      2.00      3.90  -9999.00
     1   2005    216   17400.0      13.1      21.5      1.51      2.00      2.30  -9999.00
     1   2005    217   15600.0      11.9      26.0      1.39      2.00      0.00  -9999.00
     1   2005    218   13600.0      11.5      23.2      1.36      2.00      0.00  -9999.00
     1   2005    219   21600.0      12.2      21.5      1.42      2.00      0.00  -9999.00
     1   2005    220   19900.0      14.9      25.1      1.69      2.00      0.00  -9999.00
     1   2005    221   19600.0      10.9      20.8      1.30      2.00     14.30  -9999.00
     1   2005    222   18200.0       8.9      16.4      1.14      2.00      4.10  -9999.00
     1   2005    223    8600.0      11.0      20.6      1.31      2.00      0.00  -9999.00
     1   2005    224   16500.0      12.3      23.9      1.43      2.00      0.00  -9999.00
     1   2005    225   22200.0       9.1      24.9      1.16      2.00      0.00  -9999.00
     1   2005    226   21500.0      11.6      23.4      1.37      2.00      0.00  -9999.00
     1   2005    227   18900.0      10.0      24.8      1.23      2.00      0.00  -9999.00
     1   2005    228    3500.0      12.0      19.1      1.40      2.00      0.60  -9999.00
     1   2005    229    5700.0       7.7      17.4      1.05      2.00     11.70  -9999.00
     1   2005    230   19000.0      10.6      17.4      1.28      2.00      0.50  -9999.00
     1   2005    231   17100.0      10.8      15.2      1.29      2.00      0.40  -9999.00
     1   2005    232   21500.0      12.6      23.1      1.46      2.00      0.00  -9999.00
     1   2005    233   14100.0      13.0      20.6      1.50      2.00      0.60  -9999.00
     1   2005    234   16500.0      11.8      20.6      1.38      2.00      0.20  -9999.00
     1   2005    235   14600.0       9.4      20.2      1.18      2.00      0.40  -9999.00
     1   2005    236    6400.0      10.7      18.3      1.29      2.00      0.30  -9999.00
     1   2005    237    3600.0      14.0      18.3      1.60      2.00      1.30  -9999.00
     1   2005    238    4400.0      11.7      17.7      1.37      2.00      2.00  -9999.00
     1   2005    239    6000.0       5.7      18.2      0.92      2.00     25.00  -9999.00
     1   2005    240   15600.0      14.7      21.0      1.67      2.00      0.20  -9999.00
     1   2005    241   21900.0      16.8      26.7      1.91      2.00      0.00  -9999.00
     1   2005    242   14900.0      12.8      19.9      1.48      2.00      1.30  -9999.00
     1   2005    243   15700.0       8.7      19.8      1.12      2.00      0.00  -9999.00
     1   2005    244   16000.0       7.9      15.9      1.07      2.00      6.10  -9999.00
     1   2005    245    5600.0       7.9      18.7      1.07      2.00      0.60  -9999.00
     1   2005    246    8000.0      14.0      22.0      1.60      2.00      0.00  -9999.00
     1   2005    247   15800.0      13.5      24.4      1.55      2.00      0.00  -9999.00
     1   2005    248    7000.0      15.8      20.9      1.79      2.00      0.00  -9999.00
     1   2005    249   12800.0      12.5      19.9      1.45      2.00      0.00  -9999.00
     1   2005    250    4600.0      15.4      22.4      1.75      2.00      0.30  -9999.00
     1   2005    251   12800.0      16.7      23.5      1.90      2.00      0.00  -9999.00
     1   2005    252   12000.0      13.2      19.6      1.52      2.00      7.30  -9999.00
     1   2005    253    5700.0       9.6      20.7      1.20      2.00      1.80  -9999.00
     1   2005    254    6900.0      10.3      19.1      1.25      2.00      0.00  -9999.00
     1   2005    255   11200.0      10.8      16.9      1.29      2.00      0.80  -9999.00
     1   2005    256    5800.0       9.6      18.2      1.20      2.00      0.10  -9999.00
     1   2005    257   11400.0      11.3      20.7      1.34      2.00      0.10  -9999.00
     1   2005    258    5300.0      11.1      16.9      1.32      2.00      0.00  -9999.00
     1   2005    259   11700.0      13.6      15.6      1.56      2.00     14.80  -9999.00
     1   2005    260    3200.0       8.6      16.2      1.12      2.00      0.10  -9999.00
     1   2005    261   13100.0      10.1      12.9      1.24      2.00      0.10  -9999.00
     1   2005    262   13900.0      11.6      20.0      1.37      2.00      0.00  -9999.00
     1   2005    263   14900.0      12.3      19.9      1.43      2.00      0.00  -9999.00
     1   2005    264    7700.0      10.9      19.0      1.30      2.00      0.00  -9999.00
     1   2005    265    5100.0      11.8      21.1      1.38      2.00     14.80  -9999.00
     1   2005    266    6400.0       8.3      15.0      1.09      2.00      0.10  -9999.00
     1   2005    267    7900.0      11.2      17.4      1.33      2.00      0.10  -9999.00
     1   2005    268    2600.0      12.9      17.1      1.49      2.00      7.90  -9999.00
     1   2005    269    2500.0      10.4      16.2      1.26      2.00      8.50  -9999.00
     1   2005    270   10100.0       5.7      17.2      0.92      2.00      0.00  -9999.00
     1   2005    271    2800.0       7.6      18.8      1.04      2.00      0.40  -9999.00
     1   2005    272   12300.0       7.0      15.7      1.00      2.00      1.20  -9999.00
     1   2005    273    9300.0       9.7      13.7      1.20      2.00      1.00  -9999.00
     1   2005    274    6700.0       5.0      15.6      0.87      2.00      0.00  -9999.00
     1   2005    275    2600.0       7.2      13.8      1.02      2.00      0.00  -9999.00
     1   2005    276    6400.0       9.1      15.2      1.16      2.00      0.60  -9999.00
     1   2005    277   10900.0       3.7      14.9      0.80      2.00      0.00  -9999.00
     1   2005    278    2200.0       8.3      14.1      1.09      2.00      6.30  -9999.00
     1   2005    279    2000.0       7.2      10.8      1.02      2.00      7.30  -9999.00
     1   2005    280    8100.0       8.2      14.8      1.09      2.00     12.30  -9999.00
     1   2005    281    7500.0      10.0      12.2      1.23      2.00      2.10  -9999.00
     1   2005    282   12000.0       7.6      14.4      1.04      2.00     13.80  -9999.00
     1   2005    283    1700.0       5.3      12.4      0.89      2.00      0.10  -9999.00
     1   2005    284   10400.0       5.4      11.5      0.90      2.00      3.80  -9999.00
     1   2005    285    7700.0       5.6      14.0      0.91      2.00      0.50  -9999.00
     1   2005    286    4700.0       8.0      14.3      1.07      2.00      0.00  -9999.00
     1   2005    287    5000.0      11.2      14.1      1.33      2.00      0.00  -9999.00
     1   2005    288    7600.0       9.9      16.2      1.22      2.00      3.40  -9999.00
     1   2005    289    1700.0       7.4      15.0      1.03      2.00      0.20  -9999.00
     1   2005    290    4100.0       5.3      13.7      0.89      2.00      0.20  -9999.00
     1   2005    291   10200.0       6.9      13.7      0.99      2.00      8.10  -9999.00
     1   2005    292    1400.0       8.3      12.8      1.09      2.00     10.20  -9999.00
     1   2005    293    2000.0       7.6      14.4      1.04      2.00      0.20  -9999.00
     1   2005    294    2000.0       8.1      14.3      1.08      2.00      2.70  -9999.00
     1   2005    295    6600.0       5.1      11.5      0.88      2.00      0.00  -9999.00
     1   2005    296    7100.0       6.7      15.0      0.98      2.00      3.70  -9999.00
     1   2005    297    9600.0       1.3      13.4      0.67      2.00      0.00  -9999.00
     1   2005    298    2700.0       4.3      12.7      0.83      2.00      1.30  -9999.00
     1   2005    299    1700.0       5.8      10.0      0.92      2.00      0.00  -9999.00
     1   2005    300    6100.0       8.3      14.5      1.09      2.00      0.50  -9999.00
     1   2005    301    1200.0       6.8      14.5      0.99      2.00      3.00  -9999.00
     1   2005    302    8100.0      -2.8       8.6      0.50      2.00      0.20  -9999.00
     1   2005    303    6100.0       3.0      10.6      0.76      2.00      0.20  -9999.00
     1   2005    304    2900.0       1.5      10.7      0.68      2.00      0.50  -9999.00
     1   2005    305    2100.0       5.3       8.3      0.89      2.00      2.40  -9999.00
     1   2005    306    6400.0       4.7      11.7      0.85      2.00      0.00  -9999.00
     1   2005    307    1700.0       6.9      10.9      0.99      2.00     10.60  -9999.00
     1   2005    308    1100.0       0.8       8.4      0.65      2.00      4.90  -9999.00
     1   2005    309    1400.0       5.0      11.0      0.87      2.00      0.40  -9999.00
     1   2005    310    1000.0       6.2      10.7      0.95      2.00      0.20  -9999.00
     1   2005    311    3000.0       6.6      12.0      0.97      2.00      0.30  -9999.00
     1   2005    312    5600.0       9.7      13.5      1.20      2.00      0.00  -9999.00
     1   2005    313    6600.0       8.3      15.1      1.09      2.00      0.60  -9999.00
     1   2005    314    3700.0       5.7      11.5      0.92      2.00      1.60  -9999.00
     1   2005    315    4400.0       1.7       9.3      0.69      2.00      0.30  -9999.00
     1   2005    316    1500.0       3.7       7.6      0.80      2.00      0.00  -9999.00
     1   2005    317    6800.0       1.3       4.8      0.67      2.00      0.00  -9999.00
     1   2005    318    5500.0       7.5       8.9      1.04      2.00      0.00  -9999.00
     1   2005    319    1700.0      10.9      12.9      1.30      2.00      0.50  -9999.00
     1   2005    320     900.0       2.0       6.1      0.71      2.00      0.90  -9999.00
     1   2005    321     800.0       2.4       4.5      0.73      2.00      0.70  -9999.00
     1   2005    322    2600.0       2.4       6.9      0.73      2.00      0.50  -9999.00
     1   2005    323    1800.0       3.0       5.3      0.76      2.00      0.00  -9999.00
     1   2005    324     900.0       5.2      10.5      0.88      2.00      2.30  -9999.00
     1   2005    325     900.0       1.9       9.1      0.70      2.00      1.50  -9999.00
     1   2005    326     800.0       6.3      10.2      0.95      2.00      2.00  -9999.00
     1   2005    327    2200.0       5.9      11.5      0.93      2.00      6.00  -9999.00
     1   2005    328     800.0       1.2       8.0      0.67      2.00      0.00  -9999.00
     1   2005    329     800.0      -5.2       7.1      0.41      2.00      0.00  -9999.00
     1   2005    330     700.0       2.1       6.9      0.71      2.00      0.00  -9999.00
     1   2005    331    5100.0       3.5       4.1      0.78      2.00      0.00  -9999.00
     1   2005    332    4900.0       2.5      11.8      0.73      2.00      0.00  -9999.00
     1   2005    333    4700.0      -0.6      14.8      0.58      2.00      0.00  -9999.00
     1   2005    334     800.0      -0.6       7.3      0.58      2.00      0.50  -9999.00
     1   2005    335     800.0      -2.1       2.7      0.52      2.00      4.10  -9999.00
     1   2005    336     900.0      -0.5       6.7      0.59      2.00      0.10  -9999.00
     1   2005    337     700.0       0.4       7.7      0.63      2.00      0.00  -9999.00
     1   2005    338    1300.0       1.7       7.5      0.69      2.00      0.00  -9999.00
     1   2005    339     600.0       0.6       6.1      0.64      2.00      0.00  -9999.00
     1   2005    340    3300.0       3.1       9.3      0.76      2.00      3.30  -9999.00
     1   2005    341     600.0       1.4       8.7      0.68      2.00      0.00  -9999.00
     1   2005    342    3600.0       3.1       6.3      0.76      2.00      0.00  -9999.00
     1   2005    343     700.0       3.0       8.8      0.76      2.00      0.30  -9999.00
     1   2005    344     700.0       4.5      10.3      0.84      2.00      3.20  -9999.00
     1   2005    345    1500.0       8.5       9.9      1.11      2.00      0.30  -9999.00
     1   2005    346    3100.0       4.4      10.7      0.84      2.00      1.00  -9999.00
     1   2005    347     700.0       2.2       8.3      0.72      2.00      2.40  -9999.00
     1   2005    348    1200.0       0.1       6.0      0.62      2.00      1.40  -9999.00
     1   2005    349    2700.0      -2.7       5.9      0.50      2.00      2.00  -9999.00
     1   2005    350     700.0       1.9       7.7      0.70      2.00      2.40  -9999.00
     1   2005    351    1700.0       3.7       5.7      0.80      2.00      0.00  -9999.00
     1   2005    352     700.0       0.4       4.2      0.63      2.00      3.00  -9999.00
     1   2005    353     700.0       3.7       3.8      0.80      2.00      2.30  -9999.00
     1   2005    354     700.0      -0.6       4.8      0.58      2.00      0.40  -9999.00
     1   2005    355     700.0      -2.4       4.4      0.51      2.00      0.10  -9999.00
     1   2005    356    1800.0      -1.7       5.9      0.54      2.00      0.30  -9999.00
     1   2005    357    1800.0       0.8       1.3      0.65      2.00      0.00  -9999.00
     1   2005    358    4100.0      -5.9       4.1      0.39      2.00      0.00  -9999.00
     1   2005    359     700.0      -6.3       5.3      0.38      2.00      0.30  -9999.00
     1   2005    360    1400.0      -1.1       0.3      0.56      2.00      0.10  -9999.00
     1   2005    361    4100.0      -7.0      -1.3      0.36      2.00      0.50  -9999.00
     1   2005    362    2700.0      -0.7       4.4      0.58      2.00      0.00  -9999.00
     1   2005    363     700.0      -3.4       1.4      0.48      2.00      3.00  -9999.00
     1   2005    364    1800.0      -2.2       6.5      0.52      2.00      0.60  -9999.00
     1   2005    365     700.0       0.7       8.1      0.64      2.00      7.00  -9999.00
