*-----------------------------------------------------------------------------* 
           WHWG_201.met           52.12    0.96   89.00
* Date created:  08-Aug-2019     Author: K Coleman 
* 
* NIL VALUE       -9999 
* Source:   data provided by M. Semenov 
*  
* Latitude:    52.12 Longitude:     0.96 Altitude:    89.00
* 
* Column  Daily value 
* 1       station number 
* 2       year 
* 3       day 
* 4       irradiation                   (kJ m-2 d-1) 
* 5       minimum temperature           (degrees Celsius) 
* 6       maximum temperature           (degrees Celsius) 
* 7       early morning vapour pressure (kPa)             
* 8       mean wind speed (height: 2 m?) (m s-1)          
* 9       precipitation                 (mm d-1)          
* 10      sunshine                      (hrs)             
 		Jday	RAD	    TMIN	TMAX	 VAP	wind	RAIN	SUN  
               kj/m2	°C	    °C	     kPa	m/s	    mm	    hrs 
   52.12  89.00
     1   2005      1    1500.0       0.4       1.8      0.63      2.00      0.40  -9999.00
     1   2005      2     700.0      -2.1       1.5      0.52      2.00      0.00  -9999.00
     1   2005      3    1900.0       2.8      10.6      0.75      2.00      0.10  -9999.00
     1   2005      4     700.0       0.9      11.1      0.65      2.00      0.00  -9999.00
     1   2005      5    2500.0      -0.3       6.8      0.60      2.00      0.10  -9999.00
     1   2005      6     800.0       0.0       7.7      0.61      2.00      0.00  -9999.00
     1   2005      7     700.0       1.9       8.0      0.70      2.00      0.70  -9999.00
     1   2005      8     800.0       4.2       9.8      0.82      2.00      1.60  -9999.00
     1   2005      9    4200.0       5.4       8.3      0.90      2.00      0.90  -9999.00
     1   2005     10    4600.0       4.0       6.5      0.81      2.00      0.00  -9999.00
     1   2005     11    3500.0       1.5       8.8      0.68      2.00      3.30  -9999.00
     1   2005     12    2900.0       0.1       7.7      0.62      2.00      0.00  -9999.00
     1   2005     13    4200.0       2.4       6.9      0.73      2.00      0.00  -9999.00
     1   2005     14    1200.0       0.1       9.1      0.62      2.00      0.30  -9999.00
     1   2005     15     700.0       0.4       0.7      0.63      2.00      0.30  -9999.00
     1   2005     16    1300.0      -0.2       4.3      0.60      2.00      2.30  -9999.00
     1   2005     17    1700.0       1.0       9.6      0.66      2.00      3.80  -9999.00
     1   2005     18    3900.0      -0.1       9.5      0.61      2.00      0.10  -9999.00
     1   2005     19    4300.0       1.9       5.3      0.70      2.00      1.20  -9999.00
     1   2005     20    1200.0       3.9       5.1      0.81      2.00      0.30  -9999.00
     1   2005     21    5800.0       0.7       4.0      0.64      2.00      0.00  -9999.00
     1   2005     22    3800.0       2.1       3.5      0.71      2.00      0.00  -9999.00
     1   2005     23    1700.0       1.5       4.7      0.68      2.00      0.00  -9999.00
     1   2005     24     900.0      -1.5       6.3      0.55      2.00      0.00  -9999.00
     1   2005     25     900.0       0.3       6.9      0.62      2.00      0.00  -9999.00
     1   2005     26    3700.0       1.4       6.3      0.68      2.00      0.00  -9999.00
     1   2005     27    4500.0       1.2       6.7      0.67      2.00      0.00  -9999.00
     1   2005     28    2800.0       1.6       8.9      0.69      2.00      4.70  -9999.00
     1   2005     29     900.0      -1.0       5.9      0.57      2.00      0.10  -9999.00
     1   2005     30    1300.0      -2.2       3.6      0.52      2.00      0.20  -9999.00
     1   2005     31    5600.0       1.5       5.3      0.68      2.00      0.00  -9999.00
     1   2005     32    1100.0       0.6       6.4      0.64      2.00      0.00  -9999.00
     1   2005     33    6500.0      -0.9       4.6      0.57      2.00      0.00  -9999.00
     1   2005     34     900.0      -0.4       7.3      0.59      2.00      0.00  -9999.00
     1   2005     35    3800.0       2.9       7.3      0.75      2.00      0.20  -9999.00
     1   2005     36    8200.0       6.1       8.6      0.94      2.00      7.00  -9999.00
     1   2005     37    1000.0       6.1      13.6      0.94      2.00      5.10  -9999.00
     1   2005     38    1800.0       4.0      14.0      0.81      2.00      0.10  -9999.00
     1   2005     39    3600.0      -4.2       0.7      0.45      2.00      0.30  -9999.00
     1   2005     40    1100.0      -5.3       3.8      0.41      2.00     10.90  -9999.00
     1   2005     41    1100.0       1.3       7.8      0.67      2.00      1.40  -9999.00
     1   2005     42    4100.0       2.0       8.0      0.71      2.00      3.50  -9999.00
     1   2005     43    5100.0      -0.6       3.6      0.58      2.00      3.50  -9999.00
     1   2005     44    7000.0      -2.8       5.3      0.50      2.00      2.60  -9999.00
     1   2005     45    5100.0       5.0      11.8      0.87      2.00      0.00  -9999.00
     1   2005     46    5600.0       2.7      11.8      0.74      2.00      0.00  -9999.00
     1   2005     47    6500.0      -1.2       6.8      0.56      2.00      1.80  -9999.00
     1   2005     48    2500.0       0.7       4.5      0.64      2.00      2.00  -9999.00
     1   2005     49    1200.0      -3.4       2.1      0.48      2.00      0.20  -9999.00
     1   2005     50    5100.0      -0.3       3.2      0.60      2.00      0.00  -9999.00
     1   2005     51    1300.0      -1.5       3.6      0.55      2.00      0.00  -9999.00
     1   2005     52   10400.0      -3.4       4.8      0.48      2.00      1.60  -9999.00
     1   2005     53    7900.0       0.9       8.8      0.65      2.00      0.30  -9999.00
     1   2005     54    2100.0       3.0       9.8      0.76      2.00     15.00  -9999.00
     1   2005     55    1500.0       5.6      10.8      0.91      2.00      3.50  -9999.00
     1   2005     56    2600.0       3.3       9.6      0.77      2.00      0.00  -9999.00
     1   2005     57    2900.0      -1.5       2.3      0.55      2.00      0.00  -9999.00
     1   2005     58    2500.0      -3.4       3.7      0.48      2.00      0.00  -9999.00
     1   2005     59   11500.0       1.0       8.4      0.66      2.00      0.00  -9999.00
     1   2005     60    2000.0       6.1      10.9      0.94      2.00      1.70  -9999.00
     1   2005     61    2500.0       0.4       6.6      0.63      2.00      0.00  -9999.00
     1   2005     62   11400.0      -0.2       8.4      0.60      2.00      0.00  -9999.00
     1   2005     63    9800.0       2.2       6.3      0.72      2.00      0.50  -9999.00
     1   2005     64   10400.0      -2.2       4.5      0.52      2.00      0.00  -9999.00
     1   2005     65   10500.0      -5.4       6.6      0.41      2.00      0.00  -9999.00
     1   2005     66    3700.0       1.3       1.5      0.67      2.00      0.00  -9999.00
     1   2005     67   12100.0       5.7      10.1      0.92      2.00      0.80  -9999.00
     1   2005     68    2000.0       6.7      12.8      0.98      2.00      0.00  -9999.00
     1   2005     69   11100.0       2.3      10.8      0.72      2.00      0.00  -9999.00
     1   2005     70   15600.0      -0.7       9.7      0.58      2.00      0.00  -9999.00
     1   2005     71    2900.0       1.7       9.4      0.69      2.00      1.10  -9999.00
     1   2005     72   13400.0      -0.5      10.3      0.59      2.00      1.40  -9999.00
     1   2005     73    2200.0      -1.3      11.1      0.56      2.00      0.00  -9999.00
     1   2005     74   12900.0      -1.9      12.5      0.53      2.00      0.00  -9999.00
     1   2005     75    8100.0      -0.7       4.2      0.58      2.00      0.00  -9999.00
     1   2005     76   15900.0       2.7       9.7      0.74      2.00      0.00  -9999.00
     1   2005     77    9900.0       3.9       8.7      0.81      2.00      0.20  -9999.00
     1   2005     78   14100.0       4.8       7.9      0.86      2.00      0.00  -9999.00
     1   2005     79    9900.0       4.6       9.7      0.85      2.00      0.50  -9999.00
     1   2005     80    5000.0       5.9      12.9      0.93      2.00      0.00  -9999.00
     1   2005     81   12300.0       2.1       5.0      0.71      2.00      0.00  -9999.00
     1   2005     82    2700.0       4.7       7.9      0.85      2.00      0.10  -9999.00
     1   2005     83   11900.0       0.3       8.3      0.62      2.00      1.00  -9999.00
     1   2005     84   14500.0      -0.1      12.1      0.61      2.00      0.00  -9999.00
     1   2005     85   11600.0       1.6       7.9      0.69      2.00      0.00  -9999.00
     1   2005     86    9300.0       2.6       9.5      0.74      2.00      1.10  -9999.00
     1   2005     87    9900.0       0.3       8.7      0.62      2.00      0.00  -9999.00
     1   2005     88    3200.0      -2.1      11.5      0.52      2.00      0.00  -9999.00
     1   2005     89   14200.0       3.8      13.0      0.80      2.00      2.90  -9999.00
     1   2005     90   14000.0       4.9      10.5      0.87      2.00      2.80  -9999.00
     1   2005     91    3700.0       1.5      11.7      0.68      2.00      0.40  -9999.00
     1   2005     92    4600.0       4.2      15.3      0.82      2.00      0.90  -9999.00
     1   2005     93    3800.0       5.7      11.2      0.92      2.00      5.50  -9999.00
     1   2005     94    4400.0       5.3      14.3      0.89      2.00      2.50  -9999.00
     1   2005     95   10000.0       3.5      10.0      0.78      2.00      0.00  -9999.00
     1   2005     96   14400.0       2.8       7.0      0.75      2.00      6.70  -9999.00
     1   2005     97   10700.0       2.4      10.2      0.73      2.00      0.00  -9999.00
     1   2005     98    5800.0      -1.6       8.3      0.54      2.00      0.00  -9999.00
     1   2005     99    9000.0       3.7      14.4      0.80      2.00      0.00  -9999.00
     1   2005    100   18700.0       1.5      16.8      0.68      2.00      0.00  -9999.00
     1   2005    101   13900.0       4.4       9.9      0.84      2.00      0.00  -9999.00
     1   2005    102    4600.0       2.2       8.8      0.72      2.00      0.10  -9999.00
     1   2005    103   17700.0      -0.9       8.6      0.57      2.00      0.40  -9999.00
     1   2005    104   15200.0       2.2      10.2      0.72      2.00      0.60  -9999.00
     1   2005    105   20100.0      -1.1      10.3      0.56      2.00      3.10  -9999.00
     1   2005    106    5700.0       1.9       8.4      0.70      2.00      0.90  -9999.00
     1   2005    107    8200.0       2.8      12.6      0.75      2.00      3.20  -9999.00
     1   2005    108   12500.0       2.7      12.6      0.74      2.00      0.40  -9999.00
     1   2005    109   12100.0       1.1      12.2      0.66      2.00      0.90  -9999.00
     1   2005    110    5000.0       1.6      14.8      0.69      2.00      3.70  -9999.00
     1   2005    111   16300.0       1.0       8.9      0.66      2.00     10.90  -9999.00
     1   2005    112   20900.0      -0.1       9.9      0.61      2.00      0.10  -9999.00
     1   2005    113    9000.0       3.0       9.7      0.76      2.00      2.60  -9999.00
     1   2005    114   13600.0       3.3       5.7      0.77      2.00      0.10  -9999.00
     1   2005    115   15500.0       3.2      12.8      0.77      2.00      1.10  -9999.00
     1   2005    116   15900.0       4.0      17.0      0.81      2.00      0.00  -9999.00
     1   2005    117   21000.0       6.0      16.6      0.93      2.00      0.00  -9999.00
     1   2005    118   18000.0       8.5      14.5      1.11      2.00      8.00  -9999.00
     1   2005    119   14300.0       5.7      12.6      0.92      2.00      1.90  -9999.00
     1   2005    120   20500.0       9.2      15.9      1.16      2.00      0.00  -9999.00
     1   2005    121    9300.0       3.7      14.9      0.80      2.00      0.00  -9999.00
     1   2005    122   20000.0       1.8      13.1      0.70      2.00      2.20  -9999.00
     1   2005    123   18300.0       7.2      18.9      1.02      2.00      0.00  -9999.00
     1   2005    124   26200.0       9.6      18.6      1.20      2.00      0.00  -9999.00
     1   2005    125   26600.0       7.5      14.9      1.04      2.00      0.00  -9999.00
     1   2005    126   19900.0      10.5      17.8      1.27      2.00      0.00  -9999.00
     1   2005    127    4400.0       5.5      15.0      0.90      2.00      0.00  -9999.00
     1   2005    128   15300.0       6.5      16.4      0.97      2.00      0.00  -9999.00
     1   2005    129   11000.0       7.5      14.7      1.04      2.00      1.10  -9999.00
     1   2005    130   14100.0       4.6      18.2      0.85      2.00      0.00  -9999.00
     1   2005    131   22600.0       5.3      16.2      0.89      2.00      0.00  -9999.00
     1   2005    132   19500.0       3.7      16.5      0.80      2.00      0.00  -9999.00
     1   2005    133   27300.0      12.7      18.4      1.47      2.00      0.00  -9999.00
     1   2005    134   20500.0      10.9      15.4      1.30      2.00      0.00  -9999.00
     1   2005    135    5800.0       4.0      17.8      0.81      2.00      0.00  -9999.00
     1   2005    136   19000.0       0.5      20.3      0.63      2.00      0.00  -9999.00
     1   2005    137    9500.0       6.0      16.7      0.93      2.00      0.00  -9999.00
     1   2005    138    7800.0       6.0      15.6      0.93      2.00      0.00  -9999.00
     1   2005    139   24600.0       2.7      17.1      0.74      2.00      0.00  -9999.00
     1   2005    140   18500.0       6.1      16.0      0.94      2.00      0.00  -9999.00
     1   2005    141   28000.0       5.0      16.1      0.87      2.00      0.00  -9999.00
     1   2005    142   25100.0       9.1      13.9      1.16      2.00      0.00  -9999.00
     1   2005    143   21300.0      10.4      27.3      1.26      2.00      0.00  -9999.00
     1   2005    144   18900.0       8.4      20.0      1.10      2.00      8.50  -9999.00
     1   2005    145    6700.0       8.0      15.7      1.07      2.00      1.70  -9999.00
     1   2005    146   25100.0       5.4      16.3      0.90      2.00      0.00  -9999.00
     1   2005    147   17500.0       7.0      17.2      1.00      2.00      0.00  -9999.00
     1   2005    148   10200.0      10.4      17.9      1.26      2.00      0.00  -9999.00
     1   2005    149   15100.0       9.7      20.0      1.20      2.00      0.00  -9999.00
     1   2005    150   23900.0      12.8      18.3      1.48      2.00      4.00  -9999.00
     1   2005    151   17100.0       7.0      17.5      1.00      2.00      4.50  -9999.00
     1   2005    152    5300.0       3.9      15.7      0.81      2.00      7.00  -9999.00
     1   2005    153   22500.0       7.0      16.3      1.00      2.00      0.50  -9999.00
     1   2005    154   22500.0       8.6      20.4      1.12      2.00      0.00  -9999.00
     1   2005    155    8600.0      10.3      15.2      1.25      2.00      6.20  -9999.00
     1   2005    156   26100.0       6.8      18.7      0.99      2.00      0.00  -9999.00
     1   2005    157   25100.0       9.5      18.9      1.19      2.00      0.00  -9999.00
     1   2005    158   29600.0       5.7      17.4      0.92      2.00      0.00  -9999.00
     1   2005    159   10600.0       8.6      16.8      1.12      2.00     15.90  -9999.00
     1   2005    160   24700.0      10.5      16.5      1.27      2.00      1.40  -9999.00
     1   2005    161   28700.0       8.5      20.1      1.11      2.00      0.00  -9999.00
     1   2005    162   26500.0       4.8      19.7      0.86      2.00      4.20  -9999.00
     1   2005    163   11100.0      11.6      29.2      1.37      2.00      0.00  -9999.00
     1   2005    164   27600.0       8.9      21.6      1.14      2.00      0.00  -9999.00
     1   2005    165   28600.0      13.3      24.7      1.53      2.00      0.00  -9999.00
     1   2005    166    5800.0       9.1      20.5      1.16      2.00      0.00  -9999.00
     1   2005    167   27600.0      12.1      24.4      1.41      2.00      0.00  -9999.00
     1   2005    168   16600.0      10.1      20.5      1.24      2.00      0.00  -9999.00
     1   2005    169   24200.0       8.1      18.5      1.08      2.00      9.20  -9999.00
     1   2005    170   25800.0       8.9      19.9      1.14      2.00      1.80  -9999.00
     1   2005    171   10900.0      11.1      24.1      1.32      2.00      0.00  -9999.00
     1   2005    172   24600.0       8.2      19.2      1.09      2.00      4.20  -9999.00
     1   2005    173   17000.0      11.8      21.1      1.38      2.00      0.60  -9999.00
     1   2005    174    6000.0       9.9      18.1      1.22      2.00      6.10  -9999.00
     1   2005    175   16100.0       9.6      16.8      1.20      2.00      6.60  -9999.00
     1   2005    176   29600.0      11.6      16.8      1.37      2.00      0.00  -9999.00
     1   2005    177   23800.0      11.9      20.7      1.39      2.00      3.80  -9999.00
     1   2005    178   29100.0      12.6      25.0      1.46      2.00      0.00  -9999.00
     1   2005    179    4700.0      10.0      13.6      1.23      2.00      4.10  -9999.00
     1   2005    180   17600.0      12.4      12.7      1.44      2.00      2.80  -9999.00
     1   2005    181   19800.0      12.4      19.4      1.44      2.00      2.20  -9999.00
     1   2005    182   12400.0      10.4      17.1      1.26      2.00      2.70  -9999.00
     1   2005    183    9400.0      10.5      22.3      1.27      2.00      0.00  -9999.00
     1   2005    184   17600.0      13.2      23.0      1.52      2.00      0.00  -9999.00
     1   2005    185   18300.0      10.6      18.6      1.28      2.00      0.70  -9999.00
     1   2005    186   20700.0       7.8      21.0      1.06      2.00      1.20  -9999.00
     1   2005    187   12300.0      16.1      21.7      1.83      2.00     10.80  -9999.00
     1   2005    188    6100.0      13.2      19.3      1.52      2.00      0.20  -9999.00
     1   2005    189   21800.0      13.1      22.3      1.51      2.00      0.00  -9999.00
     1   2005    190   17400.0      10.1      17.8      1.24      2.00      0.40  -9999.00
     1   2005    191    8900.0      11.3      18.4      1.34      2.00      2.10  -9999.00
     1   2005    192   28500.0      12.6      18.0      1.46      2.00     10.00  -9999.00
     1   2005    193    5900.0      11.3      18.6      1.34      2.00      0.70  -9999.00
     1   2005    194   28600.0       8.8      23.7      1.13      2.00      0.00  -9999.00
     1   2005    195   27800.0      12.9      22.6      1.49      2.00      0.00  -9999.00
     1   2005    196   29100.0      12.1      21.2      1.41      2.00      0.00  -9999.00
     1   2005    197   15100.0      13.0      22.5      1.50      2.00      2.80  -9999.00
     1   2005    198   14000.0      11.7      21.5      1.37      2.00      4.00  -9999.00
     1   2005    199   10600.0      12.9      20.3      1.49      2.00      1.00  -9999.00
     1   2005    200    7700.0       8.7      23.5      1.12      2.00      0.00  -9999.00
     1   2005    201   19900.0      13.1      24.3      1.51      2.00      0.00  -9999.00
     1   2005    202   14400.0      13.7      28.9      1.57      2.00      0.00  -9999.00
     1   2005    203   26600.0       9.2      19.3      1.16      2.00      0.00  -9999.00
     1   2005    204   23800.0      12.3      22.4      1.43      2.00      0.00  -9999.00
     1   2005    205   19400.0      13.7      23.8      1.57      2.00      0.00  -9999.00
     1   2005    206    3900.0      14.9      19.9      1.69      2.00     11.60  -9999.00
     1   2005    207   12600.0      11.3      19.0      1.34      2.00      7.10  -9999.00
     1   2005    208    6800.0      11.2      16.7      1.33      2.00      0.20  -9999.00
     1   2005    209   25700.0      11.3      20.7      1.34      2.00      0.00  -9999.00
     1   2005    210   22100.0      12.2      23.2      1.42      2.00      0.00  -9999.00
     1   2005    211   23600.0      15.1      27.3      1.72      2.00      0.00  -9999.00
     1   2005    212   13700.0      12.8      31.7      1.48      2.00      0.00  -9999.00
     1   2005    213   10500.0      13.1      22.7      1.51      2.00      5.30  -9999.00
     1   2005    214   15600.0      14.1      22.1      1.61      2.00      1.50  -9999.00
     1   2005    215    5200.0      12.5      22.1      1.45      2.00      9.10  -9999.00
     1   2005    216   21100.0      14.5      24.3      1.65      2.00      0.00  -9999.00
     1   2005    217   13500.0      13.4      24.2      1.54      2.00      0.00  -9999.00
     1   2005    218   19400.0      10.7      24.6      1.29      2.00      5.00  -9999.00
     1   2005    219    3800.0      15.6      21.2      1.77      2.00      0.60  -9999.00
     1   2005    220   11500.0      14.1      22.6      1.61      2.00      0.00  -9999.00
     1   2005    221   20200.0      13.8      22.5      1.58      2.00      0.00  -9999.00
     1   2005    222   21700.0      14.2      19.3      1.62      2.00      0.00  -9999.00
     1   2005    223   18400.0      13.7      29.9      1.57      2.00      0.50  -9999.00
     1   2005    224   23200.0      14.6      25.9      1.66      2.00      0.00  -9999.00
     1   2005    225   22200.0      14.9      23.2      1.69      2.00      0.00  -9999.00
     1   2005    226   20500.0      16.2      21.4      1.84      2.00      0.00  -9999.00
     1   2005    227   22700.0      16.3      23.4      1.85      2.00      0.00  -9999.00
     1   2005    228   20500.0      15.3      23.9      1.74      2.00      0.00  -9999.00
     1   2005    229   22600.0      16.5      24.3      1.88      2.00      0.00  -9999.00
     1   2005    230   18900.0      15.5      23.6      1.76      2.00      0.00  -9999.00
     1   2005    231   22100.0      13.1      21.4      1.51      2.00      0.00  -9999.00
     1   2005    232   19500.0       9.3      20.7      1.17      2.00      0.00  -9999.00
     1   2005    233    7000.0      14.0      21.2      1.60      2.00      5.90  -9999.00
     1   2005    234   17300.0      15.0      25.0      1.70      2.00      0.00  -9999.00
     1   2005    235   16600.0      10.9      22.7      1.30      2.00      0.00  -9999.00
     1   2005    236   18200.0      14.6      23.2      1.66      2.00      0.00  -9999.00
     1   2005    237   18700.0      15.3      26.8      1.74      2.00      0.00  -9999.00
     1   2005    238   12700.0      14.1      21.7      1.61      2.00      0.40  -9999.00
     1   2005    239    7800.0      14.2      21.9      1.62      2.00      3.80  -9999.00
     1   2005    240    6300.0      13.0      23.8      1.50      2.00      6.40  -9999.00
     1   2005    241   14600.0      11.4      19.5      1.35      2.00      0.40  -9999.00
     1   2005    242   18000.0      13.1      18.4      1.51      2.00      4.10  -9999.00
     1   2005    243   13800.0      10.8      21.2      1.29      2.00      0.70  -9999.00
     1   2005    244   12800.0      10.1      19.0      1.24      2.00      0.10  -9999.00
     1   2005    245    4600.0      10.5      18.5      1.27      2.00      0.60  -9999.00
     1   2005    246   18300.0      11.6      18.0      1.37      2.00      0.10  -9999.00
     1   2005    247   15800.0      17.2      21.0      1.96      2.00      0.00  -9999.00
     1   2005    248   15800.0      13.6      18.3      1.56      2.00      0.00  -9999.00
     1   2005    249    9900.0      11.8      21.6      1.38      2.00      0.00  -9999.00
     1   2005    250   19200.0      10.0      19.7      1.23      2.00      0.00  -9999.00
     1   2005    251    4800.0      10.3      18.5      1.25      2.00      0.10  -9999.00
     1   2005    252    3400.0      10.5      20.6      1.27      2.00      0.00  -9999.00
     1   2005    253   17000.0      11.8      19.3      1.38      2.00      0.00  -9999.00
     1   2005    254   14000.0      12.2      21.6      1.42      2.00      0.00  -9999.00
     1   2005    255    7400.0      12.3      17.4      1.43      2.00      3.30  -9999.00
     1   2005    256    5200.0      13.3      19.6      1.53      2.00      2.60  -9999.00
     1   2005    257   10200.0      11.6      21.7      1.37      2.00      2.10  -9999.00
     1   2005    258   15300.0      12.9      26.0      1.49      2.00      0.00  -9999.00
     1   2005    259   15800.0       9.8      17.2      1.21      2.00      0.00  -9999.00
     1   2005    260   15100.0      11.0      19.0      1.31      2.00      0.10  -9999.00
     1   2005    261   15600.0      10.5      22.0      1.27      2.00      0.00  -9999.00
     1   2005    262   13900.0       8.8      21.2      1.13      2.00      0.00  -9999.00
     1   2005    263    4200.0      12.0      17.7      1.40      2.00      0.10  -9999.00
     1   2005    264   14200.0      11.2      18.5      1.33      2.00      0.30  -9999.00
     1   2005    265    3900.0       9.5      16.6      1.19      2.00      3.40  -9999.00
     1   2005    266    6500.0       6.8      18.9      0.99      2.00      1.30  -9999.00
     1   2005    267   16600.0      10.3      17.3      1.25      2.00      0.00  -9999.00
     1   2005    268    8300.0      11.1      14.2      1.32      2.00      0.00  -9999.00
     1   2005    269    8600.0       9.8      19.2      1.21      2.00      0.10  -9999.00
     1   2005    270    2500.0       4.7      17.1      0.85      2.00     10.40  -9999.00
     1   2005    271   12600.0       9.3      17.2      1.17      2.00      0.00  -9999.00
     1   2005    272    4900.0       9.5      16.4      1.19      2.00      0.00  -9999.00
     1   2005    273    2200.0       7.6      17.2      1.04      2.00      1.20  -9999.00
     1   2005    274    6800.0      10.0      17.8      1.23      2.00      0.70  -9999.00
     1   2005    275   11500.0       7.2      14.0      1.02      2.00      0.80  -9999.00
     1   2005    276    6100.0       1.6      13.2      0.69      2.00      0.00  -9999.00
     1   2005    277    8500.0       8.3      14.3      1.09      2.00      7.20  -9999.00
     1   2005    278   12500.0       4.1      11.7      0.82      2.00      0.00  -9999.00
     1   2005    279    9700.0       7.4      15.7      1.03      2.00      2.10  -9999.00
     1   2005    280   11400.0       5.4      13.5      0.90      2.00      0.00  -9999.00
     1   2005    281    7000.0       9.3      14.7      1.17      2.00      3.90  -9999.00
     1   2005    282   10700.0       7.1      16.6      1.01      2.00      0.00  -9999.00
     1   2005    283    9400.0       7.0      15.2      1.00      2.00      0.00  -9999.00
     1   2005    284    7000.0      11.6      15.3      1.37      2.00      0.50  -9999.00
     1   2005    285    1800.0       9.0      14.5      1.15      2.00      1.70  -9999.00
     1   2005    286    7900.0       8.2      16.9      1.09      2.00      0.80  -9999.00
     1   2005    287    1800.0       9.1      15.6      1.16      2.00      0.40  -9999.00
     1   2005    288    9100.0      12.9      14.9      1.49      2.00      1.10  -9999.00
     1   2005    289    1500.0       9.4      16.7      1.18      2.00      0.30  -9999.00
     1   2005    290    7300.0      12.4      17.6      1.44      2.00      0.00  -9999.00
     1   2005    291    5800.0       6.3      13.0      0.95      2.00      0.00  -9999.00
     1   2005    292    8300.0       6.3      11.0      0.95      2.00      0.00  -9999.00
     1   2005    293    8500.0       7.4      13.1      1.03      2.00      0.00  -9999.00
     1   2005    294    6100.0       9.6      10.1      1.20      2.00     17.30  -9999.00
     1   2005    295    6800.0       5.9      14.1      0.93      2.00      0.60  -9999.00
     1   2005    296    2100.0       5.2      14.2      0.88      2.00      3.90  -9999.00
     1   2005    297    7700.0       9.2      14.2      1.16      2.00      1.10  -9999.00
     1   2005    298    3800.0       5.1      11.8      0.88      2.00      0.00  -9999.00
     1   2005    299    8400.0       2.7      12.4      0.74      2.00      0.00  -9999.00
     1   2005    300    7700.0       2.5      11.6      0.73      2.00      0.00  -9999.00
     1   2005    301    8700.0       7.3      12.1      1.02      2.00      0.00  -9999.00
     1   2005    302    3800.0       3.2      14.6      0.77      2.00      0.00  -9999.00
     1   2005    303    5200.0       3.1       7.6      0.76      2.00      5.60  -9999.00
     1   2005    304    7600.0       1.8       8.8      0.70      2.00      0.50  -9999.00
     1   2005    305    7600.0       9.7      11.5      1.20      2.00      0.00  -9999.00
     1   2005    306    6600.0       7.0      11.6      1.00      2.00      0.00  -9999.00
     1   2005    307    7300.0       8.9      15.4      1.14      2.00      0.00  -9999.00
     1   2005    308    1300.0       8.1      16.5      1.08      2.00      5.50  -9999.00
     1   2005    309    1100.0       1.8      11.6      0.70      2.00      0.80  -9999.00
     1   2005    310    5500.0       0.3       7.8      0.62      2.00      0.00  -9999.00
     1   2005    311    1200.0       7.8       9.8      1.06      2.00      0.00  -9999.00
     1   2005    312    1000.0       8.3      11.8      1.09      2.00      0.00  -9999.00
     1   2005    313    7000.0       7.8      11.5      1.06      2.00      0.10  -9999.00
     1   2005    314    4900.0       7.0      11.3      1.00      2.00      0.10  -9999.00
     1   2005    315    4800.0       6.6      11.5      0.97      2.00      0.00  -9999.00
     1   2005    316    5500.0       3.7       9.4      0.80      2.00      0.00  -9999.00
     1   2005    317     800.0       3.3       9.6      0.77      2.00      0.90  -9999.00
     1   2005    318    3100.0       0.1      11.5      0.62      2.00      6.20  -9999.00
     1   2005    319    6700.0       5.5      10.8      0.90      2.00      0.00  -9999.00
     1   2005    320     800.0       4.7       9.8      0.85      2.00      0.40  -9999.00
     1   2005    321    3600.0      10.8      13.0      1.29      2.00      1.10  -9999.00
     1   2005    322    3600.0       5.9      15.6      0.93      2.00      1.10  -9999.00
     1   2005    323    1000.0       2.7       6.4      0.74      2.00      0.00  -9999.00
     1   2005    324    1800.0       4.8       6.8      0.86      2.00      0.00  -9999.00
     1   2005    325    4000.0       0.4       7.6      0.63      2.00      0.00  -9999.00
     1   2005    326    4900.0       0.9      10.2      0.65      2.00      2.50  -9999.00
     1   2005    327    4400.0       1.1       8.2      0.66      2.00      0.00  -9999.00
     1   2005    328    2800.0       2.3      11.3      0.72      2.00      0.30  -9999.00
     1   2005    329    5000.0      -1.3       6.2      0.56      2.00      0.00  -9999.00
     1   2005    330    1500.0      -0.4       7.4      0.59      2.00      0.00  -9999.00
     1   2005    331     800.0       4.5      10.2      0.84      2.00      0.00  -9999.00
     1   2005    332    4000.0       3.1       9.6      0.76      2.00      5.20  -9999.00
     1   2005    333    1200.0       8.0      11.1      1.07      2.00      5.60  -9999.00
     1   2005    334     800.0       7.5      14.2      1.04      2.00      0.40  -9999.00
     1   2005    335    3500.0       2.0       6.7      0.71      2.00      0.00  -9999.00
     1   2005    336     700.0       3.4       6.3      0.78      2.00      0.00  -9999.00
     1   2005    337    3000.0       5.2       9.3      0.88      2.00      0.00  -9999.00
     1   2005    338    3900.0       3.3       8.4      0.77      2.00      0.00  -9999.00
     1   2005    339     700.0       0.1       5.7      0.62      2.00      0.10  -9999.00
     1   2005    340     700.0       2.6       3.8      0.74      2.00      2.00  -9999.00
     1   2005    341     700.0       2.3       8.4      0.72      2.00      0.80  -9999.00
     1   2005    342     700.0       3.0       8.6      0.76      2.00      0.40  -9999.00
     1   2005    343    4200.0       4.4      10.5      0.84      2.00      3.20  -9999.00
     1   2005    344     700.0       5.5      10.5      0.90      2.00      0.10  -9999.00
     1   2005    345     700.0       0.2       7.9      0.62      2.00      1.30  -9999.00
     1   2005    346     700.0       1.8      10.3      0.70      2.00      0.70  -9999.00
     1   2005    347     700.0       2.1       6.9      0.71      2.00      0.20  -9999.00
     1   2005    348     600.0       1.7       5.6      0.69      2.00      0.00  -9999.00
     1   2005    349     700.0       2.8       7.1      0.75      2.00      4.90  -9999.00
     1   2005    350    1600.0       2.2       6.3      0.72      2.00      0.00  -9999.00
     1   2005    351     800.0       0.1       6.1      0.62      2.00      0.00  -9999.00
     1   2005    352    1800.0       3.1       7.9      0.76      2.00      1.30  -9999.00
     1   2005    353    1600.0      -0.5       5.9      0.59      2.00      1.90  -9999.00
     1   2005    354     700.0      -4.2       5.1      0.45      2.00      7.30  -9999.00
     1   2005    355     700.0       0.3       7.4      0.62      2.00      2.80  -9999.00
     1   2005    356    4100.0      -2.7       5.9      0.50      2.00      0.00  -9999.00
     1   2005    357     900.0       0.9       6.2      0.65      2.00      0.00  -9999.00
     1   2005    358     600.0       1.0       8.0      0.66      2.00      0.00  -9999.00
     1   2005    359     800.0      -4.6      -1.2      0.43      2.00      0.00  -9999.00
     1   2005    360    3600.0      -5.1       4.9      0.42      2.00      2.10  -9999.00
     1   2005    361    2800.0       1.7       8.4      0.69      2.00      0.10  -9999.00
     1   2005    362     700.0       5.4       9.9      0.90      2.00      5.60  -9999.00
     1   2005    363     600.0      -0.7       4.6      0.58      2.00      0.00  -9999.00
     1   2005    364    3400.0      -6.0       7.1      0.39      2.00      2.10  -9999.00
     1   2005    365    1200.0       7.2      10.8      1.02      2.00      0.10  -9999.00
