*-----------------------------------------------------------------------------* 
           WHWG_159.met           52.12    0.96   89.00
* Date created:  08-Aug-2019     Author: K Coleman 
* 
* NIL VALUE       -9999 
* Source:   data provided by M. Semenov 
*  
* Latitude:    52.12 Longitude:     0.96 Altitude:    89.00
* 
* Column  Daily value 
* 1       station number 
* 2       year 
* 3       day 
* 4       irradiation                   (kJ m-2 d-1) 
* 5       minimum temperature           (degrees Celsius) 
* 6       maximum temperature           (degrees Celsius) 
* 7       early morning vapour pressure (kPa)             
* 8       mean wind speed (height: 2 m?) (m s-1)          
* 9       precipitation                 (mm d-1)          
* 10      sunshine                      (hrs)             
 		Jday	RAD	    TMIN	TMAX	 VAP	wind	RAIN	SUN  
               kj/m2	°C	    °C	     kPa	m/s	    mm	    hrs 
   52.12  89.00
     1   2005      1     700.0       3.3       6.8      0.77      2.00      0.20  -9999.00
     1   2005      2    3800.0       0.2       4.6      0.62      2.00      0.00  -9999.00
     1   2005      3     700.0       2.9       6.8      0.75      2.00      2.10  -9999.00
     1   2005      4    4000.0       2.2       8.3      0.72      2.00      0.10  -9999.00
     1   2005      5     800.0       2.7       6.1      0.74      2.00      0.10  -9999.00
     1   2005      6     800.0      -0.7       8.4      0.58      2.00     10.00  -9999.00
     1   2005      7    3600.0      -7.2      -0.4      0.36      2.00      0.00  -9999.00
     1   2005      8    1000.0      -4.7       4.1      0.43      2.00      0.90  -9999.00
     1   2005      9    4900.0       3.4      10.0      0.78      2.00     12.60  -9999.00
     1   2005     10     700.0       0.9      11.0      0.65      2.00      1.50  -9999.00
     1   2005     11    1800.0       2.8       6.3      0.75      2.00      1.60  -9999.00
     1   2005     12    4400.0       0.5       2.5      0.63      2.00      0.00  -9999.00
     1   2005     13     700.0       5.5       8.3      0.90      2.00      0.70  -9999.00
     1   2005     14     700.0       5.9       8.8      0.93      2.00      1.50  -9999.00
     1   2005     15    1400.0       3.4       9.2      0.78      2.00      0.20  -9999.00
     1   2005     16    4200.0       9.8      10.6      1.21      2.00      1.30  -9999.00
     1   2005     17     700.0       2.4       7.1      0.73      2.00      0.70  -9999.00
     1   2005     18     900.0       4.6       6.6      0.85      2.00      3.40  -9999.00
     1   2005     19     800.0       0.7       3.9      0.64      2.00      0.20  -9999.00
     1   2005     20    3000.0       0.4       6.7      0.63      2.00      1.00  -9999.00
     1   2005     21    1300.0      -3.0      -1.0      0.49      2.00      0.20  -9999.00
     1   2005     22     800.0      -6.0       0.8      0.39      2.00      0.00  -9999.00
     1   2005     23    2800.0       0.1       7.6      0.62      2.00      0.00  -9999.00
     1   2005     24    6500.0       0.5       5.2      0.63      2.00      0.00  -9999.00
     1   2005     25    3000.0      -0.3       7.9      0.60      2.00      0.00  -9999.00
     1   2005     26     800.0      -1.9      10.5      0.53      2.00      0.00  -9999.00
     1   2005     27    6200.0       3.5       7.3      0.78      2.00      0.00  -9999.00
     1   2005     28    4200.0       0.9       6.4      0.65      2.00      0.00  -9999.00
     1   2005     29    2400.0      -0.5       5.3      0.59      2.00      0.00  -9999.00
     1   2005     30    7300.0      -0.4       4.6      0.59      2.00      0.00  -9999.00
     1   2005     31    2400.0       0.3       8.5      0.62      2.00      0.00  -9999.00
     1   2005     32    6700.0       0.3       6.1      0.62      2.00      0.00  -9999.00
     1   2005     33    1100.0      -2.1       6.5      0.52      2.00      2.80  -9999.00
     1   2005     34    6700.0      -1.5       5.8      0.55      2.00      2.20  -9999.00
     1   2005     35    1500.0       4.3      10.3      0.83      2.00      0.40  -9999.00
     1   2005     36    1100.0       4.6      13.8      0.85      2.00      2.30  -9999.00
     1   2005     37    5900.0       4.2      11.1      0.82      2.00      0.00  -9999.00
     1   2005     38    7800.0       3.7      11.4      0.80      2.00      0.00  -9999.00
     1   2005     39    7600.0       2.6       9.6      0.74      2.00      0.00  -9999.00
     1   2005     40    8100.0       2.6       8.7      0.74      2.00      0.00  -9999.00
     1   2005     41    5400.0       1.6       8.2      0.69      2.00      1.00  -9999.00
     1   2005     42    7100.0       0.1       6.3      0.62      2.00      0.20  -9999.00
     1   2005     43    4400.0       1.0       7.2      0.66      2.00      1.90  -9999.00
     1   2005     44    1300.0       1.3       4.4      0.67      2.00      0.00  -9999.00
     1   2005     45    1200.0      -2.2       0.3      0.52      2.00      0.00  -9999.00
     1   2005     46    1100.0       0.2       3.1      0.62      2.00      0.00  -9999.00
     1   2005     47    6000.0       1.5       7.2      0.68      2.00      0.60  -9999.00
     1   2005     48    8500.0       2.6       4.0      0.74      2.00      0.00  -9999.00
     1   2005     49    1500.0      -1.8       7.0      0.54      2.00      8.60  -9999.00
     1   2005     50    1400.0      -0.9       8.8      0.57      2.00      0.20  -9999.00
     1   2005     51    7500.0       0.3       4.5      0.62      2.00      0.10  -9999.00
     1   2005     52    1500.0      -4.4       5.2      0.44      2.00      0.00  -9999.00
     1   2005     53    7900.0       0.7       7.2      0.64      2.00      0.00  -9999.00
     1   2005     54    1400.0       3.4       8.6      0.78      2.00      0.00  -9999.00
     1   2005     55    9700.0      -1.9       0.3      0.53      2.00      0.00  -9999.00
     1   2005     56    1800.0       0.1       4.4      0.62      2.00      0.80  -9999.00
     1   2005     57    8800.0       1.6       6.0      0.69      2.00      1.90  -9999.00
     1   2005     58    1500.0      -0.9       7.0      0.57      2.00      0.90  -9999.00
     1   2005     59    2100.0      -0.6       3.1      0.58      2.00      0.00  -9999.00
     1   2005     60    2100.0       1.0       4.4      0.66      2.00      4.20  -9999.00
     1   2005     61    2300.0       5.5      11.3      0.90      2.00      0.00  -9999.00
     1   2005     62   12100.0       4.2      11.7      0.82      2.00      0.00  -9999.00
     1   2005     63    3800.0       0.4       5.9      0.63      2.00      0.00  -9999.00
     1   2005     64   14000.0      -0.2       4.7      0.60      2.00      0.00  -9999.00
     1   2005     65    1900.0       4.5      10.3      0.84      2.00      1.70  -9999.00
     1   2005     66    8000.0      10.2      14.0      1.24      2.00      0.10  -9999.00
     1   2005     67    2200.0      -1.4       5.8      0.55      2.00      0.00  -9999.00
     1   2005     68    7300.0      -1.7       8.0      0.54      2.00      0.00  -9999.00
     1   2005     69    2800.0       0.8      10.6      0.65      2.00      0.00  -9999.00
     1   2005     70    2100.0      -2.0      11.8      0.53      2.00      0.00  -9999.00
     1   2005     71   11500.0       1.7      11.6      0.69      2.00      3.90  -9999.00
     1   2005     72   11200.0      -0.3      10.0      0.60      2.00      0.30  -9999.00
     1   2005     73    2700.0       2.1      13.9      0.71      2.00      0.00  -9999.00
     1   2005     74   10100.0       5.6      11.0      0.91      2.00      0.00  -9999.00
     1   2005     75    4000.0       2.0      10.5      0.71      2.00      3.20  -9999.00
     1   2005     76   13300.0       1.9      10.2      0.70      2.00      3.50  -9999.00
     1   2005     77    2600.0       3.1      12.6      0.76      2.00      0.00  -9999.00
     1   2005     78   10200.0       5.3      12.7      0.89      2.00      0.00  -9999.00
     1   2005     79   10500.0       1.6       6.9      0.69      2.00      0.00  -9999.00
     1   2005     80    2600.0      -0.2       6.6      0.60      2.00      2.80  -9999.00
     1   2005     81    7100.0       2.8      12.7      0.75      2.00      3.50  -9999.00
     1   2005     82   14600.0      -2.4      14.4      0.51      2.00      7.00  -9999.00
     1   2005     83    8900.0       2.2      10.6      0.72      2.00      1.50  -9999.00
     1   2005     84   12100.0       3.3      13.1      0.77      2.00      5.40  -9999.00
     1   2005     85   13100.0       9.9      12.0      1.22      2.00      3.40  -9999.00
     1   2005     86    2300.0       3.5      10.4      0.78      2.00      0.50  -9999.00
     1   2005     87    5200.0       5.2      13.3      0.88      2.00      0.40  -9999.00
     1   2005     88    4900.0       8.8      10.8      1.13      2.00      3.10  -9999.00
     1   2005     89    3400.0       1.1       8.2      0.66      2.00      0.80  -9999.00
     1   2005     90   11800.0       1.1       9.1      0.66      2.00      0.40  -9999.00
     1   2005     91    4100.0      -1.0      10.1      0.57      2.00      6.10  -9999.00
     1   2005     92   12700.0      -3.5      11.6      0.47      2.00      0.00  -9999.00
     1   2005     93   17600.0       2.5      10.8      0.73      2.00      3.00  -9999.00
     1   2005     94   16300.0       2.9      12.1      0.75      2.00      0.00  -9999.00
     1   2005     95   19100.0       5.5      14.6      0.90      2.00      0.00  -9999.00
     1   2005     96    6600.0       5.2      15.8      0.88      2.00      0.00  -9999.00
     1   2005     97    5600.0       2.6      13.2      0.74      2.00      0.00  -9999.00
     1   2005     98   17000.0       4.3      16.8      0.83      2.00      0.00  -9999.00
     1   2005     99    8300.0       4.0      15.3      0.81      2.00      4.40  -9999.00
     1   2005    100   18700.0       0.3      12.0      0.62      2.00      1.90  -9999.00
     1   2005    101   16700.0       7.3      11.6      1.02      2.00      0.10  -9999.00
     1   2005    102    3200.0       4.7       9.5      0.85      2.00      0.40  -9999.00
     1   2005    103    3300.0       0.6       9.7      0.64      2.00      1.30  -9999.00
     1   2005    104   13800.0      -0.3      11.3      0.60      2.00      1.20  -9999.00
     1   2005    105   15900.0       3.6      11.3      0.79      2.00      6.30  -9999.00
     1   2005    106   10200.0       3.0      11.1      0.76      2.00     11.10  -9999.00
     1   2005    107   11900.0       6.1      13.2      0.94      2.00      3.00  -9999.00
     1   2005    108   10600.0       6.2      15.7      0.95      2.00      0.00  -9999.00
     1   2005    109    6200.0       3.6      13.3      0.79      2.00      0.00  -9999.00
     1   2005    110    6000.0       1.7      16.2      0.69      2.00      0.00  -9999.00
     1   2005    111    4800.0       6.7      15.5      0.98      2.00      0.00  -9999.00
     1   2005    112   21100.0       4.2      14.4      0.82      2.00      0.00  -9999.00
     1   2005    113   10000.0       6.3      12.7      0.95      2.00      0.00  -9999.00
     1   2005    114   23000.0       3.7      13.2      0.80      2.00      0.00  -9999.00
     1   2005    115   11000.0       4.1      17.9      0.82      2.00      0.00  -9999.00
     1   2005    116   14600.0       4.3      12.8      0.83      2.00      0.40  -9999.00
     1   2005    117   10900.0       7.3      16.2      1.02      2.00      0.00  -9999.00
     1   2005    118    4100.0       8.3      12.5      1.09      2.00      1.00  -9999.00
     1   2005    119   23700.0       5.4      14.8      0.90      2.00      0.00  -9999.00
     1   2005    120    6900.0       5.4      15.0      0.90      2.00      2.00  -9999.00
     1   2005    121    7500.0       7.9      14.7      1.07      2.00      0.50  -9999.00
     1   2005    122    4800.0       9.4      19.8      1.18      2.00      0.00  -9999.00
     1   2005    123    4800.0       6.7      12.3      0.98      2.00      2.10  -9999.00
     1   2005    124   24900.0       9.4      15.2      1.18      2.00      0.00  -9999.00
     1   2005    125   24400.0       8.4      17.5      1.10      2.00      0.00  -9999.00
     1   2005    126    9900.0       5.4      15.2      0.90      2.00      4.20  -9999.00
     1   2005    127   24400.0       5.7      19.2      0.92      2.00      0.00  -9999.00
     1   2005    128   25500.0       2.8      19.3      0.75      2.00      0.00  -9999.00
     1   2005    129   13800.0       9.8      19.5      1.21      2.00      0.00  -9999.00
     1   2005    130   24000.0       9.3      16.5      1.17      2.00      0.00  -9999.00
     1   2005    131   26100.0      12.2      19.7      1.42      2.00      0.00  -9999.00
     1   2005    132   17300.0       9.0      17.2      1.15      2.00      0.00  -9999.00
     1   2005    133   22700.0       6.6      12.4      0.97      2.00      0.00  -9999.00
     1   2005    134   23300.0       2.2      15.9      0.72      2.00      0.00  -9999.00
     1   2005    135   26100.0       6.8      13.7      0.99      2.00      0.00  -9999.00
     1   2005    136   25700.0       9.7      16.0      1.20      2.00      0.00  -9999.00
     1   2005    137   25900.0       5.5      18.4      0.90      2.00      0.00  -9999.00
     1   2005    138   15500.0       6.2      15.9      0.95      2.00      2.00  -9999.00
     1   2005    139   27100.0       4.5      14.5      0.84      2.00      0.00  -9999.00
     1   2005    140   19500.0       4.3      17.4      0.83      2.00      0.00  -9999.00
     1   2005    141   14600.0       2.0      14.9      0.71      2.00      0.00  -9999.00
     1   2005    142   21100.0       4.4      15.3      0.84      2.00      0.00  -9999.00
     1   2005    143   16200.0       8.0      14.9      1.07      2.00      0.00  -9999.00
     1   2005    144    6800.0      11.1      13.9      1.32      2.00      0.30  -9999.00
     1   2005    145   25100.0       7.8      15.0      1.06      2.00      0.00  -9999.00
     1   2005    146   27500.0       7.2      15.5      1.02      2.00      0.00  -9999.00
     1   2005    147    7800.0       9.6      16.9      1.20      2.00      2.30  -9999.00
     1   2005    148   14400.0      12.3      18.0      1.43      2.00      0.60  -9999.00
     1   2005    149   25700.0       8.4      19.7      1.10      2.00      0.00  -9999.00
     1   2005    150   17500.0       7.1      15.3      1.01      2.00      8.10  -9999.00
     1   2005    151   20700.0       3.3      14.7      0.77      2.00      1.40  -9999.00
     1   2005    152   26000.0       8.5      13.1      1.11      2.00      0.00  -9999.00
     1   2005    153   12200.0       8.8      17.0      1.13      2.00      0.80  -9999.00
     1   2005    154    6500.0      13.3      20.5      1.53      2.00      1.90  -9999.00
     1   2005    155   28600.0       6.1      16.5      0.94      2.00      0.00  -9999.00
     1   2005    156    4400.0      10.2      14.6      1.24      2.00      0.30  -9999.00
     1   2005    157    5000.0      10.5      23.4      1.27      2.00      3.20  -9999.00
     1   2005    158   26700.0      14.0      23.5      1.60      2.00      0.00  -9999.00
     1   2005    159   28500.0       9.2      19.2      1.16      2.00      0.00  -9999.00
     1   2005    160   12100.0       5.2      16.2      0.88      2.00      8.30  -9999.00
     1   2005    161    5500.0      12.6      16.9      1.46      2.00     12.30  -9999.00
     1   2005    162   24700.0      16.1      17.9      1.83      2.00      0.40  -9999.00
     1   2005    163   19800.0       8.7      15.7      1.12      2.00      4.80  -9999.00
     1   2005    164   24100.0       8.7      14.1      1.12      2.00      1.90  -9999.00
     1   2005    165   29100.0      10.0      20.5      1.23      2.00      0.00  -9999.00
     1   2005    166   28200.0       8.5      20.7      1.11      2.00      0.00  -9999.00
     1   2005    167   24400.0       8.6      21.3      1.12      2.00      0.00  -9999.00
     1   2005    168   12200.0       6.9      18.7      0.99      2.00     25.60  -9999.00
     1   2005    169   26100.0      11.3      19.4      1.34      2.00      0.30  -9999.00
     1   2005    170   27600.0      13.2      22.3      1.52      2.00      0.00  -9999.00
     1   2005    171   28100.0      10.2      20.9      1.24      2.00      0.00  -9999.00
     1   2005    172   20600.0      12.5      22.0      1.45      2.00      0.00  -9999.00
     1   2005    173   13600.0      11.3      18.9      1.34      2.00      6.10  -9999.00
     1   2005    174    6000.0      10.0      19.8      1.23      2.00      3.00  -9999.00
     1   2005    175   29500.0       8.7      19.5      1.12      2.00      0.00  -9999.00
     1   2005    176   23600.0      12.3      17.0      1.43      2.00      0.70  -9999.00
     1   2005    177   26100.0      10.2      17.7      1.24      2.00      8.50  -9999.00
     1   2005    178   10200.0       8.5      21.6      1.11      2.00      0.00  -9999.00
     1   2005    179   24300.0      10.1      13.7      1.24      2.00      0.00  -9999.00
     1   2005    180   28600.0      10.4      18.5      1.26      2.00      0.00  -9999.00
     1   2005    181   29200.0      11.1      20.5      1.32      2.00      0.00  -9999.00
     1   2005    182   29200.0      11.9      18.7      1.39      2.00      0.00  -9999.00
     1   2005    183   18000.0      13.6      23.5      1.56      2.00      0.00  -9999.00
     1   2005    184   24300.0      13.2      24.1      1.52      2.00      0.00  -9999.00
     1   2005    185   22600.0       9.1      20.0      1.16      2.00      0.00  -9999.00
     1   2005    186   13000.0       8.3      18.6      1.09      2.00      0.60  -9999.00
     1   2005    187    8000.0       9.9      20.5      1.22      2.00      0.00  -9999.00
     1   2005    188   17300.0      12.1      19.3      1.41      2.00      2.60  -9999.00
     1   2005    189   29600.0      12.5      21.2      1.45      2.00      0.00  -9999.00
     1   2005    190   14000.0       9.1      21.7      1.16      2.00      0.00  -9999.00
     1   2005    191   19500.0      11.2      19.7      1.33      2.00      1.50  -9999.00
     1   2005    192   19900.0       9.8      18.0      1.21      2.00      4.10  -9999.00
     1   2005    193   18100.0      11.0      19.4      1.31      2.00      0.50  -9999.00
     1   2005    194   15200.0      12.9      16.5      1.49      2.00      1.80  -9999.00
     1   2005    195   18300.0       9.2      19.7      1.16      2.00      0.00  -9999.00
     1   2005    196   26000.0      11.9      20.4      1.39      2.00      0.00  -9999.00
     1   2005    197    4800.0      12.4      21.5      1.44      2.00      0.80  -9999.00
     1   2005    198   27400.0      12.3      23.4      1.43      2.00      0.00  -9999.00
     1   2005    199   15300.0      12.3      22.2      1.43      2.00      0.00  -9999.00
     1   2005    200   23100.0      16.6      17.9      1.89      2.00      2.00  -9999.00
     1   2005    201   25900.0      12.3      22.9      1.43      2.00      0.00  -9999.00
     1   2005    202   24300.0      13.9      22.7      1.59      2.00      0.00  -9999.00
     1   2005    203   23400.0      11.9      22.6      1.39      2.00      0.00  -9999.00
     1   2005    204   25000.0       6.4      19.4      0.96      2.00      5.70  -9999.00
     1   2005    205   27500.0      12.3      21.5      1.43      2.00      0.00  -9999.00
     1   2005    206   14200.0       9.1      21.5      1.16      2.00      0.00  -9999.00
     1   2005    207   17100.0      13.9      26.8      1.59      2.00      0.00  -9999.00
     1   2005    208   24900.0      13.2      27.2      1.52      2.00      0.00  -9999.00
     1   2005    209   24900.0      14.7      28.1      1.67      2.00      0.00  -9999.00
     1   2005    210   10600.0      11.3      23.3      1.34      2.00      0.00  -9999.00
     1   2005    211   24800.0      12.1      23.7      1.41      2.00      0.00  -9999.00
     1   2005    212    4500.0      11.4      20.6      1.35      2.00      0.50  -9999.00
     1   2005    213   24800.0      12.1      19.4      1.41      2.00      0.90  -9999.00
     1   2005    214   19000.0      15.2      18.3      1.73      2.00      4.30  -9999.00
     1   2005    215    5000.0      11.2      23.4      1.33      2.00      0.00  -9999.00
     1   2005    216   21600.0      14.1      26.9      1.61      2.00      0.00  -9999.00
     1   2005    217   19400.0      13.2      22.7      1.52      2.00      0.00  -9999.00
     1   2005    218   22700.0      14.0      23.5      1.60      2.00      0.00  -9999.00
     1   2005    219    3900.0      13.0      20.4      1.50      2.00      1.50  -9999.00
     1   2005    220   20400.0      10.3      22.2      1.25      2.00      2.10  -9999.00
     1   2005    221   12500.0      10.8      19.8      1.29      2.00      0.50  -9999.00
     1   2005    222   17600.0      12.3      22.3      1.43      2.00      8.50  -9999.00
     1   2005    223   22300.0      11.4      18.4      1.35      2.00      2.40  -9999.00
     1   2005    224    7400.0       9.9      16.9      1.22      2.00      3.70  -9999.00
     1   2005    225    6500.0      14.2      22.7      1.62      2.00     15.50  -9999.00
     1   2005    226    4200.0      14.7      25.0      1.67      2.00      2.90  -9999.00
     1   2005    227   15000.0      17.8      23.8      2.04      2.00      9.00  -9999.00
     1   2005    228   19600.0      13.3      24.3      1.53      2.00      2.40  -9999.00
     1   2005    229   18500.0      14.7      22.2      1.67      2.00      0.00  -9999.00
     1   2005    230    6500.0      13.2      17.1      1.52      2.00      1.90  -9999.00
     1   2005    231    8300.0      12.6      20.9      1.46      2.00      0.20  -9999.00
     1   2005    232   18800.0      12.0      20.7      1.40      2.00     20.20  -9999.00
     1   2005    233    3400.0      13.2      18.8      1.52      2.00      2.00  -9999.00
     1   2005    234   22900.0      13.2      21.9      1.52      2.00      0.00  -9999.00
     1   2005    235   17300.0      12.9      21.1      1.49      2.00      0.00  -9999.00
     1   2005    236   24100.0      12.6      23.3      1.46      2.00      0.00  -9999.00
     1   2005    237   21400.0      14.1      23.9      1.61      2.00      0.00  -9999.00
     1   2005    238   19600.0      13.7      21.1      1.57      2.00      0.00  -9999.00
     1   2005    239   19200.0      14.0      21.4      1.60      2.00      0.00  -9999.00
     1   2005    240   14600.0      10.9      19.0      1.30      2.00      0.50  -9999.00
     1   2005    241   20900.0      11.5      22.4      1.36      2.00      0.00  -9999.00
     1   2005    242    3800.0      11.1      21.8      1.32      2.00      2.00  -9999.00
     1   2005    243    3800.0      11.6      19.6      1.37      2.00      4.30  -9999.00
     1   2005    244    8900.0       7.1      22.5      1.01      2.00      0.00  -9999.00
     1   2005    245    3300.0      14.1      19.0      1.61      2.00      0.10  -9999.00
     1   2005    246   19400.0      11.7      22.5      1.37      2.00      0.00  -9999.00
     1   2005    247   10200.0       8.0      20.4      1.07      2.00      0.00  -9999.00
     1   2005    248   13500.0      12.1      16.0      1.41      2.00      1.90  -9999.00
     1   2005    249   17300.0      12.4      23.3      1.44      2.00      0.00  -9999.00
     1   2005    250   17500.0      16.9      21.6      1.92      2.00      0.00  -9999.00
     1   2005    251   17500.0      13.3      22.5      1.53      2.00      0.00  -9999.00
     1   2005    252   13700.0      13.4      20.4      1.54      2.00      0.00  -9999.00
     1   2005    253   15700.0      10.5      17.4      1.27      2.00      6.00  -9999.00
     1   2005    254    3200.0      15.3      20.9      1.74      2.00      0.00  -9999.00
     1   2005    255   16500.0      12.1      20.5      1.41      2.00      0.00  -9999.00
     1   2005    256   11700.0      13.9      17.3      1.59      2.00      2.70  -9999.00
     1   2005    257    9900.0      13.1      17.4      1.51      2.00      0.30  -9999.00
     1   2005    258    2900.0      10.6      16.2      1.28      2.00      0.70  -9999.00
     1   2005    259    9300.0      10.4      16.6      1.26      2.00      6.90  -9999.00
     1   2005    260    3600.0       8.6      17.1      1.12      2.00      0.00  -9999.00
     1   2005    261   10000.0       8.8      13.6      1.13      2.00      2.50  -9999.00
     1   2005    262   14800.0      11.1      16.6      1.32      2.00      6.00  -9999.00
     1   2005    263   14800.0      11.4      18.5      1.35      2.00      0.00  -9999.00
     1   2005    264    3400.0       9.0      17.5      1.15      2.00      0.00  -9999.00
     1   2005    265   11900.0      10.5      21.1      1.27      2.00      5.40  -9999.00
     1   2005    266    2800.0      10.9      20.8      1.30      2.00      0.10  -9999.00
     1   2005    267   10000.0       7.1      16.1      1.01      2.00      0.10  -9999.00
     1   2005    268   11800.0      10.9      13.9      1.30      2.00      0.00  -9999.00
     1   2005    269    2500.0      13.2      21.0      1.52      2.00      0.90  -9999.00
     1   2005    270    2600.0      13.4      18.8      1.54      2.00      0.60  -9999.00
     1   2005    271    7500.0      11.6      19.1      1.37      2.00      0.00  -9999.00
     1   2005    272   10800.0      13.9      16.6      1.59      2.00      0.30  -9999.00
     1   2005    273    6600.0       8.0      15.2      1.07      2.00     15.80  -9999.00
     1   2005    274    9700.0      11.6      17.4      1.37      2.00      0.00  -9999.00
     1   2005    275    9400.0      10.4      18.4      1.26      2.00      0.00  -9999.00
     1   2005    276    5300.0      12.7      17.9      1.47      2.00      0.30  -9999.00
     1   2005    277    9800.0       9.4      14.4      1.18      2.00      0.30  -9999.00
     1   2005    278    8100.0      12.0      15.9      1.40      2.00      0.00  -9999.00
     1   2005    279    8900.0       8.7      16.0      1.12      2.00      0.00  -9999.00
     1   2005    280    2600.0       5.1      18.8      0.88      2.00      0.20  -9999.00
     1   2005    281    1900.0      14.9      18.0      1.69      2.00      5.80  -9999.00
     1   2005    282    7400.0      12.0      17.5      1.40      2.00      2.10  -9999.00
     1   2005    283    6000.0       5.1      13.7      0.88      2.00      1.80  -9999.00
     1   2005    284    1900.0       7.7      10.9      1.05      2.00      2.40  -9999.00
     1   2005    285    6900.0       6.5      14.3      0.97      2.00     18.20  -9999.00
     1   2005    286   10700.0       9.2      14.2      1.16      2.00      0.90  -9999.00
     1   2005    287    1500.0       7.9      13.0      1.07      2.00      0.20  -9999.00
     1   2005    288    9900.0      11.4      14.0      1.35      2.00      2.90  -9999.00
     1   2005    289    6800.0      10.4      14.7      1.26      2.00      0.40  -9999.00
     1   2005    290    1500.0       6.8      12.9      0.99      2.00      1.00  -9999.00
     1   2005    291    9600.0       5.1      13.1      0.88      2.00      0.00  -9999.00
     1   2005    292    6500.0       5.3      10.1      0.89      2.00      3.40  -9999.00
     1   2005    293    4700.0       8.6      14.2      1.12      2.00      6.20  -9999.00
     1   2005    294    1600.0       9.7      15.0      1.20      2.00      1.40  -9999.00
     1   2005    295    3200.0       4.3      11.5      0.83      2.00      0.10  -9999.00
     1   2005    296    5300.0       6.0       9.1      0.93      2.00      6.80  -9999.00
     1   2005    297    1300.0       1.3      11.4      0.67      2.00      0.00  -9999.00
     1   2005    298    8400.0       4.5       8.4      0.84      2.00      0.00  -9999.00
     1   2005    299    5400.0       6.3      11.1      0.95      2.00      0.00  -9999.00
     1   2005    300    1400.0       9.0      13.8      1.15      2.00      0.40  -9999.00
     1   2005    301    8500.0       8.3      13.8      1.09      2.00      0.40  -9999.00
     1   2005    302    1800.0       5.5      17.6      0.90      2.00      0.10  -9999.00
     1   2005    303    7800.0       3.3      10.5      0.77      2.00      0.00  -9999.00
     1   2005    304    3100.0       1.4       9.6      0.68      2.00      0.20  -9999.00
     1   2005    305    1100.0       3.0       7.0      0.76      2.00      0.10  -9999.00
     1   2005    306    7500.0       2.7       9.4      0.74      2.00      0.00  -9999.00
     1   2005    307    1700.0       6.5      14.9      0.97      2.00      0.10  -9999.00
     1   2005    308    3900.0       2.6      10.8      0.74      2.00      0.00  -9999.00
     1   2005    309    7700.0       5.4      14.1      0.90      2.00     12.70  -9999.00
     1   2005    310    5000.0       6.5      14.0      0.97      2.00      0.20  -9999.00
     1   2005    311    1200.0       2.3      11.2      0.72      2.00     13.80  -9999.00
     1   2005    312    1200.0       4.5       5.9      0.84      2.00      0.00  -9999.00
     1   2005    313    6300.0       1.3      11.1      0.67      2.00      0.10  -9999.00
     1   2005    314    4300.0       3.5      10.6      0.78      2.00      0.90  -9999.00
     1   2005    315    1900.0       6.3      12.0      0.95      2.00      3.10  -9999.00
     1   2005    316    6700.0       6.7      13.4      0.98      2.00      0.50  -9999.00
     1   2005    317    2400.0       5.2      13.5      0.88      2.00      0.10  -9999.00
     1   2005    318    5000.0       6.8      12.9      0.99      2.00      1.00  -9999.00
     1   2005    319    2100.0       4.6       9.2      0.85      2.00      8.90  -9999.00
     1   2005    320     800.0       3.4       5.9      0.78      2.00      0.10  -9999.00
     1   2005    321    3800.0       4.6      13.1      0.85      2.00      1.90  -9999.00
     1   2005    322    1700.0       7.0      11.9      1.00      2.00      1.50  -9999.00
     1   2005    323     900.0       3.6       9.8      0.79      2.00      5.10  -9999.00
     1   2005    324    1300.0       6.2      11.5      0.95      2.00      3.40  -9999.00
     1   2005    325    4100.0       3.8      12.0      0.80      2.00      0.10  -9999.00
     1   2005    326    2400.0       2.8      14.2      0.75      2.00      0.00  -9999.00
     1   2005    327    5500.0       4.3      12.1      0.83      2.00      0.70  -9999.00
     1   2005    328    2300.0       4.3      11.9      0.83      2.00      0.40  -9999.00
     1   2005    329    5300.0       4.3       8.5      0.83      2.00      0.00  -9999.00
     1   2005    330    1000.0       2.4       7.9      0.73      2.00      0.00  -9999.00
     1   2005    331     900.0       2.1       8.8      0.71      2.00      0.00  -9999.00
     1   2005    332    1000.0       5.0      13.4      0.87      2.00      0.30  -9999.00
     1   2005    333    5300.0       2.7       9.9      0.74      2.00      6.40  -9999.00
     1   2005    334     900.0       5.1      10.9      0.88      2.00      1.90  -9999.00
     1   2005    335    1400.0      -4.0       6.6      0.45      2.00      3.10  -9999.00
     1   2005    336     700.0      -1.7       4.9      0.54      2.00      0.50  -9999.00
     1   2005    337     700.0       5.1       7.8      0.88      2.00      0.00  -9999.00
     1   2005    338     800.0       3.8       7.9      0.80      2.00      3.30  -9999.00
     1   2005    339    3400.0       1.7       9.8      0.69      2.00      3.20  -9999.00
     1   2005    340    1900.0       2.1       7.4      0.71      2.00      1.00  -9999.00
     1   2005    341    2500.0      -0.6       5.1      0.58      2.00      0.00  -9999.00
     1   2005    342    1000.0      -1.2       3.2      0.56      2.00      0.60  -9999.00
     1   2005    343     700.0      -1.4       4.9      0.55      2.00      5.20  -9999.00
     1   2005    344     600.0       1.1       4.4      0.66      2.00      0.00  -9999.00
     1   2005    345    2200.0       0.9       6.4      0.65      2.00      2.50  -9999.00
     1   2005    346    3100.0       2.0       3.7      0.71      2.00      2.20  -9999.00
     1   2005    347    4100.0       0.9       4.1      0.65      2.00      0.00  -9999.00
     1   2005    348     600.0       2.3       5.7      0.72      2.00      0.00  -9999.00
     1   2005    349    4100.0      -0.8       6.1      0.58      2.00      0.00  -9999.00
     1   2005    350     700.0      -1.3       4.5      0.56      2.00      7.60  -9999.00
     1   2005    351     600.0      -1.3       5.3      0.56      2.00      0.00  -9999.00
     1   2005    352     600.0       1.3       6.4      0.67      2.00      0.00  -9999.00
     1   2005    353     700.0       1.5       5.9      0.68      2.00      4.60  -9999.00
     1   2005    354     700.0       4.0       5.8      0.81      2.00      0.60  -9999.00
     1   2005    355    3900.0       2.3       7.4      0.72      2.00      0.00  -9999.00
     1   2005    356    1100.0       0.6       6.3      0.64      2.00      0.40  -9999.00
     1   2005    357    2800.0       1.6       6.1      0.69      2.00      0.00  -9999.00
     1   2005    358    3500.0      -0.2       6.1      0.60      2.00      0.00  -9999.00
     1   2005    359    4200.0      -1.8       6.4      0.54      2.00     16.10  -9999.00
     1   2005    360     600.0      -1.8       4.5      0.54      2.00      0.00  -9999.00
     1   2005    361    4100.0       3.3       7.3      0.77      2.00      0.00  -9999.00
     1   2005    362     600.0       1.7      10.4      0.69      2.00      0.00  -9999.00
     1   2005    363     600.0      -0.1       5.6      0.61      2.00      0.00  -9999.00
     1   2005    364     700.0      -1.5       3.6      0.55      2.00      0.00  -9999.00
     1   2005    365     700.0      -2.3       5.3      0.52      2.00      0.00  -9999.00
