*-----------------------------------------------------------------------------* 
           WHWG_61.met            52.12    0.96   89.00
* Date created:  08-Aug-2019     Author: K Coleman 
* 
* NIL VALUE       -9999 
* Source:   data provided by M. Semenov 
*  
* Latitude:    52.12 Longitude:     0.96 Altitude:    89.00
* 
* Column  Daily value 
* 1       station number 
* 2       year 
* 3       day 
* 4       irradiation                   (kJ m-2 d-1) 
* 5       minimum temperature           (degrees Celsius) 
* 6       maximum temperature           (degrees Celsius) 
* 7       early morning vapour pressure (kPa)             
* 8       mean wind speed (height: 2 m?) (m s-1)          
* 9       precipitation                 (mm d-1)          
* 10      sunshine                      (hrs)             
 		Jday	RAD	    TMIN	TMAX	 VAP	wind	RAIN	SUN  
               kj/m2	°C	    °C	     kPa	m/s	    mm	    hrs 
   52.12  89.00
     1   2005      1    4600.0      -5.9       1.1      0.39      2.00      0.00  -9999.00
     1   2005      2     800.0      -1.7       6.2      0.54      2.00      2.80  -9999.00
     1   2005      3    3900.0      -2.3       2.4      0.52      2.00      2.50  -9999.00
     1   2005      4    4800.0      -0.5       3.5      0.59      2.00      0.00  -9999.00
     1   2005      5     700.0      -7.1       3.7      0.36      2.00      0.10  -9999.00
     1   2005      6    1300.0      -2.9       5.8      0.49      2.00      3.00  -9999.00
     1   2005      7     700.0       1.4       7.5      0.68      2.00      0.00  -9999.00
     1   2005      8     700.0       2.4       9.1      0.73      2.00      0.00  -9999.00
     1   2005      9     700.0      -0.6       8.2      0.58      2.00      0.10  -9999.00
     1   2005     10     900.0       1.5       6.9      0.68      2.00      0.70  -9999.00
     1   2005     11    4600.0       2.8      12.3      0.75      2.00      0.30  -9999.00
     1   2005     12     800.0       3.6       8.4      0.79      2.00      0.00  -9999.00
     1   2005     13     800.0      -0.9       6.4      0.57      2.00      0.10  -9999.00
     1   2005     14    4200.0      -1.5       8.3      0.55      2.00      0.70  -9999.00
     1   2005     15    1000.0      -0.5       5.6      0.59      2.00      0.10  -9999.00
     1   2005     16     800.0      -3.0       2.0      0.49      2.00      9.80  -9999.00
     1   2005     17     700.0       1.2       6.9      0.67      2.00      2.30  -9999.00
     1   2005     18    4800.0      -2.5       3.2      0.51      2.00      0.00  -9999.00
     1   2005     19    2100.0      -0.1       6.8      0.61      2.00      3.60  -9999.00
     1   2005     20    1000.0      -3.0       4.1      0.49      2.00      0.10  -9999.00
     1   2005     21    3900.0       3.1       6.7      0.76      2.00      0.00  -9999.00
     1   2005     22    5600.0       1.2       9.4      0.67      2.00      0.40  -9999.00
     1   2005     23    6100.0      -0.3       4.3      0.60      2.00      0.00  -9999.00
     1   2005     24     900.0      -0.4       1.6      0.59      2.00      0.00  -9999.00
     1   2005     25    3100.0      -2.6       4.9      0.50      2.00      0.00  -9999.00
     1   2005     26    1900.0       0.6       6.3      0.64      2.00      0.00  -9999.00
     1   2005     27    6700.0       1.4       7.4      0.68      2.00      0.00  -9999.00
     1   2005     28    1000.0      -0.9       9.9      0.57      2.00      0.00  -9999.00
     1   2005     29    6100.0       1.7       5.0      0.69      2.00      0.00  -9999.00
     1   2005     30    1000.0      -0.6       5.4      0.58      2.00      2.30  -9999.00
     1   2005     31    1100.0       1.5       8.9      0.68      2.00      4.40  -9999.00
     1   2005     32    5300.0      -2.6       9.9      0.50      2.00      0.80  -9999.00
     1   2005     33    3500.0      -0.3       4.4      0.60      2.00      0.00  -9999.00
     1   2005     34    1300.0       0.2       6.6      0.62      2.00      0.00  -9999.00
     1   2005     35    4900.0      -3.2       0.9      0.48      2.00      0.00  -9999.00
     1   2005     36    2800.0      -3.0       1.7      0.49      2.00      3.30  -9999.00
     1   2005     37    1100.0       1.5       8.1      0.68      2.00      0.10  -9999.00
     1   2005     38    5900.0       3.6       8.4      0.79      2.00      0.40  -9999.00
     1   2005     39    5100.0      -1.4       5.8      0.55      2.00      0.00  -9999.00
     1   2005     40    1200.0      -7.7       4.6      0.34      2.00      0.00  -9999.00
     1   2005     41    4800.0      -1.2       2.5      0.56      2.00      0.00  -9999.00
     1   2005     42    6400.0       1.9       5.5      0.70      2.00      0.80  -9999.00
     1   2005     43    8200.0       0.4       5.7      0.63      2.00      0.00  -9999.00
     1   2005     44    6700.0       0.9       4.4      0.65      2.00      0.10  -9999.00
     1   2005     45    1400.0       6.0       9.5      0.93      2.00      4.20  -9999.00
     1   2005     46    3400.0       7.8       9.8      1.06      2.00      5.50  -9999.00
     1   2005     47    4900.0      -1.2       6.2      0.56      2.00      0.00  -9999.00
     1   2005     48    7300.0       1.6       4.2      0.69      2.00      0.00  -9999.00
     1   2005     49    1300.0       3.4       8.8      0.78      2.00      4.90  -9999.00
     1   2005     50    9100.0       3.4       7.7      0.78      2.00      0.00  -9999.00
     1   2005     51    2600.0       2.9       7.6      0.75      2.00      4.70  -9999.00
     1   2005     52    7400.0       2.5       6.1      0.73      2.00      0.00  -9999.00
     1   2005     53    1400.0       2.4       7.4      0.73      2.00      0.00  -9999.00
     1   2005     54    7300.0       4.1       9.8      0.82      2.00      0.00  -9999.00
     1   2005     55    6300.0       1.6       7.7      0.69      2.00      0.00  -9999.00
     1   2005     56    9900.0       2.2       9.1      0.72      2.00      0.40  -9999.00
     1   2005     57    9100.0      -3.6       1.4      0.47      2.00      0.00  -9999.00
     1   2005     58    1900.0      -0.8       5.0      0.58      2.00      0.20  -9999.00
     1   2005     59    6800.0       0.8       7.4      0.65      2.00      0.00  -9999.00
     1   2005     60    9500.0       0.6       9.1      0.64      2.00      0.20  -9999.00
     1   2005     61    1800.0       1.8       9.0      0.70      2.00      0.40  -9999.00
     1   2005     62   11700.0       4.4       5.7      0.84      2.00      0.00  -9999.00
     1   2005     63   11200.0      -0.8       5.6      0.58      2.00      0.00  -9999.00
     1   2005     64    8400.0       3.3       7.0      0.77      2.00      0.70  -9999.00
     1   2005     65    9900.0       2.4      12.1      0.73      2.00      0.00  -9999.00
     1   2005     66   11400.0       3.5      10.3      0.78      2.00      0.00  -9999.00
     1   2005     67    2700.0       2.7      10.3      0.74      2.00      8.90  -9999.00
     1   2005     68    1900.0       2.7      13.7      0.74      2.00      5.60  -9999.00
     1   2005     69    2300.0       5.3      13.5      0.89      2.00      1.90  -9999.00
     1   2005     70    4200.0       1.9      11.7      0.70      2.00      3.30  -9999.00
     1   2005     71   13000.0       2.5      13.2      0.73      2.00      0.00  -9999.00
     1   2005     72    2700.0       2.7      12.9      0.74      2.00      0.00  -9999.00
     1   2005     73   12700.0       2.5       9.3      0.73      2.00      0.70  -9999.00
     1   2005     74   13200.0       3.0       6.3      0.76      2.00      5.30  -9999.00
     1   2005     75    8800.0       0.3       7.5      0.62      2.00      0.30  -9999.00
     1   2005     76    2600.0      -1.2       5.1      0.56      2.00      5.30  -9999.00
     1   2005     77   11700.0       3.0      12.1      0.76      2.00     16.90  -9999.00
     1   2005     78    2500.0       1.2      11.2      0.67      2.00      0.00  -9999.00
     1   2005     79    3100.0       1.5       5.7      0.68      2.00      0.00  -9999.00
     1   2005     80   10500.0       3.1       8.1      0.76      2.00      0.00  -9999.00
     1   2005     81    6600.0       3.6      11.1      0.79      2.00      0.00  -9999.00
     1   2005     82   14000.0       4.4      10.5      0.84      2.00      0.00  -9999.00
     1   2005     83    8000.0       2.6      11.8      0.74      2.00      1.00  -9999.00
     1   2005     84   10100.0       6.6      13.9      0.97      2.00      0.00  -9999.00
     1   2005     85   11400.0       1.9       9.2      0.70      2.00      0.00  -9999.00
     1   2005     86    6300.0       5.1       9.6      0.88      2.00      0.30  -9999.00
     1   2005     87   14900.0       1.5      10.6      0.68      2.00      1.40  -9999.00
     1   2005     88    2500.0      -1.1      10.7      0.56      2.00      0.10  -9999.00
     1   2005     89   15800.0       4.6      11.0      0.85      2.00      9.70  -9999.00
     1   2005     90    6100.0       3.7      10.5      0.80      2.00      0.80  -9999.00
     1   2005     91   11100.0       8.0      11.9      1.07      2.00      0.70  -9999.00
     1   2005     92    2600.0       5.5      17.2      0.90      2.00      4.60  -9999.00
     1   2005     93    5800.0       4.5      13.6      0.84      2.00      1.20  -9999.00
     1   2005     94    6300.0       1.1      13.2      0.66      2.00      0.40  -9999.00
     1   2005     95   17900.0       2.5       9.7      0.73      2.00      1.00  -9999.00
     1   2005     96    3000.0       2.6      12.3      0.74      2.00      0.40  -9999.00
     1   2005     97   17300.0      -2.4       8.8      0.51      2.00      6.20  -9999.00
     1   2005     98    4800.0      -0.5      11.7      0.59      2.00      0.00  -9999.00
     1   2005     99   15500.0      -0.9       9.6      0.57      2.00      0.00  -9999.00
     1   2005    100   17600.0      -1.0       8.3      0.57      2.00      6.80  -9999.00
     1   2005    101    2900.0       5.1      15.5      0.88      2.00      6.70  -9999.00
     1   2005    102    9000.0       3.1      16.9      0.76      2.00      0.00  -9999.00
     1   2005    103    7900.0       1.1      14.4      0.66      2.00      0.00  -9999.00
     1   2005    104   13000.0      -0.6      15.3      0.58      2.00      0.00  -9999.00
     1   2005    105    9000.0       6.2      12.3      0.95      2.00      0.00  -9999.00
     1   2005    106   20200.0       5.4       7.9      0.90      2.00      0.60  -9999.00
     1   2005    107    4300.0       2.7      10.9      0.74      2.00      7.20  -9999.00
     1   2005    108   22500.0       3.7      12.2      0.80      2.00      0.00  -9999.00
     1   2005    109   18400.0       5.1      15.0      0.88      2.00      0.00  -9999.00
     1   2005    110   21900.0       2.8      13.6      0.75      2.00      0.00  -9999.00
     1   2005    111    8000.0       6.4      12.0      0.96      2.00      1.00  -9999.00
     1   2005    112    6500.0       5.0      15.0      0.87      2.00      0.10  -9999.00
     1   2005    113   17100.0       7.0      12.8      1.00      2.00      0.00  -9999.00
     1   2005    114    6200.0       3.3      12.3      0.77      2.00      0.40  -9999.00
     1   2005    115   10500.0       6.7      17.7      0.98      2.00      0.00  -9999.00
     1   2005    116   22800.0       7.2      24.5      1.02      2.00      0.00  -9999.00
     1   2005    117   19900.0       2.2      12.8      0.72      2.00      0.00  -9999.00
     1   2005    118   23400.0      -1.2      14.3      0.56      2.00      0.00  -9999.00
     1   2005    119   21100.0       0.7      14.2      0.64      2.00      0.00  -9999.00
     1   2005    120   21500.0       4.0      15.9      0.81      2.00      0.00  -9999.00
     1   2005    121   13000.0       9.9      19.0      1.22      2.00      0.00  -9999.00
     1   2005    122   25000.0       7.2      17.3      1.02      2.00      0.00  -9999.00
     1   2005    123   21800.0       5.3      13.9      0.89      2.00      0.00  -9999.00
     1   2005    124   18800.0      -0.3      13.1      0.60      2.00      0.20  -9999.00
     1   2005    125   16100.0       5.0      11.4      0.87      2.00      4.40  -9999.00
     1   2005    126   21900.0       1.7      13.1      0.69      2.00     17.70  -9999.00
     1   2005    127    9900.0       3.4      11.7      0.78      2.00     12.10  -9999.00
     1   2005    128   23300.0       6.9      15.3      0.99      2.00      0.00  -9999.00
     1   2005    129   11700.0       7.1      15.4      1.01      2.00      6.60  -9999.00
     1   2005    130   25600.0      10.8      15.4      1.29      2.00      0.00  -9999.00
     1   2005    131   23400.0      12.1      24.3      1.41      2.00      1.20  -9999.00
     1   2005    132   17900.0       7.7      21.0      1.05      2.00      0.40  -9999.00
     1   2005    133   16400.0       4.8      15.6      0.86      2.00      0.30  -9999.00
     1   2005    134    8800.0       5.0      18.0      0.87      2.00      1.30  -9999.00
     1   2005    135    4600.0       5.4      15.6      0.90      2.00      0.60  -9999.00
     1   2005    136   17600.0       5.1      15.0      0.88      2.00      6.30  -9999.00
     1   2005    137   16000.0       7.9      15.6      1.07      2.00      2.20  -9999.00
     1   2005    138    7400.0       5.5      14.0      0.90      2.00      0.60  -9999.00
     1   2005    139    8200.0       3.8      16.4      0.80      2.00      0.00  -9999.00
     1   2005    140    8300.0       8.0      17.2      1.07      2.00      0.00  -9999.00
     1   2005    141   20600.0      14.0      25.4      1.60      2.00      0.00  -9999.00
     1   2005    142   27100.0       8.4      20.9      1.10      2.00      0.00  -9999.00
     1   2005    143   21100.0       9.1      17.7      1.16      2.00      0.00  -9999.00
     1   2005    144   21100.0      14.2      14.9      1.62      2.00      0.00  -9999.00
     1   2005    145   17700.0      12.3      16.3      1.43      2.00      1.10  -9999.00
     1   2005    146    8800.0      11.0      15.6      1.31      2.00      0.50  -9999.00
     1   2005    147    4400.0      10.7      21.6      1.29      2.00      0.00  -9999.00
     1   2005    148   25200.0      10.4      23.0      1.26      2.00      0.00  -9999.00
     1   2005    149   19600.0       8.0      16.8      1.07      2.00      0.70  -9999.00
     1   2005    150    4300.0      10.5      14.6      1.27      2.00      0.80  -9999.00
     1   2005    151   23500.0       9.7      16.3      1.20      2.00      4.20  -9999.00
     1   2005    152    7400.0      11.3      20.4      1.34      2.00      0.00  -9999.00
     1   2005    153   27100.0       9.7      16.7      1.20      2.00      0.00  -9999.00
     1   2005    154   11400.0      13.0      13.8      1.50      2.00      1.70  -9999.00
     1   2005    155   15800.0       8.3      20.0      1.09      2.00      6.90  -9999.00
     1   2005    156   19800.0      10.9      20.3      1.30      2.00      0.00  -9999.00
     1   2005    157   11100.0      10.3      20.5      1.25      2.00      1.40  -9999.00
     1   2005    158   19900.0       9.6      19.2      1.20      2.00      9.90  -9999.00
     1   2005    159   28200.0      11.0      23.8      1.31      2.00      0.00  -9999.00
     1   2005    160   29600.0      10.0      21.3      1.23      2.00      0.00  -9999.00
     1   2005    161   28300.0       9.2      18.4      1.16      2.00      0.00  -9999.00
     1   2005    162   16600.0       7.2      19.5      1.02      2.00      2.50  -9999.00
     1   2005    163   24500.0      11.2      26.5      1.33      2.00      6.30  -9999.00
     1   2005    164   28500.0      10.6      23.1      1.28      2.00      0.00  -9999.00
     1   2005    165    5800.0      10.9      15.8      1.30      2.00     15.00  -9999.00
     1   2005    166   24000.0       9.7      17.4      1.20      2.00      5.80  -9999.00
     1   2005    167   12700.0       8.7      16.1      1.12      2.00      1.90  -9999.00
     1   2005    168   17400.0      12.5      13.7      1.45      2.00      2.00  -9999.00
     1   2005    169   19700.0      11.9      18.9      1.39      2.00      1.60  -9999.00
     1   2005    170    8900.0       9.1      18.9      1.16      2.00      0.60  -9999.00
     1   2005    171   10600.0      10.5      17.9      1.27      2.00      0.00  -9999.00
     1   2005    172   21200.0      11.0      20.6      1.31      2.00      0.00  -9999.00
     1   2005    173   23700.0      13.2      26.3      1.52      2.00      0.00  -9999.00
     1   2005    174   28100.0       9.4      22.3      1.18      2.00      0.00  -9999.00
     1   2005    175   19800.0      13.2      20.6      1.52      2.00      0.00  -9999.00
     1   2005    176   29800.0      11.1      19.1      1.32      2.00      0.00  -9999.00
     1   2005    177   21300.0      12.3      20.8      1.43      2.00      3.30  -9999.00
     1   2005    178   12900.0      10.2      26.7      1.24      2.00      7.40  -9999.00
     1   2005    179   28700.0      10.1      18.5      1.24      2.00      0.00  -9999.00
     1   2005    180   28400.0      12.1      16.7      1.41      2.00     19.00  -9999.00
     1   2005    181   26000.0       8.8      15.2      1.13      2.00      0.20  -9999.00
     1   2005    182    4700.0      12.0      18.2      1.40      2.00     25.10  -9999.00
     1   2005    183   26000.0      10.8      17.0      1.29      2.00      1.40  -9999.00
     1   2005    184    6000.0      10.6      15.3      1.28      2.00      6.70  -9999.00
     1   2005    185   19600.0       8.9      17.6      1.14      2.00      2.70  -9999.00
     1   2005    186   29700.0       7.1      22.7      1.01      2.00      0.00  -9999.00
     1   2005    187   12200.0      13.5      24.8      1.55      2.00      2.80  -9999.00
     1   2005    188   29000.0      12.0      27.1      1.40      2.00      0.00  -9999.00
     1   2005    189   18200.0      10.2      20.4      1.24      2.00      0.00  -9999.00
     1   2005    190   18400.0      11.5      15.5      1.36      2.00      1.60  -9999.00
     1   2005    191   24800.0      12.5      22.6      1.45      2.00      0.00  -9999.00
     1   2005    192   20500.0      11.6      20.3      1.37      2.00      1.10  -9999.00
     1   2005    193   11700.0      10.9      18.4      1.30      2.00      0.50  -9999.00
     1   2005    194   25400.0       5.8      18.7      0.92      2.00      5.00  -9999.00
     1   2005    195    7800.0      12.6      21.0      1.46      2.00      0.30  -9999.00
     1   2005    196   13700.0      11.0      22.2      1.31      2.00      1.90  -9999.00
     1   2005    197   13800.0      12.6      20.1      1.46      2.00      0.20  -9999.00
     1   2005    198   28500.0       8.7      22.9      1.12      2.00      0.00  -9999.00
     1   2005    199    6500.0      12.3      21.8      1.43      2.00      0.00  -9999.00
     1   2005    200   15400.0      12.5      22.4      1.45      2.00      0.00  -9999.00
     1   2005    201   28600.0      14.5      26.0      1.65      2.00      0.00  -9999.00
     1   2005    202   17200.0      12.5      21.4      1.45      2.00      7.80  -9999.00
     1   2005    203   12300.0      12.6      21.4      1.46      2.00      3.50  -9999.00
     1   2005    204   16400.0      11.2      22.1      1.33      2.00      5.70  -9999.00
     1   2005    205   19800.0      11.4      23.1      1.35      2.00      0.00  -9999.00
     1   2005    206   16300.0      10.4      21.6      1.26      2.00      0.00  -9999.00
     1   2005    207   17300.0      13.7      21.3      1.57      2.00      0.40  -9999.00
     1   2005    208   16400.0      11.6      27.7      1.37      2.00      2.10  -9999.00
     1   2005    209   15700.0      12.3      21.4      1.43      2.00      0.00  -9999.00
     1   2005    210   19100.0      12.1      18.9      1.41      2.00      2.30  -9999.00
     1   2005    211    7100.0      14.5      22.9      1.65      2.00     10.10  -9999.00
     1   2005    212    3900.0      11.0      21.4      1.31      2.00      5.90  -9999.00
     1   2005    213   17600.0      13.3      20.9      1.53      2.00      0.00  -9999.00
     1   2005    214    6200.0      14.3      17.1      1.63      2.00      8.20  -9999.00
     1   2005    215   22600.0      10.9      21.2      1.30      2.00      0.60  -9999.00
     1   2005    216   12600.0      12.8      19.5      1.48      2.00     10.40  -9999.00
     1   2005    217    4400.0      10.4      20.1      1.26      2.00      1.10  -9999.00
     1   2005    218   18300.0      14.2      21.8      1.62      2.00      0.00  -9999.00
     1   2005    219   19700.0      13.7      21.3      1.57      2.00      0.00  -9999.00
     1   2005    220   22100.0      11.6      19.4      1.37      2.00      5.80  -9999.00
     1   2005    221   23600.0      10.5      20.4      1.27      2.00      0.00  -9999.00
     1   2005    222   22100.0      11.4      22.2      1.35      2.00      0.00  -9999.00
     1   2005    223   13300.0      16.2      28.1      1.84      2.00      0.00  -9999.00
     1   2005    224    6500.0      15.6      21.8      1.77      2.00      4.30  -9999.00
     1   2005    225   18500.0      13.8      25.3      1.58      2.00      4.10  -9999.00
     1   2005    226    6800.0      10.1      21.4      1.24      2.00      1.80  -9999.00
     1   2005    227    8600.0      11.0      21.2      1.31      2.00      7.50  -9999.00
     1   2005    228    6500.0      11.9      23.0      1.39      2.00      0.80  -9999.00
     1   2005    229   14000.0      12.6      23.0      1.46      2.00      4.90  -9999.00
     1   2005    230   21900.0      14.0      23.9      1.60      2.00      0.00  -9999.00
     1   2005    231    5100.0      13.5      24.4      1.55      2.00      2.00  -9999.00
     1   2005    232   20500.0      18.3      22.5      2.10      2.00      3.90  -9999.00
     1   2005    233   18200.0      13.1      23.6      1.51      2.00      0.00  -9999.00
     1   2005    234   15500.0      13.1      22.0      1.51      2.00      0.00  -9999.00
     1   2005    235   22500.0      12.3      22.5      1.43      2.00      0.00  -9999.00
     1   2005    236   16700.0       9.4      23.1      1.18      2.00      0.70  -9999.00
     1   2005    237    4100.0      13.9      21.9      1.59      2.00      0.20  -9999.00
     1   2005    238   19500.0      12.1      22.2      1.41      2.00      0.00  -9999.00
     1   2005    239   17000.0      13.5      23.9      1.55      2.00      0.00  -9999.00
     1   2005    240    3400.0      13.9      20.2      1.59      2.00      4.00  -9999.00
     1   2005    241   12400.0      13.2      23.8      1.52      2.00      0.00  -9999.00
     1   2005    242   21600.0      12.5      22.0      1.45      2.00      0.00  -9999.00
     1   2005    243    5700.0      10.2      19.7      1.24      2.00      7.10  -9999.00
     1   2005    244   11100.0       9.8      19.5      1.21      2.00      5.40  -9999.00
     1   2005    245    4600.0      12.9      20.3      1.49      2.00      1.60  -9999.00
     1   2005    246   14000.0       9.2      23.0      1.16      2.00      0.10  -9999.00
     1   2005    247   11300.0      13.5      19.6      1.55      2.00      0.10  -9999.00
     1   2005    248    2900.0      14.0      17.6      1.60      2.00      9.30  -9999.00
     1   2005    249   15500.0      12.0      19.1      1.40      2.00      1.00  -9999.00
     1   2005    250   15200.0      11.7      20.3      1.37      2.00      0.10  -9999.00
     1   2005    251    4300.0      11.0      21.3      1.31      2.00      2.00  -9999.00
     1   2005    252   10500.0      11.5      19.0      1.36      2.00      0.10  -9999.00
     1   2005    253   16100.0       8.5      17.7      1.11      2.00      0.10  -9999.00
     1   2005    254   16900.0       6.4      20.5      0.96      2.00      0.00  -9999.00
     1   2005    255    9500.0      11.4      20.5      1.35      2.00      1.40  -9999.00
     1   2005    256    7700.0      12.4      20.3      1.44      2.00      0.00  -9999.00
     1   2005    257    2500.0      10.5      16.8      1.27      2.00      0.00  -9999.00
     1   2005    258   12500.0       8.1      19.3      1.08      2.00      0.00  -9999.00
     1   2005    259   12700.0       8.5      19.0      1.11      2.00      0.00  -9999.00
     1   2005    260    5400.0      11.6      18.9      1.37      2.00      0.00  -9999.00
     1   2005    261   15200.0       9.8      17.5      1.21      2.00      2.30  -9999.00
     1   2005    262    9900.0      13.6      17.2      1.56      2.00      0.10  -9999.00
     1   2005    263    5400.0       9.7      13.5      1.20      2.00      0.10  -9999.00
     1   2005    264    8400.0       5.7      16.3      0.92      2.00      2.60  -9999.00
     1   2005    265   12300.0      10.7      16.4      1.29      2.00      8.50  -9999.00
     1   2005    266    3400.0       4.9      18.4      0.87      2.00      0.00  -9999.00
     1   2005    267    7600.0       8.6      12.3      1.12      2.00      0.00  -9999.00
     1   2005    268   11100.0       8.3      14.4      1.09      2.00      0.00  -9999.00
     1   2005    269   10800.0      10.3      18.9      1.25      2.00      0.00  -9999.00
     1   2005    270    9600.0       9.5      18.0      1.19      2.00      0.00  -9999.00
     1   2005    271    2300.0      11.7      17.8      1.37      2.00      2.70  -9999.00
     1   2005    272    5900.0      11.5      19.3      1.36      2.00      2.60  -9999.00
     1   2005    273   10000.0       8.7      19.2      1.12      2.00      0.00  -9999.00
     1   2005    274    8000.0       7.9      16.6      1.07      2.00      0.00  -9999.00
     1   2005    275   10700.0      11.2      17.7      1.33      2.00      0.00  -9999.00
     1   2005    276   11400.0       9.7      16.4      1.20      2.00      2.40  -9999.00
     1   2005    277    1900.0       7.8      14.3      1.06      2.00      0.40  -9999.00
     1   2005    278    2100.0       3.7      12.6      0.80      2.00      0.00  -9999.00
     1   2005    279   10600.0       9.8      15.3      1.21      2.00      0.00  -9999.00
     1   2005    280   12500.0       9.2      12.6      1.16      2.00      0.00  -9999.00
     1   2005    281   11700.0      12.2      17.6      1.42      2.00      0.00  -9999.00
     1   2005    282    5700.0       9.0      15.0      1.15      2.00      0.00  -9999.00
     1   2005    283    9100.0       9.6      18.4      1.20      2.00      0.00  -9999.00
     1   2005    284   12100.0       7.5      22.3      1.04      2.00      0.00  -9999.00
     1   2005    285    4700.0       7.2      14.8      1.02      2.00      0.00  -9999.00
     1   2005    286    8800.0       9.6      15.2      1.20      2.00      0.00  -9999.00
     1   2005    287    5300.0       8.9      14.0      1.14      2.00      0.00  -9999.00
     1   2005    288   10000.0       8.1      13.8      1.08      2.00      0.00  -9999.00
     1   2005    289    8000.0      10.8      17.4      1.29      2.00      0.00  -9999.00
     1   2005    290    6800.0      10.9      14.1      1.30      2.00      0.00  -9999.00
     1   2005    291    4900.0       8.0      14.3      1.07      2.00      2.80  -9999.00
     1   2005    292    5200.0       8.9      13.5      1.14      2.00      0.00  -9999.00
     1   2005    293    4900.0       4.5      12.8      0.84      2.00      1.00  -9999.00
     1   2005    294    7000.0       2.8      13.3      0.75      2.00      0.40  -9999.00
     1   2005    295    7300.0       5.7      12.6      0.92      2.00      0.70  -9999.00
     1   2005    296    8800.0       6.0      12.6      0.93      2.00      0.00  -9999.00
     1   2005    297    1300.0       8.6      15.3      1.12      2.00      4.50  -9999.00
     1   2005    298    3300.0       4.8      15.3      0.86      2.00      0.90  -9999.00
     1   2005    299    3300.0       0.9      10.3      0.65      2.00      0.00  -9999.00
     1   2005    300    4600.0       2.6       9.3      0.74      2.00      0.00  -9999.00
     1   2005    301    4400.0       6.7      15.2      0.98      2.00      0.00  -9999.00
     1   2005    302    5000.0       4.6      12.8      0.85      2.00      0.90  -9999.00
     1   2005    303    8700.0       4.4       9.2      0.84      2.00      0.00  -9999.00
     1   2005    304    6600.0       8.1      10.5      1.08      2.00      0.00  -9999.00
     1   2005    305    3300.0       3.7       8.4      0.80      2.00      8.80  -9999.00
     1   2005    306    3400.0       4.4       8.1      0.84      2.00      0.00  -9999.00
     1   2005    307    2700.0      -2.1       5.3      0.52      2.00      0.00  -9999.00
     1   2005    308    6500.0       4.1       8.9      0.82      2.00      0.00  -9999.00
     1   2005    309    2700.0       4.6       9.8      0.85      2.00      3.80  -9999.00
     1   2005    310    1300.0       4.5       7.3      0.84      2.00      0.50  -9999.00
     1   2005    311    1200.0       4.6       8.0      0.85      2.00      0.10  -9999.00
     1   2005    312    2500.0       3.7      10.6      0.80      2.00      0.10  -9999.00
     1   2005    313    1100.0       2.1      11.3      0.71      2.00      1.10  -9999.00
     1   2005    314    4500.0       1.6      10.9      0.69      2.00      0.50  -9999.00
     1   2005    315    5400.0       7.6      11.6      1.04      2.00      0.50  -9999.00
     1   2005    316    6300.0       7.6      13.9      1.04      2.00      0.60  -9999.00
     1   2005    317    5200.0       5.1       7.6      0.88      2.00      0.00  -9999.00
     1   2005    318    1800.0       5.2      10.0      0.88      2.00      4.30  -9999.00
     1   2005    319    4800.0       5.7      10.3      0.92      2.00      0.60  -9999.00
     1   2005    320    5400.0       7.1       9.1      1.01      2.00      0.00  -9999.00
     1   2005    321    6400.0       2.7      10.3      0.74      2.00      0.00  -9999.00
     1   2005    322    3300.0       7.4      12.2      1.03      2.00      4.60  -9999.00
     1   2005    323     900.0       0.3       7.6      0.62      2.00      0.20  -9999.00
     1   2005    324    5000.0       2.7       6.7      0.74      2.00      0.00  -9999.00
     1   2005    325    4400.0       3.9       9.0      0.81      2.00      1.80  -9999.00
     1   2005    326    1900.0      -0.6       9.7      0.58      2.00      0.00  -9999.00
     1   2005    327    3600.0       5.6       9.7      0.91      2.00      6.30  -9999.00
     1   2005    328    3900.0       8.5      10.0      1.11      2.00      2.60  -9999.00
     1   2005    329     900.0       0.3       8.9      0.62      2.00      0.10  -9999.00
     1   2005    330     800.0       0.2      10.3      0.62      2.00      1.10  -9999.00
     1   2005    331     900.0       2.3       7.8      0.72      2.00     22.50  -9999.00
     1   2005    332     800.0       6.4       8.3      0.96      2.00      0.20  -9999.00
     1   2005    333    2200.0       9.6      13.2      1.20      2.00      1.60  -9999.00
     1   2005    334    1200.0       5.9      11.5      0.93      2.00      8.70  -9999.00
     1   2005    335     800.0       1.7       8.6      0.69      2.00      2.40  -9999.00
     1   2005    336    3100.0       3.8       8.5      0.80      2.00      0.20  -9999.00
     1   2005    337     700.0       4.2      12.2      0.82      2.00      0.70  -9999.00
     1   2005    338    3500.0       0.5       8.1      0.63      2.00      0.00  -9999.00
     1   2005    339     700.0       4.3       8.7      0.83      2.00      1.10  -9999.00
     1   2005    340     600.0       7.2      10.0      1.02      2.00      0.00  -9999.00
     1   2005    341    3500.0       0.6       6.5      0.64      2.00      0.00  -9999.00
     1   2005    342     600.0       1.5       8.5      0.68      2.00      0.00  -9999.00
     1   2005    343     700.0       2.2       6.1      0.72      2.00      0.10  -9999.00
     1   2005    344     700.0      -0.8       6.9      0.58      2.00      1.90  -9999.00
     1   2005    345    4000.0       0.6       6.5      0.64      2.00      0.00  -9999.00
     1   2005    346    1100.0      -0.8       8.6      0.58      2.00      0.00  -9999.00
     1   2005    347     700.0       4.1       8.5      0.82      2.00      0.30  -9999.00
     1   2005    348    3700.0       4.7       9.3      0.85      2.00      3.00  -9999.00
     1   2005    349    4000.0      -0.8       4.3      0.58      2.00      0.00  -9999.00
     1   2005    350    1800.0      -4.8       7.3      0.43      2.00      5.70  -9999.00
     1   2005    351    3500.0       3.6       7.0      0.79      2.00      0.00  -9999.00
     1   2005    352     900.0       5.0       7.0      0.87      2.00      2.10  -9999.00
     1   2005    353     700.0       2.2       5.8      0.72      2.00      0.30  -9999.00
     1   2005    354     700.0      -1.1       6.4      0.56      2.00      0.50  -9999.00
     1   2005    355     900.0       2.8       8.0      0.75      2.00      1.60  -9999.00
     1   2005    356    1100.0       7.6      10.3      1.04      2.00      7.30  -9999.00
     1   2005    357    2500.0       0.3       6.7      0.62      2.00      2.10  -9999.00
     1   2005    358    4200.0      -2.5       4.8      0.51      2.00      7.10  -9999.00
     1   2005    359     900.0       1.9       8.9      0.70      2.00      0.10  -9999.00
     1   2005    360     700.0       2.2       6.8      0.72      2.00      1.40  -9999.00
     1   2005    361     600.0       5.2       6.9      0.88      2.00      0.00  -9999.00
     1   2005    362    3700.0       6.3       6.8      0.95      2.00      0.00  -9999.00
     1   2005    363     700.0       0.9       6.1      0.65      2.00      4.30  -9999.00
     1   2005    364     700.0       0.8       8.2      0.65      2.00      0.40  -9999.00
     1   2005    365    2900.0       0.2       5.9      0.62      2.00      0.70  -9999.00
