*-----------------------------------------------------------------------------* 
           WHWG_24.met            52.12    0.96   89.00
* Date created:  08-Aug-2019     Author: K Coleman 
* 
* NIL VALUE       -9999 
* Source:   data provided by M. Semenov 
*  
* Latitude:    52.12 Longitude:     0.96 Altitude:    89.00
* 
* Column  Daily value 
* 1       station number 
* 2       year 
* 3       day 
* 4       irradiation                   (kJ m-2 d-1) 
* 5       minimum temperature           (degrees Celsius) 
* 6       maximum temperature           (degrees Celsius) 
* 7       early morning vapour pressure (kPa)             
* 8       mean wind speed (height: 2 m?) (m s-1)          
* 9       precipitation                 (mm d-1)          
* 10      sunshine                      (hrs)             
 		Jday	RAD	    TMIN	TMAX	 VAP	wind	RAIN	SUN  
               kj/m2	°C	    °C	     kPa	m/s	    mm	    hrs 
   52.12  89.00
     1   2005      1     800.0      -2.3       6.1      0.52      2.00      0.10  -9999.00
     1   2005      2    1300.0       2.6       5.6      0.74      2.00      2.80  -9999.00
     1   2005      3    2300.0       0.4       4.2      0.63      2.00      2.30  -9999.00
     1   2005      4    5000.0       0.1       4.8      0.62      2.00      0.00  -9999.00
     1   2005      5     900.0      -0.7       6.3      0.58      2.00      0.80  -9999.00
     1   2005      6     700.0       1.8       7.0      0.70      2.00      2.90  -9999.00
     1   2005      7    2400.0       4.9       6.5      0.87      2.00      3.90  -9999.00
     1   2005      8    1800.0       1.7       6.4      0.69      2.00      1.40  -9999.00
     1   2005      9    3400.0      -0.4       4.7      0.59      2.00      0.10  -9999.00
     1   2005     10     700.0       0.2       1.4      0.62      2.00      6.20  -9999.00
     1   2005     11    4500.0       0.0       2.7      0.61      2.00      2.40  -9999.00
     1   2005     12    2100.0      -1.9       6.1      0.53      2.00      0.50  -9999.00
     1   2005     13    4700.0      -2.9       2.3      0.49      2.00      0.00  -9999.00
     1   2005     14     700.0       0.9       4.5      0.65      2.00      0.00  -9999.00
     1   2005     15     900.0      -2.8       6.3      0.50      2.00      0.20  -9999.00
     1   2005     16     800.0       2.7       8.1      0.74      2.00      0.20  -9999.00
     1   2005     17    2800.0       3.6       8.9      0.79      2.00      0.10  -9999.00
     1   2005     18    1000.0       3.1       9.2      0.76      2.00     10.00  -9999.00
     1   2005     19     800.0       6.3       8.3      0.95      2.00      5.90  -9999.00
     1   2005     20     800.0       1.0       8.4      0.66      2.00      0.40  -9999.00
     1   2005     21    2400.0      -0.7       6.3      0.58      2.00      0.00  -9999.00
     1   2005     22     800.0       0.0       8.1      0.61      2.00      0.10  -9999.00
     1   2005     23    1400.0      -0.9       7.8      0.57      2.00      0.90  -9999.00
     1   2005     24    5200.0       3.1      12.5      0.76      2.00      0.10  -9999.00
     1   2005     25     900.0       9.0      12.7      1.15      2.00      3.20  -9999.00
     1   2005     26    4700.0      -1.8       3.2      0.54      2.00      0.00  -9999.00
     1   2005     27    5000.0       0.5       2.5      0.63      2.00      1.00  -9999.00
     1   2005     28    1100.0       5.2       9.8      0.88      2.00      0.90  -9999.00
     1   2005     29     900.0       6.2      10.4      0.95      2.00      6.70  -9999.00
     1   2005     30    3100.0       5.0      12.9      0.87      2.00      0.50  -9999.00
     1   2005     31    6500.0       3.3      11.5      0.77      2.00      0.00  -9999.00
     1   2005     32    1000.0       0.5       5.5      0.63      2.00      0.10  -9999.00
     1   2005     33    1500.0      -3.5       1.4      0.47      2.00      0.00  -9999.00
     1   2005     34    7900.0      -0.5       1.3      0.59      2.00      0.40  -9999.00
     1   2005     35    1700.0      -6.7      -0.2      0.37      2.00      2.30  -9999.00
     1   2005     36    1200.0       3.7      10.3      0.80      2.00      0.90  -9999.00
     1   2005     37    1500.0       0.6      11.3      0.64      2.00      0.00  -9999.00
     1   2005     38    1200.0       1.1       9.2      0.66      2.00      8.30  -9999.00
     1   2005     39    6800.0       4.2      10.9      0.82      2.00      0.20  -9999.00
     1   2005     40    4000.0       2.2       6.5      0.72      2.00      6.80  -9999.00
     1   2005     41    7700.0       0.5       4.0      0.63      2.00      0.90  -9999.00
     1   2005     42    6500.0      -4.8       3.9      0.43      2.00      2.50  -9999.00
     1   2005     43    1200.0      -5.7       1.7      0.40      2.00      0.00  -9999.00
     1   2005     44    1200.0      -1.0       3.9      0.57      2.00      0.00  -9999.00
     1   2005     45    5300.0       1.2       5.7      0.67      2.00      0.00  -9999.00
     1   2005     46    1300.0      -1.5       3.1      0.55      2.00      0.00  -9999.00
     1   2005     47    7800.0      -2.5       1.9      0.51      2.00      0.00  -9999.00
     1   2005     48    7900.0       2.2       7.0      0.72      2.00      0.00  -9999.00
     1   2005     49    7700.0       4.6       6.6      0.85      2.00      0.00  -9999.00
     1   2005     50    8900.0       0.3       7.8      0.62      2.00      0.00  -9999.00
     1   2005     51    5800.0       0.3       8.9      0.62      2.00      4.30  -9999.00
     1   2005     52    1300.0       3.5      11.0      0.78      2.00      0.00  -9999.00
     1   2005     53    3200.0       1.3      10.5      0.67      2.00      0.00  -9999.00
     1   2005     54   10000.0       5.6      11.5      0.91      2.00      0.10  -9999.00
     1   2005     55    1700.0       8.9      13.3      1.14      2.00      2.50  -9999.00
     1   2005     56    1600.0       2.4       6.9      0.73      2.00      0.10  -9999.00
     1   2005     57    4700.0       3.6       6.6      0.79      2.00      9.80  -9999.00
     1   2005     58    8700.0       4.1      10.5      0.82      2.00      0.10  -9999.00
     1   2005     59    8100.0       3.4      13.1      0.78      2.00      0.00  -9999.00
     1   2005     60    1700.0       2.6      14.1      0.74      2.00      9.60  -9999.00
     1   2005     61    1800.0       6.5      10.5      0.97      2.00      0.50  -9999.00
     1   2005     62    7300.0       3.3      12.3      0.77      2.00      0.00  -9999.00
     1   2005     63    2300.0      -0.4      11.2      0.59      2.00      0.00  -9999.00
     1   2005     64    1700.0       0.6       5.5      0.64      2.00      0.50  -9999.00
     1   2005     65    4000.0       3.8       4.3      0.80      2.00      0.10  -9999.00
     1   2005     66    2200.0       4.4       8.6      0.84      2.00      0.90  -9999.00
     1   2005     67    2300.0       4.4       8.4      0.84      2.00      0.00  -9999.00
     1   2005     68   11500.0       4.3       8.9      0.83      2.00      0.00  -9999.00
     1   2005     69    6600.0       2.2      10.1      0.72      2.00      0.40  -9999.00
     1   2005     70   13300.0       3.1       8.8      0.76      2.00      4.20  -9999.00
     1   2005     71   10300.0       2.4       6.1      0.73      2.00      0.30  -9999.00
     1   2005     72   12900.0       3.2       7.3      0.77      2.00      0.80  -9999.00
     1   2005     73   10200.0       2.2       5.9      0.72      2.00      1.40  -9999.00
     1   2005     74   13200.0       3.5      11.5      0.78      2.00      1.40  -9999.00
     1   2005     75    5900.0       7.3      10.3      1.02      2.00      3.40  -9999.00
     1   2005     76    2000.0       4.5      13.8      0.84      2.00      1.10  -9999.00
     1   2005     77    5800.0       2.4      10.8      0.73      2.00      0.40  -9999.00
     1   2005     78   13400.0       3.0       7.7      0.76      2.00      4.70  -9999.00
     1   2005     79    6900.0       4.1       5.0      0.82      2.00      1.20  -9999.00
     1   2005     80    8900.0       1.1       6.1      0.66      2.00      0.80  -9999.00
     1   2005     81    6100.0       1.4       3.4      0.68      2.00      0.00  -9999.00
     1   2005     82   13000.0       2.3       9.6      0.72      2.00      0.00  -9999.00
     1   2005     83   14200.0       2.6      11.0      0.74      2.00      0.00  -9999.00
     1   2005     84    9900.0       1.4      10.1      0.68      2.00      0.00  -9999.00
     1   2005     85    2600.0       4.5       7.2      0.84      2.00      0.00  -9999.00
     1   2005     86   17600.0       1.1      11.1      0.66      2.00      0.00  -9999.00
     1   2005     87   10700.0      -1.1      12.6      0.56      2.00      0.00  -9999.00
     1   2005     88   11600.0      -0.9       9.0      0.57      2.00      0.00  -9999.00
     1   2005     89    2700.0       1.4      12.5      0.68      2.00      0.00  -9999.00
     1   2005     90   13800.0       3.1       8.4      0.76      2.00      0.40  -9999.00
     1   2005     91    3400.0       4.4       7.0      0.84      2.00      0.10  -9999.00
     1   2005     92   17400.0       1.1       6.9      0.66      2.00      0.00  -9999.00
     1   2005     93   20000.0       3.7       9.4      0.80      2.00      0.00  -9999.00
     1   2005     94   17900.0       6.0      14.9      0.93      2.00      0.00  -9999.00
     1   2005     95    6700.0       8.1      11.9      1.08      2.00      1.10  -9999.00
     1   2005     96   17700.0       4.4      11.2      0.84      2.00      0.00  -9999.00
     1   2005     97   20900.0       3.8      11.9      0.80      2.00      0.00  -9999.00
     1   2005     98   18200.0       2.6       8.8      0.74      2.00      0.00  -9999.00
     1   2005     99   10300.0       5.7       8.5      0.92      2.00      0.00  -9999.00
     1   2005    100   13000.0       0.4      13.2      0.63      2.00      0.00  -9999.00
     1   2005    101    7600.0       1.8      11.6      0.70      2.00      3.90  -9999.00
     1   2005    102   14200.0       7.5      11.8      1.04      2.00      1.60  -9999.00
     1   2005    103    4600.0       3.4      15.3      0.78      2.00      0.70  -9999.00
     1   2005    104   21200.0       7.8      14.4      1.06      2.00      0.00  -9999.00
     1   2005    105    3400.0       3.9      14.8      0.81      2.00      1.70  -9999.00
     1   2005    106   22300.0       4.8       9.0      0.86      2.00      2.60  -9999.00
     1   2005    107    7800.0       7.5       7.8      1.04      2.00      2.20  -9999.00
     1   2005    108   12200.0       1.7      10.2      0.69      2.00      3.50  -9999.00
     1   2005    109   17400.0       3.8       9.1      0.80      2.00      1.80  -9999.00
     1   2005    110   15100.0       8.7      13.5      1.12      2.00      2.70  -9999.00
     1   2005    111   10700.0       4.3      11.8      0.83      2.00      4.80  -9999.00
     1   2005    112    6500.0       3.1       9.1      0.76      2.00      0.20  -9999.00
     1   2005    113    9200.0       7.1      10.0      1.01      2.00      1.10  -9999.00
     1   2005    114    8300.0       2.6      11.9      0.74      2.00      6.10  -9999.00
     1   2005    115    6500.0       3.3      14.4      0.77      2.00      1.50  -9999.00
     1   2005    116    6100.0       5.4      15.4      0.90      2.00      0.40  -9999.00
     1   2005    117   11300.0       5.2      13.7      0.88      2.00      0.30  -9999.00
     1   2005    118    5200.0       3.8      15.4      0.80      2.00      2.10  -9999.00
     1   2005    119   18100.0       6.5      13.2      0.97      2.00      8.80  -9999.00
     1   2005    120    3900.0       4.9       9.3      0.87      2.00      0.10  -9999.00
     1   2005    121   18200.0       8.2      11.8      1.09      2.00      0.00  -9999.00
     1   2005    122   22800.0       4.8      11.7      0.86      2.00      0.50  -9999.00
     1   2005    123   23800.0       7.3      11.5      1.02      2.00      2.30  -9999.00
     1   2005    124   26500.0      11.8      19.9      1.38      2.00      0.00  -9999.00
     1   2005    125   26600.0       6.6      16.5      0.97      2.00      0.00  -9999.00
     1   2005    126    8400.0       5.7      13.3      0.92      2.00      0.00  -9999.00
     1   2005    127   22200.0       7.7      10.0      1.05      2.00      0.00  -9999.00
     1   2005    128   25900.0       6.5      19.2      0.97      2.00      0.00  -9999.00
     1   2005    129   24600.0       6.6      17.6      0.97      2.00      0.00  -9999.00
     1   2005    130   18100.0       8.2      12.6      1.09      2.00      0.30  -9999.00
     1   2005    131    4700.0       6.0      10.2      0.93      2.00      4.40  -9999.00
     1   2005    132   24800.0      10.0      14.5      1.23      2.00      0.90  -9999.00
     1   2005    133   16600.0       7.5      12.6      1.04      2.00      2.00  -9999.00
     1   2005    134    4100.0       7.4      14.6      1.03      2.00      0.50  -9999.00
     1   2005    135    5800.0       8.4      15.3      1.10      2.00      3.10  -9999.00
     1   2005    136   25200.0       9.8      19.9      1.21      2.00      0.00  -9999.00
     1   2005    137   19700.0       6.7      20.2      0.98      2.00      4.20  -9999.00
     1   2005    138   24800.0       7.6      14.2      1.04      2.00      6.90  -9999.00
     1   2005    139   20100.0      10.6      15.9      1.28      2.00      0.50  -9999.00
     1   2005    140   15800.0       7.1      16.2      1.01      2.00      5.60  -9999.00
     1   2005    141    5900.0      10.0      18.9      1.23      2.00      0.00  -9999.00
     1   2005    142   21800.0       7.8      16.4      1.06      2.00      7.20  -9999.00
     1   2005    143   24900.0      10.6      16.8      1.28      2.00      0.00  -9999.00
     1   2005    144   13500.0       6.4      16.1      0.96      2.00      4.00  -9999.00
     1   2005    145    4900.0       9.8      22.4      1.21      2.00      0.00  -9999.00
     1   2005    146    5900.0       9.9      16.2      1.22      2.00      1.60  -9999.00
     1   2005    147   28200.0       7.5      20.7      1.04      2.00      0.00  -9999.00
     1   2005    148   17400.0      10.2      17.0      1.24      2.00     14.80  -9999.00
     1   2005    149   11100.0      10.7      17.1      1.29      2.00      2.90  -9999.00
     1   2005    150   12200.0       5.8      18.1      0.92      2.00      0.00  -9999.00
     1   2005    151    5500.0       8.8      15.9      1.13      2.00      1.30  -9999.00
     1   2005    152    4600.0       8.3      14.4      1.09      2.00      1.30  -9999.00
     1   2005    153   13800.0       9.2      17.2      1.16      2.00      3.30  -9999.00
     1   2005    154   25300.0       7.3      14.6      1.02      2.00      0.00  -9999.00
     1   2005    155   29300.0       8.2      13.3      1.09      2.00      0.00  -9999.00
     1   2005    156    7700.0       4.6      16.3      0.85      2.00      0.00  -9999.00
     1   2005    157   26000.0       6.0      16.6      0.93      2.00      8.30  -9999.00
     1   2005    158   22600.0      13.2      22.0      1.52      2.00      0.00  -9999.00
     1   2005    159   28100.0       8.8      19.7      1.13      2.00      0.00  -9999.00
     1   2005    160   29600.0      10.3      23.2      1.25      2.00      0.00  -9999.00
     1   2005    161   29500.0      14.5      21.4      1.65      2.00      0.00  -9999.00
     1   2005    162   29300.0       9.7      19.9      1.20      2.00      0.00  -9999.00
     1   2005    163   23800.0      12.2      18.9      1.42      2.00      0.00  -9999.00
     1   2005    164   16300.0      10.4      16.8      1.26      2.00      0.00  -9999.00
     1   2005    165   15200.0       7.8      13.8      1.06      2.00      1.60  -9999.00
     1   2005    166   17200.0      10.5      18.1      1.27      2.00      1.30  -9999.00
     1   2005    167   26900.0       8.6      17.2      1.12      2.00      0.00  -9999.00
     1   2005    168   12600.0       7.4      15.4      1.03      2.00      0.00  -9999.00
     1   2005    169    7900.0      10.9      14.0      1.30      2.00      0.50  -9999.00
     1   2005    170   28800.0      13.0      25.5      1.50      2.00      0.00  -9999.00
     1   2005    171   29100.0       9.8      24.9      1.21      2.00      0.00  -9999.00
     1   2005    172    8500.0      11.5      22.2      1.36      2.00      0.00  -9999.00
     1   2005    173   22000.0       9.3      21.7      1.17      2.00      0.00  -9999.00
     1   2005    174   10100.0      11.6      22.1      1.37      2.00      8.20  -9999.00
     1   2005    175   12400.0      13.6      20.0      1.56      2.00     15.30  -9999.00
     1   2005    176   22200.0      10.9      18.3      1.30      2.00      4.10  -9999.00
     1   2005    177    4400.0      10.4      16.6      1.26      2.00      0.40  -9999.00
     1   2005    178    4400.0      11.0      23.4      1.31      2.00      1.60  -9999.00
     1   2005    179    5100.0      10.4      22.2      1.26      2.00      3.90  -9999.00
     1   2005    180   25300.0      12.7      21.4      1.47      2.00      0.00  -9999.00
     1   2005    181   29100.0      12.6      21.1      1.46      2.00      0.00  -9999.00
     1   2005    182   11400.0       6.1      12.8      0.94      2.00      0.60  -9999.00
     1   2005    183   24800.0      10.1      19.9      1.24      2.00      0.00  -9999.00
     1   2005    184   17800.0       9.9      20.7      1.22      2.00      0.00  -9999.00
     1   2005    185   27700.0      10.7      24.1      1.29      2.00      0.00  -9999.00
     1   2005    186   17900.0      11.1      20.6      1.32      2.00      0.00  -9999.00
     1   2005    187   28700.0      15.8      19.5      1.79      2.00      0.00  -9999.00
     1   2005    188   23800.0      13.4      27.4      1.54      2.00      0.00  -9999.00
     1   2005    189   16100.0      10.9      24.2      1.30      2.00      0.00  -9999.00
     1   2005    190    9800.0       8.0      17.5      1.07      2.00      0.50  -9999.00
     1   2005    191   29200.0      12.4      20.1      1.44      2.00      0.00  -9999.00
     1   2005    192   21400.0      11.6      23.1      1.37      2.00      0.00  -9999.00
     1   2005    193    5500.0      10.0      23.1      1.23      2.00     22.60  -9999.00
     1   2005    194   27300.0      14.3      23.7      1.63      2.00      0.00  -9999.00
     1   2005    195   24600.0      12.0      23.0      1.40      2.00      0.00  -9999.00
     1   2005    196   18700.0      15.4      22.5      1.75      2.00     12.20  -9999.00
     1   2005    197   13500.0      14.7      30.3      1.67      2.00      0.00  -9999.00
     1   2005    198   12500.0      11.9      21.1      1.39      2.00      5.00  -9999.00
     1   2005    199   24200.0      15.2      30.4      1.73      2.00      2.40  -9999.00
     1   2005    200    4500.0      12.8      22.9      1.48      2.00      0.00  -9999.00
     1   2005    201    7300.0      12.9      23.7      1.49      2.00      2.00  -9999.00
     1   2005    202   27200.0      17.8      22.2      2.04      2.00      1.40  -9999.00
     1   2005    203   13800.0      13.8      21.6      1.58      2.00      0.40  -9999.00
     1   2005    204    4600.0      15.7      22.3      1.78      2.00      7.10  -9999.00
     1   2005    205    6700.0      15.0      21.6      1.70      2.00      7.70  -9999.00
     1   2005    206   17900.0      15.5      25.9      1.76      2.00      0.40  -9999.00
     1   2005    207   14500.0      12.9      21.0      1.49      2.00      2.10  -9999.00
     1   2005    208   11900.0      12.0      19.8      1.40      2.00      0.40  -9999.00
     1   2005    209   24900.0      10.0      19.5      1.23      2.00      1.40  -9999.00
     1   2005    210   23100.0      15.0      25.0      1.70      2.00      0.00  -9999.00
     1   2005    211   14100.0      13.9      25.1      1.59      2.00      0.00  -9999.00
     1   2005    212   24100.0      16.3      25.3      1.85      2.00      0.00  -9999.00
     1   2005    213   24000.0      13.9      25.6      1.59      2.00      0.00  -9999.00
     1   2005    214   21600.0       8.9      19.1      1.14      2.00      2.70  -9999.00
     1   2005    215   21900.0      10.5      19.1      1.27      2.00     14.70  -9999.00
     1   2005    216   17100.0      12.5      20.3      1.45      2.00      1.40  -9999.00
     1   2005    217    8100.0      12.1      24.8      1.41      2.00      0.00  -9999.00
     1   2005    218   22400.0      12.1      19.3      1.41      2.00      0.00  -9999.00
     1   2005    219   13000.0       7.8      21.7      1.06      2.00      0.00  -9999.00
     1   2005    220   17800.0      11.6      21.2      1.37      2.00      1.00  -9999.00
     1   2005    221    7300.0      14.5      21.3      1.65      2.00      0.30  -9999.00
     1   2005    222   23700.0      19.1      25.4      2.21      2.00      0.00  -9999.00
     1   2005    223   13500.0      15.6      23.4      1.77      2.00      0.00  -9999.00
     1   2005    224   20300.0      13.9      25.1      1.59      2.00      0.20  -9999.00
     1   2005    225   18900.0      18.4      25.9      2.12      2.00      0.00  -9999.00
     1   2005    226   21500.0      13.1      20.5      1.51      2.00      0.00  -9999.00
     1   2005    227   16600.0       9.7      21.2      1.20      2.00      0.00  -9999.00
     1   2005    228   22100.0      12.3      19.2      1.43      2.00      0.00  -9999.00
     1   2005    229    7000.0      14.9      17.6      1.69      2.00      0.00  -9999.00
     1   2005    230   23600.0      14.9      23.6      1.69      2.00      0.00  -9999.00
     1   2005    231   23300.0      14.0      22.2      1.60      2.00      0.00  -9999.00
     1   2005    232   20100.0      15.5      25.2      1.76      2.00      0.00  -9999.00
     1   2005    233    7300.0      15.9      27.5      1.81      2.00      0.00  -9999.00
     1   2005    234   14500.0       8.7      19.8      1.12      2.00      1.80  -9999.00
     1   2005    235   19000.0       6.9      22.1      0.99      2.00      0.00  -9999.00
     1   2005    236   11400.0      14.1      21.7      1.61      2.00      0.00  -9999.00
     1   2005    237   21300.0      17.1      21.4      1.95      2.00      0.00  -9999.00
     1   2005    238   13100.0      14.2      22.1      1.62      2.00      0.00  -9999.00
     1   2005    239   16900.0      16.3      18.3      1.85      2.00      0.30  -9999.00
     1   2005    240    9100.0       8.2      16.8      1.09      2.00      9.60  -9999.00
     1   2005    241   17500.0       8.0      18.7      1.07      2.00      1.50  -9999.00
     1   2005    242    4100.0      10.9      19.7      1.30      2.00      1.90  -9999.00
     1   2005    243   20500.0      10.2      21.7      1.24      2.00      0.00  -9999.00
     1   2005    244   11800.0       7.1      19.4      1.01      2.00      0.00  -9999.00
     1   2005    245   17100.0       9.1      18.7      1.16      2.00      0.70  -9999.00
     1   2005    246   12800.0      16.2      20.6      1.84      2.00      0.10  -9999.00
     1   2005    247    7200.0      11.3      19.6      1.34      2.00      0.00  -9999.00
     1   2005    248    2900.0      11.1      18.9      1.32      2.00      2.20  -9999.00
     1   2005    249   12800.0      12.9      20.3      1.49      2.00      0.00  -9999.00
     1   2005    250    9500.0      12.1      18.6      1.41      2.00      0.10  -9999.00
     1   2005    251    3500.0       9.5      21.2      1.19      2.00     11.70  -9999.00
     1   2005    252    5500.0      10.3      23.4      1.25      2.00      0.00  -9999.00
     1   2005    253   15200.0       8.1      22.3      1.08      2.00      0.00  -9999.00
     1   2005    254   16700.0      10.7      23.8      1.29      2.00      0.00  -9999.00
     1   2005    255   12500.0       9.6      22.3      1.20      2.00      0.00  -9999.00
     1   2005    256    4700.0       9.5      17.9      1.19      2.00      2.40  -9999.00
     1   2005    257    3900.0      10.2      16.7      1.24      2.00      1.20  -9999.00
     1   2005    258    2500.0       6.8      16.4      0.99      2.00      0.00  -9999.00
     1   2005    259   17300.0       9.0      18.3      1.15      2.00      0.00  -9999.00
     1   2005    260   17200.0      10.8      19.7      1.29      2.00      0.00  -9999.00
     1   2005    261    4400.0      11.1      18.8      1.32      2.00      0.00  -9999.00
     1   2005    262   12800.0      10.6      19.6      1.28      2.00     11.30  -9999.00
     1   2005    263   12500.0      12.7      17.0      1.47      2.00      0.10  -9999.00
     1   2005    264   10300.0      15.6      23.1      1.77      2.00      0.60  -9999.00
     1   2005    265    2800.0      13.1      24.3      1.51      2.00      2.70  -9999.00
     1   2005    266    3200.0      10.5      14.1      1.27      2.00      1.30  -9999.00
     1   2005    267    3000.0      12.0      14.0      1.40      2.00      0.10  -9999.00
     1   2005    268    4400.0      11.8      19.3      1.38      2.00     20.30  -9999.00
     1   2005    269   11800.0      11.3      17.7      1.34      2.00      0.10  -9999.00
     1   2005    270    8700.0       5.5      15.9      0.90      2.00      8.60  -9999.00
     1   2005    271    3000.0       9.9      18.5      1.22      2.00     21.30  -9999.00
     1   2005    272   12900.0      12.9      19.1      1.49      2.00      0.10  -9999.00
     1   2005    273    3500.0      10.8      17.6      1.29      2.00      0.10  -9999.00
     1   2005    274   13400.0       7.7      16.2      1.05      2.00      0.00  -9999.00
     1   2005    275    2000.0       7.0      17.5      1.00      2.00      0.20  -9999.00
     1   2005    276    2100.0      15.5      19.2      1.76      2.00      0.90  -9999.00
     1   2005    277    1900.0      11.2      20.4      1.33      2.00      0.50  -9999.00
     1   2005    278   12400.0      12.2      16.4      1.42      2.00      5.70  -9999.00
     1   2005    279   11600.0       8.7      16.5      1.12      2.00      0.20  -9999.00
     1   2005    280    3600.0       7.3      14.1      1.02      2.00      0.50  -9999.00
     1   2005    281    5600.0       2.4      14.8      0.73      2.00      0.00  -9999.00
     1   2005    282    7700.0      11.1      17.5      1.32      2.00      0.00  -9999.00
     1   2005    283    2200.0      10.2      19.1      1.24      2.00      0.60  -9999.00
     1   2005    284    7300.0       8.5      14.5      1.11      2.00      0.30  -9999.00
     1   2005    285    6400.0      10.0      15.3      1.23      2.00      0.00  -9999.00
     1   2005    286    9600.0      13.0      16.7      1.50      2.00      0.00  -9999.00
     1   2005    287   10800.0      11.4      20.0      1.35      2.00      0.00  -9999.00
     1   2005    288    7700.0       4.6      13.3      0.85      2.00      1.80  -9999.00
     1   2005    289    1500.0       7.2       9.7      1.02      2.00      0.20  -9999.00
     1   2005    290    2000.0       4.6      11.6      0.85      2.00      0.50  -9999.00
     1   2005    291    9400.0       3.4      13.2      0.78      2.00      0.40  -9999.00
     1   2005    292    7300.0       6.3      14.1      0.95      2.00      0.00  -9999.00
     1   2005    293    8400.0       4.8      14.2      0.86      2.00      0.00  -9999.00
     1   2005    294    5100.0       6.6      12.8      0.97      2.00      0.00  -9999.00
     1   2005    295    1600.0       9.5      11.7      1.19      2.00      1.00  -9999.00
     1   2005    296    1300.0       5.4      10.5      0.90      2.00      6.10  -9999.00
     1   2005    297    1400.0       0.2      11.4      0.62      2.00      0.50  -9999.00
     1   2005    298    8400.0       4.8       8.6      0.86      2.00      0.00  -9999.00
     1   2005    299    6600.0       7.3       9.2      1.02      2.00      0.30  -9999.00
     1   2005    300    6800.0       8.4      13.9      1.10      2.00      0.00  -9999.00
     1   2005    301    4100.0       4.6      13.3      0.85      2.00      0.00  -9999.00
     1   2005    302    1600.0       2.4       8.0      0.73      2.00      0.70  -9999.00
     1   2005    303    1300.0       5.4      11.1      0.90      2.00     15.50  -9999.00
     1   2005    304    4700.0       4.9      12.7      0.87      2.00      0.00  -9999.00
     1   2005    305    3300.0       5.6      12.4      0.91      2.00      0.00  -9999.00
     1   2005    306    1500.0       6.5      14.8      0.97      2.00      0.00  -9999.00
     1   2005    307    4700.0       4.0      14.6      0.81      2.00      0.00  -9999.00
     1   2005    308    6600.0       8.3      12.0      1.09      2.00      3.20  -9999.00
     1   2005    309    1300.0       7.9       9.9      1.07      2.00      1.90  -9999.00
     1   2005    310    5800.0       2.6      11.3      0.74      2.00      3.00  -9999.00
     1   2005    311    1900.0       6.5      11.0      0.97      2.00      0.20  -9999.00
     1   2005    312    4700.0       5.3      12.2      0.89      2.00      2.70  -9999.00
     1   2005    313    5900.0       1.2      13.3      0.67      2.00      6.00  -9999.00
     1   2005    314    3200.0       4.9       9.8      0.87      2.00      2.20  -9999.00
     1   2005    315    3800.0       3.9       9.5      0.81      2.00      0.10  -9999.00
     1   2005    316    1500.0       0.2       5.1      0.62      2.00      0.00  -9999.00
     1   2005    317    2700.0       3.6       6.0      0.79      2.00      0.00  -9999.00
     1   2005    318    6200.0       2.0       5.9      0.71      2.00      0.00  -9999.00
     1   2005    319    3600.0       0.0       5.9      0.61      2.00      0.00  -9999.00
     1   2005    320    1800.0      -0.4       8.4      0.59      2.00      0.00  -9999.00
     1   2005    321    5500.0       1.2       6.2      0.67      2.00      0.10  -9999.00
     1   2005    322    6400.0       5.0      10.6      0.87      2.00      0.00  -9999.00
     1   2005    323    5000.0       3.2      11.6      0.77      2.00      0.00  -9999.00
     1   2005    324    4700.0      -4.3       5.0      0.44      2.00      0.00  -9999.00
     1   2005    325     800.0       0.0       8.4      0.61      2.00      0.00  -9999.00
     1   2005    326    5400.0       3.1       9.8      0.76      2.00      0.00  -9999.00
     1   2005    327    1100.0       0.6       7.9      0.64      2.00      0.00  -9999.00
     1   2005    328    2900.0       5.5      13.2      0.90      2.00      0.00  -9999.00
     1   2005    329    4700.0       7.3      12.6      1.02      2.00      0.00  -9999.00
     1   2005    330     900.0       4.6      10.6      0.85      2.00      0.00  -9999.00
     1   2005    331    1500.0       2.1       8.5      0.71      2.00      0.00  -9999.00
     1   2005    332    1000.0       8.7      12.6      1.12      2.00      1.50  -9999.00
     1   2005    333    4700.0       8.6      11.5      1.12      2.00      2.50  -9999.00
     1   2005    334    5300.0       2.7       8.7      0.74      2.00      2.80  -9999.00
     1   2005    335    4700.0      -0.7       4.8      0.58      2.00      0.00  -9999.00
     1   2005    336     800.0       3.6      10.1      0.79      2.00      0.90  -9999.00
     1   2005    337     700.0       1.3      10.3      0.67      2.00      0.00  -9999.00
     1   2005    338     800.0       0.4       6.5      0.63      2.00      0.10  -9999.00
     1   2005    339    1400.0       0.1       2.8      0.62      2.00      0.20  -9999.00
     1   2005    340    2500.0       3.5       8.1      0.78      2.00      0.10  -9999.00
     1   2005    341     700.0       6.4       7.3      0.96      2.00      3.00  -9999.00
     1   2005    342    4100.0       2.4       9.3      0.73      2.00      5.30  -9999.00
     1   2005    343    4100.0      -0.5      12.6      0.59      2.00      0.80  -9999.00
     1   2005    344     600.0      -1.0       4.2      0.57      2.00      0.00  -9999.00
     1   2005    345     700.0      -5.0       4.1      0.42      2.00      0.10  -9999.00
     1   2005    346    1300.0       0.8       4.2      0.65      2.00      1.10  -9999.00
     1   2005    347    2600.0      -1.4      -1.0      0.55      2.00      4.20  -9999.00
     1   2005    348    1700.0       1.1       5.4      0.66      2.00      0.40  -9999.00
     1   2005    349    3600.0       3.9       4.4      0.81      2.00      0.40  -9999.00
     1   2005    350    1500.0      -1.4       6.3      0.55      2.00     10.60  -9999.00
     1   2005    351    3000.0       1.2       6.9      0.67      2.00      0.00  -9999.00
     1   2005    352     600.0       3.7       8.8      0.80      2.00      0.00  -9999.00
     1   2005    353     600.0       6.3      13.0      0.95      2.00      0.00  -9999.00
     1   2005    354     800.0       0.6       9.0      0.64      2.00      0.60  -9999.00
     1   2005    355     700.0       0.5       9.8      0.63      2.00      0.50  -9999.00
     1   2005    356     800.0       5.0      12.3      0.87      2.00     15.20  -9999.00
     1   2005    357     600.0       2.2       8.5      0.72      2.00      0.00  -9999.00
     1   2005    358    2200.0       6.5       9.1      0.97      2.00      0.00  -9999.00
     1   2005    359    1100.0       7.1       7.6      1.01      2.00      3.10  -9999.00
     1   2005    360     700.0       6.3       8.7      0.95      2.00      0.70  -9999.00
     1   2005    361    4000.0       5.4       8.0      0.90      2.00      4.90  -9999.00
     1   2005    362     900.0       2.5       8.6      0.73      2.00      0.20  -9999.00
     1   2005    363    3200.0       0.5      11.2      0.63      2.00      0.80  -9999.00
     1   2005    364    2200.0       1.3       5.0      0.67      2.00      0.00  -9999.00
     1   2005    365    3000.0       0.8       4.8      0.65      2.00      0.00  -9999.00
