*-----------------------------------------------------------------------------* 
           WHWG_180.met           52.12    0.96   89.00
* Date created:  08-Aug-2019     Author: K Coleman 
* 
* NIL VALUE       -9999 
* Source:   data provided by M. Semenov 
*  
* Latitude:    52.12 Longitude:     0.96 Altitude:    89.00
* 
* Column  Daily value 
* 1       station number 
* 2       year 
* 3       day 
* 4       irradiation                   (kJ m-2 d-1) 
* 5       minimum temperature           (degrees Celsius) 
* 6       maximum temperature           (degrees Celsius) 
* 7       early morning vapour pressure (kPa)             
* 8       mean wind speed (height: 2 m?) (m s-1)          
* 9       precipitation                 (mm d-1)          
* 10      sunshine                      (hrs)             
 		Jday	RAD	    TMIN	TMAX	 VAP	wind	RAIN	SUN  
               kj/m2	°C	    °C	     kPa	m/s	    mm	    hrs 
   52.12  89.00
     1   2005      1    3900.0      -2.2       9.6      0.52      2.00      0.00  -9999.00
     1   2005      2     700.0       5.6      11.1      0.91      2.00     10.10  -9999.00
     1   2005      3    1100.0       4.3       9.0      0.83      2.00      0.40  -9999.00
     1   2005      4     700.0      -0.4       7.1      0.59      2.00      2.60  -9999.00
     1   2005      5    3300.0      -5.3       7.0      0.41      2.00      0.00  -9999.00
     1   2005      6     800.0      -2.0       0.0      0.53      2.00      0.10  -9999.00
     1   2005      7     700.0      -2.7       3.2      0.50      2.00      0.40  -9999.00
     1   2005      8    4500.0      -2.4       4.7      0.51      2.00      0.00  -9999.00
     1   2005      9     800.0       0.4       7.5      0.63      2.00      0.20  -9999.00
     1   2005     10     900.0      -0.9       4.1      0.57      2.00      0.10  -9999.00
     1   2005     11     700.0       0.6       6.9      0.64      2.00      0.50  -9999.00
     1   2005     12    5500.0       4.3       7.9      0.83      2.00      0.10  -9999.00
     1   2005     13    2000.0       1.8       7.1      0.70      2.00      0.10  -9999.00
     1   2005     14    1500.0       2.4       8.2      0.73      2.00      0.00  -9999.00
     1   2005     15     700.0       1.0       7.2      0.66      2.00      0.00  -9999.00
     1   2005     16    3700.0       0.2       1.4      0.62      2.00      0.00  -9999.00
     1   2005     17     800.0       1.6       2.8      0.69      2.00      0.00  -9999.00
     1   2005     18     800.0      -0.3       6.3      0.60      2.00      0.00  -9999.00
     1   2005     19     900.0       2.1       7.7      0.71      2.00      0.00  -9999.00
     1   2005     20    3700.0       4.7       9.7      0.85      2.00      0.00  -9999.00
     1   2005     21     800.0       3.5       8.7      0.78      2.00      2.30  -9999.00
     1   2005     22    5700.0       5.5      10.1      0.90      2.00      0.00  -9999.00
     1   2005     23     900.0       5.1      10.3      0.88      2.00      0.30  -9999.00
     1   2005     24     800.0      -2.2       4.5      0.52      2.00      0.10  -9999.00
     1   2005     25     900.0      -1.2       4.6      0.56      2.00      0.20  -9999.00
     1   2005     26    6000.0       2.6       6.9      0.74      2.00      0.00  -9999.00
     1   2005     27    3600.0      -0.1       9.2      0.61      2.00      3.80  -9999.00
     1   2005     28    1600.0      -0.3       3.4      0.60      2.00      7.30  -9999.00
     1   2005     29    1000.0      -7.5       3.7      0.35      2.00      0.00  -9999.00
     1   2005     30     900.0       1.3       7.0      0.67      2.00      0.00  -9999.00
     1   2005     31    7300.0       5.0       9.0      0.87      2.00      0.30  -9999.00
     1   2005     32    3900.0       3.9      10.4      0.81      2.00      0.70  -9999.00
     1   2005     33    1000.0       0.5      10.5      0.63      2.00      0.30  -9999.00
     1   2005     34    6400.0       3.0       7.1      0.76      2.00      5.10  -9999.00
     1   2005     35    1100.0       2.6       7.0      0.74      2.00      0.10  -9999.00
     1   2005     36    1100.0       5.0      10.0      0.87      2.00      0.10  -9999.00
     1   2005     37    4700.0       2.9       9.9      0.75      2.00      0.00  -9999.00
     1   2005     38    2900.0       3.7       7.7      0.80      2.00      0.00  -9999.00
     1   2005     39    1300.0       4.5       7.7      0.84      2.00      0.00  -9999.00
     1   2005     40    4900.0      -1.4       0.1      0.55      2.00      0.00  -9999.00
     1   2005     41    1100.0      -3.8       4.1      0.46      2.00      0.00  -9999.00
     1   2005     42    6700.0       1.0       4.6      0.66      2.00      1.30  -9999.00
     1   2005     43    5900.0      -1.8       0.2      0.54      2.00      0.00  -9999.00
     1   2005     44    1100.0       0.7       8.7      0.64      2.00      0.00  -9999.00
     1   2005     45    6500.0       1.8      10.9      0.70      2.00      0.00  -9999.00
     1   2005     46    8700.0      -4.1       1.9      0.45      2.00      0.00  -9999.00
     1   2005     47    3800.0      -2.9      -0.9      0.49      2.00      2.30  -9999.00
     1   2005     48    1400.0       2.0       6.8      0.71      2.00      0.50  -9999.00
     1   2005     49    1200.0      -0.2       7.6      0.60      2.00      0.30  -9999.00
     1   2005     50    4500.0       5.1       9.4      0.88      2.00     16.80  -9999.00
     1   2005     51    1400.0       3.6      10.2      0.79      2.00      1.00  -9999.00
     1   2005     52    2000.0       3.4       8.1      0.78      2.00      5.20  -9999.00
     1   2005     53    8400.0       2.5       4.5      0.73      2.00      0.00  -9999.00
     1   2005     54    6500.0       4.1      10.1      0.82      2.00      0.00  -9999.00
     1   2005     55    9200.0       4.6      11.0      0.85      2.00      0.10  -9999.00
     1   2005     56    1400.0       2.5       6.7      0.73      2.00      0.00  -9999.00
     1   2005     57    3900.0      -0.5       9.3      0.59      2.00      0.00  -9999.00
     1   2005     58    1600.0       3.5       8.8      0.78      2.00      0.10  -9999.00
     1   2005     59   10400.0      -0.6       6.9      0.58      2.00      0.00  -9999.00
     1   2005     60    9400.0       1.5      12.7      0.68      2.00      0.00  -9999.00
     1   2005     61    1600.0       2.8      10.3      0.75      2.00      1.10  -9999.00
     1   2005     62   11300.0       2.2       7.8      0.72      2.00      0.00  -9999.00
     1   2005     63   11600.0       1.2       9.2      0.67      2.00      0.00  -9999.00
     1   2005     64    5100.0      -2.0       6.2      0.53      2.00      0.80  -9999.00
     1   2005     65    2600.0       1.2       3.6      0.67      2.00      1.10  -9999.00
     1   2005     66    7600.0       6.2      14.9      0.95      2.00      0.00  -9999.00
     1   2005     67    8200.0       2.1      12.1      0.71      2.00      0.00  -9999.00
     1   2005     68   10100.0       0.1       9.4      0.62      2.00      0.10  -9999.00
     1   2005     69   12500.0       3.4       6.3      0.78      2.00      0.00  -9999.00
     1   2005     70   12500.0       3.0       8.0      0.76      2.00      0.00  -9999.00
     1   2005     71    6600.0       4.1      10.1      0.82      2.00      0.50  -9999.00
     1   2005     72   15100.0      -1.8       2.5      0.54      2.00      0.00  -9999.00
     1   2005     73    2800.0       2.2       2.6      0.72      2.00      0.00  -9999.00
     1   2005     74   10000.0       1.9      10.5      0.70      2.00      0.00  -9999.00
     1   2005     75    4700.0       2.1      13.8      0.71      2.00      0.00  -9999.00
     1   2005     76    2200.0       2.5      12.5      0.73      2.00      0.00  -9999.00
     1   2005     77    4800.0       5.3      10.8      0.89      2.00      0.00  -9999.00
     1   2005     78   13900.0       2.0      11.5      0.71      2.00      0.00  -9999.00
     1   2005     79    4200.0       1.7      13.3      0.69      2.00      0.00  -9999.00
     1   2005     80    9100.0       3.3      10.4      0.77      2.00      2.80  -9999.00
     1   2005     81    2300.0       4.0      10.1      0.81      2.00      2.80  -9999.00
     1   2005     82    6500.0       2.4       8.0      0.73      2.00      1.80  -9999.00
     1   2005     83    2200.0       2.6      10.2      0.74      2.00      0.90  -9999.00
     1   2005     84   15600.0       3.9      11.7      0.81      2.00      3.10  -9999.00
     1   2005     85    4000.0       1.2      15.1      0.67      2.00      0.00  -9999.00
     1   2005     86    7300.0       2.5      14.0      0.73      2.00      0.00  -9999.00
     1   2005     87   13100.0       0.2      12.8      0.62      2.00      5.80  -9999.00
     1   2005     88   15700.0       2.7      10.5      0.74      2.00      0.30  -9999.00
     1   2005     89    8600.0      -0.5       9.5      0.59      2.00      1.10  -9999.00
     1   2005     90    8800.0       1.5       8.3      0.68      2.00      0.60  -9999.00
     1   2005     91   13300.0       0.0      10.7      0.61      2.00      0.00  -9999.00
     1   2005     92    3700.0      -0.4       9.8      0.59      2.00      5.40  -9999.00
     1   2005     93   18300.0       1.9      12.6      0.70      2.00      4.90  -9999.00
     1   2005     94    4500.0       3.6      13.6      0.79      2.00      0.80  -9999.00
     1   2005     95   16700.0       4.8      14.1      0.86      2.00      0.00  -9999.00
     1   2005     96   10100.0       7.1      11.0      1.01      2.00      6.20  -9999.00
     1   2005     97   13500.0       5.8       8.2      0.92      2.00      0.10  -9999.00
     1   2005     98    5500.0       0.3       9.1      0.62      2.00      3.40  -9999.00
     1   2005     99    8500.0      -1.7       9.1      0.54      2.00      2.60  -9999.00
     1   2005    100   17100.0       2.1      15.0      0.71      2.00      0.00  -9999.00
     1   2005    101   15700.0       2.2      16.0      0.72      2.00      0.00  -9999.00
     1   2005    102    3900.0       5.8      10.4      0.92      2.00      1.20  -9999.00
     1   2005    103   10200.0       5.4      12.7      0.90      2.00      3.30  -9999.00
     1   2005    104    8800.0       4.3      11.3      0.83      2.00      3.50  -9999.00
     1   2005    105    3700.0       2.0       8.4      0.71      2.00      2.00  -9999.00
     1   2005    106    4400.0       6.4      13.9      0.96      2.00      0.20  -9999.00
     1   2005    107   13400.0       7.5      16.5      1.04      2.00      1.50  -9999.00
     1   2005    108   12300.0       2.6      11.5      0.74      2.00      0.50  -9999.00
     1   2005    109   20100.0       6.0      10.0      0.93      2.00      3.60  -9999.00
     1   2005    110   20000.0       4.9      14.1      0.87      2.00      1.80  -9999.00
     1   2005    111   13800.0       2.5      20.8      0.73      2.00      0.00  -9999.00
     1   2005    112   19700.0       0.5      14.0      0.63      2.00      0.00  -9999.00
     1   2005    113   16900.0       4.7      11.9      0.85      2.00      0.00  -9999.00
     1   2005    114    9000.0       5.4      14.9      0.90      2.00      0.10  -9999.00
     1   2005    115   19600.0       4.4      18.2      0.84      2.00      0.00  -9999.00
     1   2005    116    9800.0       6.6      18.2      0.97      2.00      0.00  -9999.00
     1   2005    117   20300.0       7.7      17.6      1.05      2.00      0.00  -9999.00
     1   2005    118    7800.0       5.5      13.3      0.90      2.00      0.00  -9999.00
     1   2005    119   23800.0       7.1      12.9      1.01      2.00      0.00  -9999.00
     1   2005    120   16700.0       2.0      12.9      0.71      2.00      0.10  -9999.00
     1   2005    121   17900.0       5.2      18.0      0.88      2.00      0.00  -9999.00
     1   2005    122   19800.0       1.2      11.4      0.67      2.00      0.00  -9999.00
     1   2005    123    5200.0       2.9      11.1      0.75      2.00      0.20  -9999.00
     1   2005    124   22400.0       7.0      14.0      1.00      2.00      2.60  -9999.00
     1   2005    125   24800.0       5.3      19.0      0.89      2.00      0.00  -9999.00
     1   2005    126    9500.0       5.8      11.9      0.92      2.00      0.40  -9999.00
     1   2005    127   16200.0       7.9      10.3      1.07      2.00     11.30  -9999.00
     1   2005    128   27100.0       7.6      13.8      1.04      2.00      0.00  -9999.00
     1   2005    129    7300.0       8.2      11.7      1.09      2.00     32.20  -9999.00
     1   2005    130    4100.0       5.6      13.7      0.91      2.00      1.00  -9999.00
     1   2005    131   17800.0       5.8      13.7      0.92      2.00      0.00  -9999.00
     1   2005    132   20400.0       7.1      17.2      1.01      2.00      0.30  -9999.00
     1   2005    133   19500.0       4.9      16.1      0.87      2.00      1.00  -9999.00
     1   2005    134    5500.0       4.3      10.1      0.83      2.00      0.30  -9999.00
     1   2005    135   12700.0       2.5      11.3      0.73      2.00      6.10  -9999.00
     1   2005    136    4900.0       8.4      16.1      1.10      2.00      2.80  -9999.00
     1   2005    137    9100.0      10.5      16.1      1.27      2.00      3.20  -9999.00
     1   2005    138   23400.0       8.2      16.6      1.09      2.00      0.60  -9999.00
     1   2005    139    4200.0      10.9      18.1      1.30      2.00      0.20  -9999.00
     1   2005    140   20800.0      12.5      17.7      1.45      2.00      1.40  -9999.00
     1   2005    141    4700.0       8.7      17.5      1.12      2.00      0.30  -9999.00
     1   2005    142   12400.0       9.4      15.0      1.18      2.00      7.50  -9999.00
     1   2005    143   22700.0       7.8      17.5      1.06      2.00      0.80  -9999.00
     1   2005    144   26000.0       8.3      16.7      1.09      2.00      0.50  -9999.00
     1   2005    145    5400.0       4.4      18.6      0.84      2.00      0.80  -9999.00
     1   2005    146   14300.0       8.0      17.2      1.07      2.00      3.20  -9999.00
     1   2005    147   22400.0      11.6      17.8      1.37      2.00      0.00  -9999.00
     1   2005    148    7700.0      10.3      17.1      1.25      2.00      0.00  -9999.00
     1   2005    149   11700.0       9.6      18.0      1.20      2.00      0.00  -9999.00
     1   2005    150    5900.0       7.1      16.4      1.01      2.00      0.00  -9999.00
     1   2005    151   27800.0       2.2      18.6      0.72      2.00      0.00  -9999.00
     1   2005    152   25400.0       9.7      23.7      1.20      2.00      0.00  -9999.00
     1   2005    153   22900.0       9.5      23.2      1.19      2.00      0.00  -9999.00
     1   2005    154   22400.0      12.1      22.4      1.41      2.00      0.00  -9999.00
     1   2005    155    5000.0       9.8      20.9      1.21      2.00      0.00  -9999.00
     1   2005    156   26600.0       7.7      17.2      1.05      2.00      0.00  -9999.00
     1   2005    157   26900.0       6.9      17.5      0.99      2.00      0.00  -9999.00
     1   2005    158   20700.0       9.3      18.9      1.17      2.00      0.00  -9999.00
     1   2005    159   28400.0       7.3      17.8      1.02      2.00      0.00  -9999.00
     1   2005    160   19300.0       8.0      21.1      1.07      2.00      0.00  -9999.00
     1   2005    161    4500.0       8.2      16.8      1.09      2.00      0.50  -9999.00
     1   2005    162   14000.0      10.1      18.2      1.24      2.00      2.20  -9999.00
     1   2005    163   27100.0       8.4      15.8      1.10      2.00      5.30  -9999.00
     1   2005    164   12300.0      10.6      16.4      1.28      2.00     16.70  -9999.00
     1   2005    165   20100.0      13.4      15.4      1.54      2.00      0.90  -9999.00
     1   2005    166   13300.0      10.7      17.5      1.29      2.00      9.50  -9999.00
     1   2005    167   17200.0      11.0      16.6      1.31      2.00      0.40  -9999.00
     1   2005    168   23100.0      10.4      17.0      1.26      2.00      8.80  -9999.00
     1   2005    169    4900.0       5.8      14.6      0.92      2.00      1.90  -9999.00
     1   2005    170   19300.0       9.2      18.8      1.16      2.00      1.40  -9999.00
     1   2005    171   11700.0      10.6      24.6      1.28      2.00      0.00  -9999.00
     1   2005    172    8600.0       9.2      15.0      1.16      2.00      0.90  -9999.00
     1   2005    173   17700.0       6.7      14.2      0.98      2.00     16.50  -9999.00
     1   2005    174   16600.0      11.4      18.7      1.35      2.00      0.00  -9999.00
     1   2005    175   12200.0       8.5      15.0      1.11      2.00      8.10  -9999.00
     1   2005    176   23900.0       6.6      15.4      0.97      2.00      1.50  -9999.00
     1   2005    177   26400.0       7.4      20.2      1.03      2.00      0.00  -9999.00
     1   2005    178    4400.0       9.9      17.6      1.22      2.00      3.90  -9999.00
     1   2005    179   20700.0      11.0      18.4      1.31      2.00      1.20  -9999.00
     1   2005    180    7000.0       8.8      17.9      1.13      2.00      0.70  -9999.00
     1   2005    181   18900.0      10.5      16.4      1.27      2.00      1.30  -9999.00
     1   2005    182   19500.0       6.8      17.7      0.99      2.00      0.00  -9999.00
     1   2005    183    5200.0       9.8      15.4      1.21      2.00      4.50  -9999.00
     1   2005    184    7700.0      12.2      20.9      1.42      2.00      1.20  -9999.00
     1   2005    185   13200.0      11.4      20.6      1.35      2.00      3.30  -9999.00
     1   2005    186   13100.0       6.1      14.9      0.94      2.00      0.00  -9999.00
     1   2005    187   13900.0      10.5      17.9      1.27      2.00      4.80  -9999.00
     1   2005    188   26500.0      16.6      26.9      1.89      2.00      0.00  -9999.00
     1   2005    189    5200.0      14.8      29.2      1.68      2.00      0.80  -9999.00
     1   2005    190   10400.0      11.8      21.0      1.38      2.00      0.40  -9999.00
     1   2005    191   26400.0      11.7      22.6      1.37      2.00      0.00  -9999.00
     1   2005    192    8900.0       9.5      18.0      1.19      2.00      0.00  -9999.00
     1   2005    193   24900.0      12.5      20.4      1.45      2.00      0.00  -9999.00
     1   2005    194   21400.0      12.0      21.8      1.40      2.00      0.00  -9999.00
     1   2005    195   22500.0       9.2      22.3      1.16      2.00      0.00  -9999.00
     1   2005    196   24800.0      15.0      28.3      1.70      2.00      0.00  -9999.00
     1   2005    197   13100.0      15.8      21.1      1.79      2.00      4.70  -9999.00
     1   2005    198   28400.0      13.9      25.3      1.59      2.00      0.00  -9999.00
     1   2005    199   27100.0      10.7      27.1      1.29      2.00      0.00  -9999.00
     1   2005    200   18300.0      13.0      23.0      1.50      2.00      0.00  -9999.00
     1   2005    201   18200.0      14.0      20.5      1.60      2.00      0.00  -9999.00
     1   2005    202   25600.0      12.0      22.9      1.40      2.00      0.00  -9999.00
     1   2005    203   23100.0      13.3      21.6      1.53      2.00      0.50  -9999.00
     1   2005    204   24400.0      13.7      20.9      1.57      2.00      0.80  -9999.00
     1   2005    205   10800.0      10.4      19.0      1.26      2.00      1.30  -9999.00
     1   2005    206   27700.0      12.5      21.3      1.45      2.00      0.00  -9999.00
     1   2005    207   21000.0      13.9      17.0      1.59      2.00      0.00  -9999.00
     1   2005    208   26900.0      14.9      24.1      1.69      2.00      0.00  -9999.00
     1   2005    209   25700.0      17.1      23.9      1.95      2.00      0.00  -9999.00
     1   2005    210   20000.0      11.9      18.8      1.39      2.00      0.30  -9999.00
     1   2005    211    4300.0      15.6      17.6      1.77      2.00      5.20  -9999.00
     1   2005    212   14900.0      10.9      18.2      1.30      2.00     13.50  -9999.00
     1   2005    213    7000.0       9.0      19.6      1.15      2.00     28.20  -9999.00
     1   2005    214   23600.0      15.7      23.3      1.78      2.00      0.40  -9999.00
     1   2005    215   20000.0      12.9      34.0      1.49      2.00      7.20  -9999.00
     1   2005    216    3900.0      14.9      21.0      1.69      2.00      0.90  -9999.00
     1   2005    217    9800.0      13.8      23.0      1.58      2.00      0.00  -9999.00
     1   2005    218   20100.0      11.3      21.2      1.34      2.00      0.00  -9999.00
     1   2005    219   23000.0      12.2      18.5      1.42      2.00      7.10  -9999.00
     1   2005    220   23300.0      13.8      20.8      1.58      2.00      0.30  -9999.00
     1   2005    221   12300.0       9.9      22.3      1.22      2.00     45.40  -9999.00
     1   2005    222   15700.0      14.4      22.7      1.64      2.00      0.00  -9999.00
     1   2005    223   20900.0      14.4      21.0      1.64      2.00      7.90  -9999.00
     1   2005    224   19700.0      12.2      19.1      1.42      2.00      6.20  -9999.00
     1   2005    225   18000.0      14.6      21.9      1.66      2.00      0.00  -9999.00
     1   2005    226   22200.0      15.7      23.9      1.78      2.00      0.00  -9999.00
     1   2005    227   20600.0      14.2      23.8      1.62      2.00      0.00  -9999.00
     1   2005    228   23500.0      17.8      26.7      2.04      2.00      0.00  -9999.00
     1   2005    229    8800.0      14.7      23.4      1.67      2.00      0.10  -9999.00
     1   2005    230   21800.0      15.0      24.2      1.70      2.00      3.20  -9999.00
     1   2005    231    7300.0      13.4      22.5      1.54      2.00      4.40  -9999.00
     1   2005    232   12100.0      13.1      21.2      1.51      2.00      9.20  -9999.00
     1   2005    233   22500.0      10.9      24.3      1.30      2.00      0.00  -9999.00
     1   2005    234   17800.0       9.5      20.0      1.19      2.00      5.70  -9999.00
     1   2005    235   14900.0       8.3      22.1      1.09      2.00      1.30  -9999.00
     1   2005    236   20200.0      13.5      21.1      1.55      2.00      1.50  -9999.00
     1   2005    237    6200.0      16.2      21.6      1.84      2.00     15.20  -9999.00
     1   2005    238   13900.0      13.8      21.4      1.58      2.00      4.90  -9999.00
     1   2005    239   10500.0      14.1      29.6      1.61      2.00      0.00  -9999.00
     1   2005    240   14000.0      13.1      21.9      1.51      2.00      0.00  -9999.00
     1   2005    241   22100.0       9.0      19.3      1.15      2.00      0.00  -9999.00
     1   2005    242   12900.0      12.6      24.1      1.46      2.00      0.00  -9999.00
     1   2005    243   18600.0      13.7      21.4      1.57      2.00      0.00  -9999.00
     1   2005    244   15400.0       8.8      19.8      1.13      2.00      0.00  -9999.00
     1   2005    245   16700.0      13.1      22.2      1.51      2.00      0.00  -9999.00
     1   2005    246   20800.0       7.6      18.6      1.04      2.00      0.00  -9999.00
     1   2005    247   19100.0      10.4      17.3      1.26      2.00      0.00  -9999.00
     1   2005    248    5300.0      10.6      17.1      1.28      2.00      0.00  -9999.00
     1   2005    249   18800.0      11.9      17.4      1.39      2.00      0.00  -9999.00
     1   2005    250   16300.0      12.9      18.6      1.49      2.00      0.00  -9999.00
     1   2005    251   14400.0      10.9      18.0      1.30      2.00      0.00  -9999.00
     1   2005    252   12600.0      10.4      19.8      1.26      2.00      3.00  -9999.00
     1   2005    253   18500.0      14.4      19.5      1.64      2.00      0.10  -9999.00
     1   2005    254   11700.0      11.2      23.8      1.33      2.00      0.00  -9999.00
     1   2005    255    3100.0      15.2      18.8      1.73      2.00      0.10  -9999.00
     1   2005    256   14100.0      11.2      19.6      1.33      2.00      1.30  -9999.00
     1   2005    257    8000.0      14.4      17.8      1.64      2.00      0.10  -9999.00
     1   2005    258   10200.0      10.1      17.4      1.24      2.00      0.10  -9999.00
     1   2005    259   16700.0      10.4      16.7      1.26      2.00      2.60  -9999.00
     1   2005    260    6900.0       8.3      16.4      1.09      2.00      7.40  -9999.00
     1   2005    261    9900.0       8.9      13.0      1.14      2.00      0.10  -9999.00
     1   2005    262   17200.0      11.3      19.7      1.34      2.00      0.00  -9999.00
     1   2005    263   11200.0      13.8      16.8      1.58      2.00      2.90  -9999.00
     1   2005    264    2800.0      10.3      17.5      1.25      2.00      5.20  -9999.00
     1   2005    265    8700.0      11.1      16.8      1.32      2.00      0.00  -9999.00
     1   2005    266    6000.0       8.2      16.0      1.09      2.00      0.00  -9999.00
     1   2005    267   12500.0      12.0      17.3      1.40      2.00      0.10  -9999.00
     1   2005    268    2500.0       8.0      17.2      1.07      2.00      1.60  -9999.00
     1   2005    269    4700.0       9.2      17.0      1.16      2.00      0.10  -9999.00
     1   2005    270   11300.0       7.8      17.1      1.06      2.00      0.00  -9999.00
     1   2005    271    9000.0      12.3      18.0      1.43      2.00      0.00  -9999.00
     1   2005    272   11800.0      10.7      21.4      1.29      2.00      0.00  -9999.00
     1   2005    273   11100.0      11.3      19.5      1.34      2.00      0.00  -9999.00
     1   2005    274    8000.0       3.4      13.2      0.78      2.00      6.90  -9999.00
     1   2005    275   14300.0       7.1      13.0      1.01      2.00      5.70  -9999.00
     1   2005    276    7400.0       8.4      13.8      1.10      2.00      3.90  -9999.00
     1   2005    277    5000.0       7.6      12.3      1.04      2.00      5.70  -9999.00
     1   2005    278    6600.0       9.7      17.5      1.20      2.00      3.70  -9999.00
     1   2005    279    7900.0      10.2      16.3      1.24      2.00      0.00  -9999.00
     1   2005    280    7400.0      10.9      15.4      1.30      2.00      1.80  -9999.00
     1   2005    281   11100.0       6.7      18.1      0.98      2.00      0.00  -9999.00
     1   2005    282    9000.0       7.1      14.8      1.01      2.00      0.00  -9999.00
     1   2005    283    4000.0       7.1      16.5      1.01      2.00     10.10  -9999.00
     1   2005    284    7900.0       7.7      14.9      1.05      2.00      0.30  -9999.00
     1   2005    285    9900.0       3.8      14.8      0.80      2.00      0.00  -9999.00
     1   2005    286    8500.0       7.9      12.0      1.07      2.00      2.10  -9999.00
     1   2005    287    9500.0       9.0      13.1      1.15      2.00      0.30  -9999.00
     1   2005    288    3900.0       2.6      11.8      0.74      2.00      0.00  -9999.00
     1   2005    289    4900.0       7.1      12.1      1.01      2.00      0.00  -9999.00
     1   2005    290    1600.0       4.6      12.9      0.85      2.00      2.10  -9999.00
     1   2005    291    9100.0       7.1       9.0      1.01      2.00      0.00  -9999.00
     1   2005    292    6500.0       8.8      13.4      1.13      2.00      6.10  -9999.00
     1   2005    293    7400.0      11.1      12.4      1.32      2.00      0.20  -9999.00
     1   2005    294    1900.0       9.3      17.6      1.17      2.00      2.90  -9999.00
     1   2005    295    5800.0       6.4      15.4      0.96      2.00      2.30  -9999.00
     1   2005    296    6000.0       7.2      11.4      1.02      2.00      4.00  -9999.00
     1   2005    297   10200.0       2.8       9.4      0.75      2.00      0.00  -9999.00
     1   2005    298    2000.0       9.4      15.1      1.18      2.00      0.00  -9999.00
     1   2005    299    7300.0       8.2      15.4      1.09      2.00      0.20  -9999.00
     1   2005    300    1300.0       3.3      12.4      0.77      2.00      1.90  -9999.00
     1   2005    301    8100.0       4.7       8.6      0.85      2.00      0.00  -9999.00
     1   2005    302    6300.0      13.4      17.8      1.54      2.00      0.00  -9999.00
     1   2005    303    1500.0      11.6      13.3      1.37      2.00      0.50  -9999.00
     1   2005    304    2600.0       7.2      11.8      1.02      2.00      0.00  -9999.00
     1   2005    305    7200.0       7.0      11.2      1.00      2.00      0.00  -9999.00
     1   2005    306    5200.0       3.0      11.4      0.76      2.00      5.10  -9999.00
     1   2005    307    1100.0       2.6       8.3      0.74      2.00      1.80  -9999.00
     1   2005    308    6400.0       8.1      12.1      1.08      2.00      1.50  -9999.00
     1   2005    309    1500.0       8.3      10.3      1.09      2.00      1.00  -9999.00
     1   2005    310    3300.0       4.3       9.6      0.83      2.00      0.00  -9999.00
     1   2005    311    5800.0       6.6       8.6      0.97      2.00      0.00  -9999.00
     1   2005    312    6800.0       2.9       9.3      0.75      2.00      0.00  -9999.00
     1   2005    313    6200.0       3.5      12.1      0.78      2.00      3.00  -9999.00
     1   2005    314    4900.0       5.5      12.0      0.90      2.00      0.40  -9999.00
     1   2005    315    3200.0       5.3      10.1      0.89      2.00      0.00  -9999.00
     1   2005    316    6300.0       3.0       7.4      0.76      2.00      0.00  -9999.00
     1   2005    317    5600.0       2.6       9.5      0.74      2.00      0.00  -9999.00
     1   2005    318    1000.0       4.2       5.9      0.82      2.00      0.00  -9999.00
     1   2005    319    2500.0       1.3       8.2      0.67      2.00      0.00  -9999.00
     1   2005    320    5800.0       3.2      12.6      0.77      2.00      0.00  -9999.00
     1   2005    321    1800.0       7.6      14.2      1.04      2.00      0.00  -9999.00
     1   2005    322    1400.0       0.9      10.4      0.65      2.00      5.00  -9999.00
     1   2005    323    3700.0       2.7      10.1      0.74      2.00      0.20  -9999.00
     1   2005    324    2500.0       6.6      13.7      0.97      2.00      0.30  -9999.00
     1   2005    325    1500.0       6.8      11.0      0.99      2.00      0.40  -9999.00
     1   2005    326    5700.0       2.4       5.6      0.73      2.00      0.00  -9999.00
     1   2005    327    3600.0       1.7       9.9      0.69      2.00      3.40  -9999.00
     1   2005    328    1100.0       7.6      13.3      1.04      2.00      2.90  -9999.00
     1   2005    329    2000.0       6.2      11.2      0.95      2.00      0.00  -9999.00
     1   2005    330    4900.0       6.6       8.9      0.97      2.00      0.00  -9999.00
     1   2005    331    4500.0       3.6       9.6      0.79      2.00      0.00  -9999.00
     1   2005    332    1900.0       3.0       9.6      0.76      2.00      3.00  -9999.00
     1   2005    333     900.0       3.5       9.8      0.78      2.00      0.30  -9999.00
     1   2005    334     800.0       4.9       8.9      0.87      2.00      0.10  -9999.00
     1   2005    335     700.0       6.1       8.1      0.94      2.00      1.10  -9999.00
     1   2005    336     700.0       5.0      12.7      0.87      2.00      0.30  -9999.00
     1   2005    337    1400.0       4.4      11.0      0.84      2.00      3.90  -9999.00
     1   2005    338     900.0       2.1       6.5      0.71      2.00      0.30  -9999.00
     1   2005    339    1800.0      -1.2       8.3      0.56      2.00      6.00  -9999.00
     1   2005    340     700.0       4.3      10.4      0.83      2.00      0.50  -9999.00
     1   2005    341    1700.0       5.0      10.5      0.87      2.00      0.20  -9999.00
     1   2005    342     700.0       6.0       9.4      0.93      2.00      0.50  -9999.00
     1   2005    343    3600.0       4.9       7.7      0.87      2.00      1.70  -9999.00
     1   2005    344    2900.0       3.8      10.8      0.80      2.00      8.60  -9999.00
     1   2005    345    4000.0       3.2       6.7      0.77      2.00      0.00  -9999.00
     1   2005    346    4200.0       3.0       6.9      0.76      2.00      0.00  -9999.00
     1   2005    347    3200.0       2.1       9.6      0.71      2.00      0.00  -9999.00
     1   2005    348    4200.0       0.7       7.5      0.64      2.00      0.00  -9999.00
     1   2005    349     700.0       1.9       9.4      0.70      2.00      8.10  -9999.00
     1   2005    350    3900.0      -3.1       4.8      0.49      2.00      0.40  -9999.00
     1   2005    351     800.0      -5.2       6.9      0.41      2.00      8.60  -9999.00
     1   2005    352    1100.0       7.6       9.2      1.04      2.00      4.10  -9999.00
     1   2005    353     800.0       5.3       9.4      0.89      2.00      6.10  -9999.00
     1   2005    354     600.0       3.4      14.2      0.78      2.00      0.00  -9999.00
     1   2005    355    2500.0       0.9      10.5      0.65      2.00      0.00  -9999.00
     1   2005    356     600.0       1.1       7.2      0.66      2.00      0.00  -9999.00
     1   2005    357     600.0       4.5       7.0      0.84      2.00      0.00  -9999.00
     1   2005    358    3900.0       2.8       7.8      0.75      2.00      0.00  -9999.00
     1   2005    359    1300.0       0.8       7.0      0.65      2.00      0.00  -9999.00
     1   2005    360     700.0       1.7       5.5      0.69      2.00      0.10  -9999.00
     1   2005    361    3300.0       1.2       3.8      0.67      2.00      0.70  -9999.00
     1   2005    362     700.0       3.6      11.8      0.79      2.00      0.10  -9999.00
     1   2005    363    2700.0       2.1       8.5      0.71      2.00      0.00  -9999.00
     1   2005    364    1600.0       3.2      11.5      0.77      2.00      7.80  -9999.00
     1   2005    365    4500.0       2.6       9.8      0.74      2.00      6.60  -9999.00
