*-----------------------------------------------------------------------------* 
           WHWG_219.met           52.12    0.96   89.00
* Date created:  08-Aug-2019     Author: K Coleman 
* 
* NIL VALUE       -9999 
* Source:   data provided by M. Semenov 
*  
* Latitude:    52.12 Longitude:     0.96 Altitude:    89.00
* 
* Column  Daily value 
* 1       station number 
* 2       year 
* 3       day 
* 4       irradiation                   (kJ m-2 d-1) 
* 5       minimum temperature           (degrees Celsius) 
* 6       maximum temperature           (degrees Celsius) 
* 7       early morning vapour pressure (kPa)             
* 8       mean wind speed (height: 2 m?) (m s-1)          
* 9       precipitation                 (mm d-1)          
* 10      sunshine                      (hrs)             
 		Jday	RAD	    TMIN	TMAX	 VAP	wind	RAIN	SUN  
               kj/m2	°C	    °C	     kPa	m/s	    mm	    hrs 
   52.12  89.00
     1   2005      1     700.0      -1.2       6.0      0.56      2.00      2.20  -9999.00
     1   2005      2    2400.0       1.1       7.6      0.66      2.00      8.90  -9999.00
     1   2005      3     800.0       4.4      11.6      0.84      2.00     13.10  -9999.00
     1   2005      4    5000.0       3.5      10.2      0.78      2.00      1.90  -9999.00
     1   2005      5    4100.0       0.8       8.7      0.65      2.00     12.40  -9999.00
     1   2005      6    4200.0      -0.5      10.5      0.59      2.00      1.50  -9999.00
     1   2005      7     800.0       4.1       6.9      0.82      2.00      2.60  -9999.00
     1   2005      8     700.0       5.5       9.1      0.90      2.00      9.00  -9999.00
     1   2005      9    1000.0       2.5       7.7      0.73      2.00      0.10  -9999.00
     1   2005     10    3300.0       3.5       7.8      0.78      2.00      0.10  -9999.00
     1   2005     11     800.0       4.7       8.7      0.85      2.00     12.40  -9999.00
     1   2005     12    4800.0       0.9       6.3      0.65      2.00      0.00  -9999.00
     1   2005     13    5600.0       6.7      11.2      0.98      2.00      3.50  -9999.00
     1   2005     14    3800.0       5.4      10.6      0.90      2.00      0.70  -9999.00
     1   2005     15    5300.0      -0.1       2.4      0.61      2.00      0.00  -9999.00
     1   2005     16    2000.0      -0.7       2.1      0.58      2.00      0.10  -9999.00
     1   2005     17     800.0      -1.6       5.2      0.54      2.00      5.50  -9999.00
     1   2005     18    4500.0       1.0       7.0      0.66      2.00      2.00  -9999.00
     1   2005     19    5100.0       2.1       6.4      0.71      2.00      0.00  -9999.00
     1   2005     20    5000.0       4.0       6.8      0.81      2.00      9.90  -9999.00
     1   2005     21    1000.0      -0.1       6.2      0.61      2.00      0.10  -9999.00
     1   2005     22    5700.0      -2.8       7.0      0.50      2.00      0.00  -9999.00
     1   2005     23    5300.0       1.4       6.5      0.68      2.00      0.00  -9999.00
     1   2005     24    1200.0       3.4       5.6      0.78      2.00      0.60  -9999.00
     1   2005     25     900.0       5.2       8.5      0.88      2.00      5.40  -9999.00
     1   2005     26    4100.0       2.9       6.0      0.75      2.00      0.00  -9999.00
     1   2005     27    2700.0       2.1       5.9      0.71      2.00      2.50  -9999.00
     1   2005     28    4900.0       5.4       6.0      0.90      2.00      3.00  -9999.00
     1   2005     29    5100.0      -1.8       6.5      0.54      2.00      0.00  -9999.00
     1   2005     30    5100.0      -2.8       6.2      0.50      2.00      0.00  -9999.00
     1   2005     31    1800.0       0.8       7.0      0.65      2.00      0.60  -9999.00
     1   2005     32    1000.0       2.9       5.7      0.75      2.00      1.80  -9999.00
     1   2005     33    3800.0      -1.9       5.9      0.53      2.00      1.10  -9999.00
     1   2005     34    6500.0      -4.7       4.5      0.43      2.00      0.00  -9999.00
     1   2005     35    6900.0       2.4       6.3      0.73      2.00      0.00  -9999.00
     1   2005     36    2900.0      -0.9       5.3      0.57      2.00      0.00  -9999.00
     1   2005     37    7600.0       1.5      10.4      0.68      2.00      0.00  -9999.00
     1   2005     38    1100.0       2.1       8.6      0.71      2.00      0.20  -9999.00
     1   2005     39    1500.0       0.6       7.0      0.64      2.00     10.60  -9999.00
     1   2005     40    1000.0       0.8       7.6      0.65      2.00      0.00  -9999.00
     1   2005     41    1100.0      -0.1       6.6      0.61      2.00      5.80  -9999.00
     1   2005     42    8400.0      -1.1       4.7      0.56      2.00      0.00  -9999.00
     1   2005     43    8400.0       7.2       9.2      1.02      2.00      0.00  -9999.00
     1   2005     44    8300.0       7.3      10.3      1.02      2.00      0.00  -9999.00
     1   2005     45    1100.0       1.5       5.8      0.68      2.00      0.00  -9999.00
     1   2005     46    2600.0      -0.8       6.7      0.58      2.00      2.30  -9999.00
     1   2005     47    5500.0       1.2       9.5      0.67      2.00      0.40  -9999.00
     1   2005     48    1300.0      -2.1       9.2      0.52      2.00      0.70  -9999.00
     1   2005     49    6900.0       4.1       8.3      0.82      2.00      0.90  -9999.00
     1   2005     50    2200.0       4.3       6.3      0.83      2.00      0.00  -9999.00
     1   2005     51    7900.0      -3.0       2.8      0.49      2.00      0.00  -9999.00
     1   2005     52    6900.0      -2.8       3.0      0.50      2.00      0.00  -9999.00
     1   2005     53    1600.0       2.5      10.7      0.73      2.00      0.00  -9999.00
     1   2005     54    8100.0       2.6      11.3      0.74      2.00      0.00  -9999.00
     1   2005     55    1600.0      -0.8       5.9      0.58      2.00      0.00  -9999.00
     1   2005     56    2200.0       0.4       4.2      0.63      2.00      6.60  -9999.00
     1   2005     57    1600.0      -0.4       6.6      0.59      2.00      0.00  -9999.00
     1   2005     58    2300.0      -0.7       7.8      0.58      2.00      1.30  -9999.00
     1   2005     59    8800.0       2.7       9.0      0.74      2.00      0.00  -9999.00
     1   2005     60   11400.0       0.4       9.9      0.63      2.00      0.00  -9999.00
     1   2005     61    6900.0       2.8       9.9      0.75      2.00      2.00  -9999.00
     1   2005     62    3200.0      -1.0       9.6      0.57      2.00      0.80  -9999.00
     1   2005     63    2900.0       4.2       7.9      0.82      2.00      0.50  -9999.00
     1   2005     64    1700.0       2.9       4.3      0.75      2.00      1.70  -9999.00
     1   2005     65    7300.0       4.0      11.4      0.81      2.00      0.00  -9999.00
     1   2005     66    5600.0       1.7      14.6      0.69      2.00      4.30  -9999.00
     1   2005     67    3200.0       3.8      10.6      0.80      2.00      0.50  -9999.00
     1   2005     68    7300.0       2.4      11.7      0.73      2.00      0.60  -9999.00
     1   2005     69   13600.0       2.5       8.9      0.73      2.00      3.60  -9999.00
     1   2005     70    7900.0      -0.9      11.2      0.57      2.00      0.60  -9999.00
     1   2005     71    2200.0       2.4       9.4      0.73      2.00      1.00  -9999.00
     1   2005     72    1900.0       0.0       9.5      0.61      2.00      7.10  -9999.00
     1   2005     73    2400.0       0.7       6.6      0.64      2.00      0.00  -9999.00
     1   2005     74    9800.0       1.8       3.8      0.70      2.00      0.00  -9999.00
     1   2005     75    3000.0       3.8      11.6      0.80      2.00      0.00  -9999.00
     1   2005     76    2300.0       3.3       9.4      0.77      2.00      1.10  -9999.00
     1   2005     77    9300.0      -0.6      11.7      0.58      2.00      0.00  -9999.00
     1   2005     78   11900.0       1.1      13.0      0.66      2.00      2.20  -9999.00
     1   2005     79    2400.0      -0.1       6.2      0.61      2.00      1.80  -9999.00
     1   2005     80   14200.0       1.3       9.5      0.67      2.00      1.20  -9999.00
     1   2005     81    9100.0       3.2       9.2      0.77      2.00      0.00  -9999.00
     1   2005     82   13000.0       8.4      10.4      1.10      2.00      0.00  -9999.00
     1   2005     83   14300.0       1.9      11.5      0.70      2.00      0.00  -9999.00
     1   2005     84    2400.0       3.2      12.3      0.77      2.00      0.00  -9999.00
     1   2005     85    6300.0       4.8      13.7      0.86      2.00      0.00  -9999.00
     1   2005     86    3900.0       1.6      11.8      0.69      2.00      0.10  -9999.00
     1   2005     87    6700.0      -0.2       8.4      0.60      2.00      0.00  -9999.00
     1   2005     88   15100.0       1.1      12.3      0.66      2.00      0.00  -9999.00
     1   2005     89   17200.0       9.7      12.9      1.20      2.00      0.00  -9999.00
     1   2005     90   15800.0       5.5      11.1      0.90      2.00      0.00  -9999.00
     1   2005     91   13800.0       4.9      13.2      0.87      2.00      0.00  -9999.00
     1   2005     92   13100.0       6.0      15.6      0.93      2.00      0.00  -9999.00
     1   2005     93   13900.0      -1.0      12.0      0.57      2.00      0.00  -9999.00
     1   2005     94   18200.0       1.0       9.9      0.66      2.00      0.00  -9999.00
     1   2005     95    7800.0       4.0      15.0      0.81      2.00      0.00  -9999.00
     1   2005     96    7100.0       4.1      12.4      0.82      2.00      0.50  -9999.00
     1   2005     97   20000.0       4.9      10.6      0.87      2.00      0.00  -9999.00
     1   2005     98    8600.0       3.0       7.3      0.76      2.00      7.70  -9999.00
     1   2005     99    8900.0       2.5       7.7      0.73      2.00      1.90  -9999.00
     1   2005    100    3200.0       2.0       8.0      0.71      2.00      5.30  -9999.00
     1   2005    101    7800.0      -0.2       7.7      0.60      2.00      5.50  -9999.00
     1   2005    102    4900.0       0.7       8.7      0.64      2.00      0.50  -9999.00
     1   2005    103    3300.0      -2.2       9.9      0.52      2.00      0.20  -9999.00
     1   2005    104    3100.0      -0.7      12.7      0.58      2.00      0.30  -9999.00
     1   2005    105    7300.0       3.7      12.3      0.80      2.00      0.00  -9999.00
     1   2005    106   20100.0       2.3       8.9      0.72      2.00      0.30  -9999.00
     1   2005    107    9700.0       2.0      12.1      0.71      2.00      0.00  -9999.00
     1   2005    108    4800.0      -0.9      10.1      0.57      2.00      0.60  -9999.00
     1   2005    109   20900.0      -0.2      12.4      0.60      2.00      0.00  -9999.00
     1   2005    110   11300.0       0.6       7.7      0.64      2.00      6.60  -9999.00
     1   2005    111   19700.0       4.2      12.6      0.82      2.00      0.10  -9999.00
     1   2005    112   19000.0       6.0      12.0      0.93      2.00      4.20  -9999.00
     1   2005    113    6200.0       5.0      12.8      0.87      2.00     12.20  -9999.00
     1   2005    114    3900.0       6.8      14.2      0.99      2.00      3.50  -9999.00
     1   2005    115   10900.0       6.6      18.1      0.97      2.00      0.00  -9999.00
     1   2005    116    4300.0       6.0      21.3      0.93      2.00      2.60  -9999.00
     1   2005    117   15400.0       5.1      17.6      0.88      2.00      0.00  -9999.00
     1   2005    118   13200.0       4.6      14.4      0.85      2.00      1.70  -9999.00
     1   2005    119    3500.0       0.3      12.0      0.62      2.00      7.10  -9999.00
     1   2005    120   23600.0       4.8      13.8      0.86      2.00      0.00  -9999.00
     1   2005    121    3800.0       5.4      12.3      0.90      2.00      0.40  -9999.00
     1   2005    122   19200.0       8.1      13.3      1.08      2.00      9.40  -9999.00
     1   2005    123    6300.0       4.9      11.9      0.87      2.00      1.10  -9999.00
     1   2005    124   10000.0       7.2      12.1      1.02      2.00      0.80  -9999.00
     1   2005    125   23800.0       7.4      14.3      1.03      2.00      2.80  -9999.00
     1   2005    126    7700.0       7.2      17.4      1.02      2.00      0.40  -9999.00
     1   2005    127   21800.0       3.7      14.3      0.80      2.00      0.00  -9999.00
     1   2005    128   25900.0       2.7      11.9      0.74      2.00      0.00  -9999.00
     1   2005    129   25900.0       8.2      19.9      1.09      2.00      0.00  -9999.00
     1   2005    130   24500.0       9.9      18.7      1.22      2.00      0.00  -9999.00
     1   2005    131   14400.0       7.3      18.1      1.02      2.00      0.00  -9999.00
     1   2005    132   24100.0       8.5      18.8      1.11      2.00      0.00  -9999.00
     1   2005    133    6500.0       7.7      19.6      1.05      2.00      0.70  -9999.00
     1   2005    134   20000.0       9.7      19.2      1.20      2.00      8.30  -9999.00
     1   2005    135   27000.0       8.8      18.5      1.13      2.00      0.00  -9999.00
     1   2005    136   15100.0       7.8      17.6      1.06      2.00      0.00  -9999.00
     1   2005    137   26400.0       8.4      17.6      1.10      2.00      0.00  -9999.00
     1   2005    138   25800.0      12.5      19.8      1.45      2.00      0.00  -9999.00
     1   2005    139    5500.0       6.6      18.9      0.97      2.00      0.00  -9999.00
     1   2005    140   18200.0       7.6      15.5      1.04      2.00      0.00  -9999.00
     1   2005    141   26200.0       5.1      13.4      0.88      2.00      0.00  -9999.00
     1   2005    142   25700.0       6.4      15.4      0.96      2.00      0.00  -9999.00
     1   2005    143   27200.0       7.4      17.8      1.03      2.00      0.00  -9999.00
     1   2005    144   26200.0       1.2      13.8      0.67      2.00      0.40  -9999.00
     1   2005    145   25900.0       9.8      19.6      1.21      2.00      0.00  -9999.00
     1   2005    146    9500.0       9.2      19.9      1.16      2.00     14.40  -9999.00
     1   2005    147   17400.0       7.5      10.9      1.04      2.00      0.80  -9999.00
     1   2005    148    5200.0       6.7      14.6      0.98      2.00      0.40  -9999.00
     1   2005    149    7200.0       7.0      10.9      1.00      2.00      0.50  -9999.00
     1   2005    150   20500.0       7.1      12.7      1.01      2.00      1.30  -9999.00
     1   2005    151   20600.0       5.9      15.2      0.93      2.00     10.50  -9999.00
     1   2005    152   27900.0       5.4      20.3      0.90      2.00      0.00  -9999.00
     1   2005    153   28800.0       8.1      20.8      1.08      2.00      0.00  -9999.00
     1   2005    154    4600.0       9.5      17.3      1.19      2.00      0.00  -9999.00
     1   2005    155   29000.0       9.4      16.8      1.18      2.00      0.00  -9999.00
     1   2005    156   14100.0       5.6      11.4      0.91      2.00      0.90  -9999.00
     1   2005    157   16300.0      10.1      20.2      1.24      2.00      0.30  -9999.00
     1   2005    158   15000.0       9.6      18.6      1.20      2.00      1.20  -9999.00
     1   2005    159   24000.0       9.2      16.3      1.16      2.00      0.60  -9999.00
     1   2005    160   22900.0       4.4      17.3      0.84      2.00      2.00  -9999.00
     1   2005    161   14800.0       9.9      19.4      1.22      2.00      0.80  -9999.00
     1   2005    162   29300.0      10.1      25.0      1.24      2.00      0.00  -9999.00
     1   2005    163   26300.0       6.5      16.9      0.97      2.00      0.00  -9999.00
     1   2005    164   29800.0       8.6      17.9      1.12      2.00      0.00  -9999.00
     1   2005    165   12900.0      11.1      16.2      1.32      2.00      2.70  -9999.00
     1   2005    166   20500.0       8.3      19.3      1.09      2.00      0.00  -9999.00
     1   2005    167   27900.0      10.7      19.1      1.29      2.00      0.00  -9999.00
     1   2005    168   28900.0      10.8      19.6      1.29      2.00      0.00  -9999.00
     1   2005    169   28600.0      11.3      23.5      1.34      2.00      0.00  -9999.00
     1   2005    170   26300.0      11.7      24.2      1.37      2.00      0.00  -9999.00
     1   2005    171   30000.0       7.7      19.7      1.05      2.00      0.00  -9999.00
     1   2005    172   26000.0      11.6      22.1      1.37      2.00      0.00  -9999.00
     1   2005    173   30000.0      10.8      20.3      1.29      2.00      0.00  -9999.00
     1   2005    174   14300.0      10.6      19.7      1.28      2.00      0.60  -9999.00
     1   2005    175    7200.0      10.0      19.0      1.23      2.00      2.70  -9999.00
     1   2005    176   11600.0      11.7      18.6      1.37      2.00      0.50  -9999.00
     1   2005    177   17100.0      11.9      20.1      1.39      2.00      0.50  -9999.00
     1   2005    178   16300.0      12.0      24.8      1.40      2.00     11.00  -9999.00
     1   2005    179   16400.0      10.7      20.9      1.29      2.00      4.70  -9999.00
     1   2005    180    6000.0      14.3      26.3      1.63      2.00      2.30  -9999.00
     1   2005    181   19900.0      11.4      25.1      1.35      2.00      2.10  -9999.00
     1   2005    182   19500.0      12.2      22.6      1.42      2.00      0.00  -9999.00
     1   2005    183   17900.0      10.6      17.0      1.28      2.00      0.50  -9999.00
     1   2005    184   27200.0      11.9      20.7      1.39      2.00      0.00  -9999.00
     1   2005    185   18300.0       8.0      19.1      1.07      2.00      0.00  -9999.00
     1   2005    186    9600.0       8.9      18.1      1.14      2.00      0.00  -9999.00
     1   2005    187   17800.0      13.4      19.9      1.54      2.00      3.30  -9999.00
     1   2005    188   22200.0      16.9      20.5      1.92      2.00      0.00  -9999.00
     1   2005    189   15200.0      10.7      17.6      1.29      2.00      1.40  -9999.00
     1   2005    190   24800.0       9.5      21.7      1.19      2.00      0.00  -9999.00
     1   2005    191   21900.0      11.7      20.8      1.37      2.00      0.00  -9999.00
     1   2005    192   27400.0      15.5      18.6      1.76      2.00      0.00  -9999.00
     1   2005    193    8200.0      12.9      21.7      1.49      2.00      0.00  -9999.00
     1   2005    194   29600.0       8.8      24.3      1.13      2.00      0.00  -9999.00
     1   2005    195    8300.0      12.4      23.3      1.44      2.00      0.00  -9999.00
     1   2005    196    4600.0      10.7      25.7      1.29      2.00      0.00  -9999.00
     1   2005    197    6700.0      10.2      16.8      1.24      2.00      0.10  -9999.00
     1   2005    198   27800.0       8.3      20.2      1.09      2.00      0.00  -9999.00
     1   2005    199   18800.0      11.7      21.5      1.37      2.00      0.00  -9999.00
     1   2005    200   25900.0      14.3      23.3      1.63      2.00      0.00  -9999.00
     1   2005    201   26800.0      12.6      21.4      1.46      2.00      0.00  -9999.00
     1   2005    202    4600.0      10.6      16.5      1.28      2.00      0.00  -9999.00
     1   2005    203   24700.0      13.8      22.7      1.58      2.00      0.00  -9999.00
     1   2005    204   23000.0      16.1      24.0      1.83      2.00      0.00  -9999.00
     1   2005    205   27800.0      16.8      25.3      1.91      2.00      0.00  -9999.00
     1   2005    206    9100.0      13.5      24.3      1.55      2.00      0.00  -9999.00
     1   2005    207   23700.0      12.1      22.3      1.41      2.00      0.00  -9999.00
     1   2005    208   25600.0      12.0      20.6      1.40      2.00      0.20  -9999.00
     1   2005    209   23400.0      13.1      21.6      1.51      2.00      0.00  -9999.00
     1   2005    210   17000.0      15.6      21.8      1.77      2.00      0.00  -9999.00
     1   2005    211   25300.0       9.3      21.3      1.17      2.00      0.00  -9999.00
     1   2005    212   22800.0      10.9      23.9      1.30      2.00      0.00  -9999.00
     1   2005    213   22700.0      12.4      24.2      1.44      2.00      0.00  -9999.00
     1   2005    214   19400.0      11.2      21.7      1.33      2.00      0.00  -9999.00
     1   2005    215   12900.0      11.1      22.1      1.32      2.00      0.00  -9999.00
     1   2005    216   24800.0      12.4      24.8      1.44      2.00      0.00  -9999.00
     1   2005    217   23300.0      11.8      20.4      1.38      2.00      0.00  -9999.00
     1   2005    218   23900.0      12.0      23.1      1.40      2.00      0.00  -9999.00
     1   2005    219   19100.0      14.1      21.3      1.61      2.00      0.00  -9999.00
     1   2005    220   15900.0      14.7      16.8      1.67      2.00     23.40  -9999.00
     1   2005    221   11700.0      13.2      21.7      1.52      2.00      3.30  -9999.00
     1   2005    222   11400.0      15.4      22.7      1.75      2.00      5.90  -9999.00
     1   2005    223   13700.0      11.7      22.1      1.37      2.00      0.00  -9999.00
     1   2005    224   18500.0      10.5      19.8      1.27      2.00      1.10  -9999.00
     1   2005    225   14200.0      12.2      18.1      1.42      2.00      0.20  -9999.00
     1   2005    226    3800.0      11.6      18.8      1.37      2.00      0.50  -9999.00
     1   2005    227   23000.0      13.7      25.1      1.57      2.00      0.00  -9999.00
     1   2005    228   18600.0      11.9      20.7      1.39      2.00      0.80  -9999.00
     1   2005    229   20400.0      13.9      22.5      1.59      2.00      0.00  -9999.00
     1   2005    230    4700.0       8.6      18.9      1.12      2.00     15.90  -9999.00
     1   2005    231   13700.0      13.5      20.6      1.55      2.00      1.00  -9999.00
     1   2005    232    6600.0      10.2      22.5      1.24      2.00      0.00  -9999.00
     1   2005    233   16800.0      12.0      20.1      1.40      2.00      0.00  -9999.00
     1   2005    234   10400.0      13.4      21.7      1.54      2.00      0.00  -9999.00
     1   2005    235   20800.0      16.5      30.7      1.88      2.00      0.00  -9999.00
     1   2005    236   16600.0      13.5      29.2      1.55      2.00      1.60  -9999.00
     1   2005    237    3500.0      12.8      18.8      1.48      2.00      8.80  -9999.00
     1   2005    238   13600.0      16.7      19.8      1.90      2.00      9.10  -9999.00
     1   2005    239   21400.0       9.4      20.5      1.18      2.00      0.00  -9999.00
     1   2005    240   17800.0       9.8      21.6      1.21      2.00      0.00  -9999.00
     1   2005    241   17300.0      12.5      21.1      1.45      2.00      0.00  -9999.00
     1   2005    242   18500.0      16.3      21.6      1.85      2.00      0.00  -9999.00
     1   2005    243   18900.0      12.8      30.1      1.48      2.00      0.50  -9999.00
     1   2005    244   14700.0      14.3      26.3      1.63      2.00      0.00  -9999.00
     1   2005    245    3400.0      10.7      19.9      1.29      2.00      2.60  -9999.00
     1   2005    246   19000.0      14.2      18.3      1.62      2.00      0.00  -9999.00
     1   2005    247   19500.0      10.6      20.4      1.28      2.00      0.00  -9999.00
     1   2005    248   17000.0      13.2      19.0      1.52      2.00      0.00  -9999.00
     1   2005    249   11500.0       8.8      19.2      1.13      2.00      0.10  -9999.00
     1   2005    250    5600.0      10.7      17.4      1.29      2.00      1.20  -9999.00
     1   2005    251   15300.0       8.4      17.8      1.10      2.00      0.00  -9999.00
     1   2005    252    7600.0       6.4      18.8      0.96      2.00      0.00  -9999.00
     1   2005    253   15700.0      13.8      21.5      1.58      2.00      1.10  -9999.00
     1   2005    254    2900.0      10.5      19.8      1.27      2.00      1.30  -9999.00
     1   2005    255   15700.0       9.2      19.7      1.16      2.00      0.00  -9999.00
     1   2005    256    7600.0      13.8      19.7      1.58      2.00      2.40  -9999.00
     1   2005    257    4000.0      11.8      20.4      1.38      2.00      2.40  -9999.00
     1   2005    258    3500.0       7.2      25.7      1.02      2.00      0.00  -9999.00
     1   2005    259   14100.0       7.0      16.7      1.00      2.00      0.00  -9999.00
     1   2005    260   13900.0       9.1      17.2      1.16      2.00      1.30  -9999.00
     1   2005    261   16000.0       9.0      15.5      1.15      2.00      0.00  -9999.00
     1   2005    262    6600.0      11.1      17.9      1.32      2.00      0.00  -9999.00
     1   2005    263    5100.0       8.9      20.6      1.14      2.00      0.00  -9999.00
     1   2005    264    5100.0      11.6      18.5      1.37      2.00      0.10  -9999.00
     1   2005    265   14300.0       8.6      17.9      1.12      2.00      0.00  -9999.00
     1   2005    266    7800.0      12.8      20.5      1.48      2.00      0.00  -9999.00
     1   2005    267   14400.0       8.2      12.5      1.09      2.00      0.00  -9999.00
     1   2005    268   10900.0       7.1      13.9      1.01      2.00      0.00  -9999.00
     1   2005    269   12300.0      10.8      16.9      1.29      2.00      0.00  -9999.00
     1   2005    270    8400.0       8.3      16.9      1.09      2.00      1.30  -9999.00
     1   2005    271    4600.0      11.3      17.2      1.34      2.00      0.10  -9999.00
     1   2005    272   10800.0      11.3      19.0      1.34      2.00      0.00  -9999.00
     1   2005    273    2500.0      11.5      16.5      1.36      2.00      0.10  -9999.00
     1   2005    274    2200.0      13.4      14.7      1.54      2.00      7.10  -9999.00
     1   2005    275   11200.0      15.1      18.3      1.72      2.00     15.10  -9999.00
     1   2005    276    1900.0      12.2      16.8      1.42      2.00      0.20  -9999.00
     1   2005    277    8600.0       9.6      16.1      1.20      2.00      0.50  -9999.00
     1   2005    278    2700.0       6.1      18.3      0.94      2.00      0.00  -9999.00
     1   2005    279    9600.0       7.4      15.8      1.03      2.00      0.00  -9999.00
     1   2005    280    1700.0      11.4      16.3      1.35      2.00      0.00  -9999.00
     1   2005    281    2300.0       8.0      15.4      1.07      2.00      0.60  -9999.00
     1   2005    282    2200.0      10.1      15.8      1.24      2.00      0.80  -9999.00
     1   2005    283   11800.0       7.0      14.6      1.00      2.00      0.00  -9999.00
     1   2005    284    7900.0       2.2      16.5      0.72      2.00      0.00  -9999.00
     1   2005    285    2000.0       7.5      15.5      1.04      2.00     28.50  -9999.00
     1   2005    286    3000.0       7.1      15.1      1.01      2.00      0.20  -9999.00
     1   2005    287    1600.0       6.7      13.9      0.98      2.00      3.20  -9999.00
     1   2005    288    2400.0       2.8      10.5      0.75      2.00      1.00  -9999.00
     1   2005    289    7600.0       6.0      14.1      0.93      2.00      0.80  -9999.00
     1   2005    290    7900.0       9.6      14.6      1.20      2.00      6.10  -9999.00
     1   2005    291    5200.0       5.8      14.7      0.92      2.00      0.00  -9999.00
     1   2005    292    3100.0       9.6      15.0      1.20      2.00      1.70  -9999.00
     1   2005    293    1500.0      10.6      17.2      1.28      2.00      1.00  -9999.00
     1   2005    294    5300.0       8.4      19.9      1.10      2.00      0.00  -9999.00
     1   2005    295    1400.0       6.0      12.9      0.93      2.00      0.50  -9999.00
     1   2005    296    2300.0       2.2      13.1      0.72      2.00      5.90  -9999.00
     1   2005    297    3800.0       6.1      12.6      0.94      2.00      0.40  -9999.00
     1   2005    298    1500.0      -0.1      13.4      0.61      2.00     18.10  -9999.00
     1   2005    299    1800.0       9.4      14.6      1.18      2.00      9.30  -9999.00
     1   2005    300    8700.0       9.2      12.8      1.16      2.00      2.00  -9999.00
     1   2005    301    7300.0       7.4      14.4      1.03      2.00      9.20  -9999.00
     1   2005    302    7800.0      12.5      15.4      1.45      2.00      0.00  -9999.00
     1   2005    303    3600.0       4.1       9.7      0.82      2.00      0.60  -9999.00
     1   2005    304    7300.0       8.3       9.1      1.09      2.00      1.10  -9999.00
     1   2005    305    7300.0       6.4      12.3      0.96      2.00      0.00  -9999.00
     1   2005    306    7100.0       9.7      10.7      1.20      2.00      0.00  -9999.00
     1   2005    307    6700.0       1.2       7.3      0.67      2.00      0.00  -9999.00
     1   2005    308    6400.0       4.2      10.0      0.82      2.00      0.00  -9999.00
     1   2005    309    6300.0       4.2       9.7      0.82      2.00      0.00  -9999.00
     1   2005    310    7800.0       4.5       8.1      0.84      2.00      0.00  -9999.00
     1   2005    311    7100.0       3.9       9.1      0.81      2.00      0.00  -9999.00
     1   2005    312    7800.0       8.1      11.0      1.08      2.00      0.00  -9999.00
     1   2005    313    3300.0       1.3       8.1      0.67      2.00      0.00  -9999.00
     1   2005    314    5200.0      -0.7      10.6      0.58      2.00      0.00  -9999.00
     1   2005    315    6400.0       5.3      11.1      0.89      2.00      0.40  -9999.00
     1   2005    316    4100.0       9.5      10.2      1.19      2.00     11.10  -9999.00
     1   2005    317    2200.0       6.6       9.8      0.97      2.00      4.80  -9999.00
     1   2005    318    5800.0       6.2       8.2      0.95      2.00      0.00  -9999.00
     1   2005    319    1100.0       3.0       8.7      0.76      2.00      0.00  -9999.00
     1   2005    320    3300.0       2.6       9.2      0.74      2.00      0.00  -9999.00
     1   2005    321    2000.0       1.3       6.8      0.67      2.00      4.20  -9999.00
     1   2005    322    1700.0       5.3       7.1      0.89      2.00      3.20  -9999.00
     1   2005    323     800.0       3.8       8.9      0.80      2.00      1.90  -9999.00
     1   2005    324    1700.0      -1.1       4.9      0.56      2.00      0.00  -9999.00
     1   2005    325    5600.0       4.7      14.3      0.85      2.00      0.00  -9999.00
     1   2005    326    3600.0       5.1      13.0      0.88      2.00      0.90  -9999.00
     1   2005    327     800.0       4.3      11.3      0.83      2.00      0.80  -9999.00
     1   2005    328    1100.0       8.6      13.9      1.12      2.00      0.10  -9999.00
     1   2005    329    4900.0       3.6      12.2      0.79      2.00      6.60  -9999.00
     1   2005    330    2000.0       1.1      10.6      0.66      2.00      6.00  -9999.00
     1   2005    331    1900.0       4.0       8.0      0.81      2.00     10.30  -9999.00
     1   2005    332    4300.0       6.2       7.5      0.95      2.00      0.90  -9999.00
     1   2005    333    5200.0       2.9       8.9      0.75      2.00      2.40  -9999.00
     1   2005    334    5000.0       2.1      10.9      0.71      2.00     15.40  -9999.00
     1   2005    335    1000.0       8.1      10.7      1.08      2.00      0.20  -9999.00
     1   2005    336    2700.0       4.3      11.4      0.83      2.00      1.20  -9999.00
     1   2005    337     700.0       7.0       9.6      1.00      2.00      1.00  -9999.00
     1   2005    338    1000.0       7.5       7.8      1.04      2.00      9.80  -9999.00
     1   2005    339     700.0       4.6       7.1      0.85      2.00      0.00  -9999.00
     1   2005    340    2900.0       2.6       7.8      0.74      2.00      0.00  -9999.00
     1   2005    341     700.0       1.8       5.5      0.70      2.00      0.00  -9999.00
     1   2005    342    3800.0       5.7       9.0      0.92      2.00      3.50  -9999.00
     1   2005    343     700.0       3.4       7.3      0.78      2.00      0.60  -9999.00
     1   2005    344     700.0       2.6       5.5      0.74      2.00      0.00  -9999.00
     1   2005    345    4000.0      -2.3       4.3      0.52      2.00      0.00  -9999.00
     1   2005    346    3100.0      -0.7       4.5      0.58      2.00      0.00  -9999.00
     1   2005    347    2200.0       0.3       5.6      0.62      2.00      2.10  -9999.00
     1   2005    348    3400.0      -3.2       3.0      0.48      2.00      0.00  -9999.00
     1   2005    349    1200.0       0.4       6.5      0.63      2.00      0.00  -9999.00
     1   2005    350     600.0       0.2       6.2      0.62      2.00      0.00  -9999.00
     1   2005    351     700.0       3.5       7.1      0.78      2.00      0.30  -9999.00
     1   2005    352     700.0       1.7       9.7      0.69      2.00      1.40  -9999.00
     1   2005    353    2900.0       4.0       7.1      0.81      2.00      8.90  -9999.00
     1   2005    354     700.0       9.1      10.2      1.16      2.00      4.10  -9999.00
     1   2005    355    4000.0       2.8       7.5      0.75      2.00      0.00  -9999.00
     1   2005    356    4000.0       3.2       7.6      0.77      2.00      3.80  -9999.00
     1   2005    357    3900.0       1.8       6.8      0.70      2.00      0.20  -9999.00
     1   2005    358    3500.0       3.2       6.0      0.77      2.00      0.00  -9999.00
     1   2005    359     600.0       9.8      12.1      1.21      2.00      0.00  -9999.00
     1   2005    360     600.0       5.5       8.3      0.90      2.00      0.00  -9999.00
     1   2005    361     700.0       2.8       9.8      0.75      2.00      3.50  -9999.00
     1   2005    362     700.0       3.4      12.1      0.78      2.00      0.60  -9999.00
     1   2005    363     600.0       2.4       7.4      0.73      2.00      0.00  -9999.00
     1   2005    364    1300.0       1.4       9.4      0.68      2.00      0.00  -9999.00
     1   2005    365    3700.0      -1.4       6.9      0.55      2.00      2.30  -9999.00
