*-----------------------------------------------------------------------------* 
           WHWG_78.met            52.12    0.96   89.00
* Date created:  08-Aug-2019     Author: K Coleman 
* 
* NIL VALUE       -9999 
* Source:   data provided by M. Semenov 
*  
* Latitude:    52.12 Longitude:     0.96 Altitude:    89.00
* 
* Column  Daily value 
* 1       station number 
* 2       year 
* 3       day 
* 4       irradiation                   (kJ m-2 d-1) 
* 5       minimum temperature           (degrees Celsius) 
* 6       maximum temperature           (degrees Celsius) 
* 7       early morning vapour pressure (kPa)             
* 8       mean wind speed (height: 2 m?) (m s-1)          
* 9       precipitation                 (mm d-1)          
* 10      sunshine                      (hrs)             
 		Jday	RAD	    TMIN	TMAX	 VAP	wind	RAIN	SUN  
               kj/m2	°C	    °C	     kPa	m/s	    mm	    hrs 
   52.12  89.00
     1   2005      1     700.0       0.4       8.2      0.63      2.00      0.10  -9999.00
     1   2005      2     700.0       1.0       9.0      0.66      2.00      0.40  -9999.00
     1   2005      3    3800.0       2.9       8.8      0.75      2.00      0.30  -9999.00
     1   2005      4    4200.0      -2.5       7.0      0.51      2.00      0.30  -9999.00
     1   2005      5    4700.0       0.1       3.5      0.62      2.00      0.00  -9999.00
     1   2005      6     700.0       1.2       6.8      0.67      2.00      2.50  -9999.00
     1   2005      7    4200.0       4.6       7.4      0.85      2.00      0.10  -9999.00
     1   2005      8    1400.0       2.1       5.8      0.71      2.00      0.00  -9999.00
     1   2005      9    4800.0       0.5       8.4      0.63      2.00      0.10  -9999.00
     1   2005     10    1800.0       2.1       6.6      0.71      2.00      0.00  -9999.00
     1   2005     11    3300.0       2.6       8.9      0.74      2.00      0.00  -9999.00
     1   2005     12    4700.0       6.8      10.6      0.99      2.00      1.20  -9999.00
     1   2005     13     900.0       4.2      12.5      0.82      2.00      0.10  -9999.00
     1   2005     14    1300.0       1.3       7.3      0.67      2.00      0.00  -9999.00
     1   2005     15     700.0       5.8       8.3      0.92      2.00      0.10  -9999.00
     1   2005     16    1500.0       0.8       4.0      0.65      2.00      0.00  -9999.00
     1   2005     17    1500.0       5.0       6.3      0.87      2.00      3.10  -9999.00
     1   2005     18     700.0      -3.6       6.8      0.47      2.00      0.20  -9999.00
     1   2005     19     900.0      -8.1       4.9      0.33      2.00      2.40  -9999.00
     1   2005     20     800.0      -2.7       6.5      0.50      2.00      0.20  -9999.00
     1   2005     21    4500.0       0.0       4.5      0.61      2.00      1.20  -9999.00
     1   2005     22    1500.0       0.4       2.9      0.63      2.00      0.00  -9999.00
     1   2005     23    4700.0       1.2       2.9      0.67      2.00      0.10  -9999.00
     1   2005     24     900.0       4.7      11.2      0.85      2.00      3.20  -9999.00
     1   2005     25     800.0       6.4       9.4      0.96      2.00      0.90  -9999.00
     1   2005     26     900.0      -0.2       3.5      0.60      2.00      0.00  -9999.00
     1   2005     27     900.0      -2.0       0.0      0.53      2.00      0.70  -9999.00
     1   2005     28     900.0      -2.6       7.1      0.50      2.00      2.10  -9999.00
     1   2005     29    2900.0       0.8       7.1      0.65      2.00      0.00  -9999.00
     1   2005     30    5000.0      -5.6       3.7      0.40      2.00      0.10  -9999.00
     1   2005     31    3600.0      -2.1       3.3      0.52      2.00      0.00  -9999.00
     1   2005     32    4400.0       2.2       8.8      0.72      2.00      2.00  -9999.00
     1   2005     33    6800.0       3.4       7.6      0.78      2.00      0.00  -9999.00
     1   2005     34    1000.0       2.1       9.1      0.71      2.00      0.00  -9999.00
     1   2005     35    2000.0       1.2       9.3      0.67      2.00      0.10  -9999.00
     1   2005     36    3500.0       2.3      10.2      0.72      2.00      0.10  -9999.00
     1   2005     37    1700.0       5.5       8.6      0.90      2.00      6.70  -9999.00
     1   2005     38    1100.0      -0.8       7.9      0.58      2.00      1.80  -9999.00
     1   2005     39    4300.0       0.9       6.9      0.65      2.00      0.10  -9999.00
     1   2005     40    5400.0      -0.8       4.2      0.58      2.00      0.00  -9999.00
     1   2005     41    6900.0       1.3       6.6      0.67      2.00      0.00  -9999.00
     1   2005     42    4900.0       4.0       8.2      0.81      2.00      0.10  -9999.00
     1   2005     43    1200.0       0.6       5.8      0.64      2.00      2.90  -9999.00
     1   2005     44    6400.0       0.1       5.8      0.62      2.00      0.00  -9999.00
     1   2005     45    1400.0       2.7       7.8      0.74      2.00      0.00  -9999.00
     1   2005     46    7000.0      -1.7       3.9      0.54      2.00      1.20  -9999.00
     1   2005     47    2100.0      -5.3       2.9      0.41      2.00      1.60  -9999.00
     1   2005     48    1200.0       1.1       8.2      0.66      2.00      4.60  -9999.00
     1   2005     49    1200.0       0.5       6.3      0.63      2.00      0.00  -9999.00
     1   2005     50    3100.0      -1.2       4.5      0.56      2.00      0.00  -9999.00
     1   2005     51    1500.0       2.6       5.3      0.74      2.00      0.70  -9999.00
     1   2005     52    1500.0      -3.3       5.2      0.48      2.00      6.20  -9999.00
     1   2005     53    8500.0      -4.0       6.5      0.45      2.00      0.00  -9999.00
     1   2005     54   10100.0      -1.1       4.4      0.56      2.00      0.00  -9999.00
     1   2005     55    2500.0      -0.8       7.3      0.58      2.00      0.00  -9999.00
     1   2005     56    4800.0       3.9       8.6      0.81      2.00      7.80  -9999.00
     1   2005     57    1800.0       8.9      10.6      1.14      2.00      4.20  -9999.00
     1   2005     58    4100.0       3.2      10.8      0.77      2.00      0.40  -9999.00
     1   2005     59   10300.0       4.4      10.2      0.84      2.00      0.00  -9999.00
     1   2005     60   11000.0       3.7       9.6      0.80      2.00      0.00  -9999.00
     1   2005     61    3800.0       7.7      13.3      1.05      2.00      0.00  -9999.00
     1   2005     62    9300.0       1.1       8.2      0.66      2.00      0.00  -9999.00
     1   2005     63    7700.0       1.9       5.9      0.70      2.00      1.00  -9999.00
     1   2005     64    1800.0       0.7       5.6      0.64      2.00      3.50  -9999.00
     1   2005     65    2000.0       2.1       3.9      0.71      2.00      0.00  -9999.00
     1   2005     66    8100.0       0.5      10.2      0.63      2.00      0.00  -9999.00
     1   2005     67    1800.0       0.1       8.0      0.62      2.00      0.70  -9999.00
     1   2005     68   13200.0       5.5      12.3      0.90      2.00      0.00  -9999.00
     1   2005     69   11800.0       1.7      10.4      0.69      2.00      0.00  -9999.00
     1   2005     70    5900.0      -4.2       8.6      0.45      2.00      2.80  -9999.00
     1   2005     71    2100.0      -2.6       9.4      0.50      2.00      0.00  -9999.00
     1   2005     72   11500.0       3.8       7.8      0.80      2.00      0.00  -9999.00
     1   2005     73    9600.0       4.7       9.8      0.85      2.00      0.00  -9999.00
     1   2005     74    3600.0       5.9      11.8      0.93      2.00      0.00  -9999.00
     1   2005     75    7600.0       1.3      14.7      0.67      2.00      0.00  -9999.00
     1   2005     76    9900.0       0.2       8.0      0.62      2.00      0.00  -9999.00
     1   2005     77    2000.0      -3.6       7.6      0.47      2.00      6.50  -9999.00
     1   2005     78    2100.0       2.1       7.6      0.71      2.00      0.10  -9999.00
     1   2005     79   10200.0      -0.6       9.2      0.58      2.00      0.00  -9999.00
     1   2005     80    9800.0       2.6       9.3      0.74      2.00      0.00  -9999.00
     1   2005     81   13900.0       0.4       9.8      0.63      2.00      3.70  -9999.00
     1   2005     82   12800.0       0.8       4.0      0.65      2.00     10.00  -9999.00
     1   2005     83    7600.0      -2.3       6.3      0.52      2.00      2.70  -9999.00
     1   2005     84    7300.0       2.1       8.1      0.71      2.00      1.30  -9999.00
     1   2005     85    3400.0       0.6       8.3      0.64      2.00      0.00  -9999.00
     1   2005     86   12200.0       3.7      10.6      0.80      2.00      0.00  -9999.00
     1   2005     87   16400.0       6.5       9.5      0.97      2.00      0.00  -9999.00
     1   2005     88   16600.0       4.6      11.7      0.85      2.00      0.00  -9999.00
     1   2005     89    4400.0       3.3       9.4      0.77      2.00      0.00  -9999.00
     1   2005     90    5100.0       4.0      12.1      0.81      2.00      2.50  -9999.00
     1   2005     91    4200.0       4.2      10.1      0.82      2.00      0.70  -9999.00
     1   2005     92   16400.0       3.4      14.2      0.78      2.00      0.00  -9999.00
     1   2005     93   13400.0       0.4      16.3      0.63      2.00      0.00  -9999.00
     1   2005     94   19300.0       0.3      12.5      0.62      2.00      0.00  -9999.00
     1   2005     95    3000.0      -1.0      10.4      0.57      2.00      0.40  -9999.00
     1   2005     96   12200.0       6.3      11.3      0.95      2.00      1.80  -9999.00
     1   2005     97   14900.0       4.1       9.3      0.82      2.00      0.60  -9999.00
     1   2005     98   19500.0      -0.8      10.1      0.58      2.00      3.50  -9999.00
     1   2005     99    7800.0      -2.1      11.6      0.52      2.00      0.30  -9999.00
     1   2005    100    4600.0       2.5      12.2      0.73      2.00      0.00  -9999.00
     1   2005    101   15300.0       3.6      10.8      0.79      2.00      0.00  -9999.00
     1   2005    102   15100.0       5.2      14.8      0.88      2.00      0.00  -9999.00
     1   2005    103    6100.0       5.9      12.2      0.93      2.00      0.10  -9999.00
     1   2005    104    3200.0       5.8      10.5      0.92      2.00      0.40  -9999.00
     1   2005    105   14800.0       7.6      10.9      1.04      2.00      5.20  -9999.00
     1   2005    106   12300.0      -0.9      10.9      0.57      2.00      0.30  -9999.00
     1   2005    107   11200.0       2.6      10.9      0.74      2.00      0.00  -9999.00
     1   2005    108   15600.0       4.8      12.8      0.86      2.00      0.10  -9999.00
     1   2005    109   15900.0       4.4      12.6      0.84      2.00      3.20  -9999.00
     1   2005    110   19500.0       5.4      17.5      0.90      2.00      6.00  -9999.00
     1   2005    111   20700.0      11.0      18.5      1.31      2.00      0.00  -9999.00
     1   2005    112   11100.0       5.7      16.0      0.92      2.00      0.00  -9999.00
     1   2005    113   21000.0       5.4      18.6      0.90      2.00      2.50  -9999.00
     1   2005    114    9900.0       5.8      14.0      0.92      2.00      2.60  -9999.00
     1   2005    115   19600.0       7.3      15.5      1.02      2.00      0.00  -9999.00
     1   2005    116   21600.0       4.2      14.7      0.82      2.00      0.00  -9999.00
     1   2005    117   22700.0       6.2      13.8      0.95      2.00      0.00  -9999.00
     1   2005    118   15300.0       6.0      16.6      0.93      2.00      0.00  -9999.00
     1   2005    119   20200.0       5.5      16.9      0.90      2.00      0.00  -9999.00
     1   2005    120    3800.0       4.2      15.4      0.82      2.00      1.10  -9999.00
     1   2005    121   17700.0       6.8      18.5      0.99      2.00      0.00  -9999.00
     1   2005    122   19900.0      10.8      18.8      1.29      2.00      1.50  -9999.00
     1   2005    123   21800.0       9.5      19.5      1.19      2.00      0.00  -9999.00
     1   2005    124   11800.0       6.5      12.1      0.97      2.00      5.70  -9999.00
     1   2005    125   11600.0       3.2      12.6      0.77      2.00      0.50  -9999.00
     1   2005    126    6100.0      10.7      15.1      1.29      2.00      2.90  -9999.00
     1   2005    127   17100.0       7.0      12.8      1.00      2.00      6.50  -9999.00
     1   2005    128   15500.0       8.2      15.5      1.09      2.00      0.40  -9999.00
     1   2005    129   14700.0       5.7      14.8      0.92      2.00      6.70  -9999.00
     1   2005    130    8600.0       8.8      13.9      1.13      2.00      6.70  -9999.00
     1   2005    131    4200.0       9.2      13.9      1.16      2.00      3.10  -9999.00
     1   2005    132   27900.0       8.5      16.4      1.11      2.00      0.00  -9999.00
     1   2005    133   19100.0       9.9      16.0      1.22      2.00      0.70  -9999.00
     1   2005    134   16000.0       7.9      15.1      1.07      2.00      0.00  -9999.00
     1   2005    135   14200.0       5.4      18.2      0.90      2.00      0.00  -9999.00
     1   2005    136    4500.0       8.6      18.8      1.12      2.00      0.00  -9999.00
     1   2005    137   17600.0      11.4      14.0      1.35      2.00      0.70  -9999.00
     1   2005    138    5700.0       8.8      16.9      1.13      2.00     13.50  -9999.00
     1   2005    139   15600.0       5.2      18.7      0.88      2.00      0.00  -9999.00
     1   2005    140    6400.0       2.3      14.1      0.72      2.00      3.20  -9999.00
     1   2005    141   20900.0       2.2      13.9      0.72      2.00      0.00  -9999.00
     1   2005    142   25300.0      10.0      17.1      1.23      2.00      0.30  -9999.00
     1   2005    143   27600.0       7.5      23.0      1.04      2.00      0.00  -9999.00
     1   2005    144    5800.0       9.0      16.9      1.15      2.00      0.60  -9999.00
     1   2005    145   19600.0      10.5      17.8      1.27      2.00      0.00  -9999.00
     1   2005    146   26200.0       8.8      16.6      1.13      2.00      0.00  -9999.00
     1   2005    147   24400.0       6.3      13.8      0.95      2.00      0.00  -9999.00
     1   2005    148   20500.0       9.7      27.6      1.20      2.00      0.00  -9999.00
     1   2005    149   22800.0      10.8      20.1      1.29      2.00      0.00  -9999.00
     1   2005    150    8500.0      10.0      21.2      1.23      2.00      0.00  -9999.00
     1   2005    151   14900.0      12.8      19.3      1.48      2.00      2.10  -9999.00
     1   2005    152    5400.0       7.9      15.0      1.07      2.00      0.30  -9999.00
     1   2005    153   18300.0       9.5      16.0      1.19      2.00      9.40  -9999.00
     1   2005    154    7000.0      10.7      16.1      1.29      2.00      0.30  -9999.00
     1   2005    155   25800.0      10.5      17.2      1.27      2.00      0.00  -9999.00
     1   2005    156   18600.0       8.9      21.4      1.14      2.00      0.00  -9999.00
     1   2005    157   17200.0      10.4      27.9      1.26      2.00     12.00  -9999.00
     1   2005    158   20200.0      10.6      15.7      1.28      2.00      0.40  -9999.00
     1   2005    159   26100.0       8.5      18.4      1.11      2.00      0.00  -9999.00
     1   2005    160   14600.0       9.7      17.6      1.20      2.00      2.30  -9999.00
     1   2005    161   26700.0      10.9      21.1      1.30      2.00      6.60  -9999.00
     1   2005    162    4600.0       9.5      17.2      1.19      2.00      3.10  -9999.00
     1   2005    163    4400.0      11.7      18.4      1.37      2.00      0.80  -9999.00
     1   2005    164   12800.0      15.3      18.1      1.74      2.00      8.40  -9999.00
     1   2005    165   12900.0      13.4      20.8      1.54      2.00      0.90  -9999.00
     1   2005    166   21100.0       9.4      13.3      1.18      2.00      8.40  -9999.00
     1   2005    167   20800.0      11.6      13.1      1.37      2.00      0.60  -9999.00
     1   2005    168    5600.0       9.8      19.1      1.21      2.00      0.60  -9999.00
     1   2005    169    4500.0       4.5      20.6      0.84      2.00     14.90  -9999.00
     1   2005    170   30000.0      10.6      22.1      1.28      2.00      0.00  -9999.00
     1   2005    171   13400.0       5.7      23.1      0.92      2.00      0.00  -9999.00
     1   2005    172   12300.0       9.0      19.4      1.15      2.00      2.10  -9999.00
     1   2005    173   18400.0       6.5      18.0      0.97      2.00      8.80  -9999.00
     1   2005    174   29100.0       9.4      22.7      1.18      2.00      0.00  -9999.00
     1   2005    175   13000.0      10.2      24.3      1.24      2.00      0.00  -9999.00
     1   2005    176   16400.0      11.1      19.4      1.32      2.00      0.40  -9999.00
     1   2005    177    9900.0       8.8      24.3      1.13      2.00      1.80  -9999.00
     1   2005    178   25200.0       9.5      18.9      1.19      2.00      0.00  -9999.00
     1   2005    179   26900.0       8.1      17.1      1.08      2.00      2.60  -9999.00
     1   2005    180   18800.0       9.0      21.4      1.15      2.00      0.00  -9999.00
     1   2005    181   13800.0      10.8      18.5      1.29      2.00      2.50  -9999.00
     1   2005    182    6400.0      12.4      20.1      1.44      2.00      1.80  -9999.00
     1   2005    183   27900.0      14.8      20.2      1.68      2.00      0.00  -9999.00
     1   2005    184   18900.0      12.5      23.7      1.45      2.00      0.70  -9999.00
     1   2005    185   26200.0      14.4      20.9      1.64      2.00      7.80  -9999.00
     1   2005    186   24000.0      11.5      19.9      1.36      2.00      0.20  -9999.00
     1   2005    187   24500.0       7.5      18.4      1.04      2.00      1.40  -9999.00
     1   2005    188   14200.0      11.8      19.4      1.38      2.00      2.30  -9999.00
     1   2005    189   21600.0      12.1      23.9      1.41      2.00      0.00  -9999.00
     1   2005    190   15900.0      12.4      24.7      1.44      2.00      0.00  -9999.00
     1   2005    191   20500.0       8.4      30.0      1.10      2.00      0.00  -9999.00
     1   2005    192   26200.0      14.3      23.7      1.63      2.00      0.00  -9999.00
     1   2005    193   11200.0      11.5      20.8      1.36      2.00      2.50  -9999.00
     1   2005    194   20200.0      11.6      20.2      1.37      2.00      3.30  -9999.00
     1   2005    195   14100.0      13.3      28.0      1.53      2.00      0.00  -9999.00
     1   2005    196   15400.0      13.1      26.1      1.51      2.00      0.00  -9999.00
     1   2005    197    7100.0      12.4      20.1      1.44      2.00      0.40  -9999.00
     1   2005    198   17800.0      12.4      21.6      1.44      2.00      1.20  -9999.00
     1   2005    199    4200.0      12.1      19.5      1.41      2.00      5.10  -9999.00
     1   2005    200   20500.0       9.8      18.5      1.21      2.00      1.40  -9999.00
     1   2005    201   26700.0      10.3      22.9      1.25      2.00      0.00  -9999.00
     1   2005    202   25600.0      14.3      23.9      1.63      2.00      0.00  -9999.00
     1   2005    203   19400.0      12.4      23.4      1.44      2.00      0.00  -9999.00
     1   2005    204   26400.0      10.1      20.1      1.24      2.00      0.00  -9999.00
     1   2005    205   27400.0      11.9      21.6      1.39      2.00      0.00  -9999.00
     1   2005    206   14800.0      11.5      20.6      1.36      2.00     18.50  -9999.00
     1   2005    207   27600.0       6.9      22.7      0.99      2.00      0.00  -9999.00
     1   2005    208   26300.0      11.7      19.3      1.37      2.00      1.60  -9999.00
     1   2005    209   10600.0      13.0      21.3      1.50      2.00      0.00  -9999.00
     1   2005    210   24200.0      13.0      22.5      1.50      2.00      0.10  -9999.00
     1   2005    211   20300.0      11.6      24.0      1.37      2.00      0.00  -9999.00
     1   2005    212   18300.0      16.5      22.5      1.88      2.00      0.60  -9999.00
     1   2005    213   20800.0      15.3      21.6      1.74      2.00      8.30  -9999.00
     1   2005    214   20800.0       7.1      19.0      1.01      2.00      3.50  -9999.00
     1   2005    215    3900.0      12.8      19.1      1.48      2.00      1.70  -9999.00
     1   2005    216   18100.0      15.1      21.3      1.72      2.00      5.90  -9999.00
     1   2005    217   12500.0      14.5      21.0      1.65      2.00      3.40  -9999.00
     1   2005    218   11100.0      12.4      21.4      1.44      2.00      0.00  -9999.00
     1   2005    219   22400.0       9.5      23.7      1.19      2.00      0.00  -9999.00
     1   2005    220    9100.0      13.1      19.3      1.51      2.00      3.20  -9999.00
     1   2005    221    6800.0      12.3      24.0      1.43      2.00      0.00  -9999.00
     1   2005    222   23600.0      13.6      21.0      1.56      2.00      0.00  -9999.00
     1   2005    223    9000.0      11.5      21.2      1.36      2.00      2.70  -9999.00
     1   2005    224   20800.0      11.5      21.0      1.36      2.00      4.50  -9999.00
     1   2005    225   20200.0       8.5      25.1      1.11      2.00      0.00  -9999.00
     1   2005    226   20400.0      13.4      19.4      1.54      2.00      5.60  -9999.00
     1   2005    227   20100.0      13.2      17.7      1.52      2.00      0.60  -9999.00
     1   2005    228   22800.0      15.9      27.0      1.81      2.00      0.00  -9999.00
     1   2005    229   20100.0      14.8      24.4      1.68      2.00      0.00  -9999.00
     1   2005    230    8200.0      14.0      22.7      1.60      2.00      0.00  -9999.00
     1   2005    231   16700.0      13.1      19.4      1.51      2.00      0.50  -9999.00
     1   2005    232   22300.0      11.0      17.4      1.31      2.00      9.00  -9999.00
     1   2005    233   20900.0      10.2      19.2      1.24      2.00      0.00  -9999.00
     1   2005    234   21700.0      14.4      31.1      1.64      2.00      0.00  -9999.00
     1   2005    235   21800.0      16.5      25.3      1.88      2.00      0.00  -9999.00
     1   2005    236   19400.0       8.2      18.2      1.09      2.00      0.00  -9999.00
     1   2005    237   14700.0       6.7      20.7      0.98      2.00      0.00  -9999.00
     1   2005    238   13300.0      12.9      21.3      1.49      2.00      1.40  -9999.00
     1   2005    239   11500.0      11.9      21.5      1.39      2.00      7.90  -9999.00
     1   2005    240   17900.0      12.3      22.0      1.43      2.00      7.10  -9999.00
     1   2005    241   17300.0      10.3      20.3      1.25      2.00      3.50  -9999.00
     1   2005    242   19300.0      13.4      24.2      1.54      2.00      0.00  -9999.00
     1   2005    243   17100.0      14.3      22.7      1.63      2.00      0.00  -9999.00
     1   2005    244   19500.0      12.4      24.6      1.44      2.00      0.00  -9999.00
     1   2005    245    6300.0      13.8      21.0      1.58      2.00      0.00  -9999.00
     1   2005    246   17200.0       8.1      20.6      1.08      2.00      0.00  -9999.00
     1   2005    247   17900.0       9.4      20.5      1.18      2.00      0.00  -9999.00
     1   2005    248   18100.0      11.8      26.9      1.38      2.00      0.00  -9999.00
     1   2005    249   18900.0      12.8      21.5      1.48      2.00      0.00  -9999.00
     1   2005    250    8900.0      11.2      21.2      1.33      2.00      0.00  -9999.00
     1   2005    251   16200.0       8.8      18.6      1.13      2.00      0.00  -9999.00
     1   2005    252    3900.0       8.5      18.8      1.11      2.00      0.10  -9999.00
     1   2005    253    7100.0       7.5      16.6      1.04      2.00      1.10  -9999.00
     1   2005    254    2800.0       9.2      17.3      1.16      2.00      0.00  -9999.00
     1   2005    255    5900.0      13.1      17.5      1.51      2.00      0.00  -9999.00
     1   2005    256    8200.0       8.5      18.1      1.11      2.00      0.00  -9999.00
     1   2005    257   17400.0       5.9      19.3      0.93      2.00      0.00  -9999.00
     1   2005    258    7100.0       9.3      18.8      1.17      2.00      0.00  -9999.00
     1   2005    259   10500.0      10.6      17.2      1.28      2.00      0.00  -9999.00
     1   2005    260    2900.0       9.0      15.7      1.15      2.00      0.00  -9999.00
     1   2005    261   15500.0       7.5      17.6      1.04      2.00      0.00  -9999.00
     1   2005    262   13200.0      13.2      19.5      1.52      2.00      0.00  -9999.00
     1   2005    263   16200.0      12.3      17.5      1.43      2.00      0.00  -9999.00
     1   2005    264   14600.0       6.2      16.5      0.95      2.00      0.00  -9999.00
     1   2005    265   13900.0       8.5      13.5      1.11      2.00      0.00  -9999.00
     1   2005    266    9900.0       9.0      16.5      1.15      2.00      3.10  -9999.00
     1   2005    267    3600.0       2.5      17.7      0.73      2.00      0.10  -9999.00
     1   2005    268    6000.0       9.2      17.3      1.16      2.00      0.10  -9999.00
     1   2005    269    9200.0      12.6      20.3      1.46      2.00      2.80  -9999.00
     1   2005    270    9800.0       8.9      17.5      1.14      2.00      0.90  -9999.00
     1   2005    271   10800.0      10.8      15.6      1.29      2.00      0.00  -9999.00
     1   2005    272    8600.0      13.9      16.3      1.59      2.00      0.10  -9999.00
     1   2005    273   10900.0      12.0      14.0      1.40      2.00      2.50  -9999.00
     1   2005    274   11700.0       7.2      16.1      1.02      2.00      0.00  -9999.00
     1   2005    275   14500.0       7.7      16.3      1.05      2.00      0.00  -9999.00
     1   2005    276    8600.0      10.0      18.8      1.23      2.00      0.50  -9999.00
     1   2005    277    8300.0       9.2      18.5      1.16      2.00      0.00  -9999.00
     1   2005    278    2800.0       9.6      17.1      1.20      2.00      0.30  -9999.00
     1   2005    279    8900.0       9.9      15.4      1.22      2.00      0.50  -9999.00
     1   2005    280    2200.0       5.8      11.0      0.92      2.00      9.70  -9999.00
     1   2005    281    3200.0       9.7      13.3      1.20      2.00      2.70  -9999.00
     1   2005    282    9200.0      12.3      15.9      1.43      2.00      1.60  -9999.00
     1   2005    283    4300.0      12.7      13.7      1.47      2.00      0.40  -9999.00
     1   2005    284    2800.0       8.5      16.5      1.11      2.00      0.40  -9999.00
     1   2005    285    1800.0      10.8      14.4      1.29      2.00      3.90  -9999.00
     1   2005    286    9900.0       7.8      14.4      1.06      2.00      2.50  -9999.00
     1   2005    287    9100.0       7.3      14.2      1.02      2.00      6.80  -9999.00
     1   2005    288    8900.0      13.7      17.1      1.57      2.00      9.40  -9999.00
     1   2005    289    4100.0      11.0      17.0      1.31      2.00      5.60  -9999.00
     1   2005    290    2400.0       7.7      13.1      1.05      2.00      1.00  -9999.00
     1   2005    291    9300.0       4.3      14.0      0.83      2.00      0.00  -9999.00
     1   2005    292    1700.0       5.6      11.3      0.91      2.00      0.00  -9999.00
     1   2005    293    1500.0       4.4      12.5      0.84      2.00      0.00  -9999.00
     1   2005    294    8800.0       8.8      14.1      1.13      2.00      0.00  -9999.00
     1   2005    295    8100.0       6.9      12.0      0.99      2.00      6.30  -9999.00
     1   2005    296    3000.0       6.5      12.5      0.97      2.00      0.00  -9999.00
     1   2005    297    9500.0       7.9      10.8      1.07      2.00      0.20  -9999.00
     1   2005    298    2900.0       8.5      12.5      1.11      2.00      6.50  -9999.00
     1   2005    299    9100.0       9.0      11.0      1.15      2.00      0.00  -9999.00
     1   2005    300    9100.0       5.1      12.2      0.88      2.00      0.00  -9999.00
     1   2005    301    5300.0       5.5      13.4      0.90      2.00      0.00  -9999.00
     1   2005    302    6200.0       3.2      12.5      0.77      2.00      0.30  -9999.00
     1   2005    303    1800.0       7.0      14.5      1.00      2.00      0.30  -9999.00
     1   2005    304    2300.0       6.8      12.7      0.99      2.00     28.90  -9999.00
     1   2005    305    5700.0       4.6      15.5      0.85      2.00      0.00  -9999.00
     1   2005    306    2100.0       7.7      12.9      1.05      2.00      0.50  -9999.00
     1   2005    307    3900.0       7.8      11.0      1.06      2.00      0.00  -9999.00
     1   2005    308    4500.0       4.7      12.5      0.85      2.00      0.30  -9999.00
     1   2005    309    1400.0       8.2      13.3      1.09      2.00      6.00  -9999.00
     1   2005    310    2200.0       1.8       9.1      0.70      2.00      0.00  -9999.00
     1   2005    311    4800.0       5.6      11.6      0.91      2.00      5.70  -9999.00
     1   2005    312    1500.0       3.2       7.7      0.77      2.00     14.40  -9999.00
     1   2005    313    4200.0       0.2       8.4      0.62      2.00      2.80  -9999.00
     1   2005    314    7100.0       2.7      11.1      0.74      2.00      0.20  -9999.00
     1   2005    315    5800.0       3.5       9.4      0.78      2.00      0.00  -9999.00
     1   2005    316    6400.0       6.0       9.7      0.93      2.00      0.00  -9999.00
     1   2005    317    6300.0       7.4      11.9      1.03      2.00      0.00  -9999.00
     1   2005    318     900.0       7.6      11.0      1.04      2.00      0.00  -9999.00
     1   2005    319     800.0       6.0      13.4      0.93      2.00     18.80  -9999.00
     1   2005    320    1200.0       1.0       9.6      0.66      2.00      0.00  -9999.00
     1   2005    321    1000.0       5.3       8.8      0.89      2.00     13.60  -9999.00
     1   2005    322    1200.0       5.6      14.8      0.91      2.00      1.30  -9999.00
     1   2005    323    2100.0       5.2      12.6      0.88      2.00      7.10  -9999.00
     1   2005    324     900.0       4.4       8.9      0.84      2.00      1.60  -9999.00
     1   2005    325     900.0       0.4      10.5      0.63      2.00      0.30  -9999.00
     1   2005    326    3500.0       6.8       9.7      0.99      2.00      1.90  -9999.00
     1   2005    327     900.0       3.5      11.0      0.78      2.00      5.90  -9999.00
     1   2005    328     800.0       4.2       7.6      0.82      2.00      3.00  -9999.00
     1   2005    329    5400.0       0.1       3.6      0.62      2.00      0.00  -9999.00
     1   2005    330    4100.0       4.0       9.2      0.81      2.00      0.00  -9999.00
     1   2005    331    1200.0       7.8       9.9      1.06      2.00      0.30  -9999.00
     1   2005    332    3500.0       3.7       7.4      0.80      2.00      2.00  -9999.00
     1   2005    333    2600.0       1.2       6.4      0.67      2.00      0.90  -9999.00
     1   2005    334    1800.0       3.3       9.3      0.77      2.00      7.50  -9999.00
     1   2005    335    1800.0       2.7       9.3      0.74      2.00      3.90  -9999.00
     1   2005    336    4700.0       9.7      11.8      1.20      2.00      0.30  -9999.00
     1   2005    337     700.0       4.3      12.4      0.83      2.00      0.30  -9999.00
     1   2005    338     700.0       4.4       9.3      0.84      2.00      1.50  -9999.00
     1   2005    339    2700.0       7.6       9.0      1.04      2.00      0.00  -9999.00
     1   2005    340     700.0       5.5       8.2      0.90      2.00      3.20  -9999.00
     1   2005    341    1400.0       8.2      10.2      1.09      2.00      0.30  -9999.00
     1   2005    342    2900.0      -2.9       4.5      0.49      2.00     10.90  -9999.00
     1   2005    343    1400.0      -1.4       3.4      0.55      2.00      0.00  -9999.00
     1   2005    344    1400.0       5.8      11.3      0.92      2.00      1.80  -9999.00
     1   2005    345     700.0       2.1       8.3      0.71      2.00      3.50  -9999.00
     1   2005    346     600.0       0.8       5.4      0.65      2.00      0.00  -9999.00
     1   2005    347    3300.0       0.9       3.6      0.65      2.00      0.00  -9999.00
     1   2005    348     700.0       1.9       6.9      0.70      2.00      4.10  -9999.00
     1   2005    349    3500.0       0.5       5.7      0.63      2.00      0.20  -9999.00
     1   2005    350     700.0       2.6       6.7      0.74      2.00      0.10  -9999.00
     1   2005    351     700.0      -1.1       5.9      0.56      2.00      0.10  -9999.00
     1   2005    352     700.0       2.8      10.8      0.75      2.00      0.50  -9999.00
     1   2005    353    1200.0       1.5      12.4      0.68      2.00      0.00  -9999.00
     1   2005    354     700.0       5.7      12.8      0.92      2.00     11.70  -9999.00
     1   2005    355    3100.0       2.1      12.6      0.71      2.00      1.60  -9999.00
     1   2005    356     700.0       1.7       6.9      0.69      2.00      0.40  -9999.00
     1   2005    357    4100.0       1.2       8.7      0.67      2.00      1.10  -9999.00
     1   2005    358     700.0       3.0       7.1      0.76      2.00      6.10  -9999.00
     1   2005    359    4300.0       5.4       8.1      0.90      2.00      2.20  -9999.00
     1   2005    360    3600.0       2.1       5.4      0.71      2.00      3.90  -9999.00
     1   2005    361     700.0       0.5       3.0      0.63      2.00      0.10  -9999.00
     1   2005    362     600.0      -0.4       4.1      0.59      2.00      0.00  -9999.00
     1   2005    363    4400.0      -0.3       7.9      0.60      2.00      5.20  -9999.00
     1   2005    364    4300.0       0.9       9.0      0.65      2.00      2.00  -9999.00
     1   2005    365     700.0       1.0      10.3      0.66      2.00      2.60  -9999.00
