*-----------------------------------------------------------------------------* 
           WHWG_82.met            52.12    0.96   89.00
* Date created:  08-Aug-2019     Author: K Coleman 
* 
* NIL VALUE       -9999 
* Source:   data provided by M. Semenov 
*  
* Latitude:    52.12 Longitude:     0.96 Altitude:    89.00
* 
* Column  Daily value 
* 1       station number 
* 2       year 
* 3       day 
* 4       irradiation                   (kJ m-2 d-1) 
* 5       minimum temperature           (degrees Celsius) 
* 6       maximum temperature           (degrees Celsius) 
* 7       early morning vapour pressure (kPa)             
* 8       mean wind speed (height: 2 m?) (m s-1)          
* 9       precipitation                 (mm d-1)          
* 10      sunshine                      (hrs)             
 		Jday	RAD	    TMIN	TMAX	 VAP	wind	RAIN	SUN  
               kj/m2	°C	    °C	     kPa	m/s	    mm	    hrs 
   52.12  89.00
     1   2005      1    2100.0       7.3       9.2      1.02      2.00      0.10  -9999.00
     1   2005      2     900.0       4.8      10.5      0.86      2.00      0.80  -9999.00
     1   2005      3    3800.0       1.4       8.9      0.68      2.00      0.00  -9999.00
     1   2005      4     700.0      -0.3       8.3      0.60      2.00      0.10  -9999.00
     1   2005      5     700.0       1.1       9.5      0.66      2.00      5.60  -9999.00
     1   2005      6     800.0       5.3       9.5      0.89      2.00      0.10  -9999.00
     1   2005      7    4300.0       1.3      11.9      0.67      2.00      0.00  -9999.00
     1   2005      8    2400.0      -0.7       4.3      0.58      2.00      0.00  -9999.00
     1   2005      9    2100.0       1.3       6.0      0.67      2.00      0.70  -9999.00
     1   2005     10    4300.0       0.2       6.0      0.62      2.00      4.30  -9999.00
     1   2005     11     700.0       0.6       4.5      0.64      2.00      0.10  -9999.00
     1   2005     12    2300.0      -1.1       5.7      0.56      2.00      0.00  -9999.00
     1   2005     13     700.0       1.4       8.0      0.68      2.00      4.40  -9999.00
     1   2005     14    2500.0      -0.1       7.2      0.61      2.00      0.00  -9999.00
     1   2005     15    3300.0      -0.2       6.7      0.60      2.00      0.00  -9999.00
     1   2005     16    2100.0       1.7      10.9      0.69      2.00      0.00  -9999.00
     1   2005     17    5000.0       2.4      12.3      0.73      2.00      4.80  -9999.00
     1   2005     18    5100.0       0.7       7.9      0.64      2.00      1.40  -9999.00
     1   2005     19    2300.0       3.3       4.8      0.77      2.00      0.00  -9999.00
     1   2005     20    5400.0       0.7       6.4      0.64      2.00      0.00  -9999.00
     1   2005     21    2300.0       3.3       6.4      0.77      2.00      1.20  -9999.00
     1   2005     22     800.0       0.9       4.6      0.65      2.00      0.10  -9999.00
     1   2005     23    2200.0       1.1       3.1      0.66      2.00      2.00  -9999.00
     1   2005     24    2600.0       2.5       5.8      0.73      2.00      5.50  -9999.00
     1   2005     25     800.0       4.2       6.2      0.82      2.00      2.10  -9999.00
     1   2005     26    1200.0       0.5       7.2      0.63      2.00      0.10  -9999.00
     1   2005     27    1000.0       0.1       6.5      0.62      2.00      0.50  -9999.00
     1   2005     28    1900.0       1.1       9.4      0.66      2.00      3.90  -9999.00
     1   2005     29    2900.0       4.6      12.1      0.85      2.00      0.30  -9999.00
     1   2005     30    1100.0       4.0      10.3      0.81      2.00      0.20  -9999.00
     1   2005     31    1000.0       2.4       8.5      0.73      2.00      0.10  -9999.00
     1   2005     32    1100.0      -0.2       8.1      0.60      2.00      2.60  -9999.00
     1   2005     33    1000.0       2.1       6.6      0.71      2.00      0.20  -9999.00
     1   2005     34    5200.0      -1.4       6.3      0.55      2.00      0.40  -9999.00
     1   2005     35    6000.0      -1.0       7.2      0.57      2.00      0.00  -9999.00
     1   2005     36    1000.0      -2.0       0.1      0.53      2.00      0.90  -9999.00
     1   2005     37    1000.0      -2.6       3.0      0.50      2.00      0.00  -9999.00
     1   2005     38    6100.0       2.8       6.7      0.75      2.00      0.00  -9999.00
     1   2005     39    2000.0       3.6       5.6      0.79      2.00      0.00  -9999.00
     1   2005     40    1800.0       1.5       8.2      0.68      2.00      3.90  -9999.00
     1   2005     41    7700.0       3.7       8.3      0.80      2.00      0.00  -9999.00
     1   2005     42    4800.0       0.7       7.5      0.64      2.00      0.00  -9999.00
     1   2005     43    6800.0       4.1       8.1      0.82      2.00      2.00  -9999.00
     1   2005     44    8100.0      -2.3       4.0      0.52      2.00      0.00  -9999.00
     1   2005     45    2600.0      -6.0       0.4      0.39      2.00      0.00  -9999.00
     1   2005     46    7000.0       2.9       9.4      0.75      2.00      0.00  -9999.00
     1   2005     47    7400.0       7.2       8.2      1.02      2.00      0.00  -9999.00
     1   2005     48    1500.0       1.8       7.3      0.70      2.00      0.00  -9999.00
     1   2005     49    6700.0      -0.5       7.8      0.59      2.00      0.00  -9999.00
     1   2005     50    1600.0      -1.3       3.2      0.56      2.00      0.00  -9999.00
     1   2005     51    7900.0      -3.5       3.3      0.47      2.00      0.70  -9999.00
     1   2005     52    1500.0       2.8      12.1      0.75      2.00      0.00  -9999.00
     1   2005     53    1400.0       5.5      11.3      0.90      2.00      0.00  -9999.00
     1   2005     54    8700.0      -3.1       3.3      0.49      2.00      0.00  -9999.00
     1   2005     55    7600.0       0.2       4.3      0.62      2.00      2.60  -9999.00
     1   2005     56    9200.0      -1.1       7.6      0.56      2.00      0.00  -9999.00
     1   2005     57   11700.0       1.6       6.6      0.69      2.00      0.00  -9999.00
     1   2005     58    9500.0      -0.6       5.7      0.58      2.00      0.00  -9999.00
     1   2005     59    2200.0       0.4       8.8      0.63      2.00      1.00  -9999.00
     1   2005     60    2000.0       5.1      11.2      0.88      2.00     16.40  -9999.00
     1   2005     61    9300.0       2.5      10.6      0.73      2.00      1.50  -9999.00
     1   2005     62   10700.0      -7.3       5.6      0.35      2.00      0.00  -9999.00
     1   2005     63   12000.0      -0.7       9.6      0.58      2.00      0.00  -9999.00
     1   2005     64   12900.0       0.5       9.8      0.63      2.00      0.00  -9999.00
     1   2005     65    1900.0      -4.5      12.8      0.44      2.00      0.00  -9999.00
     1   2005     66    9500.0      -0.6       5.4      0.58      2.00      0.00  -9999.00
     1   2005     67    2300.0      -0.3       9.5      0.60      2.00      0.10  -9999.00
     1   2005     68    6200.0      -0.7       1.5      0.58      2.00      0.00  -9999.00
     1   2005     69    8700.0       1.6       3.6      0.69      2.00      0.00  -9999.00
     1   2005     70   12500.0       2.2       8.8      0.72      2.00      0.00  -9999.00
     1   2005     71    8900.0       1.5       9.8      0.68      2.00      0.00  -9999.00
     1   2005     72    9600.0       1.2      11.5      0.67      2.00      0.10  -9999.00
     1   2005     73   14400.0       1.5      12.1      0.68      2.00      0.00  -9999.00
     1   2005     74   13900.0       0.4      11.8      0.63      2.00      0.00  -9999.00
     1   2005     75   12900.0      -0.9      12.5      0.57      2.00      0.00  -9999.00
     1   2005     76    4300.0       1.2       7.8      0.67      2.00      2.10  -9999.00
     1   2005     77    4600.0      -3.8       9.5      0.46      2.00      0.00  -9999.00
     1   2005     78    9000.0       1.0       4.3      0.66      2.00      0.00  -9999.00
     1   2005     79    2500.0       1.0       7.9      0.66      2.00      0.00  -9999.00
     1   2005     80   14600.0       6.3      15.7      0.95      2.00      0.00  -9999.00
     1   2005     81    3500.0       3.9      12.9      0.81      2.00      0.00  -9999.00
     1   2005     82    4400.0       4.0      12.1      0.81      2.00      6.90  -9999.00
     1   2005     83    3400.0       2.4      17.3      0.73      2.00      0.00  -9999.00
     1   2005     84    6400.0       4.5      10.2      0.84      2.00      0.00  -9999.00
     1   2005     85    4200.0       3.4      12.9      0.78      2.00      0.00  -9999.00
     1   2005     86    4500.0      -0.2      11.1      0.60      2.00      0.00  -9999.00
     1   2005     87    3300.0       1.3       9.4      0.67      2.00      2.10  -9999.00
     1   2005     88    6300.0       5.0      13.4      0.87      2.00      0.00  -9999.00
     1   2005     89   10200.0       4.3      13.3      0.83      2.00      0.00  -9999.00
     1   2005     90    2900.0       5.0       9.5      0.87      2.00      0.80  -9999.00
     1   2005     91   16500.0       4.2      11.0      0.82      2.00      2.80  -9999.00
     1   2005     92    7500.0       5.9      15.5      0.93      2.00      0.00  -9999.00
     1   2005     93    9300.0       2.4      13.0      0.73      2.00      0.50  -9999.00
     1   2005     94   11800.0       5.0      12.9      0.87      2.00      2.50  -9999.00
     1   2005     95   13200.0       5.8      10.5      0.92      2.00      0.10  -9999.00
     1   2005     96    6600.0      -0.8      12.0      0.58      2.00      0.00  -9999.00
     1   2005     97   18900.0       0.0      10.3      0.61      2.00      0.00  -9999.00
     1   2005     98   15400.0       4.7      10.9      0.85      2.00      0.00  -9999.00
     1   2005     99   18300.0       1.4      10.7      0.68      2.00      3.10  -9999.00
     1   2005    100   11700.0       4.4      12.1      0.84      2.00      0.00  -9999.00
     1   2005    101    7300.0       6.7      11.4      0.98      2.00      0.00  -9999.00
     1   2005    102   13400.0       2.5      14.4      0.73      2.00      0.00  -9999.00
     1   2005    103    5400.0       4.8      10.1      0.86      2.00      1.70  -9999.00
     1   2005    104   18100.0       2.0       7.4      0.71      2.00      0.10  -9999.00
     1   2005    105    9400.0       1.9       7.6      0.70      2.00      0.90  -9999.00
     1   2005    106   19000.0      -0.8       8.5      0.58      2.00      0.60  -9999.00
     1   2005    107   15900.0       1.2       8.0      0.67      2.00      0.00  -9999.00
     1   2005    108    9700.0       0.4      10.6      0.63      2.00      0.00  -9999.00
     1   2005    109    3700.0       2.4      11.5      0.73      2.00      1.30  -9999.00
     1   2005    110    4400.0      -1.0      11.0      0.57      2.00      1.70  -9999.00
     1   2005    111   11700.0       3.0      13.8      0.76      2.00      0.00  -9999.00
     1   2005    112    4500.0       6.2      13.8      0.95      2.00      0.30  -9999.00
     1   2005    113   11100.0       4.1      18.0      0.82      2.00      0.00  -9999.00
     1   2005    114   16100.0       9.0      18.0      1.15      2.00      0.00  -9999.00
     1   2005    115    3700.0       3.9      18.2      0.81      2.00      5.00  -9999.00
     1   2005    116    9600.0       6.2      19.8      0.95      2.00      0.30  -9999.00
     1   2005    117   23300.0       9.1      19.0      1.16      2.00      0.00  -9999.00
     1   2005    118    6600.0       4.0      13.4      0.81      2.00      0.30  -9999.00
     1   2005    119   17200.0       6.8      16.8      0.99      2.00      0.80  -9999.00
     1   2005    120   23500.0       6.7      15.1      0.98      2.00      0.00  -9999.00
     1   2005    121    6800.0       8.4      11.7      1.10      2.00      0.70  -9999.00
     1   2005    122    4100.0       6.4      13.3      0.96      2.00      0.20  -9999.00
     1   2005    123    5800.0       7.0      14.8      1.00      2.00      2.10  -9999.00
     1   2005    124   18600.0       8.1      16.6      1.08      2.00      0.30  -9999.00
     1   2005    125   15800.0       9.1      14.8      1.16      2.00      0.20  -9999.00
     1   2005    126   21900.0       9.0      13.5      1.15      2.00      2.30  -9999.00
     1   2005    127    4100.0       9.3      15.4      1.17      2.00      0.50  -9999.00
     1   2005    128   24400.0       6.8      13.5      0.99      2.00      0.70  -9999.00
     1   2005    129   16500.0       7.5      12.0      1.04      2.00      0.50  -9999.00
     1   2005    130    5900.0       7.5      14.8      1.04      2.00      8.30  -9999.00
     1   2005    131   14900.0      10.7      15.8      1.29      2.00      1.40  -9999.00
     1   2005    132   23100.0       4.7      14.1      0.85      2.00      3.80  -9999.00
     1   2005    133   21200.0       5.0      16.4      0.87      2.00      3.70  -9999.00
     1   2005    134   27900.0       8.2      19.9      1.09      2.00      0.00  -9999.00
     1   2005    135   16300.0       5.1      17.9      0.88      2.00      0.00  -9999.00
     1   2005    136   26100.0       6.8      19.5      0.99      2.00      0.00  -9999.00
     1   2005    137   17900.0       5.9      19.8      0.93      2.00      0.00  -9999.00
     1   2005    138    8900.0       6.4      11.6      0.96      2.00      1.10  -9999.00
     1   2005    139   21600.0       8.8      14.6      1.13      2.00      0.70  -9999.00
     1   2005    140   11600.0       6.8      20.6      0.99      2.00      0.00  -9999.00
     1   2005    141   24700.0       2.2      23.5      0.72      2.00      0.00  -9999.00
     1   2005    142   23100.0       6.1      17.6      0.94      2.00      0.00  -9999.00
     1   2005    143   15300.0       8.9      15.1      1.14      2.00      0.50  -9999.00
     1   2005    144    4300.0      11.2      18.1      1.33      2.00      2.80  -9999.00
     1   2005    145   26000.0       8.0      19.0      1.07      2.00      0.00  -9999.00
     1   2005    146   23300.0       7.4      17.8      1.03      2.00      0.00  -9999.00
     1   2005    147   26100.0       8.0      21.4      1.07      2.00      0.00  -9999.00
     1   2005    148   27000.0       7.3      15.0      1.02      2.00      2.10  -9999.00
     1   2005    149   14100.0       8.6      15.4      1.12      2.00      0.30  -9999.00
     1   2005    150    6900.0       6.5      10.2      0.97      2.00      0.60  -9999.00
     1   2005    151   23100.0       8.3      14.7      1.09      2.00      7.70  -9999.00
     1   2005    152   19200.0       8.3      19.4      1.09      2.00      0.00  -9999.00
     1   2005    153    4600.0       8.8      16.5      1.13      2.00      7.40  -9999.00
     1   2005    154   18000.0       6.6      12.4      0.97      2.00      2.10  -9999.00
     1   2005    155   15700.0       8.9      15.5      1.14      2.00      0.30  -9999.00
     1   2005    156   14500.0       7.9      18.6      1.07      2.00      5.30  -9999.00
     1   2005    157   24100.0       9.6      24.0      1.20      2.00      0.00  -9999.00
     1   2005    158   23800.0      11.7      17.8      1.37      2.00      0.00  -9999.00
     1   2005    159   16600.0      10.5      17.9      1.27      2.00      0.50  -9999.00
     1   2005    160   17000.0       9.0      16.5      1.15      2.00      0.50  -9999.00
     1   2005    161   30000.0       7.1      18.1      1.01      2.00      0.00  -9999.00
     1   2005    162   28200.0       7.8      14.2      1.06      2.00      0.00  -9999.00
     1   2005    163   23100.0       9.2      17.9      1.16      2.00      0.00  -9999.00
     1   2005    164   29300.0      12.1      18.8      1.41      2.00      0.00  -9999.00
     1   2005    165   20200.0      13.1      17.2      1.51      2.00      0.00  -9999.00
     1   2005    166   11500.0      10.8      18.1      1.29      2.00      0.00  -9999.00
     1   2005    167   17700.0       9.5      16.9      1.19      2.00     11.10  -9999.00
     1   2005    168    8300.0      10.7      19.8      1.29      2.00      6.10  -9999.00
     1   2005    169   27900.0      10.1      24.4      1.24      2.00      0.00  -9999.00
     1   2005    170   29300.0      13.5      17.7      1.55      2.00     15.10  -9999.00
     1   2005    171   24900.0      12.0      16.1      1.40      2.00      0.40  -9999.00
     1   2005    172    4600.0      11.4      18.7      1.35      2.00      3.40  -9999.00
     1   2005    173   22700.0       9.0      19.3      1.15      2.00      0.00  -9999.00
     1   2005    174   11700.0      11.7      20.3      1.37      2.00      0.00  -9999.00
     1   2005    175    4400.0      10.1      17.6      1.24      2.00      3.00  -9999.00
     1   2005    176   28400.0      10.6      17.5      1.28      2.00      0.00  -9999.00
     1   2005    177   11800.0       9.4      16.8      1.18      2.00      0.40  -9999.00
     1   2005    178   21600.0      10.5      15.0      1.27      2.00     17.80  -9999.00
     1   2005    179   16600.0       9.4      16.0      1.18      2.00      0.00  -9999.00
     1   2005    180   27900.0      10.4      21.0      1.26      2.00      0.00  -9999.00
     1   2005    181   21900.0      14.1      22.2      1.61      2.00      0.00  -9999.00
     1   2005    182   26900.0      12.3      22.7      1.43      2.00      0.00  -9999.00
     1   2005    183   28800.0      15.6      22.4      1.77      2.00      0.00  -9999.00
     1   2005    184   21600.0      12.1      19.5      1.41      2.00      1.80  -9999.00
     1   2005    185   10700.0      11.9      22.2      1.39      2.00      5.10  -9999.00
     1   2005    186   10500.0      13.4      22.4      1.54      2.00      0.90  -9999.00
     1   2005    187   10600.0      12.7      23.2      1.47      2.00     10.40  -9999.00
     1   2005    188   10500.0      11.0      19.2      1.31      2.00      0.40  -9999.00
     1   2005    189   13900.0      15.0      19.9      1.70      2.00      0.30  -9999.00
     1   2005    190   17900.0      16.1      26.6      1.83      2.00      0.00  -9999.00
     1   2005    191   26700.0      13.6      26.2      1.56      2.00      0.00  -9999.00
     1   2005    192   28300.0       9.7      21.2      1.20      2.00      0.00  -9999.00
     1   2005    193   20000.0      12.2      18.3      1.42      2.00      0.00  -9999.00
     1   2005    194   26300.0       6.6      19.4      0.97      2.00      0.00  -9999.00
     1   2005    195   27400.0       8.4      18.3      1.10      2.00      0.00  -9999.00
     1   2005    196   18500.0      10.6      22.4      1.28      2.00      0.00  -9999.00
     1   2005    197    5100.0      10.6      23.0      1.28      2.00      0.00  -9999.00
     1   2005    198   14400.0      11.3      20.0      1.34      2.00      1.20  -9999.00
     1   2005    199   20700.0      11.8      21.3      1.38      2.00      0.00  -9999.00
     1   2005    200   24600.0      12.4      23.1      1.44      2.00      0.00  -9999.00
     1   2005    201   15400.0       8.1      21.2      1.08      2.00      0.00  -9999.00
     1   2005    202   10400.0      12.3      19.2      1.43      2.00      0.40  -9999.00
     1   2005    203   15800.0       8.6      17.2      1.12      2.00      0.50  -9999.00
     1   2005    204   14800.0      11.7      17.9      1.37      2.00      0.30  -9999.00
     1   2005    205   14300.0      15.9      19.5      1.81      2.00      0.30  -9999.00
     1   2005    206   18400.0      12.7      19.8      1.47      2.00     19.80  -9999.00
     1   2005    207   11900.0      12.0      22.7      1.40      2.00      0.20  -9999.00
     1   2005    208   19500.0      10.8      18.0      1.29      2.00      0.30  -9999.00
     1   2005    209   18000.0      11.9      19.9      1.39      2.00      2.10  -9999.00
     1   2005    210    5000.0      12.6      19.4      1.46      2.00      0.50  -9999.00
     1   2005    211   17400.0       9.8      20.0      1.21      2.00      8.40  -9999.00
     1   2005    212    5300.0      11.9      19.3      1.39      2.00      1.40  -9999.00
     1   2005    213   11900.0      11.3      20.1      1.34      2.00      1.70  -9999.00
     1   2005    214    7300.0      11.3      21.3      1.34      2.00     11.10  -9999.00
     1   2005    215   24200.0      13.7      19.6      1.57      2.00     11.00  -9999.00
     1   2005    216   15400.0      12.0      22.7      1.40      2.00     18.40  -9999.00
     1   2005    217   21800.0      10.2      22.7      1.24      2.00      0.00  -9999.00
     1   2005    218   22200.0      12.1      24.2      1.41      2.00      0.00  -9999.00
     1   2005    219   17200.0      16.3      24.2      1.85      2.00      0.00  -9999.00
     1   2005    220   13700.0      14.2      20.0      1.62      2.00      0.40  -9999.00
     1   2005    221   23400.0      14.7      20.6      1.67      2.00     10.00  -9999.00
     1   2005    222   15500.0      11.8      20.5      1.38      2.00      0.20  -9999.00
     1   2005    223   19000.0      14.5      21.1      1.65      2.00      0.00  -9999.00
     1   2005    224   20600.0      16.4      23.9      1.86      2.00      0.00  -9999.00
     1   2005    225   13200.0      14.2      19.0      1.62      2.00      1.30  -9999.00
     1   2005    226   20600.0       7.9      20.8      1.07      2.00      0.00  -9999.00
     1   2005    227    3900.0      12.3      18.5      1.43      2.00      9.60  -9999.00
     1   2005    228   13700.0      11.8      20.3      1.38      2.00      6.80  -9999.00
     1   2005    229   22000.0       7.2      21.8      1.02      2.00      1.10  -9999.00
     1   2005    230   16500.0      11.7      19.7      1.37      2.00      0.40  -9999.00
     1   2005    231   23400.0      12.1      21.7      1.41      2.00      0.00  -9999.00
     1   2005    232   11800.0      13.6      23.7      1.56      2.00     18.70  -9999.00
     1   2005    233   14600.0      14.7      20.7      1.67      2.00      5.60  -9999.00
     1   2005    234   10200.0      13.4      23.5      1.54      2.00      9.30  -9999.00
     1   2005    235   19000.0      12.1      22.4      1.41      2.00      1.50  -9999.00
     1   2005    236   22500.0      14.0      27.5      1.60      2.00      0.00  -9999.00
     1   2005    237   15800.0      14.1      21.8      1.61      2.00      0.10  -9999.00
     1   2005    238   17600.0      13.0      21.5      1.50      2.00      0.50  -9999.00
     1   2005    239   20400.0      14.3      22.7      1.63      2.00      0.00  -9999.00
     1   2005    240   15200.0      15.1      25.8      1.72      2.00      0.00  -9999.00
     1   2005    241   16000.0      12.5      21.7      1.45      2.00      5.10  -9999.00
     1   2005    242   20200.0      13.5      23.3      1.55      2.00      0.00  -9999.00
     1   2005    243    6200.0       8.9      21.6      1.14      2.00      0.00  -9999.00
     1   2005    244   15900.0      14.6      20.6      1.66      2.00     13.20  -9999.00
     1   2005    245   13900.0      12.9      21.3      1.49      2.00      0.30  -9999.00
     1   2005    246    5400.0       8.4      18.2      1.10      2.00     40.90  -9999.00
     1   2005    247   16300.0      12.0      20.9      1.40      2.00      9.30  -9999.00
     1   2005    248    3100.0      12.1      20.5      1.41      2.00     16.10  -9999.00
     1   2005    249   17100.0       7.4      19.9      1.03      2.00      0.00  -9999.00
     1   2005    250   15800.0       7.7      15.8      1.05      2.00     11.60  -9999.00
     1   2005    251   18300.0      10.1      17.1      1.24      2.00      0.50  -9999.00
     1   2005    252    5400.0      12.4      20.7      1.44      2.00      0.00  -9999.00
     1   2005    253    4600.0      14.6      20.6      1.66      2.00      0.00  -9999.00
     1   2005    254   16100.0       8.4      20.3      1.10      2.00      0.00  -9999.00
     1   2005    255   10700.0       8.8      18.9      1.13      2.00      5.00  -9999.00
     1   2005    256    3300.0       9.3      17.0      1.17      2.00      4.10  -9999.00
     1   2005    257    2800.0      13.0      18.4      1.50      2.00      3.40  -9999.00
     1   2005    258   18100.0      10.1      18.8      1.24      2.00      0.00  -9999.00
     1   2005    259   12000.0      15.4      15.9      1.75      2.00      0.00  -9999.00
     1   2005    260    9500.0      11.1      19.1      1.32      2.00      0.10  -9999.00
     1   2005    261    3900.0       8.9      19.4      1.14      2.00      0.10  -9999.00
     1   2005    262    7800.0       9.5      16.2      1.19      2.00      0.10  -9999.00
     1   2005    263   15500.0       3.6      16.5      0.79      2.00      2.60  -9999.00
     1   2005    264    7800.0      11.5      19.0      1.36      2.00      0.10  -9999.00
     1   2005    265    2300.0      15.7      18.5      1.78      2.00      0.00  -9999.00
     1   2005    266    5500.0      14.3      19.6      1.63      2.00      8.10  -9999.00
     1   2005    267    8500.0      10.5      20.2      1.27      2.00      9.00  -9999.00
     1   2005    268   10300.0      10.5      16.6      1.27      2.00      0.00  -9999.00
     1   2005    269   13300.0      12.4      18.2      1.44      2.00      0.30  -9999.00
     1   2005    270   11500.0       8.2      16.3      1.09      2.00      0.00  -9999.00
     1   2005    271   13100.0       8.8      13.7      1.13      2.00      0.00  -9999.00
     1   2005    272   12000.0       9.5      15.4      1.19      2.00      2.20  -9999.00
     1   2005    273    3200.0       2.3      13.2      0.72      2.00      0.00  -9999.00
     1   2005    274   13900.0       7.4      15.0      1.03      2.00      8.30  -9999.00
     1   2005    275   10500.0       8.0      10.3      1.07      2.00      1.60  -9999.00
     1   2005    276    2200.0      13.3      18.8      1.53      2.00      0.00  -9999.00
     1   2005    277    8800.0       9.2      17.5      1.16      2.00      0.00  -9999.00
     1   2005    278   12800.0      14.0      17.6      1.60      2.00      0.50  -9999.00
     1   2005    279    2100.0       9.4      20.8      1.18      2.00      1.00  -9999.00
     1   2005    280    3200.0      12.2      19.8      1.42      2.00      1.10  -9999.00
     1   2005    281    7500.0      11.0      18.6      1.31      2.00      0.80  -9999.00
     1   2005    282    1700.0       9.4      15.4      1.18      2.00      4.10  -9999.00
     1   2005    283   10400.0       7.4      14.7      1.03      2.00      0.60  -9999.00
     1   2005    284    7400.0      10.8      16.3      1.29      2.00      2.50  -9999.00
     1   2005    285    9300.0      11.8      14.9      1.38      2.00      0.30  -9999.00
     1   2005    286    6800.0       8.0      12.5      1.07      2.00      0.20  -9999.00
     1   2005    287    8100.0       5.4      14.1      0.90      2.00      1.40  -9999.00
     1   2005    288    1800.0      11.3      16.2      1.34      2.00      0.50  -9999.00
     1   2005    289    1700.0      11.6      17.3      1.37      2.00     19.10  -9999.00
     1   2005    290    8100.0       7.5      13.1      1.04      2.00      0.00  -9999.00
     1   2005    291    5600.0      10.3      14.5      1.25      2.00      0.50  -9999.00
     1   2005    292    5600.0       9.4      15.4      1.18      2.00      0.00  -9999.00
     1   2005    293    8500.0       7.8      12.6      1.06      2.00      0.00  -9999.00
     1   2005    294    2300.0      11.7      19.8      1.37      2.00      0.00  -9999.00
     1   2005    295    1300.0      12.5      14.9      1.45      2.00      0.90  -9999.00
     1   2005    296    8900.0       7.7      16.7      1.05      2.00      0.00  -9999.00
     1   2005    297    2200.0       4.0      14.7      0.81      2.00      0.60  -9999.00
     1   2005    298    5400.0       7.8      13.5      1.06      2.00      7.00  -9999.00
     1   2005    299    5200.0      11.1      15.4      1.32      2.00      3.40  -9999.00
     1   2005    300    1300.0       5.2      12.3      0.88      2.00      0.40  -9999.00
     1   2005    301    4800.0       1.4      13.4      0.68      2.00      2.40  -9999.00
     1   2005    302    1600.0       6.1      10.3      0.94      2.00      0.00  -9999.00
     1   2005    303    1200.0       8.1      10.1      1.08      2.00      0.00  -9999.00
     1   2005    304    9100.0       7.8      13.3      1.06      2.00      0.00  -9999.00
     1   2005    305    8200.0       8.2      14.6      1.09      2.00      2.80  -9999.00
     1   2005    306    3700.0       5.3      11.7      0.89      2.00     27.20  -9999.00
     1   2005    307    1400.0       6.3      12.5      0.95      2.00      0.20  -9999.00
     1   2005    308    7800.0       5.8      12.4      0.92      2.00      0.20  -9999.00
     1   2005    309    1300.0       6.8      10.7      0.99      2.00      0.00  -9999.00
     1   2005    310    5500.0       4.5       6.4      0.84      2.00      0.00  -9999.00
     1   2005    311    1100.0       4.6       5.6      0.85      2.00     14.90  -9999.00
     1   2005    312    4100.0       8.1      12.8      1.08      2.00      4.10  -9999.00
     1   2005    313    3600.0       4.8      11.0      0.86      2.00      0.20  -9999.00
     1   2005    314    5400.0       7.9      10.5      1.07      2.00      0.00  -9999.00
     1   2005    315    6400.0       8.0       9.8      1.07      2.00      1.80  -9999.00
     1   2005    316    1000.0      -1.2       7.6      0.56      2.00      0.00  -9999.00
     1   2005    317    1100.0      -2.4       8.7      0.51      2.00      4.00  -9999.00
     1   2005    318    4200.0       4.6      11.3      0.85      2.00     13.70  -9999.00
     1   2005    319    4400.0      -0.2       9.6      0.60      2.00      0.00  -9999.00
     1   2005    320    3800.0       4.4       9.9      0.84      2.00      2.90  -9999.00
     1   2005    321     900.0       0.0       8.1      0.61      2.00     23.70  -9999.00
     1   2005    322    5400.0       5.3       9.9      0.89      2.00      0.00  -9999.00
     1   2005    323    1100.0       2.2      12.2      0.72      2.00      0.70  -9999.00
     1   2005    324     800.0       0.5       6.9      0.63      2.00      1.40  -9999.00
     1   2005    325    5300.0       1.0       7.3      0.66      2.00      0.00  -9999.00
     1   2005    326    2100.0       3.2       9.3      0.77      2.00      0.90  -9999.00
     1   2005    327    5300.0      -1.1       4.9      0.56      2.00      0.00  -9999.00
     1   2005    328    1600.0       4.6       9.5      0.85      2.00      2.40  -9999.00
     1   2005    329    5000.0       7.4      11.2      1.03      2.00      1.10  -9999.00
     1   2005    330    1800.0      -1.4       7.9      0.55      2.00      0.00  -9999.00
     1   2005    331    5200.0       1.1       8.6      0.66      2.00      0.00  -9999.00
     1   2005    332     800.0       0.4       7.7      0.63      2.00      0.00  -9999.00
     1   2005    333    4900.0       0.7       5.5      0.64      2.00      0.40  -9999.00
     1   2005    334    3000.0       0.7       7.5      0.64      2.00      4.00  -9999.00
     1   2005    335    1800.0      -3.9       7.4      0.46      2.00     15.30  -9999.00
     1   2005    336    2400.0       3.9       7.1      0.81      2.00      0.00  -9999.00
     1   2005    337     700.0       2.8       7.9      0.75      2.00      0.00  -9999.00
     1   2005    338    1200.0       3.7       8.9      0.80      2.00      3.00  -9999.00
     1   2005    339     700.0       3.6       8.2      0.79      2.00      1.50  -9999.00
     1   2005    340    2900.0       4.2       7.7      0.82      2.00      0.00  -9999.00
     1   2005    341    3600.0       3.9      11.4      0.81      2.00      0.00  -9999.00
     1   2005    342    1900.0       0.8       2.9      0.65      2.00      0.00  -9999.00
     1   2005    343     700.0       1.8       5.6      0.70      2.00      0.00  -9999.00
     1   2005    344     700.0       2.0       5.5      0.71      2.00      2.30  -9999.00
     1   2005    345    1200.0       5.5       7.3      0.90      2.00      0.10  -9999.00
     1   2005    346     700.0       4.6       9.5      0.85      2.00      0.90  -9999.00
     1   2005    347     600.0       6.6       8.6      0.97      2.00      0.00  -9999.00
     1   2005    348    3400.0       0.1       5.9      0.62      2.00      0.00  -9999.00
     1   2005    349     700.0      -4.0       6.1      0.45      2.00      0.50  -9999.00
     1   2005    350    1500.0       1.7       8.6      0.69      2.00      0.20  -9999.00
     1   2005    351     800.0       0.3       6.6      0.62      2.00      0.30  -9999.00
     1   2005    352     700.0       1.3       8.7      0.67      2.00      0.10  -9999.00
     1   2005    353    2000.0      -1.5      10.8      0.55      2.00      5.40  -9999.00
     1   2005    354     700.0      -1.0       2.1      0.57      2.00      1.00  -9999.00
     1   2005    355     700.0      -2.7       4.8      0.50      2.00      6.30  -9999.00
     1   2005    356     700.0       2.7       7.9      0.74      2.00      3.30  -9999.00
     1   2005    357    2300.0       2.4       5.2      0.73      2.00      0.00  -9999.00
     1   2005    358    3800.0      -0.9       3.6      0.57      2.00      0.00  -9999.00
     1   2005    359     600.0      -3.7       6.0      0.46      2.00      0.00  -9999.00
     1   2005    360    3500.0      -0.3       5.1      0.60      2.00      0.00  -9999.00
     1   2005    361     800.0       0.9       7.2      0.65      2.00      2.60  -9999.00
     1   2005    362    1100.0       2.8       8.9      0.75      2.00      0.90  -9999.00
     1   2005    363     700.0       2.5       8.4      0.73      2.00      2.10  -9999.00
     1   2005    364     700.0      -1.7       6.9      0.54      2.00      0.60  -9999.00
     1   2005    365    3800.0      -0.8       6.9      0.58      2.00      0.70  -9999.00
