*-----------------------------------------------------------------------------* 
           WHWG_65.met            52.12    0.96   89.00
* Date created:  08-Aug-2019     Author: K Coleman 
* 
* NIL VALUE       -9999 
* Source:   data provided by M. Semenov 
*  
* Latitude:    52.12 Longitude:     0.96 Altitude:    89.00
* 
* Column  Daily value 
* 1       station number 
* 2       year 
* 3       day 
* 4       irradiation                   (kJ m-2 d-1) 
* 5       minimum temperature           (degrees Celsius) 
* 6       maximum temperature           (degrees Celsius) 
* 7       early morning vapour pressure (kPa)             
* 8       mean wind speed (height: 2 m?) (m s-1)          
* 9       precipitation                 (mm d-1)          
* 10      sunshine                      (hrs)             
 		Jday	RAD	    TMIN	TMAX	 VAP	wind	RAIN	SUN  
               kj/m2	°C	    °C	     kPa	m/s	    mm	    hrs 
   52.12  89.00
     1   2005      1     700.0      -0.1       4.7      0.61      2.00      0.00  -9999.00
     1   2005      2     800.0       0.4       6.5      0.63      2.00      5.80  -9999.00
     1   2005      3    3000.0       0.2       2.0      0.62      2.00      0.00  -9999.00
     1   2005      4     700.0      -1.5       4.0      0.55      2.00      0.10  -9999.00
     1   2005      5     800.0       7.3      12.5      1.02      2.00      8.50  -9999.00
     1   2005      6     800.0       2.3       8.8      0.72      2.00      0.00  -9999.00
     1   2005      7    3700.0       6.6      12.8      0.97      2.00      0.20  -9999.00
     1   2005      8     800.0       3.6      10.3      0.79      2.00      0.60  -9999.00
     1   2005      9     800.0       0.0       3.0      0.61      2.00      0.00  -9999.00
     1   2005     10     700.0       2.5       5.8      0.73      2.00      5.50  -9999.00
     1   2005     11     800.0      -3.7       6.4      0.46      2.00      9.00  -9999.00
     1   2005     12    3600.0       0.9       4.5      0.65      2.00      0.30  -9999.00
     1   2005     13     900.0       2.6       7.1      0.74      2.00      0.20  -9999.00
     1   2005     14     800.0      -0.5       8.3      0.59      2.00      3.50  -9999.00
     1   2005     15     900.0       2.5      11.1      0.73      2.00      1.60  -9999.00
     1   2005     16    2900.0       2.4      10.3      0.73      2.00      9.40  -9999.00
     1   2005     17    4000.0       4.4       8.8      0.84      2.00      0.00  -9999.00
     1   2005     18    2400.0       5.7       6.5      0.92      2.00      0.00  -9999.00
     1   2005     19    3900.0       3.8       7.0      0.80      2.00      2.20  -9999.00
     1   2005     20     800.0       3.9       5.9      0.81      2.00      0.10  -9999.00
     1   2005     21     900.0       0.4       5.3      0.63      2.00      0.00  -9999.00
     1   2005     22    1400.0       2.3       5.9      0.72      2.00      0.00  -9999.00
     1   2005     23    6000.0       2.7       5.6      0.74      2.00      0.00  -9999.00
     1   2005     24    1100.0       0.6       3.2      0.64      2.00      0.00  -9999.00
     1   2005     25     900.0      -2.1       5.1      0.52      2.00      0.10  -9999.00
     1   2005     26    1800.0      -0.7       1.3      0.58      2.00      7.50  -9999.00
     1   2005     27     900.0       3.3       8.0      0.77      2.00      1.40  -9999.00
     1   2005     28    6100.0       4.3       6.3      0.83      2.00      0.00  -9999.00
     1   2005     29    5200.0       2.3       5.3      0.72      2.00      3.70  -9999.00
     1   2005     30    4800.0       0.7       4.3      0.64      2.00      2.50  -9999.00
     1   2005     31    6800.0       0.7       7.2      0.64      2.00      0.00  -9999.00
     1   2005     32    4300.0       1.1       8.7      0.66      2.00      0.10  -9999.00
     1   2005     33    2700.0       6.3      10.3      0.95      2.00      0.30  -9999.00
     1   2005     34    4700.0       4.3      10.4      0.83      2.00      0.90  -9999.00
     1   2005     35    5300.0      -0.9       4.9      0.57      2.00      0.00  -9999.00
     1   2005     36    5200.0       0.0       2.4      0.61      2.00      0.00  -9999.00
     1   2005     37    1000.0       3.5      10.3      0.78      2.00      0.00  -9999.00
     1   2005     38    1100.0       1.3       9.7      0.67      2.00      1.90  -9999.00
     1   2005     39    7800.0       2.5       6.2      0.73      2.00      0.00  -9999.00
     1   2005     40    1000.0       4.0       5.9      0.81      2.00      0.00  -9999.00
     1   2005     41    1100.0      -0.5       3.3      0.59      2.00      0.40  -9999.00
     1   2005     42    4400.0      -6.7       2.1      0.37      2.00      0.00  -9999.00
     1   2005     43    1100.0       3.5       8.2      0.78      2.00      0.20  -9999.00
     1   2005     44    6300.0       4.6       9.7      0.85      2.00      0.30  -9999.00
     1   2005     45    3100.0      -0.7       7.5      0.58      2.00      0.30  -9999.00
     1   2005     46    9500.0       0.2       5.4      0.62      2.00      4.40  -9999.00
     1   2005     47    1300.0      -2.8      -0.4      0.50      2.00      4.90  -9999.00
     1   2005     48    7300.0      -4.2      -1.0      0.45      2.00      0.00  -9999.00
     1   2005     49    7300.0       3.5      10.8      0.78      2.00      0.30  -9999.00
     1   2005     50    8900.0       0.3       8.1      0.62      2.00      0.00  -9999.00
     1   2005     51    8200.0      -1.1       7.5      0.56      2.00      0.00  -9999.00
     1   2005     52    1300.0       1.2       9.9      0.67      2.00      0.30  -9999.00
     1   2005     53    6100.0      -1.1       4.0      0.56      2.00      0.00  -9999.00
     1   2005     54    4200.0      -0.5       5.9      0.59      2.00      0.00  -9999.00
     1   2005     55    8800.0       0.1       6.9      0.62      2.00      0.00  -9999.00
     1   2005     56   11200.0      -2.8       8.4      0.50      2.00      0.00  -9999.00
     1   2005     57    1800.0      -7.4       3.4      0.35      2.00      1.10  -9999.00
     1   2005     58    8700.0      -7.0       3.3      0.36      2.00      0.00  -9999.00
     1   2005     59    2000.0       4.2       8.9      0.82      2.00      0.00  -9999.00
     1   2005     60    1700.0       6.8       8.3      0.99      2.00      0.50  -9999.00
     1   2005     61    2100.0      -0.9       3.7      0.57      2.00      1.00  -9999.00
     1   2005     62    1800.0      -0.4       4.1      0.59      2.00      0.00  -9999.00
     1   2005     63    9600.0       2.0      13.6      0.71      2.00      0.00  -9999.00
     1   2005     64    1700.0       3.5      11.6      0.78      2.00      0.10  -9999.00
     1   2005     65    7800.0      -0.5      10.0      0.59      2.00      0.00  -9999.00
     1   2005     66   13100.0      -1.1       8.8      0.56      2.00      0.00  -9999.00
     1   2005     67    7200.0       1.9      10.0      0.70      2.00      0.10  -9999.00
     1   2005     68    8800.0       0.2      11.7      0.62      2.00      0.00  -9999.00
     1   2005     69   10900.0       3.5       9.8      0.78      2.00      0.20  -9999.00
     1   2005     70   11800.0       0.5      13.1      0.63      2.00      0.00  -9999.00
     1   2005     71    2300.0       4.9      12.7      0.87      2.00      0.00  -9999.00
     1   2005     72   12900.0       1.2      15.1      0.67      2.00      0.00  -9999.00
     1   2005     73   15100.0      -1.6       6.2      0.54      2.00      0.00  -9999.00
     1   2005     74    2300.0       1.0       2.9      0.66      2.00      0.00  -9999.00
     1   2005     75    2000.0       1.3      11.0      0.67      2.00      1.00  -9999.00
     1   2005     76    6200.0       1.0      11.6      0.66      2.00      0.00  -9999.00
     1   2005     77   12200.0       1.5       8.4      0.68      2.00      0.00  -9999.00
     1   2005     78    2200.0       6.3       8.5      0.95      2.00      0.30  -9999.00
     1   2005     79    4300.0       0.4      10.7      0.63      2.00     10.20  -9999.00
     1   2005     80    2100.0       3.0      13.9      0.76      2.00      0.50  -9999.00
     1   2005     81   15600.0       1.1      12.8      0.66      2.00      0.00  -9999.00
     1   2005     82    4200.0       3.3      12.2      0.77      2.00      0.00  -9999.00
     1   2005     83   13600.0       0.8      10.4      0.65      2.00      0.00  -9999.00
     1   2005     84    2400.0       4.3       6.9      0.83      2.00      0.00  -9999.00
     1   2005     85   15500.0       5.3      13.6      0.89      2.00      0.00  -9999.00
     1   2005     86    2500.0       2.0      15.7      0.71      2.00      5.50  -9999.00
     1   2005     87    2700.0       5.3       9.5      0.89      2.00      3.20  -9999.00
     1   2005     88    3500.0       3.1       6.6      0.76      2.00      0.20  -9999.00
     1   2005     89   15300.0       1.1      11.4      0.66      2.00      0.00  -9999.00
     1   2005     90   16300.0       4.0      11.1      0.81      2.00      0.00  -9999.00
     1   2005     91   17400.0       4.6      10.5      0.85      2.00      0.30  -9999.00
     1   2005     92   13800.0       1.4      10.4      0.68      2.00      0.10  -9999.00
     1   2005     93   17200.0       3.6      13.1      0.79      2.00      7.30  -9999.00
     1   2005     94    5800.0       1.3      17.9      0.67      2.00      0.00  -9999.00
     1   2005     95   18800.0       6.7      11.9      0.98      2.00      0.00  -9999.00
     1   2005     96    6200.0       4.9      14.1      0.87      2.00      0.00  -9999.00
     1   2005     97    9700.0       2.7      13.5      0.74      2.00      0.00  -9999.00
     1   2005     98    3600.0       0.2      16.4      0.62      2.00      0.00  -9999.00
     1   2005     99    9800.0       1.8      14.3      0.70      2.00      0.00  -9999.00
     1   2005    100   13000.0       4.3      16.2      0.83      2.00      0.00  -9999.00
     1   2005    101   11500.0       8.1      13.1      1.08      2.00      0.00  -9999.00
     1   2005    102   15100.0       8.0      12.5      1.07      2.00      0.00  -9999.00
     1   2005    103   15000.0       4.3      10.1      0.83      2.00      0.00  -9999.00
     1   2005    104    8900.0       9.1      10.0      1.16      2.00      0.00  -9999.00
     1   2005    105   13200.0       3.1      14.8      0.76      2.00      0.00  -9999.00
     1   2005    106    7500.0       2.3      16.9      0.72      2.00      2.10  -9999.00
     1   2005    107   18600.0       7.3      11.9      1.02      2.00      1.40  -9999.00
     1   2005    108   12500.0       3.1       9.7      0.76      2.00      0.30  -9999.00
     1   2005    109    6400.0       4.6      15.5      0.85      2.00      0.00  -9999.00
     1   2005    110   17900.0       7.2      15.3      1.02      2.00      0.00  -9999.00
     1   2005    111    7200.0       3.6       9.6      0.79      2.00      5.80  -9999.00
     1   2005    112   12300.0       7.9       9.4      1.07      2.00      4.20  -9999.00
     1   2005    113   11500.0       6.0      14.2      0.93      2.00      0.00  -9999.00
     1   2005    114   19000.0       8.4      14.0      1.10      2.00      0.00  -9999.00
     1   2005    115   22500.0       2.3      11.0      0.72      2.00      0.00  -9999.00
     1   2005    116   14900.0       4.2      10.9      0.82      2.00      0.00  -9999.00
     1   2005    117   17400.0       3.1      12.3      0.76      2.00      0.00  -9999.00
     1   2005    118   18000.0       6.3      10.2      0.95      2.00      0.00  -9999.00
     1   2005    119   16200.0       5.9      13.3      0.93      2.00      0.00  -9999.00
     1   2005    120   20600.0       8.9      15.1      1.14      2.00      0.00  -9999.00
     1   2005    121   24800.0       4.9      13.8      0.87      2.00      0.00  -9999.00
     1   2005    122   24000.0       4.3      14.1      0.83      2.00      0.00  -9999.00
     1   2005    123   19100.0       8.2      17.7      1.09      2.00      0.00  -9999.00
     1   2005    124   24800.0       9.8      17.5      1.21      2.00      0.00  -9999.00
     1   2005    125   21700.0       6.0      13.3      0.93      2.00      0.00  -9999.00
     1   2005    126   17200.0       8.1      14.5      1.08      2.00      0.00  -9999.00
     1   2005    127   10100.0       5.5      15.3      0.90      2.00      0.40  -9999.00
     1   2005    128   16600.0       8.6      13.6      1.12      2.00      2.50  -9999.00
     1   2005    129   19400.0       6.0      15.4      0.93      2.00      0.00  -9999.00
     1   2005    130    7800.0       4.2      13.2      0.82      2.00      0.00  -9999.00
     1   2005    131   23600.0       6.4      14.5      0.96      2.00      0.00  -9999.00
     1   2005    132   26900.0       7.7      17.0      1.05      2.00      0.00  -9999.00
     1   2005    133   20400.0      11.6      20.9      1.37      2.00      0.00  -9999.00
     1   2005    134   19500.0      10.1      18.6      1.24      2.00      7.30  -9999.00
     1   2005    135    4300.0       9.3      14.3      1.17      2.00      0.50  -9999.00
     1   2005    136    4600.0       9.4      18.1      1.18      2.00      0.00  -9999.00
     1   2005    137   24700.0       9.4      15.8      1.18      2.00      7.20  -9999.00
     1   2005    138   23400.0       7.3      20.9      1.02      2.00      0.00  -9999.00
     1   2005    139    9800.0       2.3      13.2      0.72      2.00     16.50  -9999.00
     1   2005    140    4100.0       3.6      13.7      0.79      2.00      4.80  -9999.00
     1   2005    141   10200.0       6.4      15.3      0.96      2.00      0.50  -9999.00
     1   2005    142   24400.0       8.6      20.1      1.12      2.00      0.00  -9999.00
     1   2005    143   26300.0       6.3      13.7      0.95      2.00      1.90  -9999.00
     1   2005    144   17000.0       8.7      19.0      1.12      2.00      0.00  -9999.00
     1   2005    145    7700.0       9.0      17.2      1.15      2.00      0.50  -9999.00
     1   2005    146   22800.0      10.9      16.3      1.30      2.00      2.10  -9999.00
     1   2005    147   17700.0       9.4      20.8      1.18      2.00      4.70  -9999.00
     1   2005    148   23100.0       7.9      19.3      1.07      2.00      0.00  -9999.00
     1   2005    149   27900.0      12.5      20.6      1.45      2.00      0.00  -9999.00
     1   2005    150   20600.0      10.6      23.1      1.28      2.00      0.00  -9999.00
     1   2005    151   19700.0      10.5      22.7      1.27      2.00      0.00  -9999.00
     1   2005    152    8200.0       9.3      21.4      1.17      2.00      0.00  -9999.00
     1   2005    153    5600.0       9.4      19.1      1.18      2.00      0.00  -9999.00
     1   2005    154   23500.0      13.0      21.5      1.50      2.00      0.00  -9999.00
     1   2005    155   16900.0       7.9      18.2      1.07      2.00      0.00  -9999.00
     1   2005    156   29800.0      10.9      20.3      1.30      2.00      0.00  -9999.00
     1   2005    157   23500.0       8.8      14.7      1.13      2.00      0.00  -9999.00
     1   2005    158    9200.0       7.9      17.4      1.07      2.00      0.00  -9999.00
     1   2005    159   24300.0       9.3      15.2      1.17      2.00     11.10  -9999.00
     1   2005    160   15100.0      11.3      19.2      1.34      2.00      0.00  -9999.00
     1   2005    161   28600.0      11.2      23.7      1.33      2.00      0.00  -9999.00
     1   2005    162   29300.0       9.6      25.1      1.20      2.00      0.00  -9999.00
     1   2005    163   25600.0       8.6      19.6      1.12      2.00     11.60  -9999.00
     1   2005    164   17700.0       9.5      19.9      1.19      2.00      0.60  -9999.00
     1   2005    165   24000.0      10.1      22.0      1.24      2.00      0.00  -9999.00
     1   2005    166   27900.0      13.7      25.1      1.57      2.00      0.00  -9999.00
     1   2005    167   27800.0       8.8      18.6      1.13      2.00      0.00  -9999.00
     1   2005    168    6200.0       5.4      17.4      0.90      2.00      0.40  -9999.00
     1   2005    169   19700.0       9.9      16.8      1.22      2.00      2.30  -9999.00
     1   2005    170   28000.0       7.2      20.1      1.02      2.00      0.00  -9999.00
     1   2005    171   12000.0       9.3      16.3      1.17      2.00      1.80  -9999.00
     1   2005    172    8500.0       9.0      14.6      1.15      2.00      8.20  -9999.00
     1   2005    173    6500.0      11.1      21.9      1.32      2.00      0.00  -9999.00
     1   2005    174   24300.0      11.3      22.1      1.34      2.00      0.00  -9999.00
     1   2005    175    5300.0       9.9      23.0      1.22      2.00      0.00  -9999.00
     1   2005    176   10800.0      11.0      21.2      1.31      2.00      0.00  -9999.00
     1   2005    177   19300.0      10.0      19.6      1.23      2.00      0.00  -9999.00
     1   2005    178   14800.0      10.5      15.7      1.27      2.00      7.40  -9999.00
     1   2005    179   18100.0      11.2      20.0      1.33      2.00      5.50  -9999.00
     1   2005    180   29900.0      15.2      27.6      1.73      2.00      0.00  -9999.00
     1   2005    181   10600.0      11.5      20.5      1.36      2.00      1.20  -9999.00
     1   2005    182    4700.0       9.8      19.4      1.21      2.00      9.00  -9999.00
     1   2005    183   12100.0      10.6      18.9      1.28      2.00      0.00  -9999.00
     1   2005    184   27600.0      11.2      19.4      1.33      2.00      0.00  -9999.00
     1   2005    185    4300.0      11.1      17.9      1.32      2.00      2.50  -9999.00
     1   2005    186   20100.0      13.3      20.7      1.53      2.00      1.20  -9999.00
     1   2005    187    7600.0      11.6      19.9      1.37      2.00      5.80  -9999.00
     1   2005    188   22100.0      12.1      21.8      1.41      2.00      0.00  -9999.00
     1   2005    189   10200.0      10.3      18.2      1.25      2.00      1.30  -9999.00
     1   2005    190   20100.0       5.6      16.4      0.91      2.00      3.40  -9999.00
     1   2005    191   24900.0      12.8      22.0      1.48      2.00      0.00  -9999.00
     1   2005    192   14500.0      15.3      18.4      1.74      2.00      1.60  -9999.00
     1   2005    193   28400.0       9.4      20.3      1.18      2.00      0.00  -9999.00
     1   2005    194   26800.0      11.3      18.5      1.34      2.00      0.00  -9999.00
     1   2005    195   24600.0      11.1      21.0      1.32      2.00      0.00  -9999.00
     1   2005    196   13500.0      13.1      18.5      1.51      2.00      0.80  -9999.00
     1   2005    197    4400.0      16.8      23.7      1.91      2.00      0.40  -9999.00
     1   2005    198   18500.0      12.2      29.8      1.42      2.00      1.70  -9999.00
     1   2005    199   15100.0      10.1      16.0      1.24      2.00      3.30  -9999.00
     1   2005    200   14100.0       9.6      18.5      1.20      2.00      4.20  -9999.00
     1   2005    201    6200.0      12.8      22.8      1.48      2.00      9.10  -9999.00
     1   2005    202   19900.0      14.6      25.8      1.66      2.00      0.00  -9999.00
     1   2005    203   17100.0      11.3      23.0      1.34      2.00      0.00  -9999.00
     1   2005    204   19500.0      12.6      22.1      1.46      2.00      2.60  -9999.00
     1   2005    205   12800.0      13.1      21.6      1.51      2.00      0.00  -9999.00
     1   2005    206   27400.0      12.7      21.7      1.47      2.00      0.00  -9999.00
     1   2005    207   17000.0      14.5      24.4      1.65      2.00      0.00  -9999.00
     1   2005    208   22700.0      15.3      26.9      1.74      2.00      0.00  -9999.00
     1   2005    209   24100.0      11.5      19.5      1.36      2.00      0.00  -9999.00
     1   2005    210   27200.0      11.9      19.6      1.39      2.00      0.00  -9999.00
     1   2005    211    9500.0      12.4      21.0      1.44      2.00      1.20  -9999.00
     1   2005    212    8100.0      13.3      25.4      1.53      2.00      0.30  -9999.00
     1   2005    213   24100.0      15.2      26.8      1.73      2.00      0.00  -9999.00
     1   2005    214   16200.0      11.4      30.6      1.35      2.00      0.00  -9999.00
     1   2005    215   16900.0      14.1      24.9      1.61      2.00      0.00  -9999.00
     1   2005    216   24800.0      10.0      27.8      1.23      2.00      0.00  -9999.00
     1   2005    217   15900.0      11.8      21.0      1.38      2.00      2.80  -9999.00
     1   2005    218    8600.0      11.6      23.4      1.37      2.00      0.00  -9999.00
     1   2005    219   18700.0       9.5      20.1      1.19      2.00      0.60  -9999.00
     1   2005    220   22000.0      13.7      20.4      1.57      2.00      0.00  -9999.00
     1   2005    221   20000.0      14.8      26.1      1.68      2.00      0.00  -9999.00
     1   2005    222   20000.0      14.5      24.4      1.65      2.00      0.00  -9999.00
     1   2005    223   21200.0      12.4      24.2      1.44      2.00      0.00  -9999.00
     1   2005    224   17300.0      14.4      19.2      1.64      2.00      5.70  -9999.00
     1   2005    225   20800.0      12.2      23.3      1.42      2.00      0.00  -9999.00
     1   2005    226   23400.0      14.0      21.3      1.60      2.00      0.00  -9999.00
     1   2005    227   20600.0       7.9      21.8      1.07      2.00      0.00  -9999.00
     1   2005    228    3700.0      11.2      18.8      1.33      2.00      9.70  -9999.00
     1   2005    229   20400.0      15.0      24.4      1.70      2.00      0.00  -9999.00
     1   2005    230    7000.0      18.4      22.0      2.12      2.00      2.00  -9999.00
     1   2005    231   16300.0      11.8      21.8      1.38      2.00      0.50  -9999.00
     1   2005    232   18000.0      15.8      19.4      1.79      2.00      0.60  -9999.00
     1   2005    233   23600.0      14.8      23.6      1.68      2.00      0.00  -9999.00
     1   2005    234   22300.0      17.8      24.2      2.04      2.00      0.00  -9999.00
     1   2005    235   13300.0      14.1      23.5      1.61      2.00      0.00  -9999.00
     1   2005    236   22800.0      14.1      23.9      1.61      2.00      0.00  -9999.00
     1   2005    237   20200.0      13.5      22.2      1.55      2.00      0.00  -9999.00
     1   2005    238   21600.0      12.2      22.3      1.42      2.00      0.00  -9999.00
     1   2005    239   10400.0       9.5      17.2      1.19      2.00      0.00  -9999.00
     1   2005    240    6000.0       8.8      15.1      1.13      2.00      0.20  -9999.00
     1   2005    241    9900.0      14.5      21.9      1.65      2.00     16.60  -9999.00
     1   2005    242    8000.0      18.2      22.2      2.09      2.00      0.00  -9999.00
     1   2005    243   10000.0      13.1      20.8      1.51      2.00      0.80  -9999.00
     1   2005    244    5300.0      12.0      20.7      1.40      2.00      0.10  -9999.00
     1   2005    245    3500.0      11.1      16.6      1.32      2.00      0.10  -9999.00
     1   2005    246   19700.0      12.6      18.1      1.46      2.00      0.00  -9999.00
     1   2005    247    6900.0      13.3      22.2      1.53      2.00      0.00  -9999.00
     1   2005    248    9800.0      13.3      19.8      1.53      2.00      1.10  -9999.00
     1   2005    249   19200.0       7.6      19.5      1.04      2.00      0.00  -9999.00
     1   2005    250   17400.0       8.1      20.5      1.08      2.00      0.00  -9999.00
     1   2005    251   16400.0      10.2      19.9      1.24      2.00      0.00  -9999.00
     1   2005    252   15900.0       8.9      21.0      1.14      2.00      0.00  -9999.00
     1   2005    253   16300.0      11.1      25.5      1.32      2.00      0.00  -9999.00
     1   2005    254    3700.0      10.8      19.0      1.29      2.00      0.70  -9999.00
     1   2005    255   15700.0      12.2      17.9      1.42      2.00      0.00  -9999.00
     1   2005    256   17700.0       9.5      18.4      1.19      2.00      0.00  -9999.00
     1   2005    257   10500.0       9.6      22.5      1.20      2.00      0.00  -9999.00
     1   2005    258   13600.0       4.6      20.7      0.85      2.00      0.10  -9999.00
     1   2005    259    3600.0      11.1      18.0      1.32      2.00      1.30  -9999.00
     1   2005    260   12800.0       9.9      16.6      1.22      2.00      0.00  -9999.00
     1   2005    261   14300.0       5.9      14.7      0.93      2.00      0.00  -9999.00
     1   2005    262   10900.0       9.7      16.6      1.20      2.00      2.30  -9999.00
     1   2005    263   14400.0       9.4      17.0      1.18      2.00      0.30  -9999.00
     1   2005    264    8400.0       9.7      17.2      1.20      2.00      0.20  -9999.00
     1   2005    265    3000.0      12.5      21.4      1.45      2.00      0.10  -9999.00
     1   2005    266   15900.0      11.3      20.3      1.34      2.00      0.30  -9999.00
     1   2005    267   11600.0      10.2      16.2      1.24      2.00      0.90  -9999.00
     1   2005    268    2900.0       3.6      17.0      0.79      2.00      0.10  -9999.00
     1   2005    269    4300.0      12.4      22.3      1.44      2.00      2.40  -9999.00
     1   2005    270   12400.0      11.6      17.8      1.37      2.00      0.60  -9999.00
     1   2005    271    4200.0       9.4      14.4      1.18      2.00      6.20  -9999.00
     1   2005    272    2900.0      10.4      12.8      1.26      2.00      0.60  -9999.00
     1   2005    273    3600.0      10.2      15.6      1.24      2.00      1.80  -9999.00
     1   2005    274    8600.0      12.6      13.0      1.46      2.00      6.40  -9999.00
     1   2005    275    9900.0       7.7      15.5      1.05      2.00      9.00  -9999.00
     1   2005    276    5800.0      11.4      13.8      1.35      2.00      7.30  -9999.00
     1   2005    277    2000.0       7.4      13.4      1.03      2.00      2.80  -9999.00
     1   2005    278    2600.0      10.2      12.2      1.24      2.00      0.50  -9999.00
     1   2005    279   10600.0       7.7      15.4      1.05      2.00      0.00  -9999.00
     1   2005    280   11200.0       9.9      15.9      1.22      2.00      2.40  -9999.00
     1   2005    281    1900.0       5.0      12.2      0.87      2.00      0.30  -9999.00
     1   2005    282    3200.0       5.5      14.8      0.90      2.00      4.30  -9999.00
     1   2005    283    2000.0       7.8      15.2      1.06      2.00      0.40  -9999.00
     1   2005    284    2100.0      11.3      14.5      1.34      2.00      0.70  -9999.00
     1   2005    285    5500.0       5.6      14.4      0.91      2.00      1.70  -9999.00
     1   2005    286    5500.0       4.8      14.8      0.86      2.00      0.00  -9999.00
     1   2005    287    2600.0       8.4      15.4      1.10      2.00      0.00  -9999.00
     1   2005    288    7000.0       5.0      17.9      0.87      2.00      0.00  -9999.00
     1   2005    289    1800.0       9.4      15.0      1.18      2.00      9.50  -9999.00
     1   2005    290    4600.0      13.7      14.9      1.57      2.00      0.40  -9999.00
     1   2005    291    1500.0       8.4      14.6      1.10      2.00      0.00  -9999.00
     1   2005    292    5000.0       8.0      18.9      1.07      2.00      0.00  -9999.00
     1   2005    293    7200.0       3.1      12.5      0.76      2.00      0.00  -9999.00
     1   2005    294    6300.0       5.3      13.1      0.89      2.00      0.00  -9999.00
     1   2005    295    1500.0       4.9      12.1      0.87      2.00      0.20  -9999.00
     1   2005    296    7400.0       7.6      13.6      1.04      2.00      0.00  -9999.00
     1   2005    297    7700.0       5.4       9.6      0.90      2.00      0.00  -9999.00
     1   2005    298    2200.0       8.2      10.1      1.09      2.00      0.00  -9999.00
     1   2005    299    4900.0       7.5      13.5      1.04      2.00      0.00  -9999.00
     1   2005    300    1300.0      10.6      15.8      1.28      2.00      0.00  -9999.00
     1   2005    301    8500.0       5.3      13.2      0.89      2.00      0.00  -9999.00
     1   2005    302    7900.0       0.0      18.2      0.61      2.00      0.00  -9999.00
     1   2005    303    1300.0       6.1      10.9      0.94      2.00      4.10  -9999.00
     1   2005    304    6800.0       6.5       8.5      0.97      2.00      0.00  -9999.00
     1   2005    305    7600.0       1.6       4.8      0.69      2.00      1.20  -9999.00
     1   2005    306    4900.0       3.1      10.9      0.76      2.00     12.60  -9999.00
     1   2005    307    7100.0       4.2       9.6      0.82      2.00      0.40  -9999.00
     1   2005    308    1200.0       6.4      10.8      0.96      2.00      0.00  -9999.00
     1   2005    309    3000.0       1.1       7.0      0.66      2.00      5.00  -9999.00
     1   2005    310    7400.0       1.0       6.0      0.66      2.00      0.00  -9999.00
     1   2005    311    2700.0       7.4      14.4      1.03      2.00      3.70  -9999.00
     1   2005    312    2400.0       6.4      12.2      0.96      2.00      0.10  -9999.00
     1   2005    313    5300.0       5.9      12.8      0.93      2.00      6.10  -9999.00
     1   2005    314    1000.0       3.6      11.6      0.79      2.00      0.80  -9999.00
     1   2005    315    1000.0      -1.0       3.6      0.57      2.00      0.00  -9999.00
     1   2005    316    4800.0      -0.9       9.5      0.57      2.00      1.00  -9999.00
     1   2005    317    4700.0       2.9      12.2      0.75      2.00      0.40  -9999.00
     1   2005    318    1800.0       5.4      11.0      0.90      2.00     22.80  -9999.00
     1   2005    319    3100.0       4.6      12.0      0.85      2.00      0.00  -9999.00
     1   2005    320     800.0       4.5      12.3      0.84      2.00      4.50  -9999.00
     1   2005    321    3000.0       3.6      12.7      0.79      2.00      0.00  -9999.00
     1   2005    322    5000.0       5.5      11.1      0.90      2.00      0.00  -9999.00
     1   2005    323    1100.0       0.3       4.7      0.62      2.00      0.00  -9999.00
     1   2005    324    4600.0       4.1       9.2      0.82      2.00      0.10  -9999.00
     1   2005    325     800.0       9.0      12.5      1.15      2.00      2.10  -9999.00
     1   2005    326    6100.0       7.3      11.5      1.02      2.00      0.00  -9999.00
     1   2005    327    4800.0      11.2      13.7      1.33      2.00      0.00  -9999.00
     1   2005    328    2300.0       8.4      11.3      1.10      2.00      1.80  -9999.00
     1   2005    329     800.0       5.1       9.7      0.88      2.00      0.70  -9999.00
     1   2005    330     800.0       6.1       9.4      0.94      2.00      4.00  -9999.00
     1   2005    331     800.0       4.5      10.4      0.84      2.00      0.00  -9999.00
     1   2005    332    4600.0       3.3      12.7      0.77      2.00      0.30  -9999.00
     1   2005    333    4300.0       5.9       8.2      0.93      2.00      0.00  -9999.00
     1   2005    334     900.0       4.0      10.1      0.81      2.00      0.00  -9999.00
     1   2005    335    3000.0       3.3       7.5      0.77      2.00      0.00  -9999.00
     1   2005    336     700.0       5.0       6.7      0.87      2.00     10.60  -9999.00
     1   2005    337    2200.0       0.1       8.9      0.62      2.00     11.40  -9999.00
     1   2005    338    1600.0       0.5       8.8      0.63      2.00      9.40  -9999.00
     1   2005    339    4300.0       0.5       6.2      0.63      2.00      0.00  -9999.00
     1   2005    340     600.0      -0.1       5.0      0.61      2.00      0.00  -9999.00
     1   2005    341     700.0       2.9       6.3      0.75      2.00      5.90  -9999.00
     1   2005    342    1300.0       2.2       5.9      0.72      2.00      1.00  -9999.00
     1   2005    343     600.0       1.9       7.9      0.70      2.00      0.00  -9999.00
     1   2005    344     700.0       0.6       8.5      0.64      2.00      5.60  -9999.00
     1   2005    345    3600.0       3.8      10.2      0.80      2.00      0.00  -9999.00
     1   2005    346     700.0       3.4      10.3      0.78      2.00      5.70  -9999.00
     1   2005    347    1000.0       2.0       7.3      0.71      2.00      7.20  -9999.00
     1   2005    348     600.0      -0.6       3.5      0.58      2.00      0.00  -9999.00
     1   2005    349     600.0      -8.1       4.3      0.33      2.00      0.00  -9999.00
     1   2005    350     600.0      -0.1       5.1      0.61      2.00      0.00  -9999.00
     1   2005    351     600.0      -0.5       5.2      0.59      2.00      0.00  -9999.00
     1   2005    352     700.0       2.3       6.1      0.72      2.00      2.30  -9999.00
     1   2005    353     700.0      -1.8       3.4      0.54      2.00      5.60  -9999.00
     1   2005    354     600.0      -0.8       4.5      0.58      2.00      0.00  -9999.00
     1   2005    355    3400.0      -0.4       7.3      0.59      2.00      0.80  -9999.00
     1   2005    356     700.0      -0.4       6.0      0.59      2.00      3.40  -9999.00
     1   2005    357     600.0       2.0       7.2      0.71      2.00      0.00  -9999.00
     1   2005    358    4100.0       0.7       7.0      0.64      2.00      0.00  -9999.00
     1   2005    359    1000.0      -2.8       5.4      0.50      2.00      2.20  -9999.00
     1   2005    360    3600.0      -6.3       3.4      0.38      2.00      0.00  -9999.00
     1   2005    361    1300.0      -0.7       5.3      0.58      2.00      0.00  -9999.00
     1   2005    362    3700.0       1.2       5.5      0.67      2.00      0.00  -9999.00
     1   2005    363     700.0      -3.1       0.8      0.49      2.00      0.10  -9999.00
     1   2005    364     700.0       0.9       5.0      0.65      2.00      1.40  -9999.00
     1   2005    365    3400.0       2.8      10.3      0.75      2.00      0.40  -9999.00
