*-----------------------------------------------------------------------------* 
           WHWG_146.met           52.12    0.96   89.00
* Date created:  08-Aug-2019     Author: K Coleman 
* 
* NIL VALUE       -9999 
* Source:   data provided by M. Semenov 
*  
* Latitude:    52.12 Longitude:     0.96 Altitude:    89.00
* 
* Column  Daily value 
* 1       station number 
* 2       year 
* 3       day 
* 4       irradiation                   (kJ m-2 d-1) 
* 5       minimum temperature           (degrees Celsius) 
* 6       maximum temperature           (degrees Celsius) 
* 7       early morning vapour pressure (kPa)             
* 8       mean wind speed (height: 2 m?) (m s-1)          
* 9       precipitation                 (mm d-1)          
* 10      sunshine                      (hrs)             
 		Jday	RAD	    TMIN	TMAX	 VAP	wind	RAIN	SUN  
               kj/m2	°C	    °C	     kPa	m/s	    mm	    hrs 
   52.12  89.00
     1   2005      1    1800.0       2.7       8.0      0.74      2.00      0.20  -9999.00
     1   2005      2     700.0       0.9       5.1      0.65      2.00      0.00  -9999.00
     1   2005      3    3900.0       3.3       6.2      0.77      2.00      0.00  -9999.00
     1   2005      4    5000.0       2.2      10.5      0.72      2.00      0.00  -9999.00
     1   2005      5    3500.0       5.7      11.2      0.92      2.00      1.00  -9999.00
     1   2005      6    1300.0       3.6       8.3      0.79      2.00      2.30  -9999.00
     1   2005      7    4900.0       1.2       4.7      0.67      2.00      0.00  -9999.00
     1   2005      8    4100.0       3.5       8.7      0.78      2.00      0.00  -9999.00
     1   2005      9    2300.0       6.4       7.8      0.96      2.00      0.00  -9999.00
     1   2005     10     700.0      -0.5       8.2      0.59      2.00      5.50  -9999.00
     1   2005     11    3800.0       0.2       9.2      0.62      2.00      0.60  -9999.00
     1   2005     12    1600.0       0.4       4.7      0.63      2.00      1.20  -9999.00
     1   2005     13    4800.0      -2.8       3.2      0.50      2.00      0.00  -9999.00
     1   2005     14    2900.0       1.4       4.8      0.68      2.00      0.00  -9999.00
     1   2005     15     900.0       0.7       4.5      0.64      2.00      0.00  -9999.00
     1   2005     16     700.0       6.7      10.1      0.98      2.00      0.00  -9999.00
     1   2005     17    3200.0       4.4       9.9      0.84      2.00      4.20  -9999.00
     1   2005     18    4900.0      -2.3       4.6      0.52      2.00      0.00  -9999.00
     1   2005     19    4500.0      -4.0       5.3      0.45      2.00      0.00  -9999.00
     1   2005     20     800.0       3.1      11.3      0.76      2.00      0.00  -9999.00
     1   2005     21    5000.0       3.4      13.0      0.78      2.00      0.90  -9999.00
     1   2005     22    1000.0       7.4      10.7      1.03      2.00      2.60  -9999.00
     1   2005     23    5600.0       1.7       8.0      0.69      2.00      0.00  -9999.00
     1   2005     24    1000.0      -0.8       4.1      0.58      2.00      0.00  -9999.00
     1   2005     25    5800.0      -1.9       3.3      0.53      2.00      0.00  -9999.00
     1   2005     26    1700.0       1.4       9.2      0.68      2.00      0.00  -9999.00
     1   2005     27    3100.0      -1.1      12.6      0.56      2.00      0.10  -9999.00
     1   2005     28    6700.0      -2.7       4.6      0.50      2.00      0.00  -9999.00
     1   2005     29    4400.0      -4.1       7.6      0.45      2.00      3.40  -9999.00
     1   2005     30    1000.0      -3.9       2.7      0.46      2.00      0.00  -9999.00
     1   2005     31    6500.0      -0.3       0.5      0.60      2.00      0.00  -9999.00
     1   2005     32    7500.0       3.3      11.0      0.77      2.00      0.00  -9999.00
     1   2005     33    6000.0       0.0       8.4      0.61      2.00      0.00  -9999.00
     1   2005     34    1200.0       1.2       7.2      0.67      2.00      1.90  -9999.00
     1   2005     35    1000.0       2.3       5.6      0.72      2.00      4.40  -9999.00
     1   2005     36    5300.0       0.0       4.7      0.61      2.00      2.90  -9999.00
     1   2005     37    5600.0      -0.4       5.7      0.59      2.00      8.90  -9999.00
     1   2005     38    7800.0      -2.2       4.1      0.52      2.00      0.00  -9999.00
     1   2005     39    3300.0      -0.6       6.3      0.58      2.00      0.00  -9999.00
     1   2005     40    5200.0       3.5       9.6      0.78      2.00      9.80  -9999.00
     1   2005     41    1200.0       3.3       9.7      0.77      2.00      0.00  -9999.00
     1   2005     42    2500.0       0.9       4.4      0.65      2.00     22.10  -9999.00
     1   2005     43    1600.0      -0.3       5.1      0.60      2.00      0.80  -9999.00
     1   2005     44    4300.0       2.1       9.4      0.71      2.00      4.90  -9999.00
     1   2005     45    4500.0       3.5       9.0      0.78      2.00      0.90  -9999.00
     1   2005     46    2000.0       0.6       7.6      0.64      2.00      0.50  -9999.00
     1   2005     47    4400.0       3.0       7.0      0.76      2.00      0.00  -9999.00
     1   2005     48    7800.0       4.7       9.8      0.85      2.00      0.40  -9999.00
     1   2005     49    5700.0       5.0      11.3      0.87      2.00      0.10  -9999.00
     1   2005     50    9000.0      -0.1       5.8      0.61      2.00      0.00  -9999.00
     1   2005     51    2700.0      -0.5       4.7      0.59      2.00      0.00  -9999.00
     1   2005     52    9200.0      -0.6       7.3      0.58      2.00      0.00  -9999.00
     1   2005     53    6400.0       0.6       6.5      0.64      2.00      5.50  -9999.00
     1   2005     54    2100.0       6.2      11.5      0.95      2.00      1.50  -9999.00
     1   2005     55   10300.0       4.1      10.8      0.82      2.00      9.20  -9999.00
     1   2005     56    2000.0       4.6      10.4      0.85      2.00      0.00  -9999.00
     1   2005     57   11500.0       8.8       9.2      1.13      2.00      0.00  -9999.00
     1   2005     58    1600.0       2.7      10.1      0.74      2.00      0.10  -9999.00
     1   2005     59    9700.0       1.9      12.9      0.70      2.00      0.00  -9999.00
     1   2005     60    8900.0       0.3       7.4      0.62      2.00      0.00  -9999.00
     1   2005     61    1900.0       1.5      10.1      0.68      2.00      0.00  -9999.00
     1   2005     62    8300.0       2.0       5.6      0.71      2.00      2.30  -9999.00
     1   2005     63    6100.0       4.8       6.8      0.86      2.00      8.20  -9999.00
     1   2005     64    7200.0       0.5       3.0      0.63      2.00      0.00  -9999.00
     1   2005     65    2200.0       2.6       4.6      0.74      2.00      0.00  -9999.00
     1   2005     66    8500.0      -2.0       6.1      0.53      2.00      0.20  -9999.00
     1   2005     67    5600.0      -2.0       9.5      0.53      2.00      0.20  -9999.00
     1   2005     68    7000.0       1.4      10.1      0.68      2.00      0.00  -9999.00
     1   2005     69    1900.0       4.5      10.9      0.84      2.00      2.80  -9999.00
     1   2005     70    4000.0       2.3      12.2      0.72      2.00      0.20  -9999.00
     1   2005     71    3000.0       2.9      13.7      0.75      2.00      1.70  -9999.00
     1   2005     72    8000.0       1.4       9.1      0.68      2.00      0.40  -9999.00
     1   2005     73    2900.0       3.2       9.0      0.77      2.00      0.10  -9999.00
     1   2005     74   11000.0       2.7      11.0      0.74      2.00      4.00  -9999.00
     1   2005     75    2700.0       4.4      10.3      0.84      2.00      0.00  -9999.00
     1   2005     76    2100.0      -0.9       7.5      0.57      2.00      0.00  -9999.00
     1   2005     77    2400.0       1.0       5.8      0.66      2.00      0.00  -9999.00
     1   2005     78    9900.0       0.3       9.4      0.62      2.00      2.20  -9999.00
     1   2005     79   13700.0       2.4       9.1      0.73      2.00      0.00  -9999.00
     1   2005     80    8200.0       3.1      12.2      0.76      2.00      0.00  -9999.00
     1   2005     81   12900.0       6.4      11.6      0.96      2.00      0.00  -9999.00
     1   2005     82   14000.0       2.1      10.9      0.71      2.00      0.00  -9999.00
     1   2005     83    4100.0       6.1      12.4      0.94      2.00      0.00  -9999.00
     1   2005     84   13400.0       4.5      17.1      0.84      2.00      0.30  -9999.00
     1   2005     85   16700.0       3.6      11.8      0.79      2.00      3.20  -9999.00
     1   2005     86    5200.0       3.0       9.3      0.76      2.00      3.80  -9999.00
     1   2005     87    3900.0       1.0       7.7      0.66      2.00      0.00  -9999.00
     1   2005     88   11700.0       7.4      12.5      1.03      2.00      0.00  -9999.00
     1   2005     89   10700.0       9.0      11.0      1.15      2.00      0.00  -9999.00
     1   2005     90    9700.0       2.7       7.6      0.74      2.00      0.00  -9999.00
     1   2005     91   14200.0       1.7       7.7      0.69      2.00      0.00  -9999.00
     1   2005     92    9000.0       2.1       6.2      0.71      2.00      0.00  -9999.00
     1   2005     93   14100.0       4.0      10.9      0.81      2.00      0.00  -9999.00
     1   2005     94    6400.0       5.2      12.0      0.88      2.00      0.00  -9999.00
     1   2005     95   15000.0       2.1      15.2      0.71      2.00      0.00  -9999.00
     1   2005     96   16800.0       2.9      12.9      0.75      2.00      0.60  -9999.00
     1   2005     97   14400.0       5.2      12.2      0.88      2.00      0.00  -9999.00
     1   2005     98    2900.0       2.8       7.1      0.75      2.00      0.40  -9999.00
     1   2005     99    5800.0       3.8       9.2      0.80      2.00      3.70  -9999.00
     1   2005    100    8600.0       7.2      15.2      1.02      2.00     15.70  -9999.00
     1   2005    101   12600.0       3.5      12.5      0.78      2.00      5.10  -9999.00
     1   2005    102    7000.0       4.8       9.6      0.86      2.00      5.00  -9999.00
     1   2005    103   17600.0       8.1      13.7      1.08      2.00      0.00  -9999.00
     1   2005    104   11200.0       3.8       9.5      0.80      2.00      1.60  -9999.00
     1   2005    105   16300.0       4.2      11.7      0.82      2.00      4.00  -9999.00
     1   2005    106   15000.0       3.8      12.1      0.80      2.00      3.90  -9999.00
     1   2005    107   12200.0       1.3      11.7      0.67      2.00      0.10  -9999.00
     1   2005    108    8300.0       4.7      12.1      0.85      2.00      0.80  -9999.00
     1   2005    109    3600.0       1.0      12.9      0.66      2.00     23.30  -9999.00
     1   2005    110   16300.0       8.3      12.3      1.09      2.00      2.00  -9999.00
     1   2005    111   14800.0       4.4      10.6      0.84      2.00     17.10  -9999.00
     1   2005    112   12400.0       3.0      13.0      0.76      2.00      0.20  -9999.00
     1   2005    113    5900.0       6.0      16.2      0.93      2.00      0.00  -9999.00
     1   2005    114   19600.0       6.9      17.7      0.99      2.00      0.00  -9999.00
     1   2005    115   15900.0       8.0      18.0      1.07      2.00      2.30  -9999.00
     1   2005    116    3700.0       6.7      12.5      0.98      2.00      3.60  -9999.00
     1   2005    117   22700.0       6.7      15.3      0.98      2.00      2.50  -9999.00
     1   2005    118    4300.0       4.4      12.3      0.84      2.00      6.70  -9999.00
     1   2005    119    9300.0       8.1       9.9      1.08      2.00      2.50  -9999.00
     1   2005    120   15100.0       4.0      13.8      0.81      2.00      4.20  -9999.00
     1   2005    121    6900.0       6.0      17.4      0.93      2.00      3.00  -9999.00
     1   2005    122   18900.0       8.1      13.0      1.08      2.00      0.40  -9999.00
     1   2005    123   18100.0       7.5      12.1      1.04      2.00      0.90  -9999.00
     1   2005    124    5200.0       6.2      17.8      0.95      2.00      0.00  -9999.00
     1   2005    125   22000.0       1.3      19.4      0.67      2.00      0.00  -9999.00
     1   2005    126   14400.0       7.1      13.0      1.01      2.00      7.20  -9999.00
     1   2005    127   13900.0       6.2      12.3      0.95      2.00      0.00  -9999.00
     1   2005    128   22800.0       0.9      13.1      0.65      2.00      6.70  -9999.00
     1   2005    129   22300.0       3.3      12.9      0.77      2.00      0.90  -9999.00
     1   2005    130   16900.0       8.6      15.0      1.12      2.00     11.90  -9999.00
     1   2005    131   18800.0       8.9      12.7      1.14      2.00      3.50  -9999.00
     1   2005    132   27300.0       1.1      13.9      0.66      2.00      0.00  -9999.00
     1   2005    133   17500.0       4.7      13.3      0.85      2.00      0.30  -9999.00
     1   2005    134   21800.0       7.2      18.3      1.02      2.00      4.80  -9999.00
     1   2005    135   16100.0       8.8      23.2      1.13      2.00      0.00  -9999.00
     1   2005    136    5300.0      10.0      17.3      1.23      2.00      0.20  -9999.00
     1   2005    137   17400.0       8.7      18.7      1.12      2.00      0.80  -9999.00
     1   2005    138   20900.0       4.0      11.5      0.81      2.00      7.40  -9999.00
     1   2005    139   25000.0       6.7      14.2      0.98      2.00      0.20  -9999.00
     1   2005    140    4400.0       7.2      16.1      1.02      2.00      0.80  -9999.00
     1   2005    141   22800.0       8.7      16.1      1.12      2.00      0.00  -9999.00
     1   2005    142   27500.0       7.3      18.3      1.02      2.00      0.00  -9999.00
     1   2005    143   26100.0       7.5      14.7      1.04      2.00      2.00  -9999.00
     1   2005    144   22300.0       4.6      15.5      0.85      2.00      0.00  -9999.00
     1   2005    145   18400.0       7.9      18.0      1.07      2.00      0.00  -9999.00
     1   2005    146   26100.0       8.0      19.5      1.07      2.00      0.00  -9999.00
     1   2005    147   24200.0      11.0      17.0      1.31      2.00      3.00  -9999.00
     1   2005    148   18900.0       7.6      17.3      1.04      2.00      3.30  -9999.00
     1   2005    149   22200.0       6.9      18.0      0.99      2.00      2.50  -9999.00
     1   2005    150    7200.0       8.6      16.9      1.12      2.00      0.60  -9999.00
     1   2005    151    5600.0      11.0      15.4      1.31      2.00      2.80  -9999.00
     1   2005    152    4400.0       8.4      18.0      1.10      2.00      5.20  -9999.00
     1   2005    153   14700.0      10.4      20.0      1.26      2.00      3.80  -9999.00
     1   2005    154   25500.0       9.1      13.4      1.16      2.00      0.60  -9999.00
     1   2005    155   28900.0       8.4      14.4      1.10      2.00      0.00  -9999.00
     1   2005    156   19400.0      10.0      15.8      1.23      2.00      1.20  -9999.00
     1   2005    157   27600.0       8.7      20.0      1.12      2.00      0.00  -9999.00
     1   2005    158   18700.0       9.5      17.5      1.19      2.00      0.00  -9999.00
     1   2005    159   23800.0      12.3      15.2      1.43      2.00      0.00  -9999.00
     1   2005    160   20700.0      10.4      19.9      1.26      2.00      0.00  -9999.00
     1   2005    161   27200.0      14.4      22.1      1.64      2.00      0.00  -9999.00
     1   2005    162    9100.0      10.3      22.8      1.25      2.00      0.00  -9999.00
     1   2005    163   13400.0       9.8      25.0      1.21      2.00      0.00  -9999.00
     1   2005    164   29500.0       8.3      19.5      1.09      2.00      0.00  -9999.00
     1   2005    165   25900.0       9.6      16.6      1.20      2.00      0.00  -9999.00
     1   2005    166   26700.0       6.7      18.3      0.98      2.00      0.00  -9999.00
     1   2005    167   27100.0       6.0      14.0      0.93      2.00      0.00  -9999.00
     1   2005    168   27100.0      16.7      20.5      1.90      2.00      1.50  -9999.00
     1   2005    169   10800.0      16.6      17.8      1.89      2.00      0.80  -9999.00
     1   2005    170   23100.0       8.9      21.3      1.14      2.00      0.00  -9999.00
     1   2005    171   29200.0       7.4      23.2      1.03      2.00      0.00  -9999.00
     1   2005    172   20100.0      12.3      22.3      1.43      2.00      0.00  -9999.00
     1   2005    173   11600.0       8.8      20.1      1.13      2.00      1.00  -9999.00
     1   2005    174    4600.0      10.3      21.9      1.25      2.00      2.20  -9999.00
     1   2005    175   10500.0      10.6      22.4      1.28      2.00      0.00  -9999.00
     1   2005    176   21600.0       9.3      17.5      1.17      2.00      0.00  -9999.00
     1   2005    177   20200.0       9.3      20.4      1.17      2.00      0.00  -9999.00
     1   2005    178   23600.0      10.9      20.2      1.30      2.00      0.00  -9999.00
     1   2005    179   20500.0      11.6      21.5      1.37      2.00      0.00  -9999.00
     1   2005    180   19500.0       9.5      19.5      1.19      2.00      1.30  -9999.00
     1   2005    181   14400.0       7.7      19.0      1.05      2.00      2.10  -9999.00
     1   2005    182   12900.0      10.0      18.6      1.23      2.00      0.00  -9999.00
     1   2005    183   28700.0      12.2      18.0      1.42      2.00      0.00  -9999.00
     1   2005    184   17000.0       9.4      20.3      1.18      2.00      0.00  -9999.00
     1   2005    185   10000.0      11.4      16.3      1.35      2.00      2.40  -9999.00
     1   2005    186   17100.0       9.8      18.8      1.21      2.00     13.60  -9999.00
     1   2005    187   20000.0      12.0      19.2      1.40      2.00      8.60  -9999.00
     1   2005    188   20100.0      12.7      22.5      1.47      2.00      1.70  -9999.00
     1   2005    189   22000.0      11.9      29.9      1.39      2.00      1.90  -9999.00
     1   2005    190   27100.0      11.9      23.0      1.39      2.00      0.00  -9999.00
     1   2005    191   18000.0      12.5      22.1      1.45      2.00      0.00  -9999.00
     1   2005    192   26700.0      11.4      22.6      1.35      2.00      0.00  -9999.00
     1   2005    193   19000.0      11.5      20.0      1.36      2.00      0.00  -9999.00
     1   2005    194    9300.0      12.0      23.0      1.40      2.00      0.00  -9999.00
     1   2005    195   29500.0       7.5      24.4      1.04      2.00      0.00  -9999.00
     1   2005    196   24100.0      12.7      23.2      1.47      2.00      0.00  -9999.00
     1   2005    197   29200.0      14.3      27.4      1.63      2.00      0.00  -9999.00
     1   2005    198   27000.0      13.5      26.8      1.55      2.00      0.00  -9999.00
     1   2005    199   26800.0      17.8      23.7      2.04      2.00      0.00  -9999.00
     1   2005    200   24900.0       6.1      16.9      0.94      2.00      6.20  -9999.00
     1   2005    201   15000.0      12.2      17.7      1.42      2.00      0.70  -9999.00
     1   2005    202    6700.0       8.1      16.7      1.08      2.00      0.30  -9999.00
     1   2005    203   26900.0      10.8      21.4      1.29      2.00      0.00  -9999.00
     1   2005    204   25900.0      16.3      24.6      1.85      2.00      0.00  -9999.00
     1   2005    205   26900.0      12.4      21.7      1.44      2.00      0.00  -9999.00
     1   2005    206    7300.0      12.2      21.1      1.42      2.00      0.00  -9999.00
     1   2005    207   11400.0      14.3      20.7      1.63      2.00      0.00  -9999.00
     1   2005    208   19100.0      13.8      21.6      1.58      2.00     11.30  -9999.00
     1   2005    209   20400.0      16.0      22.9      1.82      2.00      0.00  -9999.00
     1   2005    210   18600.0      12.6      20.4      1.46      2.00      0.70  -9999.00
     1   2005    211   23500.0      13.4      23.5      1.54      2.00      0.00  -9999.00
     1   2005    212   19300.0      15.0      29.5      1.70      2.00      0.00  -9999.00
     1   2005    213    3900.0      12.1      27.2      1.41      2.00      0.50  -9999.00
     1   2005    214   18100.0      12.9      19.2      1.49      2.00      1.40  -9999.00
     1   2005    215   19600.0      12.2      18.1      1.42      2.00      0.40  -9999.00
     1   2005    216   22100.0      12.0      19.3      1.40      2.00      1.00  -9999.00
     1   2005    217   20000.0      14.9      21.6      1.69      2.00      0.00  -9999.00
     1   2005    218   19900.0      14.3      24.1      1.63      2.00      0.00  -9999.00
     1   2005    219    3700.0      14.0      23.4      1.60      2.00      0.60  -9999.00
     1   2005    220    6100.0      11.8      19.9      1.38      2.00      1.00  -9999.00
     1   2005    221    5500.0      10.1      16.8      1.24      2.00      8.00  -9999.00
     1   2005    222   19600.0      14.7      26.0      1.67      2.00      0.00  -9999.00
     1   2005    223   20100.0      10.6      24.0      1.28      2.00      0.00  -9999.00
     1   2005    224   16600.0      10.2      19.4      1.24      2.00      0.20  -9999.00
     1   2005    225   16700.0       8.3      22.6      1.09      2.00      0.00  -9999.00
     1   2005    226   15600.0      12.2      21.8      1.42      2.00      0.10  -9999.00
     1   2005    227   11600.0      10.2      19.5      1.24      2.00     13.60  -9999.00
     1   2005    228   23600.0      10.2      17.6      1.24      2.00      0.00  -9999.00
     1   2005    229    8000.0      14.1      18.8      1.61      2.00      6.50  -9999.00
     1   2005    230   14200.0      14.3      21.0      1.63      2.00      3.60  -9999.00
     1   2005    231    4900.0      13.4      24.6      1.54      2.00      0.90  -9999.00
     1   2005    232   18800.0      10.2      20.1      1.24      2.00      0.00  -9999.00
     1   2005    233   18900.0       9.5      19.7      1.19      2.00      0.00  -9999.00
     1   2005    234    3900.0       9.5      16.9      1.19      2.00      3.60  -9999.00
     1   2005    235   19600.0       9.3      19.3      1.17      2.00      0.80  -9999.00
     1   2005    236   16100.0      14.4      25.7      1.64      2.00      0.60  -9999.00
     1   2005    237   10000.0      13.2      23.5      1.52      2.00     11.00  -9999.00
     1   2005    238   22400.0      12.0      23.3      1.40      2.00      0.00  -9999.00
     1   2005    239   11200.0      14.8      23.8      1.68      2.00     33.90  -9999.00
     1   2005    240   16800.0      14.5      22.0      1.65      2.00      0.40  -9999.00
     1   2005    241   17800.0      10.6      22.4      1.28      2.00      0.00  -9999.00
     1   2005    242   20400.0      16.8      23.8      1.91      2.00      0.00  -9999.00
     1   2005    243   16200.0      13.7      27.1      1.57      2.00      0.00  -9999.00
     1   2005    244   14900.0      13.7      19.3      1.57      2.00      0.10  -9999.00
     1   2005    245   17800.0      13.1      17.9      1.51      2.00      0.00  -9999.00
     1   2005    246   12000.0      11.6      20.7      1.37      2.00      0.10  -9999.00
     1   2005    247   16000.0      10.6      24.3      1.28      2.00      0.00  -9999.00
     1   2005    248   13600.0       8.4      19.3      1.10      2.00      8.70  -9999.00
     1   2005    249   16500.0       9.3      23.5      1.17      2.00      6.70  -9999.00
     1   2005    250    6800.0      12.1      19.5      1.41      2.00      0.00  -9999.00
     1   2005    251   16400.0      10.5      16.7      1.27      2.00      0.10  -9999.00
     1   2005    252   16500.0      11.2      15.0      1.33      2.00      2.70  -9999.00
     1   2005    253    5400.0      11.7      14.7      1.37      2.00      0.10  -9999.00
     1   2005    254    9500.0      10.3      16.8      1.25      2.00      0.50  -9999.00
     1   2005    255    2800.0       9.8      18.7      1.21      2.00      1.30  -9999.00
     1   2005    256    7900.0      13.1      18.9      1.51      2.00      0.00  -9999.00
     1   2005    257    8200.0       9.3      16.4      1.17      2.00      0.00  -9999.00
     1   2005    258    3900.0      10.0      20.8      1.23      2.00      0.10  -9999.00
     1   2005    259   12600.0      12.0      20.1      1.40      2.00      0.00  -9999.00
     1   2005    260    5300.0      11.1      14.5      1.32      2.00      2.60  -9999.00
     1   2005    261   13400.0       9.1      16.8      1.16      2.00      0.10  -9999.00
     1   2005    262   16800.0       3.0      17.7      0.76      2.00      0.00  -9999.00
     1   2005    263    2900.0       7.8      13.8      1.06      2.00      0.00  -9999.00
     1   2005    264   16200.0      11.0      16.6      1.31      2.00      0.00  -9999.00
     1   2005    265    5300.0      11.0      14.2      1.31      2.00     12.60  -9999.00
     1   2005    266    2900.0       7.4      15.1      1.03      2.00      0.50  -9999.00
     1   2005    267    3000.0      10.1      16.9      1.24      2.00      1.20  -9999.00
     1   2005    268    8900.0      11.5      15.9      1.36      2.00      0.10  -9999.00
     1   2005    269    2700.0      11.9      17.6      1.39      2.00      8.40  -9999.00
     1   2005    270    2700.0      10.3      22.4      1.25      2.00     12.70  -9999.00
     1   2005    271    3600.0       7.7      19.3      1.05      2.00      0.10  -9999.00
     1   2005    272    9800.0      12.1      15.8      1.41      2.00      0.20  -9999.00
     1   2005    273    4900.0      14.3      16.7      1.63      2.00      0.50  -9999.00
     1   2005    274    2200.0      10.3      16.9      1.25      2.00      0.80  -9999.00
     1   2005    275    2600.0      13.2      19.1      1.52      2.00      0.40  -9999.00
     1   2005    276    2300.0       7.5      15.3      1.04      2.00      0.20  -9999.00
     1   2005    277   11800.0       6.3      14.0      0.95      2.00      0.00  -9999.00
     1   2005    278    8700.0       9.5      17.9      1.19      2.00      0.00  -9999.00
     1   2005    279   11700.0       5.3      24.6      0.89      2.00      0.00  -9999.00
     1   2005    280    8200.0       6.8      13.8      0.99      2.00      0.00  -9999.00
     1   2005    281    3100.0       1.7      14.2      0.69      2.00      0.00  -9999.00
     1   2005    282    9100.0       9.9      14.4      1.22      2.00      0.40  -9999.00
     1   2005    283    3700.0      10.8      12.8      1.29      2.00      0.50  -9999.00
     1   2005    284    5700.0       9.2      13.9      1.16      2.00      0.10  -9999.00
     1   2005    285    2100.0      13.6      13.9      1.56      2.00      0.90  -9999.00
     1   2005    286    1800.0       8.1      14.3      1.08      2.00      0.50  -9999.00
     1   2005    287    5100.0       9.6      14.3      1.20      2.00      0.00  -9999.00
     1   2005    288    1500.0       7.8      14.1      1.06      2.00      1.40  -9999.00
     1   2005    289    7300.0      11.8      14.3      1.38      2.00      0.60  -9999.00
     1   2005    290    5000.0       8.3      13.4      1.09      2.00      0.00  -9999.00
     1   2005    291    1500.0       4.1      15.4      0.82      2.00      0.00  -9999.00
     1   2005    292    1500.0      12.3      17.5      1.43      2.00      3.20  -9999.00
     1   2005    293    2100.0       8.4      14.7      1.10      2.00      0.20  -9999.00
     1   2005    294    4500.0       5.5      12.9      0.90      2.00      4.90  -9999.00
     1   2005    295    1500.0       8.7      11.7      1.12      2.00      1.00  -9999.00
     1   2005    296    5600.0       8.3      14.6      1.09      2.00      2.20  -9999.00
     1   2005    297    5300.0       9.8      13.2      1.21      2.00      0.00  -9999.00
     1   2005    298    1300.0       5.8      11.7      0.92      2.00      0.00  -9999.00
     1   2005    299    6800.0       4.9      14.4      0.87      2.00      2.10  -9999.00
     1   2005    300    1800.0       7.2      13.5      1.02      2.00      8.00  -9999.00
     1   2005    301    8800.0      10.4      13.3      1.26      2.00      6.00  -9999.00
     1   2005    302    4800.0       8.8      14.3      1.13      2.00      4.00  -9999.00
     1   2005    303    3600.0       7.4      12.0      1.03      2.00      1.30  -9999.00
     1   2005    304    6200.0       7.5      12.3      1.04      2.00      0.00  -9999.00
     1   2005    305    6500.0       6.6      14.2      0.97      2.00      0.00  -9999.00
     1   2005    306    3300.0       2.9       6.0      0.75      2.00      0.00  -9999.00
     1   2005    307    1100.0       2.3       9.9      0.72      2.00      2.70  -9999.00
     1   2005    308    1000.0       1.9       9.9      0.70      2.00      0.10  -9999.00
     1   2005    309    1000.0       4.5       8.2      0.84      2.00      0.60  -9999.00
     1   2005    310    2200.0       2.4       8.5      0.73      2.00      0.00  -9999.00
     1   2005    311    6300.0       7.1      11.8      1.01      2.00      0.30  -9999.00
     1   2005    312    4200.0       4.9      11.4      0.87      2.00      0.30  -9999.00
     1   2005    313    1800.0       1.6      13.0      0.69      2.00      8.10  -9999.00
     1   2005    314    4600.0       2.5       6.8      0.73      2.00      0.00  -9999.00
     1   2005    315    1100.0       1.5      10.4      0.68      2.00      1.10  -9999.00
     1   2005    316    3100.0       3.5      12.1      0.78      2.00      0.00  -9999.00
     1   2005    317    1700.0       8.2      11.3      1.09      2.00      0.00  -9999.00
     1   2005    318    6600.0      -1.1       5.4      0.56      2.00      0.00  -9999.00
     1   2005    319    5400.0       1.4       5.1      0.68      2.00      0.00  -9999.00
     1   2005    320    5800.0       7.6       8.9      1.04      2.00      0.00  -9999.00
     1   2005    321    6000.0       3.9       5.9      0.81      2.00      0.00  -9999.00
     1   2005    322    4600.0       0.5       8.7      0.63      2.00      0.00  -9999.00
     1   2005    323    2900.0       2.1      10.7      0.71      2.00      0.00  -9999.00
     1   2005    324    1500.0       3.1       9.2      0.76      2.00      0.00  -9999.00
     1   2005    325    5800.0       3.4       7.0      0.78      2.00      0.00  -9999.00
     1   2005    326    2200.0       3.1      10.7      0.76      2.00      1.10  -9999.00
     1   2005    327    2300.0       0.8      11.6      0.65      2.00      0.20  -9999.00
     1   2005    328    5300.0      -2.1       6.8      0.52      2.00      0.00  -9999.00
     1   2005    329     700.0       3.3      10.0      0.77      2.00      1.00  -9999.00
     1   2005    330    1600.0       5.4       8.7      0.90      2.00      1.70  -9999.00
     1   2005    331    2300.0       3.8      10.1      0.80      2.00      1.10  -9999.00
     1   2005    332     800.0       2.6       6.8      0.74      2.00      0.00  -9999.00
     1   2005    333     800.0       4.8       6.0      0.86      2.00      5.60  -9999.00
     1   2005    334     900.0       3.1       6.1      0.76      2.00      0.00  -9999.00
     1   2005    335    3500.0       7.4       9.4      1.03      2.00      0.40  -9999.00
     1   2005    336    4800.0       3.6       8.5      0.79      2.00      5.20  -9999.00
     1   2005    337    2100.0       6.1       7.6      0.94      2.00      4.40  -9999.00
     1   2005    338     700.0       3.4       7.1      0.78      2.00      0.00  -9999.00
     1   2005    339    2000.0       0.9       6.3      0.65      2.00      5.30  -9999.00
     1   2005    340    1300.0       0.2       7.4      0.62      2.00      0.60  -9999.00
     1   2005    341    2900.0      -3.3       4.1      0.48      2.00      0.00  -9999.00
     1   2005    342     700.0       0.5       8.3      0.63      2.00      1.10  -9999.00
     1   2005    343     600.0       0.9       6.6      0.65      2.00      0.00  -9999.00
     1   2005    344    3200.0       3.1       6.9      0.76      2.00      0.00  -9999.00
     1   2005    345     900.0       6.6       8.6      0.97      2.00      0.00  -9999.00
     1   2005    346    1500.0       2.0       6.5      0.71      2.00      2.40  -9999.00
     1   2005    347     700.0       4.1       8.4      0.82      2.00      5.80  -9999.00
     1   2005    348     700.0       5.1      10.8      0.88      2.00      0.20  -9999.00
     1   2005    349    4000.0       1.0       7.5      0.66      2.00      0.00  -9999.00
     1   2005    350     700.0       1.0       4.6      0.66      2.00      0.00  -9999.00
     1   2005    351     700.0       2.3       4.3      0.72      2.00      0.60  -9999.00
     1   2005    352     700.0       5.8       8.5      0.92      2.00      1.00  -9999.00
     1   2005    353     700.0       2.2       6.6      0.72      2.00      3.00  -9999.00
     1   2005    354     700.0       3.1       6.5      0.76      2.00      1.50  -9999.00
     1   2005    355     600.0       5.5       6.8      0.90      2.00      0.00  -9999.00
     1   2005    356    2400.0       2.5       6.8      0.73      2.00      0.00  -9999.00
     1   2005    357    4000.0       1.6       9.3      0.69      2.00      0.00  -9999.00
     1   2005    358     700.0       4.6      11.2      0.85      2.00      2.40  -9999.00
     1   2005    359     700.0       3.9      11.4      0.81      2.00      3.40  -9999.00
     1   2005    360     800.0       3.4       9.7      0.78      2.00      2.60  -9999.00
     1   2005    361     600.0       1.8      10.1      0.70      2.00      0.00  -9999.00
     1   2005    362    3900.0      -2.7       3.3      0.50      2.00      0.00  -9999.00
     1   2005    363    2400.0       0.0       4.4      0.61      2.00      1.10  -9999.00
     1   2005    364    1500.0       1.4       9.6      0.68      2.00      0.40  -9999.00
     1   2005    365    3400.0       3.7       8.2      0.80      2.00      0.20  -9999.00
