*-----------------------------------------------------------------------------* 
           WHWG_231.met           52.12    0.96   89.00
* Date created:  08-Aug-2019     Author: K Coleman 
* 
* NIL VALUE       -9999 
* Source:   data provided by M. Semenov 
*  
* Latitude:    52.12 Longitude:     0.96 Altitude:    89.00
* 
* Column  Daily value 
* 1       station number 
* 2       year 
* 3       day 
* 4       irradiation                   (kJ m-2 d-1) 
* 5       minimum temperature           (degrees Celsius) 
* 6       maximum temperature           (degrees Celsius) 
* 7       early morning vapour pressure (kPa)             
* 8       mean wind speed (height: 2 m?) (m s-1)          
* 9       precipitation                 (mm d-1)          
* 10      sunshine                      (hrs)             
 		Jday	RAD	    TMIN	TMAX	 VAP	wind	RAIN	SUN  
               kj/m2	°C	    °C	     kPa	m/s	    mm	    hrs 
   52.12  89.00
     1   2005      1    4500.0      -0.9       7.8      0.57      2.00      2.10  -9999.00
     1   2005      2     700.0       0.9       9.0      0.65      2.00     11.30  -9999.00
     1   2005      3    2900.0       7.4       7.9      1.03      2.00      0.00  -9999.00
     1   2005      4    4600.0       4.2       7.8      0.82      2.00      0.00  -9999.00
     1   2005      5    1100.0       1.4       7.6      0.68      2.00      0.00  -9999.00
     1   2005      6    1600.0      -1.0       7.3      0.57      2.00      0.10  -9999.00
     1   2005      7    2800.0       1.5       7.6      0.68      2.00      0.10  -9999.00
     1   2005      8    3400.0       4.1       6.3      0.82      2.00      0.00  -9999.00
     1   2005      9    2200.0       5.1       8.5      0.88      2.00     12.90  -9999.00
     1   2005     10    4300.0       2.9       6.9      0.75      2.00      2.40  -9999.00
     1   2005     11     700.0       3.5       8.5      0.78      2.00      0.10  -9999.00
     1   2005     12     700.0       3.1       7.1      0.76      2.00      0.30  -9999.00
     1   2005     13    3800.0       4.1       9.5      0.82      2.00      1.00  -9999.00
     1   2005     14     700.0       1.9       8.7      0.70      2.00      0.10  -9999.00
     1   2005     15    4100.0       0.2       4.7      0.62      2.00      0.00  -9999.00
     1   2005     16    1900.0      -3.4       4.8      0.48      2.00      0.00  -9999.00
     1   2005     17     700.0       2.3       8.1      0.72      2.00      0.00  -9999.00
     1   2005     18    4800.0      -0.5       8.0      0.59      2.00      0.00  -9999.00
     1   2005     19    4800.0       2.4       7.4      0.73      2.00      0.50  -9999.00
     1   2005     20    2500.0       0.6       8.9      0.64      2.00      1.40  -9999.00
     1   2005     21    5500.0       0.7       6.1      0.64      2.00      0.00  -9999.00
     1   2005     22    3600.0       2.6       6.6      0.74      2.00      0.20  -9999.00
     1   2005     23    2600.0       3.4      11.3      0.78      2.00      1.50  -9999.00
     1   2005     24    4500.0       0.6       8.3      0.64      2.00      0.00  -9999.00
     1   2005     25    1800.0      -1.3       4.4      0.56      2.00      0.00  -9999.00
     1   2005     26     900.0      -2.3       6.1      0.52      2.00      0.30  -9999.00
     1   2005     27    5300.0       0.2       4.6      0.62      2.00      0.10  -9999.00
     1   2005     28    2300.0       3.4       5.7      0.78      2.00      0.20  -9999.00
     1   2005     29    5500.0       0.8       9.7      0.65      2.00      6.20  -9999.00
     1   2005     30    4300.0      -2.7      13.3      0.50      2.00      7.20  -9999.00
     1   2005     31    1300.0       0.6       8.2      0.64      2.00      2.30  -9999.00
     1   2005     32    1000.0      -2.4       7.1      0.51      2.00      1.30  -9999.00
     1   2005     33    2700.0       0.3       5.8      0.62      2.00      1.20  -9999.00
     1   2005     34    5100.0      -1.7       7.6      0.54      2.00      3.20  -9999.00
     1   2005     35    1400.0       3.4      11.8      0.78      2.00      0.50  -9999.00
     1   2005     36    1000.0       0.7       9.5      0.64      2.00      0.10  -9999.00
     1   2005     37    3700.0       1.7       5.6      0.69      2.00      0.60  -9999.00
     1   2005     38    7900.0       4.7       6.3      0.85      2.00      6.30  -9999.00
     1   2005     39    1100.0       0.7       8.8      0.64      2.00      0.30  -9999.00
     1   2005     40    2000.0      -0.3       5.6      0.60      2.00      0.00  -9999.00
     1   2005     41    7600.0      -1.7       3.8      0.54      2.00      0.00  -9999.00
     1   2005     42    7800.0      -0.5       5.1      0.59      2.00      0.00  -9999.00
     1   2005     43    8400.0      -1.0       6.5      0.57      2.00      0.00  -9999.00
     1   2005     44    7800.0       1.6       9.4      0.69      2.00      0.50  -9999.00
     1   2005     45    9000.0      -0.6       4.8      0.58      2.00      0.00  -9999.00
     1   2005     46    1200.0       3.3       5.1      0.77      2.00      0.70  -9999.00
     1   2005     47    8200.0      -7.4       0.3      0.35      2.00      6.70  -9999.00
     1   2005     48    1700.0      -2.7       3.3      0.50      2.00      0.60  -9999.00
     1   2005     49    1300.0      -0.5       3.7      0.59      2.00      1.70  -9999.00
     1   2005     50    8400.0      -2.8       6.6      0.50      2.00      0.10  -9999.00
     1   2005     51    1700.0       3.3       7.9      0.77      2.00      0.60  -9999.00
     1   2005     52    1700.0       4.6       8.9      0.85      2.00      3.40  -9999.00
     1   2005     53    2000.0       0.8       5.1      0.65      2.00      0.60  -9999.00
     1   2005     54    8900.0      -1.5       5.0      0.55      2.00      5.10  -9999.00
     1   2005     55    1400.0       0.5       4.1      0.63      2.00      0.80  -9999.00
     1   2005     56    1900.0       3.6       6.1      0.79      2.00      1.80  -9999.00
     1   2005     57    2200.0       0.9       8.2      0.65      2.00      0.00  -9999.00
     1   2005     58   10000.0      -0.3       5.8      0.60      2.00      0.00  -9999.00
     1   2005     59   11100.0      -2.3       6.5      0.52      2.00      0.00  -9999.00
     1   2005     60    7000.0       0.3       9.8      0.62      2.00      0.00  -9999.00
     1   2005     61    6100.0      -1.7       6.1      0.54      2.00      4.70  -9999.00
     1   2005     62    4100.0       0.7       6.8      0.64      2.00      0.00  -9999.00
     1   2005     63    8100.0       1.2       4.8      0.67      2.00      0.60  -9999.00
     1   2005     64    1900.0       3.9       5.8      0.81      2.00      3.80  -9999.00
     1   2005     65   10600.0       3.4      11.0      0.78      2.00      0.50  -9999.00
     1   2005     66    2300.0       1.5      12.0      0.68      2.00      0.30  -9999.00
     1   2005     67   12300.0       4.7      16.0      0.85      2.00      0.20  -9999.00
     1   2005     68    7400.0       1.4      15.8      0.68      2.00      0.90  -9999.00
     1   2005     69    1800.0       1.1       9.9      0.66      2.00      0.20  -9999.00
     1   2005     70   13400.0       2.0       9.2      0.71      2.00      0.00  -9999.00
     1   2005     71    2000.0       5.9      10.2      0.93      2.00      0.10  -9999.00
     1   2005     72    8100.0       6.7       9.3      0.98      2.00      0.00  -9999.00
     1   2005     73    3800.0       4.8      11.1      0.86      2.00      1.90  -9999.00
     1   2005     74    8200.0       2.5      13.3      0.73      2.00      0.00  -9999.00
     1   2005     75   12300.0       0.8       4.0      0.65      2.00      0.00  -9999.00
     1   2005     76   12000.0       0.4       8.7      0.63      2.00      0.30  -9999.00
     1   2005     77    2100.0       3.1       8.2      0.76      2.00      0.10  -9999.00
     1   2005     78    2900.0       2.0       4.0      0.71      2.00      0.00  -9999.00
     1   2005     79    3200.0       1.4       8.4      0.68      2.00      0.00  -9999.00
     1   2005     80   12100.0      -0.6       3.3      0.58      2.00      0.00  -9999.00
     1   2005     81    2200.0      -0.3       9.1      0.60      2.00      0.00  -9999.00
     1   2005     82    8300.0       0.5       9.7      0.63      2.00      0.00  -9999.00
     1   2005     83   13500.0       2.6      11.4      0.74      2.00      3.60  -9999.00
     1   2005     84    2400.0       0.3      11.5      0.62      2.00      0.40  -9999.00
     1   2005     85    2500.0       7.3      12.0      1.02      2.00      0.10  -9999.00
     1   2005     86   12300.0       3.5      11.1      0.78      2.00      0.00  -9999.00
     1   2005     87   12300.0       8.2      13.0      1.09      2.00      0.00  -9999.00
     1   2005     88    7800.0       4.0      12.2      0.81      2.00      8.20  -9999.00
     1   2005     89    3600.0       5.4      10.4      0.90      2.00      0.90  -9999.00
     1   2005     90    4000.0       2.2       9.4      0.72      2.00      4.70  -9999.00
     1   2005     91   13600.0      -0.5       8.7      0.59      2.00      0.80  -9999.00
     1   2005     92   10500.0      -0.3       7.3      0.60      2.00      6.80  -9999.00
     1   2005     93   15300.0       8.0      13.5      1.07      2.00      0.00  -9999.00
     1   2005     94    6000.0       4.9      18.0      0.87      2.00      0.00  -9999.00
     1   2005     95    4400.0       0.4       8.5      0.63      2.00      3.00  -9999.00
     1   2005     96   12800.0       2.5       8.3      0.73      2.00      0.20  -9999.00
     1   2005     97    9100.0       5.8      12.0      0.92      2.00      0.00  -9999.00
     1   2005     98    3200.0       2.4      12.4      0.73      2.00      1.20  -9999.00
     1   2005     99    7100.0       5.1       9.8      0.88      2.00      0.10  -9999.00
     1   2005    100   19700.0       6.0      13.0      0.93      2.00      0.00  -9999.00
     1   2005    101   10300.0       4.7      17.7      0.85      2.00      4.90  -9999.00
     1   2005    102   10600.0       3.5      16.4      0.78      2.00      0.00  -9999.00
     1   2005    103    9200.0       1.1      12.1      0.66      2.00      0.00  -9999.00
     1   2005    104   20500.0       3.8      12.6      0.80      2.00      0.00  -9999.00
     1   2005    105   19200.0       1.7      12.0      0.69      2.00      0.30  -9999.00
     1   2005    106    8000.0       5.2      14.5      0.88      2.00      0.00  -9999.00
     1   2005    107    5000.0       4.3      10.7      0.83      2.00      0.10  -9999.00
     1   2005    108    3700.0       2.2      10.3      0.72      2.00      0.90  -9999.00
     1   2005    109   15500.0       2.5       7.3      0.73      2.00      3.70  -9999.00
     1   2005    110   17100.0       5.6       8.6      0.91      2.00      1.90  -9999.00
     1   2005    111    8600.0       7.4      15.0      1.03      2.00      0.10  -9999.00
     1   2005    112    9800.0       7.2      13.8      1.02      2.00      3.90  -9999.00
     1   2005    113   15000.0       0.8      10.5      0.65      2.00      1.10  -9999.00
     1   2005    114   14700.0      -1.7      12.5      0.54      2.00      0.40  -9999.00
     1   2005    115   10600.0       7.3      12.2      1.02      2.00      1.40  -9999.00
     1   2005    116   12700.0       4.3      14.1      0.83      2.00      0.50  -9999.00
     1   2005    117   19300.0       6.8      15.0      0.99      2.00      7.90  -9999.00
     1   2005    118    4200.0       5.5      13.7      0.90      2.00      5.70  -9999.00
     1   2005    119   16000.0       6.2      17.7      0.95      2.00      2.40  -9999.00
     1   2005    120   19300.0       6.3      14.3      0.95      2.00      7.30  -9999.00
     1   2005    121   22100.0       3.5      13.5      0.78      2.00      7.00  -9999.00
     1   2005    122   16800.0       5.8      16.4      0.92      2.00      0.20  -9999.00
     1   2005    123   24000.0       1.2      14.4      0.67      2.00      0.00  -9999.00
     1   2005    124    7800.0       0.0      11.6      0.61      2.00      0.00  -9999.00
     1   2005    125   24300.0       4.2      13.5      0.82      2.00      0.00  -9999.00
     1   2005    126   24600.0       6.0      15.5      0.93      2.00      0.00  -9999.00
     1   2005    127   20600.0       6.0      14.7      0.93      2.00      0.00  -9999.00
     1   2005    128   24900.0       8.6      18.3      1.12      2.00      0.00  -9999.00
     1   2005    129   23300.0       1.5       9.7      0.68      2.00      0.00  -9999.00
     1   2005    130   26900.0       5.8      10.3      0.92      2.00      0.00  -9999.00
     1   2005    131   18100.0       3.9      13.2      0.81      2.00      4.40  -9999.00
     1   2005    132   15000.0       5.4      14.6      0.90      2.00      0.00  -9999.00
     1   2005    133    4200.0       8.7      16.0      1.12      2.00      9.30  -9999.00
     1   2005    134    5100.0       8.3      13.9      1.09      2.00      2.20  -9999.00
     1   2005    135    4400.0       4.5      18.0      0.84      2.00      0.00  -9999.00
     1   2005    136   18800.0       8.1      13.0      1.08      2.00      0.30  -9999.00
     1   2005    137    5100.0       3.0      13.0      0.76      2.00     21.40  -9999.00
     1   2005    138    6200.0       6.0      14.3      0.93      2.00      0.50  -9999.00
     1   2005    139   10900.0       9.5      17.9      1.19      2.00      2.20  -9999.00
     1   2005    140   10200.0      13.1      15.6      1.51      2.00      0.30  -9999.00
     1   2005    141   18300.0       9.0      17.7      1.15      2.00      2.10  -9999.00
     1   2005    142   21700.0       8.2      18.3      1.09      2.00      0.00  -9999.00
     1   2005    143   19200.0       7.8      17.5      1.06      2.00      0.00  -9999.00
     1   2005    144   22100.0       8.5      18.3      1.11      2.00      0.00  -9999.00
     1   2005    145    9100.0       4.0      15.4      0.81      2.00      0.00  -9999.00
     1   2005    146    9400.0       3.2      15.6      0.77      2.00      0.00  -9999.00
     1   2005    147   28300.0       7.2      15.8      1.02      2.00      0.00  -9999.00
     1   2005    148   10900.0       6.4      14.6      0.96      2.00      5.30  -9999.00
     1   2005    149    7400.0       8.1      13.9      1.08      2.00      2.10  -9999.00
     1   2005    150    4500.0       8.0      14.0      1.07      2.00      0.40  -9999.00
     1   2005    151   16500.0      11.3      22.6      1.34      2.00      0.90  -9999.00
     1   2005    152   22300.0      10.6      21.7      1.28      2.00      0.00  -9999.00
     1   2005    153   26400.0       4.5      14.8      0.84      2.00      0.00  -9999.00
     1   2005    154    9500.0       9.1      15.6      1.16      2.00      5.10  -9999.00
     1   2005    155   17300.0       9.3      17.5      1.17      2.00      6.30  -9999.00
     1   2005    156   29500.0       8.9      23.3      1.14      2.00      0.00  -9999.00
     1   2005    157   16200.0       8.8      17.4      1.13      2.00      7.10  -9999.00
     1   2005    158    4500.0       7.8      14.8      1.06      2.00      3.10  -9999.00
     1   2005    159   24900.0       9.2      18.5      1.16      2.00      0.00  -9999.00
     1   2005    160   29100.0      11.3      20.3      1.34      2.00      0.00  -9999.00
     1   2005    161   19700.0       6.0      15.8      0.93      2.00      0.00  -9999.00
     1   2005    162    6500.0       6.7      14.3      0.98      2.00      2.50  -9999.00
     1   2005    163    4600.0      11.2      18.0      1.33      2.00      1.60  -9999.00
     1   2005    164   27900.0      13.0      22.2      1.50      2.00      0.00  -9999.00
     1   2005    165   26800.0       8.7      18.9      1.12      2.00      0.30  -9999.00
     1   2005    166   28700.0       9.1      21.5      1.16      2.00      0.00  -9999.00
     1   2005    167   29100.0      15.3      22.3      1.74      2.00      0.00  -9999.00
     1   2005    168   29300.0      11.5      21.6      1.36      2.00      0.00  -9999.00
     1   2005    169   29500.0      11.5      19.0      1.36      2.00      0.00  -9999.00
     1   2005    170   16600.0      14.2      17.0      1.62      2.00      0.00  -9999.00
     1   2005    171   25900.0      10.5      20.3      1.27      2.00      0.00  -9999.00
     1   2005    172   21400.0       7.5      22.3      1.04      2.00      0.00  -9999.00
     1   2005    173   28500.0      12.3      20.9      1.43      2.00      0.00  -9999.00
     1   2005    174   13100.0      15.8      20.7      1.79      2.00      0.80  -9999.00
     1   2005    175   12400.0      12.5      17.7      1.45      2.00      1.90  -9999.00
     1   2005    176   20500.0      14.0      18.1      1.60      2.00      0.00  -9999.00
     1   2005    177   22400.0       9.5      23.3      1.19      2.00      0.00  -9999.00
     1   2005    178   29900.0      10.4      28.9      1.26      2.00      0.00  -9999.00
     1   2005    179   12200.0      10.4      14.4      1.26      2.00      0.00  -9999.00
     1   2005    180    4400.0      13.3      13.8      1.53      2.00      2.30  -9999.00
     1   2005    181    9200.0      14.4      19.8      1.64      2.00      1.40  -9999.00
     1   2005    182   14800.0      12.2      22.0      1.42      2.00      0.00  -9999.00
     1   2005    183   21400.0       7.6      18.8      1.04      2.00      0.00  -9999.00
     1   2005    184   15600.0      11.9      17.7      1.39      2.00      0.90  -9999.00
     1   2005    185    8300.0      11.0      20.0      1.31      2.00      2.40  -9999.00
     1   2005    186   14100.0      14.9      21.6      1.69      2.00      1.50  -9999.00
     1   2005    187   22300.0      12.1      19.4      1.41      2.00      5.00  -9999.00
     1   2005    188    8300.0       9.8      18.6      1.21      2.00      0.50  -9999.00
     1   2005    189   17700.0      11.0      20.8      1.31      2.00      0.00  -9999.00
     1   2005    190   29200.0      10.7      23.5      1.29      2.00      0.00  -9999.00
     1   2005    191   15800.0      12.3      19.0      1.43      2.00      3.20  -9999.00
     1   2005    192    6100.0       9.2      17.5      1.16      2.00      1.90  -9999.00
     1   2005    193    8000.0       6.6      15.9      0.97      2.00      1.10  -9999.00
     1   2005    194   18000.0      11.0      16.8      1.31      2.00      0.30  -9999.00
     1   2005    195   24500.0       9.9      16.1      1.22      2.00      1.50  -9999.00
     1   2005    196   17700.0      11.3      18.8      1.34      2.00      0.00  -9999.00
     1   2005    197   23900.0      11.6      19.9      1.37      2.00      4.80  -9999.00
     1   2005    198    8300.0      10.2      20.7      1.24      2.00      1.60  -9999.00
     1   2005    199   12100.0      11.2      19.4      1.33      2.00      3.90  -9999.00
     1   2005    200   16300.0      12.3      23.9      1.43      2.00      0.00  -9999.00
     1   2005    201   12400.0       9.7      18.3      1.20      2.00      0.00  -9999.00
     1   2005    202   28600.0      10.9      18.9      1.30      2.00      0.00  -9999.00
     1   2005    203   27500.0      11.5      20.4      1.36      2.00      0.00  -9999.00
     1   2005    204   14700.0      13.6      22.9      1.56      2.00      0.00  -9999.00
     1   2005    205   20300.0       9.1      19.3      1.16      2.00      0.00  -9999.00
     1   2005    206   12200.0       7.2      19.6      1.02      2.00      0.00  -9999.00
     1   2005    207   23700.0      12.1      22.9      1.41      2.00      0.00  -9999.00
     1   2005    208   25900.0      14.3      21.8      1.63      2.00      0.00  -9999.00
     1   2005    209   22200.0      11.8      20.7      1.38      2.00      0.00  -9999.00
     1   2005    210   13800.0      14.5      23.2      1.65      2.00      0.00  -9999.00
     1   2005    211   25200.0      11.8      22.5      1.38      2.00      0.00  -9999.00
     1   2005    212   23900.0      13.6      23.1      1.56      2.00      0.00  -9999.00
     1   2005    213   24200.0      13.4      21.3      1.54      2.00      0.00  -9999.00
     1   2005    214   23500.0      16.0      21.7      1.82      2.00      0.00  -9999.00
     1   2005    215   24800.0      14.3      23.5      1.63      2.00      0.00  -9999.00
     1   2005    216   23100.0      13.1      26.4      1.51      2.00      0.00  -9999.00
     1   2005    217   17600.0       7.9      21.1      1.07      2.00      0.00  -9999.00
     1   2005    218   21600.0       9.8      22.8      1.21      2.00      0.00  -9999.00
     1   2005    219   23800.0      10.0      19.7      1.23      2.00     13.40  -9999.00
     1   2005    220   18000.0       8.2      20.3      1.09      2.00      4.60  -9999.00
     1   2005    221   17600.0      16.0      22.0      1.82      2.00      8.30  -9999.00
     1   2005    222   22700.0      13.5      24.4      1.55      2.00      0.00  -9999.00
     1   2005    223   16700.0      10.9      22.6      1.30      2.00      0.00  -9999.00
     1   2005    224    3500.0      11.4      20.1      1.35      2.00      0.70  -9999.00
     1   2005    225   12800.0       8.1      19.5      1.08      2.00      8.20  -9999.00
     1   2005    226   16200.0       9.8      20.2      1.21      2.00      1.40  -9999.00
     1   2005    227   22700.0       9.6      21.6      1.20      2.00      0.00  -9999.00
     1   2005    228   21100.0      12.5      22.6      1.45      2.00      0.00  -9999.00
     1   2005    229   14400.0      11.8      20.3      1.38      2.00      2.40  -9999.00
     1   2005    230   14700.0      13.8      19.3      1.58      2.00      0.00  -9999.00
     1   2005    231   19600.0      10.4      23.0      1.26      2.00      0.00  -9999.00
     1   2005    232    4700.0      13.2      22.4      1.52      2.00      1.60  -9999.00
     1   2005    233   18900.0      12.0      17.5      1.40      2.00      7.40  -9999.00
     1   2005    234   15200.0      14.2      17.1      1.62      2.00      3.60  -9999.00
     1   2005    235   16300.0      13.4      23.0      1.54      2.00      0.00  -9999.00
     1   2005    236   13800.0       8.7      21.7      1.12      2.00      0.00  -9999.00
     1   2005    237   20000.0      14.4      27.6      1.64      2.00      0.00  -9999.00
     1   2005    238   22200.0      12.9      25.5      1.49      2.00      0.00  -9999.00
     1   2005    239    7800.0      13.2      20.5      1.52      2.00      1.70  -9999.00
     1   2005    240   22100.0      13.7      21.8      1.57      2.00      0.00  -9999.00
     1   2005    241   16700.0      12.7      22.2      1.47      2.00     19.10  -9999.00
     1   2005    242    3700.0      14.5      23.8      1.65      2.00     11.10  -9999.00
     1   2005    243    3100.0      11.6      17.3      1.37      2.00     36.80  -9999.00
     1   2005    244   19400.0      14.6      19.6      1.66      2.00      0.10  -9999.00
     1   2005    245   16400.0       5.4      18.4      0.90      2.00      4.40  -9999.00
     1   2005    246   13400.0      10.6      19.6      1.28      2.00      2.50  -9999.00
     1   2005    247    4500.0      13.6      18.2      1.56      2.00     25.90  -9999.00
     1   2005    248   17000.0      10.0      20.7      1.23      2.00      0.00  -9999.00
     1   2005    249   12600.0      14.0      21.0      1.60      2.00      0.00  -9999.00
     1   2005    250    6000.0      10.2      22.7      1.24      2.00      0.00  -9999.00
     1   2005    251    5800.0      15.2      23.0      1.73      2.00      0.00  -9999.00
     1   2005    252   12500.0      12.5      22.0      1.45      2.00      0.00  -9999.00
     1   2005    253    9200.0      12.3      18.2      1.43      2.00      0.00  -9999.00
     1   2005    254   18800.0       9.5      17.8      1.19      2.00      1.20  -9999.00
     1   2005    255   14700.0      11.6      15.5      1.37      2.00     26.00  -9999.00
     1   2005    256   12900.0       9.8      15.4      1.21      2.00      0.00  -9999.00
     1   2005    257   17300.0       8.2      18.8      1.09      2.00      0.00  -9999.00
     1   2005    258   15700.0       5.4      17.3      0.90      2.00      0.00  -9999.00
     1   2005    259    4900.0      11.4      20.2      1.35      2.00      2.30  -9999.00
     1   2005    260   15800.0      15.6      21.7      1.77      2.00      0.40  -9999.00
     1   2005    261    2600.0      10.5      20.3      1.27      2.00      0.00  -9999.00
     1   2005    262   13300.0       9.1      21.4      1.16      2.00      3.00  -9999.00
     1   2005    263   16400.0       9.9      16.4      1.22      2.00      9.70  -9999.00
     1   2005    264   12400.0      12.9      14.9      1.49      2.00      8.10  -9999.00
     1   2005    265    6900.0       6.6      13.0      0.97      2.00      0.00  -9999.00
     1   2005    266    3100.0       8.1      15.7      1.08      2.00      0.00  -9999.00
     1   2005    267    2500.0      12.5      18.6      1.45      2.00      3.60  -9999.00
     1   2005    268    8600.0      11.9      16.4      1.39      2.00     10.70  -9999.00
     1   2005    269   13100.0      10.5      15.0      1.27      2.00      0.00  -9999.00
     1   2005    270   15000.0      10.0      15.8      1.23      2.00      0.00  -9999.00
     1   2005    271   15500.0       8.1      16.7      1.08      2.00      0.00  -9999.00
     1   2005    272   13300.0       5.5      15.0      0.90      2.00      0.00  -9999.00
     1   2005    273   14800.0       7.6      16.9      1.04      2.00      0.00  -9999.00
     1   2005    274    5100.0       5.4      18.2      0.90      2.00      0.00  -9999.00
     1   2005    275   12800.0       8.4      14.9      1.10      2.00      0.00  -9999.00
     1   2005    276   11700.0       3.5      13.6      0.78      2.00      0.00  -9999.00
     1   2005    277   13200.0       9.1      17.2      1.16      2.00      0.00  -9999.00
     1   2005    278   13600.0       5.3      18.2      0.89      2.00      0.00  -9999.00
     1   2005    279    9500.0       7.7      16.6      1.05      2.00      0.00  -9999.00
     1   2005    280   10500.0      10.9      16.2      1.30      2.00      0.00  -9999.00
     1   2005    281    1800.0      10.4      17.3      1.26      2.00      3.80  -9999.00
     1   2005    282    2200.0      10.7      18.9      1.29      2.00      6.40  -9999.00
     1   2005    283   11200.0       9.4      13.9      1.18      2.00      0.30  -9999.00
     1   2005    284    3400.0      11.3      13.3      1.34      2.00      0.00  -9999.00
     1   2005    285    6700.0       7.1      13.3      1.01      2.00      0.60  -9999.00
     1   2005    286    3100.0       6.4      13.0      0.96      2.00      3.20  -9999.00
     1   2005    287    7500.0       3.8      12.0      0.80      2.00      0.00  -9999.00
     1   2005    288    1800.0       7.1      14.4      1.01      2.00      2.70  -9999.00
     1   2005    289    8000.0      11.4      16.2      1.35      2.00      2.10  -9999.00
     1   2005    290    2100.0      11.2      15.1      1.33      2.00      0.80  -9999.00
     1   2005    291    9300.0       6.9      12.9      0.99      2.00      0.00  -9999.00
     1   2005    292    8300.0       4.9      13.8      0.87      2.00      0.00  -9999.00
     1   2005    293    9300.0      10.3      16.3      1.25      2.00      4.20  -9999.00
     1   2005    294    8500.0       6.2      13.7      0.95      2.00      0.00  -9999.00
     1   2005    295    7100.0       1.2      10.2      0.67      2.00      0.00  -9999.00
     1   2005    296    7900.0       4.7      13.0      0.85      2.00      0.00  -9999.00
     1   2005    297    9000.0       3.7       9.9      0.80      2.00      0.00  -9999.00
     1   2005    298    9400.0      -1.9      10.2      0.53      2.00      0.00  -9999.00
     1   2005    299    1200.0       7.0      13.6      1.00      2.00      0.00  -9999.00
     1   2005    300    1300.0       5.3      14.1      0.89      2.00      0.00  -9999.00
     1   2005    301    7600.0       4.9      11.7      0.87      2.00      0.00  -9999.00
     1   2005    302    4500.0       8.9      11.4      1.14      2.00      1.10  -9999.00
     1   2005    303    1100.0       7.7      14.1      1.05      2.00      4.30  -9999.00
     1   2005    304    5900.0       6.2      12.5      0.95      2.00      0.10  -9999.00
     1   2005    305    2800.0       0.7       7.7      0.64      2.00      0.00  -9999.00
     1   2005    306    5100.0       2.6      10.2      0.74      2.00     10.90  -9999.00
     1   2005    307    6700.0       2.2       7.3      0.72      2.00      0.00  -9999.00
     1   2005    308    6700.0       3.3      11.2      0.77      2.00      2.80  -9999.00
     1   2005    309    3700.0       6.3      11.9      0.95      2.00      0.20  -9999.00
     1   2005    310    6600.0       5.6      13.5      0.91      2.00      0.60  -9999.00
     1   2005    311    7700.0       3.8       8.7      0.80      2.00      0.00  -9999.00
     1   2005    312    1200.0       5.0       8.3      0.87      2.00     12.40  -9999.00
     1   2005    313    6300.0       5.8      12.8      0.92      2.00      0.20  -9999.00
     1   2005    314    3100.0      10.1      15.0      1.24      2.00      0.10  -9999.00
     1   2005    315    2700.0       5.4      13.7      0.90      2.00      0.30  -9999.00
     1   2005    316    5200.0       3.1       9.4      0.76      2.00      0.00  -9999.00
     1   2005    317     900.0       7.2      11.2      1.02      2.00      2.50  -9999.00
     1   2005    318    1400.0       3.3      11.0      0.77      2.00      6.40  -9999.00
     1   2005    319    6000.0       4.1      12.1      0.82      2.00      2.80  -9999.00
     1   2005    320     900.0       5.8       9.8      0.92      2.00      9.90  -9999.00
     1   2005    321    5200.0       3.6       7.8      0.79      2.00      2.20  -9999.00
     1   2005    322    1000.0       3.4       5.4      0.78      2.00     22.10  -9999.00
     1   2005    323    3700.0       1.8       7.7      0.70      2.00      4.50  -9999.00
     1   2005    324    3700.0       1.0       7.6      0.66      2.00      9.10  -9999.00
     1   2005    325     900.0       4.3      12.1      0.83      2.00      0.40  -9999.00
     1   2005    326    1000.0       5.1       9.4      0.88      2.00      1.00  -9999.00
     1   2005    327    2900.0       9.0      11.2      1.15      2.00      0.70  -9999.00
     1   2005    328     800.0       6.9      13.4      0.99      2.00      1.00  -9999.00
     1   2005    329    3500.0       7.0       9.4      1.00      2.00      0.70  -9999.00
     1   2005    330    1900.0       8.6      10.1      1.12      2.00      0.10  -9999.00
     1   2005    331     800.0       8.6      13.0      1.12      2.00      3.10  -9999.00
     1   2005    332     800.0       4.2      11.4      0.82      2.00      0.40  -9999.00
     1   2005    333    4900.0       2.4       8.7      0.73      2.00      3.30  -9999.00
     1   2005    334     700.0       5.2       5.5      0.88      2.00      0.40  -9999.00
     1   2005    335    1300.0       1.6       7.2      0.69      2.00      0.00  -9999.00
     1   2005    336     700.0      -0.2      10.9      0.60      2.00      0.60  -9999.00
     1   2005    337    4300.0       2.0       6.2      0.71      2.00      0.00  -9999.00
     1   2005    338    3800.0       5.1       8.5      0.88      2.00      0.30  -9999.00
     1   2005    339     600.0       1.7       5.4      0.69      2.00      0.00  -9999.00
     1   2005    340     700.0       2.0       7.2      0.71      2.00      4.30  -9999.00
     1   2005    341     600.0       3.8       7.1      0.80      2.00      0.00  -9999.00
     1   2005    342     800.0       2.0       4.9      0.71      2.00      0.00  -9999.00
     1   2005    343    2700.0       3.2       6.9      0.77      2.00      0.00  -9999.00
     1   2005    344     700.0       6.4      10.2      0.96      2.00      1.20  -9999.00
     1   2005    345     700.0      -2.3       5.7      0.52      2.00      0.30  -9999.00
     1   2005    346     700.0       1.4       6.7      0.68      2.00      0.60  -9999.00
     1   2005    347     700.0       5.4       8.5      0.90      2.00      0.90  -9999.00
     1   2005    348     700.0       2.4       6.5      0.73      2.00      0.10  -9999.00
     1   2005    349     600.0       0.9       6.8      0.65      2.00      0.00  -9999.00
     1   2005    350    3900.0       2.5       5.8      0.73      2.00      1.30  -9999.00
     1   2005    351    3300.0       3.8       9.0      0.80      2.00      0.30  -9999.00
     1   2005    352    1000.0       5.1      12.5      0.88      2.00      0.20  -9999.00
     1   2005    353    3600.0      -0.7       2.8      0.58      2.00      0.00  -9999.00
     1   2005    354     600.0       0.9       5.0      0.65      2.00      0.00  -9999.00
     1   2005    355     700.0       1.3       7.8      0.67      2.00      1.50  -9999.00
     1   2005    356    3600.0       0.0      10.4      0.61      2.00      1.00  -9999.00
     1   2005    357     700.0      -2.8       6.1      0.50      2.00      0.10  -9999.00
     1   2005    358     700.0       0.9       7.8      0.65      2.00      2.10  -9999.00
     1   2005    359     700.0       1.4       8.9      0.68      2.00      4.40  -9999.00
     1   2005    360     700.0       0.6       7.4      0.64      2.00      1.90  -9999.00
     1   2005    361     700.0       4.9       8.8      0.87      2.00      2.60  -9999.00
     1   2005    362     700.0       1.9      12.4      0.70      2.00      0.10  -9999.00
     1   2005    363     700.0       5.5      12.5      0.90      2.00      0.10  -9999.00
     1   2005    364    2400.0       2.9      12.2      0.75      2.00      2.20  -9999.00
     1   2005    365     800.0       4.3       9.9      0.83      2.00      0.10  -9999.00
