*-----------------------------------------------------------------------------* 
           WHWG_2.met             52.12    0.96   89.00
* Date created:  08-Aug-2019     Author: K Coleman 
* 
* NIL VALUE       -9999 
* Source:   data provided by M. Semenov 
*  
* Latitude:    52.12 Longitude:     0.96 Altitude:    89.00
* 
* Column  Daily value 
* 1       station number 
* 2       year 
* 3       day 
* 4       irradiation                   (kJ m-2 d-1) 
* 5       minimum temperature           (degrees Celsius) 
* 6       maximum temperature           (degrees Celsius) 
* 7       early morning vapour pressure (kPa)             
* 8       mean wind speed (height: 2 m?) (m s-1)          
* 9       precipitation                 (mm d-1)          
* 10      sunshine                      (hrs)             
 		Jday	RAD	    TMIN	TMAX	 VAP	wind	RAIN	SUN  
               kj/m2	°C	    °C	     kPa	m/s	    mm	    hrs 
   52.12  89.00
     1   2005      1    4800.0       0.4      10.2      0.63      2.00      0.00  -9999.00
     1   2005      2    4400.0       2.4       6.3      0.73      2.00      0.00  -9999.00
     1   2005      3    1300.0       7.0       9.1      1.00      2.00      0.00  -9999.00
     1   2005      4     700.0       0.8       4.8      0.65      2.00      0.00  -9999.00
     1   2005      5     700.0       0.3       5.2      0.62      2.00      2.00  -9999.00
     1   2005      6     700.0      -0.8       5.2      0.58      2.00      0.00  -9999.00
     1   2005      7    1300.0      -2.1       5.9      0.52      2.00      0.00  -9999.00
     1   2005      8     700.0      -1.7       0.3      0.54      2.00      0.10  -9999.00
     1   2005      9    4600.0       1.0       4.2      0.66      2.00      3.70  -9999.00
     1   2005     10    3100.0       2.1       6.5      0.71      2.00      8.80  -9999.00
     1   2005     11    1900.0       0.4       6.3      0.63      2.00      0.00  -9999.00
     1   2005     12     700.0      -3.1       6.4      0.49      2.00      0.10  -9999.00
     1   2005     13     700.0      -0.9       6.8      0.57      2.00      3.60  -9999.00
     1   2005     14     800.0      -0.1       2.7      0.61      2.00      0.00  -9999.00
     1   2005     15    2200.0      -6.8       5.2      0.37      2.00      0.00  -9999.00
     1   2005     16    4700.0       0.1       8.8      0.62      2.00      0.10  -9999.00
     1   2005     17     800.0       0.0       7.4      0.61      2.00      0.20  -9999.00
     1   2005     18    4700.0      -0.8       4.3      0.58      2.00      1.00  -9999.00
     1   2005     19     800.0       2.6       4.6      0.74      2.00      4.00  -9999.00
     1   2005     20     900.0       3.5      11.8      0.78      2.00      0.50  -9999.00
     1   2005     21    1400.0       6.0      10.2      0.93      2.00      0.90  -9999.00
     1   2005     22     800.0       0.5       4.7      0.63      2.00      3.90  -9999.00
     1   2005     23    4000.0      -3.4       6.9      0.48      2.00      0.10  -9999.00
     1   2005     24    4200.0       0.7       7.8      0.64      2.00      0.00  -9999.00
     1   2005     25     800.0       3.4      11.2      0.78      2.00      3.60  -9999.00
     1   2005     26    2500.0       3.7      10.2      0.80      2.00     12.40  -9999.00
     1   2005     27    5100.0       0.5       8.7      0.63      2.00      0.00  -9999.00
     1   2005     28    5600.0       1.8       6.6      0.70      2.00      0.00  -9999.00
     1   2005     29    5400.0       0.1       9.3      0.62      2.00      0.10  -9999.00
     1   2005     30    1100.0      -2.3       7.0      0.52      2.00      2.40  -9999.00
     1   2005     31    6200.0       1.7       9.2      0.69      2.00      0.10  -9999.00
     1   2005     32    2000.0       1.3       6.5      0.67      2.00      1.20  -9999.00
     1   2005     33     900.0       3.3       6.2      0.77      2.00      1.90  -9999.00
     1   2005     34    5700.0       1.3       6.6      0.67      2.00     10.40  -9999.00
     1   2005     35    1100.0       0.9       7.7      0.65      2.00      0.10  -9999.00
     1   2005     36    7600.0      -7.6       1.7      0.34      2.00      0.00  -9999.00
     1   2005     37    4700.0      -1.1       0.9      0.56      2.00      0.00  -9999.00
     1   2005     38    1300.0      -3.2       4.2      0.48      2.00      0.00  -9999.00
     1   2005     39    1100.0      -4.2       3.0      0.45      2.00      3.10  -9999.00
     1   2005     40    2400.0       1.6       7.0      0.69      2.00      2.30  -9999.00
     1   2005     41    4800.0      -1.2       5.4      0.56      2.00      0.60  -9999.00
     1   2005     42    7900.0       4.0      10.4      0.81      2.00      0.00  -9999.00
     1   2005     43    2000.0       0.3       8.3      0.62      2.00      0.00  -9999.00
     1   2005     44    1400.0      -2.0       4.4      0.53      2.00      0.00  -9999.00
     1   2005     45    1300.0       1.6       6.6      0.69      2.00      0.70  -9999.00
     1   2005     46    1300.0       0.1       6.3      0.62      2.00     11.30  -9999.00
     1   2005     47    1700.0      -2.1       5.5      0.52      2.00      0.10  -9999.00
     1   2005     48    1300.0       1.9      10.1      0.70      2.00      5.60  -9999.00
     1   2005     49    5100.0       1.1       8.9      0.66      2.00      1.50  -9999.00
     1   2005     50    7600.0      -1.0       6.2      0.57      2.00      0.00  -9999.00
     1   2005     51    7200.0       3.3       5.6      0.77      2.00      5.00  -9999.00
     1   2005     52    1300.0       3.1       7.7      0.76      2.00      3.60  -9999.00
     1   2005     53    5900.0       7.4       9.4      1.03      2.00      1.80  -9999.00
     1   2005     54    1500.0       4.2       9.0      0.82      2.00      0.20  -9999.00
     1   2005     55    7600.0       3.3       9.3      0.77      2.00      6.90  -9999.00
     1   2005     56    1500.0       2.9       9.1      0.75      2.00      0.20  -9999.00
     1   2005     57   10300.0       2.2       8.2      0.72      2.00      0.00  -9999.00
     1   2005     58    7500.0      -0.9       5.8      0.57      2.00      0.00  -9999.00
     1   2005     59    8900.0       0.2       7.7      0.62      2.00      0.20  -9999.00
     1   2005     60    1800.0       3.6       9.0      0.79      2.00      0.00  -9999.00
     1   2005     61    1600.0       6.3       8.3      0.95      2.00      1.10  -9999.00
     1   2005     62    1600.0      -4.8       5.6      0.43      2.00      4.30  -9999.00
     1   2005     63    9900.0       0.7       5.6      0.64      2.00      0.00  -9999.00
     1   2005     64    8200.0       1.7       9.3      0.69      2.00      0.20  -9999.00
     1   2005     65   10100.0       2.4       9.2      0.73      2.00      0.00  -9999.00
     1   2005     66   12100.0       2.2      14.6      0.72      2.00      0.00  -9999.00
     1   2005     67    6100.0      -0.2      14.1      0.60      2.00      0.10  -9999.00
     1   2005     68   14200.0       1.3       9.7      0.67      2.00      0.00  -9999.00
     1   2005     69   13200.0      -2.3      11.6      0.52      2.00      0.00  -9999.00
     1   2005     70    6200.0       1.3      10.5      0.67      2.00      0.00  -9999.00
     1   2005     71    8400.0      -1.6      12.3      0.54      2.00      0.00  -9999.00
     1   2005     72   14600.0       1.2       8.3      0.67      2.00      0.00  -9999.00
     1   2005     73   14300.0       2.8      11.5      0.75      2.00      0.00  -9999.00
     1   2005     74    8500.0      -0.8      10.5      0.58      2.00      0.00  -9999.00
     1   2005     75    2000.0       3.1      11.1      0.76      2.00      1.10  -9999.00
     1   2005     76   11500.0      -0.2       5.6      0.60      2.00      0.00  -9999.00
     1   2005     77    2400.0       1.9       6.1      0.70      2.00      0.00  -9999.00
     1   2005     78    8400.0       0.0       9.4      0.61      2.00      0.70  -9999.00
     1   2005     79    5600.0       2.3      12.4      0.72      2.00      0.00  -9999.00
     1   2005     80    8100.0       9.9      15.8      1.22      2.00      0.00  -9999.00
     1   2005     81    6100.0       3.6      14.8      0.79      2.00      0.90  -9999.00
     1   2005     82   14200.0       5.8      10.6      0.92      2.00      2.10  -9999.00
     1   2005     83   16100.0       7.2      12.9      1.02      2.00      1.60  -9999.00
     1   2005     84   12400.0       3.4       7.3      0.78      2.00      0.20  -9999.00
     1   2005     85    6100.0       1.7       9.6      0.69      2.00      0.00  -9999.00
     1   2005     86    2500.0       2.6       9.3      0.74      2.00      1.00  -9999.00
     1   2005     87   16700.0       1.8      12.3      0.70      2.00      0.00  -9999.00
     1   2005     88   11700.0       6.2      12.2      0.95      2.00      5.00  -9999.00
     1   2005     89    4000.0       5.7      11.4      0.92      2.00      3.10  -9999.00
     1   2005     90   16400.0       9.0      12.6      1.15      2.00      0.50  -9999.00
     1   2005     91   16000.0       9.1      13.0      1.16      2.00      0.00  -9999.00
     1   2005     92   16600.0       3.8      12.0      0.80      2.00      0.00  -9999.00
     1   2005     93   14700.0       4.9      10.6      0.87      2.00      0.00  -9999.00
     1   2005     94    8000.0       2.3      12.0      0.72      2.00     10.10  -9999.00
     1   2005     95   12300.0       2.7      10.2      0.74      2.00      0.50  -9999.00
     1   2005     96   17000.0       6.3      11.8      0.95      2.00      0.50  -9999.00
     1   2005     97    2900.0       6.1      12.8      0.94      2.00      1.90  -9999.00
     1   2005     98   13700.0       3.4      11.5      0.78      2.00     10.20  -9999.00
     1   2005     99   18000.0       3.7      11.3      0.80      2.00      0.00  -9999.00
     1   2005    100   19600.0       0.7      10.8      0.64      2.00      2.00  -9999.00
     1   2005    101   17000.0       1.1      13.6      0.66      2.00      1.40  -9999.00
     1   2005    102   19200.0       1.7      11.1      0.69      2.00      0.10  -9999.00
     1   2005    103   13800.0       0.1       8.5      0.62      2.00      0.20  -9999.00
     1   2005    104   19800.0       1.8       8.3      0.70      2.00      1.90  -9999.00
     1   2005    105   10700.0       2.1       6.6      0.71      2.00      0.00  -9999.00
     1   2005    106    3500.0       1.6      10.0      0.69      2.00      0.10  -9999.00
     1   2005    107   20800.0      -0.1      12.1      0.61      2.00      0.00  -9999.00
     1   2005    108    6200.0       2.3      11.9      0.72      2.00      2.30  -9999.00
     1   2005    109   15500.0       1.9      14.1      0.70      2.00      0.00  -9999.00
     1   2005    110   12500.0       3.9      17.7      0.81      2.00      0.00  -9999.00
     1   2005    111   17800.0       5.7      22.5      0.92      2.00      0.00  -9999.00
     1   2005    112   12900.0       3.0       6.8      0.76      2.00      1.60  -9999.00
     1   2005    113    5900.0      -1.7       8.3      0.54      2.00      5.30  -9999.00
     1   2005    114   20300.0       2.9      14.5      0.75      2.00     24.10  -9999.00
     1   2005    115   13900.0       5.0      14.7      0.87      2.00      0.50  -9999.00
     1   2005    116   21500.0       9.2      13.5      1.16      2.00      2.60  -9999.00
     1   2005    117   13600.0       5.2      14.4      0.88      2.00      5.90  -9999.00
     1   2005    118    6900.0       1.7      12.8      0.69      2.00      0.80  -9999.00
     1   2005    119   24800.0       4.9      12.5      0.87      2.00      0.00  -9999.00
     1   2005    120   24900.0       6.5      17.2      0.97      2.00      0.00  -9999.00
     1   2005    121   24400.0       7.4      19.6      1.03      2.00      0.00  -9999.00
     1   2005    122    7600.0       4.5      10.0      0.84      2.00      8.30  -9999.00
     1   2005    123   16000.0       5.4      11.9      0.90      2.00      2.00  -9999.00
     1   2005    124    7500.0       4.5       9.9      0.84      2.00      0.20  -9999.00
     1   2005    125   17500.0       5.1      11.0      0.88      2.00      2.10  -9999.00
     1   2005    126   16100.0       8.3      13.5      1.09      2.00      2.00  -9999.00
     1   2005    127   18000.0       8.1      11.3      1.08      2.00      2.80  -9999.00
     1   2005    128    4600.0       8.0      17.1      1.07      2.00      8.70  -9999.00
     1   2005    129   18700.0       7.3      17.4      1.02      2.00      0.80  -9999.00
     1   2005    130    4000.0       8.1      13.9      1.08      2.00      5.70  -9999.00
     1   2005    131    8300.0      11.0      15.3      1.31      2.00      0.00  -9999.00
     1   2005    132    4100.0       8.6      17.4      1.12      2.00      0.20  -9999.00
     1   2005    133   12400.0       8.8      20.8      1.13      2.00      0.30  -9999.00
     1   2005    134    5700.0       7.0      12.5      1.00      2.00      0.70  -9999.00
     1   2005    135   16800.0       8.2      10.2      1.09      2.00      8.90  -9999.00
     1   2005    136   24400.0       7.9      19.9      1.07      2.00      0.00  -9999.00
     1   2005    137   20700.0      12.9      21.2      1.49      2.00     31.30  -9999.00
     1   2005    138   26600.0      10.8      23.2      1.29      2.00      0.00  -9999.00
     1   2005    139   24700.0       7.8      21.4      1.06      2.00      0.00  -9999.00
     1   2005    140   22800.0       6.2      11.1      0.95      2.00      0.00  -9999.00
     1   2005    141   15400.0       9.5      15.4      1.19      2.00      0.00  -9999.00
     1   2005    142   27500.0       8.1      16.1      1.08      2.00      0.00  -9999.00
     1   2005    143   24600.0       7.7      15.0      1.05      2.00      0.00  -9999.00
     1   2005    144   20100.0       7.0      17.3      1.00      2.00      0.00  -9999.00
     1   2005    145   20400.0      10.6      15.6      1.28      2.00      0.00  -9999.00
     1   2005    146   10600.0       8.9      21.9      1.14      2.00      0.00  -9999.00
     1   2005    147   25500.0      10.8      19.9      1.29      2.00      0.00  -9999.00
     1   2005    148   11500.0       5.7      14.8      0.92      2.00      0.00  -9999.00
     1   2005    149   26400.0       3.5      14.9      0.78      2.00      0.00  -9999.00
     1   2005    150   27800.0      13.8      21.3      1.58      2.00      0.00  -9999.00
     1   2005    151    4400.0      12.5      19.0      1.45      2.00      7.60  -9999.00
     1   2005    152   28100.0       8.0      18.5      1.07      2.00      0.00  -9999.00
     1   2005    153    5800.0       3.6      19.1      0.79      2.00      7.80  -9999.00
     1   2005    154    4400.0       8.4      14.8      1.10      2.00      0.80  -9999.00
     1   2005    155    8900.0      10.1      17.1      1.24      2.00      1.40  -9999.00
     1   2005    156   20200.0      12.4      18.4      1.44      2.00      2.10  -9999.00
     1   2005    157   10700.0       9.0      19.4      1.15      2.00      0.60  -9999.00
     1   2005    158   27800.0      13.3      18.7      1.53      2.00      0.40  -9999.00
     1   2005    159   22700.0      12.5      18.9      1.45      2.00      0.70  -9999.00
     1   2005    160   11000.0       9.5      16.6      1.19      2.00      5.80  -9999.00
     1   2005    161    4800.0       8.8      18.5      1.13      2.00      0.00  -9999.00
     1   2005    162    5900.0       9.7      19.5      1.20      2.00      0.00  -9999.00
     1   2005    163   20900.0       9.6      14.7      1.20      2.00      9.50  -9999.00
     1   2005    164   13800.0       8.2      13.7      1.09      2.00      6.70  -9999.00
     1   2005    165   26100.0       8.2      15.1      1.09      2.00      0.00  -9999.00
     1   2005    166   23400.0      12.3      19.4      1.43      2.00      0.00  -9999.00
     1   2005    167   22800.0       9.1      20.9      1.16      2.00      0.00  -9999.00
     1   2005    168   21600.0       7.8      16.9      1.06      2.00      2.40  -9999.00
     1   2005    169   23500.0       9.7      17.8      1.20      2.00      0.00  -9999.00
     1   2005    170   23500.0       9.6      19.2      1.20      2.00      0.00  -9999.00
     1   2005    171    5600.0      10.8      18.3      1.29      2.00      0.50  -9999.00
     1   2005    172   26100.0      10.3      20.8      1.25      2.00      0.00  -9999.00
     1   2005    173   27300.0      12.2      20.0      1.42      2.00      0.00  -9999.00
     1   2005    174   25500.0      11.9      19.6      1.39      2.00      0.00  -9999.00
     1   2005    175   30000.0       8.5      22.1      1.11      2.00      0.00  -9999.00
     1   2005    176   13800.0       5.9      14.6      0.93      2.00      8.00  -9999.00
     1   2005    177   17100.0       7.1      13.8      1.01      2.00      0.90  -9999.00
     1   2005    178   25500.0       8.8      22.3      1.13      2.00      0.00  -9999.00
     1   2005    179    9400.0       4.3      31.0      0.83      2.00      0.00  -9999.00
     1   2005    180   18000.0      16.8      21.6      1.91      2.00      0.60  -9999.00
     1   2005    181   20800.0      12.0      21.5      1.40      2.00     13.50  -9999.00
     1   2005    182   17900.0      12.2      19.3      1.42      2.00      0.40  -9999.00
     1   2005    183    4500.0      13.2      21.4      1.52      2.00      1.30  -9999.00
     1   2005    184   12000.0      12.8      19.9      1.48      2.00      2.60  -9999.00
     1   2005    185   12500.0      12.5      20.7      1.45      2.00      0.50  -9999.00
     1   2005    186   28500.0      13.4      25.0      1.54      2.00      0.00  -9999.00
     1   2005    187   20500.0      14.9      22.4      1.69      2.00      0.00  -9999.00
     1   2005    188   18100.0      13.1      22.8      1.51      2.00      0.00  -9999.00
     1   2005    189    6700.0      13.0      19.9      1.50      2.00      4.40  -9999.00
     1   2005    190   28300.0      12.1      23.5      1.41      2.00      0.00  -9999.00
     1   2005    191   28400.0       7.7      24.7      1.05      2.00      0.00  -9999.00
     1   2005    192   26600.0      11.3      22.4      1.34      2.00      0.00  -9999.00
     1   2005    193   26800.0       8.8      22.2      1.13      2.00      0.00  -9999.00
     1   2005    194    4600.0       7.4      16.1      1.03      2.00      4.00  -9999.00
     1   2005    195   22800.0      11.7      17.7      1.37      2.00      9.50  -9999.00
     1   2005    196   20400.0      10.6      18.7      1.28      2.00      9.10  -9999.00
     1   2005    197   26700.0      10.6      18.6      1.28      2.00      0.00  -9999.00
     1   2005    198   26600.0      10.4      19.6      1.26      2.00      0.00  -9999.00
     1   2005    199   15700.0       9.6      18.8      1.20      2.00      0.00  -9999.00
     1   2005    200   27100.0      13.2      24.8      1.52      2.00      0.00  -9999.00
     1   2005    201   21500.0      13.4      22.4      1.54      2.00      0.00  -9999.00
     1   2005    202    4200.0      12.5      20.1      1.45      2.00      0.20  -9999.00
     1   2005    203   26700.0      14.6      21.2      1.66      2.00      0.00  -9999.00
     1   2005    204   23800.0      13.4      23.3      1.54      2.00      0.00  -9999.00
     1   2005    205   25900.0      10.6      22.1      1.28      2.00      0.00  -9999.00
     1   2005    206   25500.0      11.6      19.5      1.37      2.00      0.00  -9999.00
     1   2005    207   18700.0      12.8      21.5      1.48      2.00      0.00  -9999.00
     1   2005    208   16700.0      16.3      27.8      1.85      2.00      0.00  -9999.00
     1   2005    209   13200.0      11.8      20.9      1.38      2.00      0.50  -9999.00
     1   2005    210   25000.0       9.7      20.3      1.20      2.00      0.00  -9999.00
     1   2005    211    7300.0      12.2      19.0      1.42      2.00     14.70  -9999.00
     1   2005    212   22200.0      12.0      23.5      1.40      2.00      0.00  -9999.00
     1   2005    213   17800.0      11.7      23.3      1.37      2.00      0.00  -9999.00
     1   2005    214   20600.0      10.1      21.0      1.24      2.00      0.00  -9999.00
     1   2005    215   21200.0      13.8      19.2      1.58      2.00      0.30  -9999.00
     1   2005    216    4700.0      14.1      26.4      1.61      2.00      8.40  -9999.00
     1   2005    217   23300.0      12.2      21.7      1.42      2.00      0.60  -9999.00
     1   2005    218   19300.0      15.8      29.8      1.79      2.00      0.00  -9999.00
     1   2005    219   15100.0      15.7      24.0      1.78      2.00      3.30  -9999.00
     1   2005    220    3900.0      13.0      22.7      1.50      2.00      0.70  -9999.00
     1   2005    221    5100.0      14.0      27.7      1.60      2.00     11.00  -9999.00
     1   2005    222   14400.0      11.1      22.0      1.32      2.00      0.00  -9999.00
     1   2005    223   13400.0      14.2      19.5      1.62      2.00      0.00  -9999.00
     1   2005    224   20300.0       9.9      19.4      1.22      2.00      0.00  -9999.00
     1   2005    225   20900.0      13.7      18.6      1.57      2.00      4.60  -9999.00
     1   2005    226   15900.0      14.2      24.0      1.62      2.00      0.50  -9999.00
     1   2005    227    5500.0      14.1      25.4      1.61      2.00      0.90  -9999.00
     1   2005    228   14500.0      13.9      21.7      1.59      2.00      8.80  -9999.00
     1   2005    229   22200.0      13.6      22.3      1.56      2.00      0.00  -9999.00
     1   2005    230    3500.0       9.3      19.4      1.17      2.00      0.30  -9999.00
     1   2005    231   21900.0      10.9      15.5      1.30      2.00      0.90  -9999.00
     1   2005    232   23600.0      13.8      20.6      1.58      2.00      0.00  -9999.00
     1   2005    233   21400.0      13.2      20.3      1.52      2.00      0.00  -9999.00
     1   2005    234   22500.0      10.3      19.8      1.25      2.00      0.00  -9999.00
     1   2005    235   14200.0      12.0      16.6      1.40      2.00      6.50  -9999.00
     1   2005    236   15200.0      13.5      23.2      1.55      2.00      0.00  -9999.00
     1   2005    237   20900.0      14.0      24.7      1.60      2.00      0.00  -9999.00
     1   2005    238   13200.0      10.0      19.0      1.23      2.00      0.90  -9999.00
     1   2005    239    7800.0       8.7      20.3      1.12      2.00      1.60  -9999.00
     1   2005    240   15800.0       8.9      20.1      1.14      2.00      0.00  -9999.00
     1   2005    241    5400.0      11.7      20.5      1.37      2.00      5.20  -9999.00
     1   2005    242   14200.0       9.8      19.0      1.21      2.00      0.50  -9999.00
     1   2005    243    3200.0       8.8      20.9      1.13      2.00      9.70  -9999.00
     1   2005    244    3300.0      15.2      20.5      1.73      2.00     19.70  -9999.00
     1   2005    245   13700.0      12.9      29.1      1.49      2.00      3.50  -9999.00
     1   2005    246   17400.0      13.5      17.7      1.55      2.00      1.00  -9999.00
     1   2005    247    5000.0      14.7      15.5      1.67      2.00      0.10  -9999.00
     1   2005    248    4400.0      12.1      26.8      1.41      2.00      0.10  -9999.00
     1   2005    249   14600.0      12.6      19.9      1.46      2.00      1.70  -9999.00
     1   2005    250    3300.0      13.5      17.8      1.55      2.00      1.10  -9999.00
     1   2005    251    4300.0      11.1      17.7      1.32      2.00      0.10  -9999.00
     1   2005    252    3200.0      14.0      18.9      1.60      2.00      3.60  -9999.00
     1   2005    253   17100.0      13.3      22.0      1.53      2.00      0.00  -9999.00
     1   2005    254    3600.0      11.5      17.4      1.36      2.00      8.60  -9999.00
     1   2005    255   15600.0       9.7      17.3      1.20      2.00      0.10  -9999.00
     1   2005    256   15400.0       7.9      17.5      1.07      2.00      1.00  -9999.00
     1   2005    257    3500.0       9.6      19.1      1.20      2.00      0.00  -9999.00
     1   2005    258   15200.0      11.4      19.1      1.35      2.00      0.30  -9999.00
     1   2005    259   12100.0       9.7      17.0      1.20      2.00      2.60  -9999.00
     1   2005    260   11300.0      12.0      22.1      1.40      2.00      3.30  -9999.00
     1   2005    261    3600.0       9.3      18.9      1.17      2.00      0.00  -9999.00
     1   2005    262   15200.0      13.0      19.7      1.50      2.00      0.00  -9999.00
     1   2005    263   16800.0       8.8      18.7      1.13      2.00      0.00  -9999.00
     1   2005    264    6500.0       8.4      18.0      1.10      2.00      0.00  -9999.00
     1   2005    265    3600.0       5.7      19.3      0.92      2.00      4.10  -9999.00
     1   2005    266   11800.0      10.0      15.3      1.23      2.00      0.00  -9999.00
     1   2005    267   10400.0      10.4      15.0      1.26      2.00      0.00  -9999.00
     1   2005    268    2600.0      12.3      18.8      1.43      2.00      0.00  -9999.00
     1   2005    269    4300.0      12.2      19.9      1.42      2.00      2.40  -9999.00
     1   2005    270   11700.0      10.2      20.1      1.24      2.00      0.50  -9999.00
     1   2005    271    8300.0       7.8      23.7      1.06      2.00      0.00  -9999.00
     1   2005    272   14100.0       6.5      15.7      0.97      2.00      0.00  -9999.00
     1   2005    273   11100.0       4.8      18.4      0.86      2.00      0.00  -9999.00
     1   2005    274    9900.0       5.2      15.9      0.88      2.00      0.00  -9999.00
     1   2005    275    5800.0       2.3      17.0      0.72      2.00      0.00  -9999.00
     1   2005    276   14000.0       8.6      16.7      1.12      2.00     15.70  -9999.00
     1   2005    277    9700.0       8.9      15.8      1.14      2.00      0.00  -9999.00
     1   2005    278   11600.0       5.0      15.5      0.87      2.00      0.00  -9999.00
     1   2005    279    1800.0       7.4      12.9      1.03      2.00      0.00  -9999.00
     1   2005    280    2000.0       8.4      13.6      1.10      2.00      4.70  -9999.00
     1   2005    281   11200.0       7.2      10.0      1.02      2.00      0.00  -9999.00
     1   2005    282   11200.0      10.6      16.0      1.28      2.00      0.50  -9999.00
     1   2005    283    9200.0       8.5      15.6      1.11      2.00     10.20  -9999.00
     1   2005    284    7400.0       8.9      15.3      1.14      2.00     11.20  -9999.00
     1   2005    285    2800.0       9.3      13.9      1.17      2.00      3.70  -9999.00
     1   2005    286    8400.0      11.0      15.3      1.31      2.00      0.20  -9999.00
     1   2005    287   10300.0       7.4      18.9      1.03      2.00      0.90  -9999.00
     1   2005    288    1700.0       5.4      13.9      0.90      2.00      0.20  -9999.00
     1   2005    289    6000.0       6.7      11.3      0.98      2.00      0.00  -9999.00
     1   2005    290    6700.0       8.2      16.3      1.09      2.00      0.00  -9999.00
     1   2005    291    7100.0       8.8      17.0      1.13      2.00      0.00  -9999.00
     1   2005    292    7800.0       4.5      13.6      0.84      2.00      0.40  -9999.00
     1   2005    293    6000.0       4.1      12.6      0.82      2.00      1.90  -9999.00
     1   2005    294    2500.0       3.2      13.1      0.77      2.00      6.50  -9999.00
     1   2005    295    1500.0       1.5      13.6      0.68      2.00      0.50  -9999.00
     1   2005    296    8900.0       2.9      12.5      0.75      2.00      0.00  -9999.00
     1   2005    297    7000.0       5.7      11.5      0.92      2.00      0.30  -9999.00
     1   2005    298    1400.0       6.3      12.8      0.95      2.00      7.30  -9999.00
     1   2005    299    6800.0       6.3      12.7      0.95      2.00      5.10  -9999.00
     1   2005    300    4200.0      12.2      14.9      1.42      2.00      2.00  -9999.00
     1   2005    301    1700.0       8.4      14.7      1.10      2.00      0.00  -9999.00
     1   2005    302    1500.0       2.5      10.3      0.73      2.00      0.40  -9999.00
     1   2005    303    1300.0       5.5       9.4      0.90      2.00      0.10  -9999.00
     1   2005    304    2400.0      11.4      14.0      1.35      2.00      0.00  -9999.00
     1   2005    305    4900.0       7.3      12.5      1.02      2.00      6.40  -9999.00
     1   2005    306    1200.0       5.5      13.2      0.90      2.00     11.10  -9999.00
     1   2005    307    5700.0       1.8      11.3      0.70      2.00     28.60  -9999.00
     1   2005    308    3000.0       2.4      11.0      0.73      2.00      0.90  -9999.00
     1   2005    309    4500.0      -1.0       7.5      0.57      2.00      0.20  -9999.00
     1   2005    310    1100.0       1.7       8.5      0.69      2.00      0.10  -9999.00
     1   2005    311    5800.0       5.0       9.0      0.87      2.00      2.10  -9999.00
     1   2005    312    3200.0       5.9      12.5      0.93      2.00      0.60  -9999.00
     1   2005    313    6400.0      10.3      14.9      1.25      2.00      5.40  -9999.00
     1   2005    314    2700.0       7.2      11.1      1.02      2.00      0.30  -9999.00
     1   2005    315    1700.0       8.5      12.4      1.11      2.00      1.70  -9999.00
     1   2005    316     900.0       3.8      11.8      0.80      2.00      5.50  -9999.00
     1   2005    317     900.0       2.2      11.4      0.72      2.00      1.30  -9999.00
     1   2005    318    5500.0       4.3      10.9      0.83      2.00      6.30  -9999.00
     1   2005    319    4000.0       1.5      11.3      0.68      2.00      0.20  -9999.00
     1   2005    320     800.0       7.9      10.9      1.07      2.00      3.40  -9999.00
     1   2005    321    3800.0       9.1      10.8      1.16      2.00      6.60  -9999.00
     1   2005    322     800.0       1.7      11.4      0.69      2.00     10.00  -9999.00
     1   2005    323    6000.0       4.2       9.0      0.82      2.00      0.00  -9999.00
     1   2005    324    4000.0       4.3      12.9      0.83      2.00      0.70  -9999.00
     1   2005    325    5200.0       2.9      10.3      0.75      2.00      0.00  -9999.00
     1   2005    326     800.0       5.2      13.4      0.88      2.00      0.00  -9999.00
     1   2005    327    5100.0       6.9       9.8      0.99      2.00      0.00  -9999.00
     1   2005    328    1600.0       3.7      10.8      0.80      2.00      2.00  -9999.00
     1   2005    329    1100.0       2.2      13.6      0.72      2.00      0.00  -9999.00
     1   2005    330    4100.0       0.5       8.4      0.63      2.00      0.00  -9999.00
     1   2005    331    5600.0      -6.4       7.0      0.38      2.00      0.00  -9999.00
     1   2005    332    3900.0      -0.6       8.2      0.58      2.00      0.00  -9999.00
     1   2005    333    4400.0      -2.3       5.9      0.52      2.00      0.00  -9999.00
     1   2005    334    3100.0       2.0       7.8      0.71      2.00      0.00  -9999.00
     1   2005    335    4500.0       3.9       6.3      0.81      2.00      0.00  -9999.00
     1   2005    336     700.0       1.7       6.8      0.69      2.00      0.00  -9999.00
     1   2005    337    4300.0       4.3       7.1      0.83      2.00      0.00  -9999.00
     1   2005    338     800.0       0.2       7.6      0.62      2.00      0.60  -9999.00
     1   2005    339    4000.0       2.7       8.4      0.74      2.00      0.00  -9999.00
     1   2005    340     700.0       5.8       9.6      0.92      2.00      2.50  -9999.00
     1   2005    341    3800.0       7.2      10.4      1.02      2.00      0.00  -9999.00
     1   2005    342     600.0      -2.3       5.4      0.52      2.00      0.00  -9999.00
     1   2005    343    1500.0      -1.2       8.3      0.56      2.00      4.60  -9999.00
     1   2005    344     700.0       2.0       9.0      0.71      2.00      0.10  -9999.00
     1   2005    345     600.0       1.3       9.4      0.67      2.00      0.00  -9999.00
     1   2005    346    4000.0      -0.6       3.7      0.58      2.00      0.00  -9999.00
     1   2005    347    3900.0      -0.6       2.9      0.58      2.00      0.00  -9999.00
     1   2005    348     900.0       1.9       6.2      0.70      2.00      1.80  -9999.00
     1   2005    349     700.0       0.3       4.3      0.62      2.00      0.60  -9999.00
     1   2005    350     600.0       0.9       6.2      0.65      2.00      0.00  -9999.00
     1   2005    351     600.0      -1.7       6.7      0.54      2.00      0.00  -9999.00
     1   2005    352    3500.0       0.9       8.0      0.65      2.00      0.00  -9999.00
     1   2005    353    1500.0       2.7      10.5      0.74      2.00      2.30  -9999.00
     1   2005    354    3200.0       1.1       6.4      0.66      2.00      2.30  -9999.00
     1   2005    355     700.0       3.0       6.8      0.76      2.00      1.10  -9999.00
     1   2005    356    3400.0       1.2       7.1      0.67      2.00      0.00  -9999.00
     1   2005    357     600.0       1.5       9.1      0.68      2.00      0.00  -9999.00
     1   2005    358    2400.0       2.7       8.5      0.74      2.00      0.00  -9999.00
     1   2005    359    2000.0       5.6       9.5      0.91      2.00      0.30  -9999.00
     1   2005    360    1200.0       9.7      13.6      1.20      2.00      1.00  -9999.00
     1   2005    361     700.0       9.5      11.5      1.19      2.00     10.40  -9999.00
     1   2005    362    1000.0      -2.5       6.5      0.51      2.00      3.10  -9999.00
     1   2005    363    4400.0      -4.5       6.6      0.44      2.00      0.00  -9999.00
     1   2005    364    2000.0       1.5       4.9      0.68      2.00      0.00  -9999.00
     1   2005    365     700.0       0.9       4.6      0.65      2.00      0.00  -9999.00
