*-----------------------------------------------------------------------------* 
           WHWG_81.met            52.12    0.96   89.00
* Date created:  08-Aug-2019     Author: K Coleman 
* 
* NIL VALUE       -9999 
* Source:   data provided by M. Semenov 
*  
* Latitude:    52.12 Longitude:     0.96 Altitude:    89.00
* 
* Column  Daily value 
* 1       station number 
* 2       year 
* 3       day 
* 4       irradiation                   (kJ m-2 d-1) 
* 5       minimum temperature           (degrees Celsius) 
* 6       maximum temperature           (degrees Celsius) 
* 7       early morning vapour pressure (kPa)             
* 8       mean wind speed (height: 2 m?) (m s-1)          
* 9       precipitation                 (mm d-1)          
* 10      sunshine                      (hrs)             
 		Jday	RAD	    TMIN	TMAX	 VAP	wind	RAIN	SUN  
               kj/m2	°C	    °C	     kPa	m/s	    mm	    hrs 
   52.12  89.00
     1   2005      1    2900.0       3.9       9.1      0.81      2.00      0.00  -9999.00
     1   2005      2     700.0       1.0      10.9      0.66      2.00      0.30  -9999.00
     1   2005      3    2400.0       2.8       7.0      0.75      2.00      6.60  -9999.00
     1   2005      4    4600.0       3.1       4.8      0.76      2.00      0.00  -9999.00
     1   2005      5     700.0      -0.1       5.9      0.61      2.00      0.00  -9999.00
     1   2005      6    4200.0       0.4       4.2      0.63      2.00      0.00  -9999.00
     1   2005      7    2700.0       0.8       4.1      0.65      2.00      0.00  -9999.00
     1   2005      8    4300.0       3.0       6.2      0.76      2.00      0.00  -9999.00
     1   2005      9    1300.0      -3.1       1.6      0.49      2.00      1.30  -9999.00
     1   2005     10    3700.0      -3.4      -1.4      0.48      2.00      0.00  -9999.00
     1   2005     11    4800.0       1.5       8.1      0.68      2.00      0.00  -9999.00
     1   2005     12    4600.0      -0.9       6.5      0.57      2.00      0.00  -9999.00
     1   2005     13    5000.0      -0.1       4.8      0.61      2.00      0.00  -9999.00
     1   2005     14     800.0       0.5       5.4      0.63      2.00      0.30  -9999.00
     1   2005     15    1200.0       2.1      10.2      0.71      2.00      1.20  -9999.00
     1   2005     16    4600.0       0.0       8.6      0.61      2.00      0.20  -9999.00
     1   2005     17    2000.0      -0.5       6.3      0.59      2.00      6.50  -9999.00
     1   2005     18     900.0      -1.3       6.8      0.56      2.00      0.30  -9999.00
     1   2005     19    1700.0      -2.4       0.3      0.51      2.00      1.30  -9999.00
     1   2005     20    5000.0      -2.5       2.5      0.51      2.00      0.00  -9999.00
     1   2005     21     900.0       2.2       6.0      0.72      2.00      2.90  -9999.00
     1   2005     22    4600.0      -0.8       5.5      0.58      2.00      0.30  -9999.00
     1   2005     23    1100.0       0.1       3.6      0.62      2.00      1.20  -9999.00
     1   2005     24    2000.0      -0.5       0.3      0.59      2.00      0.00  -9999.00
     1   2005     25    4700.0       2.5       8.4      0.73      2.00      0.30  -9999.00
     1   2005     26     900.0       3.2       8.2      0.77      2.00      0.20  -9999.00
     1   2005     27     800.0       1.6       8.0      0.69      2.00      1.10  -9999.00
     1   2005     28     900.0      -1.4       7.9      0.55      2.00      0.00  -9999.00
     1   2005     29    4600.0      -2.2       2.9      0.52      2.00      0.60  -9999.00
     1   2005     30    2000.0       1.1       1.6      0.66      2.00     13.10  -9999.00
     1   2005     31    5400.0       4.2       6.9      0.82      2.00      0.00  -9999.00
     1   2005     32     900.0       3.8       8.6      0.80      2.00      0.80  -9999.00
     1   2005     33    5100.0       7.5       9.7      1.04      2.00      0.00  -9999.00
     1   2005     34    7100.0       5.0       9.3      0.87      2.00      0.00  -9999.00
     1   2005     35    4200.0      -6.9       0.9      0.36      2.00      0.00  -9999.00
     1   2005     36    3700.0      -3.5       3.0      0.47      2.00      1.10  -9999.00
     1   2005     37    1100.0      -0.2       3.0      0.60      2.00      0.10  -9999.00
     1   2005     38    7100.0       0.7       2.7      0.64      2.00      0.50  -9999.00
     1   2005     39    6300.0      -4.8       3.5      0.43      2.00      1.80  -9999.00
     1   2005     40    1100.0      -2.1      -0.6      0.52      2.00      0.00  -9999.00
     1   2005     41    1100.0      -2.9       2.5      0.49      2.00      0.00  -9999.00
     1   2005     42    4000.0      -1.9       0.2      0.53      2.00      0.00  -9999.00
     1   2005     43    8900.0       2.7      10.5      0.74      2.00      0.00  -9999.00
     1   2005     44    4100.0       2.1       9.3      0.71      2.00      0.00  -9999.00
     1   2005     45    1100.0      -2.0       3.6      0.53      2.00      0.00  -9999.00
     1   2005     46    1300.0      -1.8       5.2      0.54      2.00      0.00  -9999.00
     1   2005     47    2500.0       2.6       9.3      0.74      2.00      0.00  -9999.00
     1   2005     48    6200.0       3.4      11.9      0.78      2.00      0.00  -9999.00
     1   2005     49    1600.0      -0.2       7.7      0.60      2.00      0.00  -9999.00
     1   2005     50    8200.0       1.0       7.8      0.66      2.00      0.00  -9999.00
     1   2005     51    5400.0       0.6       7.9      0.64      2.00      0.50  -9999.00
     1   2005     52    8000.0      -2.8       6.5      0.50      2.00      3.20  -9999.00
     1   2005     53    1400.0       0.6       8.5      0.64      2.00      0.10  -9999.00
     1   2005     54    7300.0      -2.7       7.1      0.50      2.00      1.20  -9999.00
     1   2005     55    9900.0      -0.2       6.9      0.60      2.00      0.00  -9999.00
     1   2005     56    1500.0      -0.7       5.9      0.58      2.00      0.40  -9999.00
     1   2005     57    9200.0       3.9      10.4      0.81      2.00      0.10  -9999.00
     1   2005     58    2300.0       1.1      10.4      0.66      2.00      0.60  -9999.00
     1   2005     59    1900.0       3.2       8.8      0.77      2.00      0.30  -9999.00
     1   2005     60    4400.0       6.5      11.7      0.97      2.00      0.30  -9999.00
     1   2005     61    4500.0       5.2      11.3      0.88      2.00      0.70  -9999.00
     1   2005     62    2200.0       1.5       9.5      0.68      2.00      0.20  -9999.00
     1   2005     63    2500.0       1.4       8.9      0.68      2.00      0.00  -9999.00
     1   2005     64    1900.0       5.3      10.5      0.89      2.00      0.90  -9999.00
     1   2005     65    1900.0      -1.0       9.6      0.57      2.00      0.40  -9999.00
     1   2005     66   12700.0       0.4      11.5      0.63      2.00      0.00  -9999.00
     1   2005     67    1800.0       1.7       8.1      0.69      2.00      1.10  -9999.00
     1   2005     68   14500.0      -1.1       5.3      0.56      2.00      0.00  -9999.00
     1   2005     69   15200.0       1.3       6.1      0.67      2.00      0.00  -9999.00
     1   2005     70    2300.0      -0.1       3.1      0.61      2.00      6.30  -9999.00
     1   2005     71   12900.0       1.3      11.0      0.67      2.00      0.00  -9999.00
     1   2005     72    9900.0       0.9      12.3      0.65      2.00      0.00  -9999.00
     1   2005     73   14100.0       8.0      11.9      1.07      2.00      0.00  -9999.00
     1   2005     74   11900.0       3.4      13.0      0.78      2.00      0.00  -9999.00
     1   2005     75   12100.0       0.8      10.4      0.65      2.00      0.00  -9999.00
     1   2005     76    2600.0       0.1      11.4      0.62      2.00      1.40  -9999.00
     1   2005     77    7800.0       5.4      12.9      0.90      2.00      0.00  -9999.00
     1   2005     78   14300.0       1.5      17.8      0.68      2.00      0.00  -9999.00
     1   2005     79    3400.0       5.3      10.5      0.89      2.00      0.20  -9999.00
     1   2005     80   14300.0       5.5      11.6      0.90      2.00      0.00  -9999.00
     1   2005     81    3000.0       1.5      12.1      0.68      2.00      0.00  -9999.00
     1   2005     82    4100.0       0.7      11.8      0.64      2.00      4.40  -9999.00
     1   2005     83    2600.0       4.6      11.0      0.85      2.00      0.60  -9999.00
     1   2005     84   10900.0       6.1      14.4      0.94      2.00      0.00  -9999.00
     1   2005     85    5900.0       5.8      10.3      0.92      2.00      0.30  -9999.00
     1   2005     86   12700.0       4.9       8.7      0.87      2.00      0.10  -9999.00
     1   2005     87    2900.0       6.1      11.3      0.94      2.00      1.20  -9999.00
     1   2005     88    5000.0       6.9      11.1      0.99      2.00      0.40  -9999.00
     1   2005     89   15200.0       0.1      10.0      0.62      2.00      0.00  -9999.00
     1   2005     90   16500.0       2.3       6.6      0.72      2.00      0.00  -9999.00
     1   2005     91   13000.0       2.0      11.4      0.71      2.00      0.10  -9999.00
     1   2005     92    9400.0       3.2      12.4      0.77      2.00      0.10  -9999.00
     1   2005     93    4700.0       4.9       9.3      0.87      2.00      0.10  -9999.00
     1   2005     94   10000.0       2.7       8.9      0.74      2.00      0.00  -9999.00
     1   2005     95   16800.0       2.0       9.2      0.71      2.00      0.00  -9999.00
     1   2005     96   11900.0       5.2      10.8      0.88      2.00      3.30  -9999.00
     1   2005     97    4200.0       5.1      10.4      0.88      2.00      0.20  -9999.00
     1   2005     98   14700.0       2.5      14.7      0.73      2.00      0.00  -9999.00
     1   2005     99   18600.0       3.0      10.3      0.76      2.00     13.70  -9999.00
     1   2005    100   15400.0       0.0       7.6      0.61      2.00      0.50  -9999.00
     1   2005    101   21100.0       5.0      10.9      0.87      2.00      2.50  -9999.00
     1   2005    102    6700.0       8.9       9.4      1.14      2.00      0.10  -9999.00
     1   2005    103   13800.0       7.0      14.6      1.00      2.00      0.00  -9999.00
     1   2005    104   16600.0       4.3      15.7      0.83      2.00      0.80  -9999.00
     1   2005    105   20700.0       9.3      16.9      1.17      2.00      0.00  -9999.00
     1   2005    106    9100.0       7.2      16.1      1.02      2.00     19.00  -9999.00
     1   2005    107   14800.0       1.0      12.1      0.66      2.00      2.90  -9999.00
     1   2005    108    7600.0       3.9      13.9      0.81      2.00      0.10  -9999.00
     1   2005    109   11200.0       2.3      13.8      0.72      2.00      2.40  -9999.00
     1   2005    110    7400.0       5.6      16.6      0.91      2.00      3.80  -9999.00
     1   2005    111   16600.0       6.3      19.4      0.95      2.00      0.00  -9999.00
     1   2005    112   10000.0       5.5      15.0      0.90      2.00      0.50  -9999.00
     1   2005    113   19300.0       5.1      14.4      0.88      2.00      0.00  -9999.00
     1   2005    114   22600.0       4.8      12.9      0.86      2.00      0.00  -9999.00
     1   2005    115   18400.0       6.1      14.8      0.94      2.00      0.00  -9999.00
     1   2005    116   20700.0       6.6      14.9      0.97      2.00      0.00  -9999.00
     1   2005    117   12100.0       5.6      12.2      0.91      2.00      0.00  -9999.00
     1   2005    118   23400.0       3.5      12.8      0.78      2.00      0.00  -9999.00
     1   2005    119   22000.0       4.0      11.6      0.81      2.00      0.00  -9999.00
     1   2005    120   12500.0       4.2      13.5      0.82      2.00      0.00  -9999.00
     1   2005    121    3800.0       4.2      10.0      0.82      2.00      8.70  -9999.00
     1   2005    122   21600.0       6.8      13.3      0.99      2.00      0.00  -9999.00
     1   2005    123   12500.0       3.3      13.7      0.77      2.00      5.70  -9999.00
     1   2005    124   15800.0       1.1      12.6      0.66      2.00      8.20  -9999.00
     1   2005    125   16800.0       9.0      13.4      1.15      2.00     10.20  -9999.00
     1   2005    126   25200.0       6.6      14.8      0.97      2.00      0.00  -9999.00
     1   2005    127   18700.0       7.8      19.3      1.06      2.00     23.20  -9999.00
     1   2005    128    4500.0       9.1      21.0      1.16      2.00      0.60  -9999.00
     1   2005    129    9700.0       6.9      16.9      0.99      2.00      8.80  -9999.00
     1   2005    130   13800.0       8.3      22.2      1.09      2.00      0.00  -9999.00
     1   2005    131    7600.0       6.5      12.8      0.97      2.00      0.30  -9999.00
     1   2005    132   12300.0       9.0      11.2      1.15      2.00      1.30  -9999.00
     1   2005    133   12000.0       7.3      12.8      1.02      2.00      0.00  -9999.00
     1   2005    134   13500.0       9.1      12.4      1.16      2.00      4.70  -9999.00
     1   2005    135    9500.0       6.4      12.8      0.96      2.00      1.00  -9999.00
     1   2005    136    9200.0       5.5      12.2      0.90      2.00      0.00  -9999.00
     1   2005    137   17400.0       8.2      13.9      1.09      2.00      0.40  -9999.00
     1   2005    138   14300.0      10.9      19.0      1.30      2.00      0.00  -9999.00
     1   2005    139   18300.0       9.8      17.3      1.21      2.00      0.00  -9999.00
     1   2005    140   18900.0      11.9      13.8      1.39      2.00      0.00  -9999.00
     1   2005    141   25300.0       8.1      19.9      1.08      2.00      0.00  -9999.00
     1   2005    142   24800.0       5.0      18.0      0.87      2.00      0.00  -9999.00
     1   2005    143   22800.0       4.9      16.9      0.87      2.00      0.00  -9999.00
     1   2005    144    6300.0       7.3      14.6      1.02      2.00      0.00  -9999.00
     1   2005    145   28100.0       6.6      16.9      0.97      2.00      0.00  -9999.00
     1   2005    146   24900.0       9.1      19.6      1.16      2.00      0.00  -9999.00
     1   2005    147   13200.0      12.6      19.6      1.46      2.00      5.50  -9999.00
     1   2005    148   20900.0      11.2      16.6      1.33      2.00      0.80  -9999.00
     1   2005    149   10400.0       3.4      10.7      0.78      2.00      1.30  -9999.00
     1   2005    150   26400.0       3.9      16.5      0.81      2.00      0.00  -9999.00
     1   2005    151   20100.0       9.1      16.2      1.16      2.00      0.00  -9999.00
     1   2005    152    4300.0       8.8      15.1      1.13      2.00      1.50  -9999.00
     1   2005    153   16400.0       6.3      16.1      0.95      2.00      0.00  -9999.00
     1   2005    154   17100.0       9.7      16.2      1.20      2.00      5.80  -9999.00
     1   2005    155   23200.0      10.3      14.7      1.25      2.00      4.00  -9999.00
     1   2005    156   26000.0       7.9      16.2      1.07      2.00      0.90  -9999.00
     1   2005    157   25600.0      11.6      19.0      1.37      2.00      0.00  -9999.00
     1   2005    158   23400.0      10.8      18.1      1.29      2.00      0.00  -9999.00
     1   2005    159   23600.0      11.0      22.8      1.31      2.00      0.00  -9999.00
     1   2005    160   12700.0      15.0      21.0      1.70      2.00      1.10  -9999.00
     1   2005    161   13700.0      13.5      18.0      1.55      2.00      8.40  -9999.00
     1   2005    162   23400.0      10.3      24.9      1.25      2.00      0.00  -9999.00
     1   2005    163   26100.0      10.7      17.8      1.29      2.00      0.00  -9999.00
     1   2005    164   10000.0      12.8      14.8      1.48      2.00      0.00  -9999.00
     1   2005    165   27200.0       7.2      20.2      1.02      2.00      0.00  -9999.00
     1   2005    166   26200.0       9.9      21.0      1.22      2.00      0.00  -9999.00
     1   2005    167   19800.0       9.9      20.4      1.22      2.00      0.00  -9999.00
     1   2005    168    4700.0       9.8      19.1      1.21      2.00      0.00  -9999.00
     1   2005    169   29900.0      10.0      19.5      1.23      2.00      0.00  -9999.00
     1   2005    170    5300.0      10.5      20.5      1.27      2.00      0.00  -9999.00
     1   2005    171   12800.0       9.6      13.1      1.20      2.00      0.60  -9999.00
     1   2005    172   20300.0      10.0      16.3      1.23      2.00      1.40  -9999.00
     1   2005    173    7100.0       9.0      18.7      1.15      2.00      7.10  -9999.00
     1   2005    174   12500.0       8.9      18.0      1.14      2.00      0.00  -9999.00
     1   2005    175   29300.0      12.7      23.7      1.47      2.00      0.00  -9999.00
     1   2005    176    8300.0      11.3      20.8      1.34      2.00      0.00  -9999.00
     1   2005    177   13200.0      10.8      20.2      1.29      2.00      7.90  -9999.00
     1   2005    178    4500.0      15.7      20.1      1.78      2.00      3.20  -9999.00
     1   2005    179   25200.0       5.2      19.6      0.88      2.00      0.00  -9999.00
     1   2005    180   25100.0       7.0      22.3      1.00      2.00      0.00  -9999.00
     1   2005    181   23200.0       9.7      20.9      1.20      2.00      0.00  -9999.00
     1   2005    182   20000.0      11.7      19.2      1.37      2.00      0.00  -9999.00
     1   2005    183   17700.0      11.4      20.3      1.35      2.00      0.70  -9999.00
     1   2005    184   22000.0       4.8      26.5      0.86      2.00      1.70  -9999.00
     1   2005    185    5300.0      12.4      23.2      1.44      2.00      0.00  -9999.00
     1   2005    186   27600.0      16.2      23.2      1.84      2.00      0.00  -9999.00
     1   2005    187   24500.0      13.9      23.6      1.59      2.00      0.00  -9999.00
     1   2005    188   26000.0      10.7      18.5      1.29      2.00      0.30  -9999.00
     1   2005    189   23200.0      12.6      23.3      1.46      2.00      0.00  -9999.00
     1   2005    190   25400.0       9.3      24.3      1.17      2.00      0.00  -9999.00
     1   2005    191   21100.0       8.9      19.8      1.14      2.00      0.00  -9999.00
     1   2005    192   25100.0      13.3      20.7      1.53      2.00      0.00  -9999.00
     1   2005    193   18500.0      14.4      22.0      1.64      2.00      1.80  -9999.00
     1   2005    194   25000.0      14.6      23.5      1.66      2.00      0.40  -9999.00
     1   2005    195   26200.0      14.4      27.8      1.64      2.00      0.00  -9999.00
     1   2005    196    4100.0      11.1      21.3      1.32      2.00      0.10  -9999.00
     1   2005    197   27600.0      11.9      20.2      1.39      2.00      1.00  -9999.00
     1   2005    198   25500.0      15.7      19.9      1.78      2.00      6.30  -9999.00
     1   2005    199   13600.0      10.2      19.1      1.24      2.00     10.00  -9999.00
     1   2005    200   14500.0      13.3      18.3      1.53      2.00      1.30  -9999.00
     1   2005    201   26600.0      12.4      23.3      1.44      2.00      0.00  -9999.00
     1   2005    202    4500.0      13.5      21.0      1.55      2.00      6.10  -9999.00
     1   2005    203    6600.0      10.9      17.8      1.30      2.00      0.20  -9999.00
     1   2005    204   18100.0       8.1      18.0      1.08      2.00      0.40  -9999.00
     1   2005    205    5300.0       9.6      19.0      1.20      2.00      4.00  -9999.00
     1   2005    206   11000.0      12.4      20.3      1.44      2.00      0.50  -9999.00
     1   2005    207   11900.0      11.7      22.0      1.37      2.00      0.00  -9999.00
     1   2005    208   26000.0      13.9      19.9      1.59      2.00      0.00  -9999.00
     1   2005    209   24200.0      14.3      23.2      1.63      2.00      0.00  -9999.00
     1   2005    210   18200.0      16.6      23.9      1.89      2.00      0.00  -9999.00
     1   2005    211   25800.0      12.7      24.7      1.47      2.00      0.00  -9999.00
     1   2005    212   20700.0      14.2      24.2      1.62      2.00      0.00  -9999.00
     1   2005    213   20800.0      12.7      22.5      1.47      2.00      0.00  -9999.00
     1   2005    214   23500.0      15.4      24.1      1.75      2.00      0.00  -9999.00
     1   2005    215   19800.0      14.4      21.1      1.64      2.00      0.50  -9999.00
     1   2005    216   24400.0      14.0      19.5      1.60      2.00      0.20  -9999.00
     1   2005    217   23500.0      11.3      23.4      1.34      2.00      0.00  -9999.00
     1   2005    218   24000.0      14.4      23.3      1.64      2.00      0.00  -9999.00
     1   2005    219   21700.0      10.8      21.6      1.29      2.00      0.00  -9999.00
     1   2005    220   22600.0      11.3      19.4      1.34      2.00      0.00  -9999.00
     1   2005    221   18900.0      10.7      21.8      1.29      2.00      0.00  -9999.00
     1   2005    222   23100.0      13.4      22.6      1.54      2.00      0.00  -9999.00
     1   2005    223    5300.0       9.8      16.7      1.21      2.00      1.50  -9999.00
     1   2005    224   21800.0      13.6      17.0      1.56      2.00      0.00  -9999.00
     1   2005    225   19500.0      14.3      21.6      1.63      2.00      0.00  -9999.00
     1   2005    226   16800.0      11.6      18.9      1.37      2.00     16.50  -9999.00
     1   2005    227   22800.0      12.3      20.6      1.43      2.00      0.60  -9999.00
     1   2005    228   19100.0      14.5      20.3      1.65      2.00      0.00  -9999.00
     1   2005    229   19000.0      14.8      24.4      1.68      2.00      0.00  -9999.00
     1   2005    230   14400.0      12.5      20.3      1.45      2.00      0.20  -9999.00
     1   2005    231    3500.0      13.4      22.6      1.54      2.00      0.50  -9999.00
     1   2005    232   18500.0      12.2      23.6      1.42      2.00      0.90  -9999.00
     1   2005    233   16000.0      12.3      22.1      1.43      2.00      3.00  -9999.00
     1   2005    234   19200.0      14.8      22.6      1.68      2.00      1.30  -9999.00
     1   2005    235    3700.0      15.2      23.9      1.73      2.00      0.50  -9999.00
     1   2005    236   11800.0      15.7      24.2      1.78      2.00      0.00  -9999.00
     1   2005    237   24100.0      15.7      27.4      1.78      2.00      0.00  -9999.00
     1   2005    238   21800.0      11.6      21.7      1.37      2.00      0.20  -9999.00
     1   2005    239    3900.0      12.8      22.4      1.48      2.00      0.70  -9999.00
     1   2005    240   20100.0      17.5      28.4      2.00      2.00      0.00  -9999.00
     1   2005    241   16800.0      14.1      20.5      1.61      2.00      0.30  -9999.00
     1   2005    242    4300.0      12.7      18.8      1.47      2.00      0.50  -9999.00
     1   2005    243   19700.0      13.1      23.2      1.51      2.00      0.00  -9999.00
     1   2005    244   16000.0      14.1      19.6      1.61      2.00      0.20  -9999.00
     1   2005    245   15600.0      14.4      20.1      1.64      2.00      0.00  -9999.00
     1   2005    246    4600.0      13.0      21.3      1.50      2.00      0.10  -9999.00
     1   2005    247   18300.0      11.8      18.3      1.38      2.00      0.00  -9999.00
     1   2005    248   11200.0      14.2      17.6      1.62      2.00      0.60  -9999.00
     1   2005    249   16600.0      10.3      21.2      1.25      2.00      0.00  -9999.00
     1   2005    250   19100.0      12.5      24.0      1.45      2.00      0.00  -9999.00
     1   2005    251   14200.0       8.4      19.5      1.10      2.00      0.10  -9999.00
     1   2005    252   17400.0      11.8      19.1      1.38      2.00      0.00  -9999.00
     1   2005    253    6400.0      13.6      17.6      1.56      2.00      0.10  -9999.00
     1   2005    254   15900.0      10.1      19.5      1.24      2.00      1.60  -9999.00
     1   2005    255   14100.0       8.8      15.1      1.13      2.00      5.70  -9999.00
     1   2005    256   15600.0       9.3      15.8      1.17      2.00      0.00  -9999.00
     1   2005    257   14100.0       9.7      13.8      1.20      2.00      1.40  -9999.00
     1   2005    258   13400.0      12.0      13.7      1.40      2.00      0.80  -9999.00
     1   2005    259   11900.0      15.0      17.8      1.70      2.00      2.70  -9999.00
     1   2005    260    2800.0      10.2      15.0      1.24      2.00      0.10  -9999.00
     1   2005    261    9500.0       7.1      16.5      1.01      2.00      0.10  -9999.00
     1   2005    262    4800.0      10.9      16.6      1.30      2.00      0.60  -9999.00
     1   2005    263   12700.0       7.4      17.9      1.03      2.00      1.30  -9999.00
     1   2005    264    9200.0       6.3      16.8      0.95      2.00     11.70  -9999.00
     1   2005    265   16100.0       9.1      18.4      1.16      2.00      0.00  -9999.00
     1   2005    266    7000.0       6.3      17.7      0.95      2.00      0.10  -9999.00
     1   2005    267    7100.0       9.6      14.8      1.20      2.00      0.00  -9999.00
     1   2005    268   15100.0       3.0      16.8      0.76      2.00      0.00  -9999.00
     1   2005    269   10800.0      10.9      17.2      1.30      2.00      0.00  -9999.00
     1   2005    270    2800.0       9.9      16.8      1.22      2.00      2.70  -9999.00
     1   2005    271    5100.0       8.7      19.0      1.12      2.00      0.50  -9999.00
     1   2005    272   11000.0       6.8      20.6      0.99      2.00      0.00  -9999.00
     1   2005    273   15100.0       7.9      18.0      1.07      2.00      0.00  -9999.00
     1   2005    274    5900.0      10.3      21.7      1.25      2.00      0.00  -9999.00
     1   2005    275    6900.0      11.2      16.6      1.33      2.00      1.00  -9999.00
     1   2005    276    8100.0      14.0      16.4      1.60      2.00      0.50  -9999.00
     1   2005    277   10900.0       7.0      15.0      1.00      2.00      0.00  -9999.00
     1   2005    278    2800.0       9.5      13.7      1.19      2.00      0.40  -9999.00
     1   2005    279    9700.0      11.8      16.0      1.38      2.00      0.30  -9999.00
     1   2005    280    6700.0      10.0      14.7      1.23      2.00      0.40  -9999.00
     1   2005    281   11000.0       3.8      12.4      0.80      2.00      0.00  -9999.00
     1   2005    282    8100.0       4.5      15.2      0.84      2.00      0.00  -9999.00
     1   2005    283    8400.0       4.8      14.6      0.86      2.00      0.00  -9999.00
     1   2005    284    8100.0       7.5      13.6      1.04      2.00      0.00  -9999.00
     1   2005    285    1700.0       7.3      14.5      1.02      2.00      0.70  -9999.00
     1   2005    286    7900.0      10.6      11.6      1.28      2.00      0.00  -9999.00
     1   2005    287    9300.0       5.9      14.6      0.93      2.00      5.00  -9999.00
     1   2005    288    1500.0       3.7      11.5      0.80      2.00      0.00  -9999.00
     1   2005    289    2000.0      -0.1      11.7      0.61      2.00      6.00  -9999.00
     1   2005    290   10100.0       5.0      13.6      0.87      2.00      2.80  -9999.00
     1   2005    291    9700.0       9.6      21.0      1.20      2.00      0.00  -9999.00
     1   2005    292    9200.0      12.9      17.3      1.49      2.00      0.00  -9999.00
     1   2005    293    6000.0      11.2      15.7      1.33      2.00      7.20  -9999.00
     1   2005    294    1400.0       9.6      13.1      1.20      2.00      3.70  -9999.00
     1   2005    295    1800.0       6.4      13.7      0.96      2.00      1.00  -9999.00
     1   2005    296    9500.0       1.9      10.1      0.70      2.00      0.00  -9999.00
     1   2005    297    6400.0       5.5       9.8      0.90      2.00      6.30  -9999.00
     1   2005    298    3600.0       1.6      10.5      0.69      2.00     33.40  -9999.00
     1   2005    299    2000.0       6.9      14.1      0.99      2.00      0.70  -9999.00
     1   2005    300    6300.0      10.5      15.9      1.27      2.00      0.50  -9999.00
     1   2005    301    3000.0       2.7       8.3      0.74      2.00      1.50  -9999.00
     1   2005    302    2500.0       7.3       9.5      1.02      2.00     12.90  -9999.00
     1   2005    303    7900.0       6.9      13.9      0.99      2.00      0.00  -9999.00
     1   2005    304    3100.0       9.1      11.6      1.16      2.00      0.00  -9999.00
     1   2005    305    3600.0       6.5      14.8      0.97      2.00      0.00  -9999.00
     1   2005    306    6700.0       3.4      12.8      0.78      2.00      0.00  -9999.00
     1   2005    307    6700.0       1.8      11.2      0.70      2.00      0.00  -9999.00
     1   2005    308    6300.0       3.3      10.5      0.77      2.00      0.20  -9999.00
     1   2005    309    1100.0       7.8      10.8      1.06      2.00      7.20  -9999.00
     1   2005    310    7600.0       5.8       7.8      0.92      2.00      0.00  -9999.00
     1   2005    311    1000.0       6.8       9.0      0.99      2.00      0.00  -9999.00
     1   2005    312    6200.0       9.1      11.1      1.16      2.00      0.00  -9999.00
     1   2005    313    2500.0       7.8      11.2      1.06      2.00      0.00  -9999.00
     1   2005    314    1000.0       3.7      13.2      0.80      2.00      0.00  -9999.00
     1   2005    315    1400.0       3.4      10.4      0.78      2.00      0.00  -9999.00
     1   2005    316    2100.0       5.3      14.8      0.89      2.00      0.10  -9999.00
     1   2005    317    1200.0       1.9       8.9      0.70      2.00     13.40  -9999.00
     1   2005    318     800.0       1.9       5.5      0.70      2.00     13.90  -9999.00
     1   2005    319    1400.0       1.2       5.6      0.67      2.00      0.00  -9999.00
     1   2005    320    1000.0      -0.4       6.6      0.59      2.00      3.10  -9999.00
     1   2005    321    1100.0       8.1      13.5      1.08      2.00      0.70  -9999.00
     1   2005    322    3400.0       4.4      10.7      0.84      2.00      0.10  -9999.00
     1   2005    323    1100.0       2.7       9.4      0.74      2.00      2.50  -9999.00
     1   2005    324    2200.0       0.7       9.0      0.64      2.00      5.70  -9999.00
     1   2005    325    6200.0       5.3       8.9      0.89      2.00      0.00  -9999.00
     1   2005    326    4700.0       8.1      10.1      1.08      2.00      1.60  -9999.00
     1   2005    327    1400.0       2.9      10.4      0.75      2.00      0.40  -9999.00
     1   2005    328     800.0       6.6      10.6      0.97      2.00      0.30  -9999.00
     1   2005    329    4800.0       3.9      13.6      0.81      2.00      0.00  -9999.00
     1   2005    330    2800.0       4.2      11.3      0.82      2.00      9.80  -9999.00
     1   2005    331    4900.0       2.0       6.1      0.71      2.00      0.00  -9999.00
     1   2005    332    4100.0       2.2       8.1      0.72      2.00      0.00  -9999.00
     1   2005    333    5400.0       2.3       6.9      0.72      2.00      0.00  -9999.00
     1   2005    334     800.0      -0.6      10.0      0.58      2.00      0.10  -9999.00
     1   2005    335    3800.0       2.6      10.0      0.74      2.00      0.90  -9999.00
     1   2005    336     700.0      -0.1      12.2      0.61      2.00      0.00  -9999.00
     1   2005    337     700.0      -0.8       4.5      0.58      2.00      2.20  -9999.00
     1   2005    338     700.0       2.6       3.1      0.74      2.00      0.10  -9999.00
     1   2005    339    2000.0       2.5      10.5      0.73      2.00      0.30  -9999.00
     1   2005    340     600.0       3.4       7.2      0.78      2.00      0.00  -9999.00
     1   2005    341    1200.0       1.4       6.7      0.68      2.00      0.00  -9999.00
     1   2005    342     700.0       2.2      10.0      0.72      2.00      3.50  -9999.00
     1   2005    343     800.0       0.8       7.2      0.65      2.00      1.80  -9999.00
     1   2005    344    4200.0       2.3       8.4      0.72      2.00      2.20  -9999.00
     1   2005    345     700.0       0.4       5.7      0.63      2.00      0.30  -9999.00
     1   2005    346     700.0       2.0       3.0      0.71      2.00      1.80  -9999.00
     1   2005    347     600.0       2.5       5.4      0.73      2.00      0.00  -9999.00
     1   2005    348    3400.0       4.4       8.4      0.84      2.00      0.70  -9999.00
     1   2005    349    1400.0      -0.1       4.5      0.61      2.00      0.20  -9999.00
     1   2005    350    3700.0       0.2       2.2      0.62      2.00      2.90  -9999.00
     1   2005    351    2600.0      -1.9       0.1      0.53      2.00      2.00  -9999.00
     1   2005    352    3300.0     -10.0       3.6      0.29      2.00      0.00  -9999.00
     1   2005    353     700.0      -7.2       3.4      0.36      2.00      5.10  -9999.00
     1   2005    354    1200.0      -4.8       1.4      0.43      2.00      0.60  -9999.00
     1   2005    355     700.0       2.2       8.7      0.72      2.00      8.40  -9999.00
     1   2005    356    3500.0       4.2       5.1      0.82      2.00      0.00  -9999.00
     1   2005    357    1100.0       0.1       4.4      0.62      2.00      0.00  -9999.00
     1   2005    358    4100.0       0.8       2.8      0.65      2.00      0.00  -9999.00
     1   2005    359    3300.0       1.1       5.0      0.66      2.00      0.00  -9999.00
     1   2005    360    4200.0       1.1       6.4      0.66      2.00      0.00  -9999.00
     1   2005    361    3900.0      -0.9       1.0      0.57      2.00      0.00  -9999.00
     1   2005    362    4300.0      -3.2       1.4      0.48      2.00      0.00  -9999.00
     1   2005    363     800.0       2.1       9.0      0.71      2.00      0.40  -9999.00
     1   2005    364    1900.0       5.2      11.7      0.88      2.00     24.70  -9999.00
     1   2005    365    3900.0       3.1       8.2      0.76      2.00      1.80  -9999.00
