*-----------------------------------------------------------------------------* 
           WHWG_162.met           52.12    0.96   89.00
* Date created:  08-Aug-2019     Author: K Coleman 
* 
* NIL VALUE       -9999 
* Source:   data provided by M. Semenov 
*  
* Latitude:    52.12 Longitude:     0.96 Altitude:    89.00
* 
* Column  Daily value 
* 1       station number 
* 2       year 
* 3       day 
* 4       irradiation                   (kJ m-2 d-1) 
* 5       minimum temperature           (degrees Celsius) 
* 6       maximum temperature           (degrees Celsius) 
* 7       early morning vapour pressure (kPa)             
* 8       mean wind speed (height: 2 m?) (m s-1)          
* 9       precipitation                 (mm d-1)          
* 10      sunshine                      (hrs)             
 		Jday	RAD	    TMIN	TMAX	 VAP	wind	RAIN	SUN  
               kj/m2	°C	    °C	     kPa	m/s	    mm	    hrs 
   52.12  89.00
     1   2005      1     700.0       5.9       7.2      0.93      2.00      4.50  -9999.00
     1   2005      2    2000.0       3.6       9.1      0.79      2.00      0.00  -9999.00
     1   2005      3    1600.0       0.9      12.7      0.65      2.00      0.20  -9999.00
     1   2005      4    1900.0       5.6       8.3      0.91      2.00      0.00  -9999.00
     1   2005      5     700.0       3.4       6.5      0.78      2.00      0.00  -9999.00
     1   2005      6     700.0      -0.1       5.2      0.61      2.00      0.10  -9999.00
     1   2005      7    3700.0      -0.4       5.0      0.59      2.00      0.00  -9999.00
     1   2005      8    2900.0       2.8      10.0      0.75      2.00      0.00  -9999.00
     1   2005      9    2100.0       1.8      10.5      0.70      2.00      0.00  -9999.00
     1   2005     10    4100.0       1.3       8.5      0.67      2.00      0.00  -9999.00
     1   2005     11     700.0      -1.3       6.3      0.56      2.00      0.00  -9999.00
     1   2005     12    2400.0      -0.2       5.7      0.60      2.00      0.00  -9999.00
     1   2005     13    5100.0      -3.8       4.7      0.46      2.00      0.00  -9999.00
     1   2005     14     700.0      -1.3       4.4      0.56      2.00      0.00  -9999.00
     1   2005     15    3300.0      -0.7       6.6      0.58      2.00      0.00  -9999.00
     1   2005     16     700.0       0.9       8.9      0.65      2.00      0.00  -9999.00
     1   2005     17    1200.0      -1.4      11.8      0.55      2.00      0.90  -9999.00
     1   2005     18    4200.0      -0.8       6.2      0.58      2.00      0.30  -9999.00
     1   2005     19    1100.0       2.1       7.3      0.71      2.00      0.40  -9999.00
     1   2005     20    5600.0       1.0       7.8      0.66      2.00      0.00  -9999.00
     1   2005     21    5400.0       1.7       9.5      0.69      2.00      2.80  -9999.00
     1   2005     22     800.0      -1.8       5.4      0.54      2.00      0.10  -9999.00
     1   2005     23     900.0      -1.8       6.7      0.54      2.00      0.10  -9999.00
     1   2005     24    4700.0      -2.9       6.0      0.49      2.00      0.30  -9999.00
     1   2005     25    4800.0      -2.1       8.2      0.52      2.00      0.10  -9999.00
     1   2005     26     900.0       3.0       6.3      0.76      2.00      0.00  -9999.00
     1   2005     27    4000.0       0.7       8.4      0.64      2.00      0.00  -9999.00
     1   2005     28    1000.0       1.4       9.5      0.68      2.00      0.50  -9999.00
     1   2005     29    2300.0       1.2       8.4      0.67      2.00      0.00  -9999.00
     1   2005     30    1000.0      -1.5       5.9      0.55      2.00      0.00  -9999.00
     1   2005     31    6400.0      -0.3       8.4      0.60      2.00      0.00  -9999.00
     1   2005     32    5300.0       0.4       4.0      0.63      2.00      0.00  -9999.00
     1   2005     33    1100.0      -0.2       6.6      0.60      2.00      3.50  -9999.00
     1   2005     34    3900.0       1.6       8.1      0.69      2.00      0.10  -9999.00
     1   2005     35    1100.0      -1.7       7.5      0.54      2.00      0.00  -9999.00
     1   2005     36    5500.0       1.6       8.2      0.69      2.00      1.00  -9999.00
     1   2005     37    1100.0       1.3       9.2      0.67      2.00      6.00  -9999.00
     1   2005     38    4500.0       1.0       9.0      0.66      2.00     10.90  -9999.00
     1   2005     39    7300.0       1.1       7.8      0.66      2.00      0.00  -9999.00
     1   2005     40    8000.0      -1.1       1.4      0.56      2.00      0.00  -9999.00
     1   2005     41    5200.0       0.8       2.8      0.65      2.00      0.00  -9999.00
     1   2005     42    1300.0      -5.9       3.8      0.39      2.00      0.00  -9999.00
     1   2005     43    5100.0      -4.5       0.3      0.44      2.00      0.00  -9999.00
     1   2005     44    2500.0      -2.8       1.6      0.50      2.00      0.00  -9999.00
     1   2005     45    4700.0      -0.7       3.2      0.58      2.00      0.00  -9999.00
     1   2005     46    7400.0      -0.7       6.4      0.58      2.00      0.00  -9999.00
     1   2005     47    8300.0      -3.6       4.6      0.47      2.00      0.00  -9999.00
     1   2005     48    7700.0      -1.6       0.2      0.54      2.00      0.00  -9999.00
     1   2005     49    9800.0      -4.9       3.0      0.42      2.00      0.80  -9999.00
     1   2005     50    1300.0      -5.3       2.0      0.41      2.00      0.00  -9999.00
     1   2005     51    7600.0      -3.4       4.0      0.48      2.00      3.00  -9999.00
     1   2005     52    9100.0      -2.2       5.1      0.52      2.00      0.00  -9999.00
     1   2005     53   10000.0       0.0       7.3      0.61      2.00      0.00  -9999.00
     1   2005     54    3500.0      -3.4       4.5      0.48      2.00      0.00  -9999.00
     1   2005     55    1900.0      -0.9       5.9      0.57      2.00      0.00  -9999.00
     1   2005     56    1400.0      -2.6       5.2      0.50      2.00      0.20  -9999.00
     1   2005     57    2000.0      -4.4       4.9      0.44      2.00      1.00  -9999.00
     1   2005     58    3400.0      -1.5       5.7      0.55      2.00      0.10  -9999.00
     1   2005     59    2200.0      -3.8       7.6      0.46      2.00      1.90  -9999.00
     1   2005     60    9800.0       5.3      10.1      0.89      2.00      2.20  -9999.00
     1   2005     61    9700.0       1.4      10.8      0.68      2.00      0.90  -9999.00
     1   2005     62   10100.0      -1.1       9.9      0.56      2.00      0.00  -9999.00
     1   2005     63    4000.0      -4.3       6.6      0.44      2.00      0.00  -9999.00
     1   2005     64    5100.0       4.5       9.8      0.84      2.00      0.10  -9999.00
     1   2005     65    1700.0       2.0       8.1      0.71      2.00      0.50  -9999.00
     1   2005     66    7800.0       4.0      11.2      0.81      2.00      0.00  -9999.00
     1   2005     67    2500.0       7.0      13.3      1.00      2.00      0.50  -9999.00
     1   2005     68    2000.0       1.4       6.5      0.68      2.00      5.50  -9999.00
     1   2005     69    1800.0       4.5       6.1      0.84      2.00      1.00  -9999.00
     1   2005     70   10600.0       5.2       9.4      0.88      2.00      1.50  -9999.00
     1   2005     71    9800.0       1.5       8.0      0.68      2.00      0.00  -9999.00
     1   2005     72   12900.0       1.2      12.2      0.67      2.00      0.00  -9999.00
     1   2005     73    2200.0      -3.2      11.3      0.48      2.00      0.30  -9999.00
     1   2005     74    8900.0       3.0       9.2      0.76      2.00      7.20  -9999.00
     1   2005     75   13200.0       6.0      11.2      0.93      2.00      0.10  -9999.00
     1   2005     76   14500.0       3.8      12.7      0.80      2.00      0.00  -9999.00
     1   2005     77   14400.0       1.5      12.3      0.68      2.00      0.00  -9999.00
     1   2005     78    2500.0       4.9      12.2      0.87      2.00      0.80  -9999.00
     1   2005     79    3600.0       2.8      11.2      0.75      2.00      0.60  -9999.00
     1   2005     80    2700.0       3.3      10.8      0.77      2.00      0.40  -9999.00
     1   2005     81   11300.0       0.6      13.9      0.64      2.00      0.30  -9999.00
     1   2005     82   12700.0       4.8      15.3      0.86      2.00      0.20  -9999.00
     1   2005     83   14500.0       5.7      14.5      0.92      2.00      0.40  -9999.00
     1   2005     84    3300.0       1.1      11.0      0.66      2.00      0.90  -9999.00
     1   2005     85   13100.0       4.9       9.3      0.87      2.00      0.10  -9999.00
     1   2005     86   14800.0       2.2      13.2      0.72      2.00      0.00  -9999.00
     1   2005     87   15400.0       1.3      13.0      0.67      2.00      0.00  -9999.00
     1   2005     88   17700.0       7.5      12.7      1.04      2.00      8.30  -9999.00
     1   2005     89   13100.0       4.9      11.4      0.87      2.00      0.10  -9999.00
     1   2005     90   11800.0       6.0      10.4      0.93      2.00      7.20  -9999.00
     1   2005     91   19600.0       6.8      14.8      0.99      2.00      0.00  -9999.00
     1   2005     92    7400.0       3.8      12.1      0.80      2.00      0.00  -9999.00
     1   2005     93    5900.0       8.7      15.3      1.12      2.00      0.00  -9999.00
     1   2005     94   16000.0       3.9      10.1      0.81      2.00      6.00  -9999.00
     1   2005     95   14600.0       4.0      14.7      0.81      2.00      0.00  -9999.00
     1   2005     96    3000.0       2.2      12.5      0.72      2.00      0.10  -9999.00
     1   2005     97   13600.0      -0.1      12.9      0.61      2.00      1.90  -9999.00
     1   2005     98    4700.0       1.3       9.8      0.67      2.00      2.70  -9999.00
     1   2005     99    7500.0       2.9       9.0      0.75      2.00      0.90  -9999.00
     1   2005    100    3700.0       3.1      14.7      0.76      2.00      0.00  -9999.00
     1   2005    101    3600.0       5.3      13.7      0.89      2.00      0.00  -9999.00
     1   2005    102   11200.0       2.1       6.4      0.71      2.00      2.80  -9999.00
     1   2005    103   19500.0       3.5       9.8      0.78      2.00      0.00  -9999.00
     1   2005    104   13500.0       2.9      12.6      0.75      2.00      0.00  -9999.00
     1   2005    105   21000.0       3.4      14.9      0.78      2.00      0.00  -9999.00
     1   2005    106   19500.0       4.2      12.0      0.82      2.00      0.00  -9999.00
     1   2005    107    4000.0       8.3      14.4      1.09      2.00      0.00  -9999.00
     1   2005    108    3500.0       5.9      11.1      0.93      2.00      4.20  -9999.00
     1   2005    109    4000.0       8.9      13.0      1.14      2.00      0.00  -9999.00
     1   2005    110   12700.0       6.1      14.3      0.94      2.00      1.60  -9999.00
     1   2005    111   13900.0       7.9      14.0      1.07      2.00      0.10  -9999.00
     1   2005    112   15000.0       4.1      12.2      0.82      2.00      0.30  -9999.00
     1   2005    113    6600.0       7.0      13.2      1.00      2.00      3.80  -9999.00
     1   2005    114   20400.0       4.5      14.8      0.84      2.00      0.10  -9999.00
     1   2005    115   21400.0       3.2      13.2      0.77      2.00      2.10  -9999.00
     1   2005    116   17700.0       3.5      14.0      0.78      2.00      0.60  -9999.00
     1   2005    117   16700.0       6.4      14.5      0.96      2.00      0.00  -9999.00
     1   2005    118   22300.0      10.2      18.5      1.24      2.00      0.00  -9999.00
     1   2005    119   22200.0      10.3      17.5      1.25      2.00      0.00  -9999.00
     1   2005    120   11300.0       5.8      16.9      0.92      2.00      0.00  -9999.00
     1   2005    121    4300.0       3.3      13.0      0.77      2.00      3.50  -9999.00
     1   2005    122   20300.0       2.6      10.9      0.74      2.00      1.10  -9999.00
     1   2005    123   11700.0       1.0       9.2      0.66      2.00      3.90  -9999.00
     1   2005    124   16900.0       2.6      11.8      0.74      2.00      1.10  -9999.00
     1   2005    125   17100.0       4.0      10.1      0.81      2.00      5.20  -9999.00
     1   2005    126   19300.0       8.3      13.8      1.09      2.00      0.20  -9999.00
     1   2005    127   15500.0       8.0      15.9      1.07      2.00      8.20  -9999.00
     1   2005    128   20600.0      10.5      19.3      1.27      2.00      0.00  -9999.00
     1   2005    129   12000.0       8.9      13.7      1.14      2.00      1.50  -9999.00
     1   2005    130   22500.0       8.6      18.5      1.12      2.00      0.00  -9999.00
     1   2005    131   12600.0       7.3      20.0      1.02      2.00      0.00  -9999.00
     1   2005    132   13500.0      12.7      19.2      1.47      2.00      0.00  -9999.00
     1   2005    133   22000.0       9.0      15.5      1.15      2.00      0.20  -9999.00
     1   2005    134    5600.0       8.6      14.7      1.12      2.00      0.30  -9999.00
     1   2005    135   22400.0      10.0      15.6      1.23      2.00      3.10  -9999.00
     1   2005    136   12600.0       4.8      13.0      0.86      2.00      1.60  -9999.00
     1   2005    137   25000.0       8.4      13.2      1.10      2.00      0.00  -9999.00
     1   2005    138   24200.0       8.4      20.6      1.10      2.00      0.00  -9999.00
     1   2005    139    7200.0       5.3      20.2      0.89      2.00      3.30  -9999.00
     1   2005    140    9600.0       1.6      13.3      0.69      2.00      0.40  -9999.00
     1   2005    141   23100.0       7.0      15.2      1.00      2.00      0.00  -9999.00
     1   2005    142   11400.0       4.6      11.6      0.85      2.00      0.40  -9999.00
     1   2005    143    7600.0       5.3      12.5      0.89      2.00      1.20  -9999.00
     1   2005    144    6100.0       8.0      15.3      1.07      2.00      0.30  -9999.00
     1   2005    145    5000.0       7.5      15.6      1.04      2.00      3.00  -9999.00
     1   2005    146   11800.0       6.0      17.0      0.93      2.00      0.00  -9999.00
     1   2005    147   26400.0       6.6      17.8      0.97      2.00      0.00  -9999.00
     1   2005    148   10500.0       4.2      16.1      0.82      2.00      0.00  -9999.00
     1   2005    149   25000.0       3.3      18.2      0.77      2.00      0.00  -9999.00
     1   2005    150   20800.0       5.9      16.0      0.93      2.00      0.00  -9999.00
     1   2005    151   28100.0       7.6      14.1      1.04      2.00      0.00  -9999.00
     1   2005    152   28400.0      12.9      20.3      1.49      2.00      0.00  -9999.00
     1   2005    153   27300.0       9.8      16.9      1.21      2.00      0.00  -9999.00
     1   2005    154    4400.0      10.0      18.1      1.23      2.00      6.50  -9999.00
     1   2005    155   16700.0      10.9      17.4      1.30      2.00      5.40  -9999.00
     1   2005    156   21600.0       9.5      20.3      1.19      2.00      4.40  -9999.00
     1   2005    157   29100.0       4.3      21.6      0.83      2.00      0.00  -9999.00
     1   2005    158   11400.0       5.8      19.8      0.92      2.00      0.00  -9999.00
     1   2005    159   22400.0       5.0      21.8      0.87      2.00      0.00  -9999.00
     1   2005    160    4400.0       7.8      14.7      1.06      2.00      2.10  -9999.00
     1   2005    161   23700.0      11.3      14.5      1.34      2.00      1.70  -9999.00
     1   2005    162   20500.0       9.3      15.1      1.17      2.00      0.00  -9999.00
     1   2005    163   20500.0       8.3      14.5      1.09      2.00      0.00  -9999.00
     1   2005    164   19600.0       8.6      15.6      1.12      2.00      0.40  -9999.00
     1   2005    165    5300.0       8.7      16.0      1.12      2.00      4.70  -9999.00
     1   2005    166   27200.0      10.0      19.4      1.23      2.00      0.00  -9999.00
     1   2005    167   13900.0      12.4      15.0      1.44      2.00      8.20  -9999.00
     1   2005    168    4600.0      12.7      20.1      1.47      2.00      0.90  -9999.00
     1   2005    169   24100.0      15.5      17.9      1.76      2.00      1.50  -9999.00
     1   2005    170    9200.0       9.2      15.0      1.16      2.00      2.40  -9999.00
     1   2005    171   16400.0      11.2      14.3      1.33      2.00      5.50  -9999.00
     1   2005    172   24000.0      12.9      22.1      1.49      2.00      0.00  -9999.00
     1   2005    173   22200.0      11.8      25.5      1.38      2.00      0.00  -9999.00
     1   2005    174   21300.0       9.3      23.0      1.17      2.00      0.00  -9999.00
     1   2005    175   17400.0       6.3      19.5      0.95      2.00      1.40  -9999.00
     1   2005    176   29300.0       9.1      13.3      1.16      2.00      5.70  -9999.00
     1   2005    177   22400.0       4.3      18.4      0.83      2.00      0.00  -9999.00
     1   2005    178   26800.0      10.0      23.9      1.23      2.00      0.00  -9999.00
     1   2005    179   23800.0      13.0      20.1      1.50      2.00      6.00  -9999.00
     1   2005    180   13200.0       9.2      20.2      1.16      2.00      0.40  -9999.00
     1   2005    181   27200.0      10.0      19.9      1.23      2.00      0.00  -9999.00
     1   2005    182    4400.0      10.6      17.1      1.28      2.00      2.00  -9999.00
     1   2005    183   16000.0      13.7      17.7      1.57      2.00      6.00  -9999.00
     1   2005    184   19900.0      10.0      19.6      1.23      2.00      0.00  -9999.00
     1   2005    185    7400.0      10.1      16.1      1.24      2.00      0.00  -9999.00
     1   2005    186   27300.0      12.0      19.3      1.40      2.00      4.80  -9999.00
     1   2005    187   13700.0      14.8      16.6      1.68      2.00      1.50  -9999.00
     1   2005    188   15600.0      10.2      19.0      1.24      2.00     11.70  -9999.00
     1   2005    189   26600.0      10.7      18.3      1.29      2.00      0.60  -9999.00
     1   2005    190   26300.0      12.3      21.8      1.43      2.00      0.60  -9999.00
     1   2005    191    6000.0      14.8      21.6      1.68      2.00      2.40  -9999.00
     1   2005    192    4200.0      11.4      19.1      1.35      2.00      4.90  -9999.00
     1   2005    193   23700.0      12.5      22.3      1.45      2.00      0.00  -9999.00
     1   2005    194    4800.0      11.5      17.5      1.36      2.00      1.00  -9999.00
     1   2005    195    6700.0      14.1      18.4      1.61      2.00      1.40  -9999.00
     1   2005    196   29500.0      10.0      20.7      1.23      2.00      0.00  -9999.00
     1   2005    197    8500.0      11.8      18.4      1.38      2.00      8.50  -9999.00
     1   2005    198    9600.0       8.3      15.8      1.09      2.00      1.30  -9999.00
     1   2005    199   23700.0      12.9      21.6      1.49      2.00      0.00  -9999.00
     1   2005    200   23900.0      10.5      20.6      1.27      2.00      0.00  -9999.00
     1   2005    201   17400.0      13.7      19.6      1.57      2.00      0.00  -9999.00
     1   2005    202   21400.0      11.9      18.2      1.39      2.00      4.90  -9999.00
     1   2005    203   26700.0      11.9      19.5      1.39      2.00      1.60  -9999.00
     1   2005    204   17900.0      12.2      20.5      1.42      2.00     15.00  -9999.00
     1   2005    205   24300.0      12.5      24.0      1.45      2.00      0.00  -9999.00
     1   2005    206   16900.0      12.6      24.8      1.46      2.00      0.00  -9999.00
     1   2005    207   27500.0       9.5      28.6      1.19      2.00      0.00  -9999.00
     1   2005    208   23300.0      14.4      26.8      1.64      2.00      0.00  -9999.00
     1   2005    209   25100.0      10.4      26.2      1.26      2.00      0.00  -9999.00
     1   2005    210   24900.0      12.0      21.6      1.40      2.00      0.00  -9999.00
     1   2005    211   26500.0      11.4      24.1      1.35      2.00      0.00  -9999.00
     1   2005    212   23000.0      11.3      21.2      1.34      2.00      0.00  -9999.00
     1   2005    213    9800.0       7.8      18.6      1.06      2.00      0.00  -9999.00
     1   2005    214    4500.0      11.5      18.7      1.36      2.00      0.50  -9999.00
     1   2005    215    9900.0      13.6      18.8      1.56      2.00      0.50  -9999.00
     1   2005    216   20400.0       9.0      18.6      1.15      2.00      1.00  -9999.00
     1   2005    217    6500.0      11.1      18.7      1.32      2.00      8.80  -9999.00
     1   2005    218   20300.0       9.8      22.7      1.21      2.00      0.00  -9999.00
     1   2005    219   17000.0      11.1      18.3      1.32      2.00      0.90  -9999.00
     1   2005    220    3700.0      11.7      21.3      1.37      2.00      3.80  -9999.00
     1   2005    221   15400.0      15.3      28.9      1.74      2.00      0.00  -9999.00
     1   2005    222   20100.0      14.8      24.4      1.68      2.00      0.00  -9999.00
     1   2005    223   17300.0      11.7      27.3      1.37      2.00      0.00  -9999.00
     1   2005    224    4800.0      13.8      24.2      1.58      2.00      0.00  -9999.00
     1   2005    225   12500.0      13.6      23.4      1.56      2.00      9.20  -9999.00
     1   2005    226   23000.0      12.2      19.1      1.42      2.00      0.00  -9999.00
     1   2005    227   10000.0      10.0      17.7      1.23      2.00      4.10  -9999.00
     1   2005    228   17400.0      12.7      20.1      1.47      2.00      0.00  -9999.00
     1   2005    229   15700.0       4.8      16.7      0.86      2.00      0.00  -9999.00
     1   2005    230    4200.0      10.6      18.7      1.28      2.00      3.50  -9999.00
     1   2005    231   17600.0      14.3      20.0      1.63      2.00      0.60  -9999.00
     1   2005    232   22500.0      17.2      21.6      1.96      2.00      0.40  -9999.00
     1   2005    233   13300.0      13.4      24.4      1.54      2.00      0.00  -9999.00
     1   2005    234   13900.0      14.1      24.4      1.61      2.00      0.00  -9999.00
     1   2005    235   16200.0      12.0      26.9      1.40      2.00      0.00  -9999.00
     1   2005    236   13300.0      10.9      18.3      1.30      2.00      0.60  -9999.00
     1   2005    237   19200.0      13.6      18.7      1.56      2.00      4.20  -9999.00
     1   2005    238   20800.0      14.0      21.1      1.60      2.00      0.00  -9999.00
     1   2005    239   21200.0      13.9      19.8      1.59      2.00      0.00  -9999.00
     1   2005    240   17900.0      10.9      22.2      1.30      2.00      0.00  -9999.00
     1   2005    241   18900.0      12.4      21.6      1.44      2.00      0.00  -9999.00
     1   2005    242   18700.0       6.7      15.2      0.98      2.00      0.50  -9999.00
     1   2005    243    3800.0      10.8      19.6      1.29      2.00      0.00  -9999.00
     1   2005    244    9500.0      13.2      22.7      1.52      2.00      0.00  -9999.00
     1   2005    245    8400.0      12.3      20.8      1.43      2.00      0.00  -9999.00
     1   2005    246   17700.0      12.2      23.9      1.42      2.00      0.00  -9999.00
     1   2005    247   10900.0      15.6      22.7      1.77      2.00      0.00  -9999.00
     1   2005    248   18100.0      13.5      19.6      1.55      2.00      0.00  -9999.00
     1   2005    249   13400.0      12.4      19.7      1.44      2.00      0.00  -9999.00
     1   2005    250   17000.0      10.7      23.3      1.29      2.00      0.00  -9999.00
     1   2005    251   14200.0      13.5      21.9      1.55      2.00      0.00  -9999.00
     1   2005    252   15200.0       8.8      14.1      1.13      2.00      0.00  -9999.00
     1   2005    253   13100.0       9.0      18.5      1.15      2.00      0.00  -9999.00
     1   2005    254   13800.0       4.8      17.7      0.86      2.00      0.00  -9999.00
     1   2005    255    3000.0      10.3      17.7      1.25      2.00      0.00  -9999.00
     1   2005    256    7600.0      11.4      19.1      1.35      2.00      0.00  -9999.00
     1   2005    257   12900.0      15.8      16.4      1.79      2.00      0.00  -9999.00
     1   2005    258   11400.0       9.3      17.4      1.17      2.00      0.00  -9999.00
     1   2005    259    6900.0       9.2      15.8      1.16      2.00      0.00  -9999.00
     1   2005    260    8500.0       7.8      16.4      1.06      2.00      0.00  -9999.00
     1   2005    261   12700.0      11.0      17.7      1.31      2.00      3.50  -9999.00
     1   2005    262    9900.0      12.1      18.0      1.41      2.00      0.10  -9999.00
     1   2005    263   15200.0       9.2      16.3      1.16      2.00      0.00  -9999.00
     1   2005    264   12200.0       8.9      18.0      1.14      2.00      0.00  -9999.00
     1   2005    265   16900.0      14.2      17.4      1.62      2.00      0.00  -9999.00
     1   2005    266    3500.0       8.1      18.9      1.08      2.00      0.00  -9999.00
     1   2005    267   13100.0      12.1      20.7      1.41      2.00      0.00  -9999.00
     1   2005    268   14600.0      11.7      18.0      1.37      2.00      0.00  -9999.00
     1   2005    269    6800.0      13.2      15.8      1.52      2.00      1.70  -9999.00
     1   2005    270    3000.0      11.2      18.3      1.33      2.00      0.10  -9999.00
     1   2005    271    9900.0      13.9      16.8      1.59      2.00      1.70  -9999.00
     1   2005    272   11800.0       9.2      20.3      1.16      2.00      0.10  -9999.00
     1   2005    273    9700.0      10.4      24.0      1.26      2.00      0.00  -9999.00
     1   2005    274   12300.0      12.3      18.1      1.43      2.00      3.00  -9999.00
     1   2005    275   12000.0       8.9      22.5      1.14      2.00      7.30  -9999.00
     1   2005    276    2300.0       2.8      11.9      0.75      2.00      9.70  -9999.00
     1   2005    277   10900.0       8.6      13.7      1.12      2.00      0.20  -9999.00
     1   2005    278   11700.0       6.4      15.4      0.96      2.00      0.00  -9999.00
     1   2005    279    3400.0       5.8      15.8      0.92      2.00      0.00  -9999.00
     1   2005    280    8600.0      13.8      18.8      1.58      2.00      0.70  -9999.00
     1   2005    281    3900.0      10.0      15.8      1.23      2.00     28.70  -9999.00
     1   2005    282    1700.0       9.3      15.6      1.17      2.00      0.30  -9999.00
     1   2005    283    3700.0       7.4      13.8      1.03      2.00      3.30  -9999.00
     1   2005    284    2100.0       6.4      14.4      0.96      2.00      2.60  -9999.00
     1   2005    285    1900.0       5.1      13.8      0.88      2.00      0.00  -9999.00
     1   2005    286    2300.0       3.8      13.1      0.80      2.00      0.30  -9999.00
     1   2005    287    1600.0       2.2       8.3      0.72      2.00      0.00  -9999.00
     1   2005    288    3500.0       9.6      16.6      1.20      2.00      3.70  -9999.00
     1   2005    289    7500.0       5.8      18.7      0.92      2.00      0.00  -9999.00
     1   2005    290    3400.0       6.2      10.6      0.95      2.00      2.00  -9999.00
     1   2005    291    7600.0       8.5      12.7      1.11      2.00      2.10  -9999.00
     1   2005    292    4800.0      13.9      19.0      1.59      2.00      0.00  -9999.00
     1   2005    293    6600.0       8.7      14.4      1.12      2.00     11.90  -9999.00
     1   2005    294    2500.0      10.1      16.2      1.24      2.00      0.40  -9999.00
     1   2005    295    2700.0      11.2      15.0      1.33      2.00      2.30  -9999.00
     1   2005    296    7600.0       3.6      12.0      0.79      2.00      0.30  -9999.00
     1   2005    297    4100.0      -1.2      12.9      0.56      2.00      0.50  -9999.00
     1   2005    298    3400.0       4.8      12.3      0.86      2.00      0.20  -9999.00
     1   2005    299    3200.0       7.5       9.4      1.04      2.00     13.20  -9999.00
     1   2005    300    8800.0       6.3      12.3      0.95      2.00      0.00  -9999.00
     1   2005    301    2500.0       2.1      12.7      0.71      2.00      1.50  -9999.00
     1   2005    302    1800.0       8.5      15.7      1.11      2.00      2.00  -9999.00
     1   2005    303    5500.0      11.3      13.9      1.34      2.00      3.70  -9999.00
     1   2005    304    8300.0       8.6      13.8      1.12      2.00      0.10  -9999.00
     1   2005    305    1900.0       8.3      14.2      1.09      2.00      0.70  -9999.00
     1   2005    306    1900.0       4.1      10.0      0.82      2.00      0.20  -9999.00
     1   2005    307    4900.0       3.7       5.7      0.80      2.00      0.00  -9999.00
     1   2005    308    5100.0       9.0      12.8      1.15      2.00      0.60  -9999.00
     1   2005    309    4000.0       8.8      12.7      1.13      2.00      4.00  -9999.00
     1   2005    310    2600.0       5.8      12.5      0.92      2.00     16.20  -9999.00
     1   2005    311    3900.0       5.9      12.3      0.93      2.00      1.80  -9999.00
     1   2005    312    2200.0       3.8       9.0      0.80      2.00     16.20  -9999.00
     1   2005    313    6900.0       0.0       6.6      0.61      2.00      0.00  -9999.00
     1   2005    314    2900.0       5.6      12.0      0.91      2.00      0.10  -9999.00
     1   2005    315    2100.0       5.1       9.8      0.88      2.00      0.00  -9999.00
     1   2005    316     900.0       4.9      12.1      0.87      2.00      1.20  -9999.00
     1   2005    317    5800.0       7.4      12.6      1.03      2.00      0.10  -9999.00
     1   2005    318    1300.0       9.3      10.0      1.17      2.00      0.00  -9999.00
     1   2005    319    5900.0       5.6      12.9      0.91      2.00      0.00  -9999.00
     1   2005    320    5400.0      -1.2       6.7      0.56      2.00      0.00  -9999.00
     1   2005    321    5500.0       0.7       4.6      0.64      2.00      0.00  -9999.00
     1   2005    322    1000.0       6.0       9.3      0.93      2.00      0.00  -9999.00
     1   2005    323    2200.0       7.4      12.1      1.03      2.00      6.30  -9999.00
     1   2005    324    4200.0       1.2       7.0      0.67      2.00      0.10  -9999.00
     1   2005    325    2800.0       4.6       5.2      0.85      2.00      0.00  -9999.00
     1   2005    326    5500.0      -4.5       4.1      0.44      2.00      0.00  -9999.00
     1   2005    327    1000.0      -1.0       7.9      0.57      2.00      0.10  -9999.00
     1   2005    328     800.0       7.7      10.4      1.05      2.00      0.40  -9999.00
     1   2005    329     800.0       3.6       9.9      0.79      2.00      0.90  -9999.00
     1   2005    330     900.0       2.5       6.8      0.73      2.00      0.00  -9999.00
     1   2005    331     800.0       2.3       5.7      0.72      2.00      0.00  -9999.00
     1   2005    332    5000.0       4.0       8.1      0.81      2.00      0.00  -9999.00
     1   2005    333    5100.0       4.0       9.4      0.81      2.00      0.10  -9999.00
     1   2005    334    3400.0      -1.3       7.9      0.56      2.00      2.40  -9999.00
     1   2005    335    2800.0       1.1       1.8      0.66      2.00      0.00  -9999.00
     1   2005    336     800.0       1.6       5.7      0.69      2.00      0.00  -9999.00
     1   2005    337     700.0       2.7       4.4      0.74      2.00      0.00  -9999.00
     1   2005    338    3600.0       5.0      10.9      0.87      2.00      0.00  -9999.00
     1   2005    339    4400.0      10.6      11.7      1.28      2.00      0.00  -9999.00
     1   2005    340     600.0      -1.1       6.0      0.56      2.00      0.00  -9999.00
     1   2005    341     800.0       0.2       7.6      0.62      2.00      7.20  -9999.00
     1   2005    342    3800.0       5.8      14.5      0.92      2.00      0.20  -9999.00
     1   2005    343     700.0       4.1      10.7      0.82      2.00      1.10  -9999.00
     1   2005    344     700.0       9.1       9.9      1.16      2.00      0.20  -9999.00
     1   2005    345     700.0       3.6       8.6      0.79      2.00     21.70  -9999.00
     1   2005    346    3900.0       1.0       5.1      0.66      2.00      0.00  -9999.00
     1   2005    347    3300.0       3.3       5.9      0.77      2.00      0.00  -9999.00
     1   2005    348    1700.0       4.3       9.9      0.83      2.00      0.90  -9999.00
     1   2005    349     700.0       5.6      10.2      0.91      2.00      0.10  -9999.00
     1   2005    350    3900.0       1.8       8.7      0.70      2.00      0.00  -9999.00
     1   2005    351    2900.0       5.2       6.1      0.88      2.00      0.00  -9999.00
     1   2005    352    4000.0       0.3       5.2      0.62      2.00      0.00  -9999.00
     1   2005    353    3500.0      -2.3       7.3      0.52      2.00      0.00  -9999.00
     1   2005    354    4200.0       4.4       6.8      0.84      2.00      0.00  -9999.00
     1   2005    355    1900.0       5.8       7.0      0.92      2.00      0.70  -9999.00
     1   2005    356    1600.0      -0.6       7.1      0.58      2.00      0.40  -9999.00
     1   2005    357    1400.0       2.7       7.5      0.74      2.00      0.20  -9999.00
     1   2005    358    1200.0       0.7       6.1      0.64      2.00      3.00  -9999.00
     1   2005    359     700.0      -0.1       8.4      0.61      2.00      0.30  -9999.00
     1   2005    360     600.0       2.1       5.8      0.71      2.00      0.00  -9999.00
     1   2005    361    4000.0       5.6       6.3      0.91      2.00      0.00  -9999.00
     1   2005    362     700.0       3.8       7.9      0.80      2.00      0.30  -9999.00
     1   2005    363    1300.0       3.9       7.4      0.81      2.00      0.00  -9999.00
     1   2005    364    3500.0       1.9       8.0      0.70      2.00      0.00  -9999.00
     1   2005    365     800.0       4.6       8.1      0.85      2.00      0.10  -9999.00
