*-----------------------------------------------------------------------------* 
           WHWG_96.met            52.12    0.96   89.00
* Date created:  08-Aug-2019     Author: K Coleman 
* 
* NIL VALUE       -9999 
* Source:   data provided by M. Semenov 
*  
* Latitude:    52.12 Longitude:     0.96 Altitude:    89.00
* 
* Column  Daily value 
* 1       station number 
* 2       year 
* 3       day 
* 4       irradiation                   (kJ m-2 d-1) 
* 5       minimum temperature           (degrees Celsius) 
* 6       maximum temperature           (degrees Celsius) 
* 7       early morning vapour pressure (kPa)             
* 8       mean wind speed (height: 2 m?) (m s-1)          
* 9       precipitation                 (mm d-1)          
* 10      sunshine                      (hrs)             
 		Jday	RAD	    TMIN	TMAX	 VAP	wind	RAIN	SUN  
               kj/m2	°C	    °C	     kPa	m/s	    mm	    hrs 
   52.12  89.00
     1   2005      1    2200.0       0.9       3.8      0.65      2.00      0.00  -9999.00
     1   2005      2     700.0       4.5      11.9      0.84      2.00      8.30  -9999.00
     1   2005      3    2600.0       5.5      11.5      0.90      2.00      0.40  -9999.00
     1   2005      4     700.0      -0.7       6.8      0.58      2.00      0.90  -9999.00
     1   2005      5    1600.0      -4.2       5.5      0.45      2.00      0.00  -9999.00
     1   2005      6     700.0      -1.8       3.9      0.54      2.00      0.00  -9999.00
     1   2005      7     800.0      -3.0       7.4      0.49      2.00      0.10  -9999.00
     1   2005      8    3600.0       3.8       8.2      0.80      2.00      9.30  -9999.00
     1   2005      9    1100.0       3.4      10.6      0.78      2.00      1.00  -9999.00
     1   2005     10     800.0       6.4      12.4      0.96      2.00      0.10  -9999.00
     1   2005     11    3200.0       2.7      10.0      0.74      2.00      0.10  -9999.00
     1   2005     12    3500.0       0.2       8.9      0.62      2.00      0.10  -9999.00
     1   2005     13    4400.0       3.4      10.2      0.78      2.00      1.00  -9999.00
     1   2005     14     700.0       0.5       6.6      0.63      2.00      0.00  -9999.00
     1   2005     15    4500.0       0.0       6.6      0.61      2.00      0.00  -9999.00
     1   2005     16     800.0      -0.3       4.6      0.60      2.00      1.40  -9999.00
     1   2005     17    5600.0      -2.9      -0.9      0.49      2.00      1.50  -9999.00
     1   2005     18     800.0       1.0       7.0      0.66      2.00      0.20  -9999.00
     1   2005     19     700.0       2.3       7.6      0.72      2.00      0.10  -9999.00
     1   2005     20    1100.0       0.0       7.5      0.61      2.00      0.00  -9999.00
     1   2005     21     900.0      -0.4      10.3      0.59      2.00      0.00  -9999.00
     1   2005     22     800.0       4.5       9.0      0.84      2.00      0.40  -9999.00
     1   2005     23     800.0       1.5       7.2      0.68      2.00      0.10  -9999.00
     1   2005     24    4200.0      -1.3       0.9      0.56      2.00      0.00  -9999.00
     1   2005     25     900.0      -1.2       3.7      0.56      2.00      2.10  -9999.00
     1   2005     26    5400.0       1.2       3.7      0.67      2.00      1.70  -9999.00
     1   2005     27     800.0      -2.9       6.7      0.49      2.00      5.60  -9999.00
     1   2005     28     900.0       7.3       9.3      1.02      2.00      0.00  -9999.00
     1   2005     29    6500.0       3.0       7.6      0.76      2.00      3.70  -9999.00
     1   2005     30    5000.0      -0.1       5.1      0.61      2.00      1.20  -9999.00
     1   2005     31    1600.0      -1.0       4.2      0.57      2.00      0.00  -9999.00
     1   2005     32    3500.0       3.1       8.2      0.76      2.00      0.00  -9999.00
     1   2005     33    6300.0       2.3       8.4      0.72      2.00      1.50  -9999.00
     1   2005     34    2400.0       0.6       7.1      0.64      2.00      2.70  -9999.00
     1   2005     35    4800.0      -2.5       9.1      0.51      2.00      0.80  -9999.00
     1   2005     36    1100.0       3.5       9.6      0.78      2.00      5.60  -9999.00
     1   2005     37    5800.0       5.0       8.8      0.87      2.00      0.60  -9999.00
     1   2005     38    1300.0      -1.8       5.3      0.54      2.00      0.00  -9999.00
     1   2005     39    6100.0      -1.2       5.6      0.56      2.00      1.10  -9999.00
     1   2005     40    7900.0       0.3       7.6      0.62      2.00      0.00  -9999.00
     1   2005     41    6000.0       1.7       6.9      0.69      2.00      4.30  -9999.00
     1   2005     42    2200.0       2.8      12.0      0.75      2.00      0.00  -9999.00
     1   2005     43    6400.0       1.2      12.0      0.67      2.00      0.00  -9999.00
     1   2005     44    1300.0      -0.8       7.3      0.58      2.00      4.20  -9999.00
     1   2005     45    5000.0      -0.5       5.6      0.59      2.00      0.00  -9999.00
     1   2005     46    9500.0      -1.7       6.9      0.54      2.00      2.40  -9999.00
     1   2005     47    2700.0       0.8       8.8      0.65      2.00      0.20  -9999.00
     1   2005     48    3400.0      -2.1       4.2      0.52      2.00      0.10  -9999.00
     1   2005     49    2600.0      -4.0       3.5      0.45      2.00      0.10  -9999.00
     1   2005     50    2900.0       1.3       8.0      0.67      2.00      0.60  -9999.00
     1   2005     51    2200.0      -1.6       7.7      0.54      2.00      0.00  -9999.00
     1   2005     52    1300.0       0.1       6.2      0.62      2.00      0.00  -9999.00
     1   2005     53    1400.0      -1.8       6.3      0.54      2.00      0.20  -9999.00
     1   2005     54   10100.0       1.9       5.9      0.70      2.00      0.00  -9999.00
     1   2005     55    6400.0       3.3       3.5      0.77      2.00      0.00  -9999.00
     1   2005     56    6700.0       1.9       6.4      0.70      2.00      1.20  -9999.00
     1   2005     57   11100.0       1.9       7.8      0.70      2.00     11.30  -9999.00
     1   2005     58    6800.0       6.2       9.7      0.95      2.00      0.30  -9999.00
     1   2005     59    1600.0       3.6      11.0      0.79      2.00      3.90  -9999.00
     1   2005     60    9400.0       1.5       6.7      0.68      2.00      0.00  -9999.00
     1   2005     61    4000.0       1.1       3.4      0.66      2.00      0.00  -9999.00
     1   2005     62    3300.0       0.4      10.4      0.63      2.00      0.90  -9999.00
     1   2005     63    2100.0       0.6       8.3      0.64      2.00      9.30  -9999.00
     1   2005     64    4200.0       1.8      11.0      0.70      2.00      3.40  -9999.00
     1   2005     65    2200.0       5.3      10.9      0.89      2.00      0.00  -9999.00
     1   2005     66   11000.0       2.3       7.6      0.72      2.00      0.00  -9999.00
     1   2005     67    8400.0       4.2      10.9      0.82      2.00      0.00  -9999.00
     1   2005     68   13000.0       1.0       9.9      0.66      2.00      0.00  -9999.00
     1   2005     69   12600.0      -1.1       6.5      0.56      2.00      3.30  -9999.00
     1   2005     70    8300.0       3.6      10.7      0.79      2.00      4.90  -9999.00
     1   2005     71    3200.0       5.3       9.9      0.89      2.00      5.70  -9999.00
     1   2005     72    8300.0       4.7      10.8      0.85      2.00      0.00  -9999.00
     1   2005     73    8200.0       5.2       9.2      0.88      2.00      0.00  -9999.00
     1   2005     74   15400.0       5.7      10.2      0.92      2.00      0.00  -9999.00
     1   2005     75    3500.0       3.6       9.2      0.79      2.00      0.00  -9999.00
     1   2005     76    9800.0       0.1       8.9      0.62      2.00      0.00  -9999.00
     1   2005     77   11600.0       1.6       3.6      0.69      2.00      1.00  -9999.00
     1   2005     78    6100.0       6.4      11.9      0.96      2.00      2.90  -9999.00
     1   2005     79    3100.0       3.0      11.7      0.76      2.00      1.80  -9999.00
     1   2005     80    9200.0       5.8      14.1      0.92      2.00      0.50  -9999.00
     1   2005     81    4900.0       4.8      13.6      0.86      2.00      2.00  -9999.00
     1   2005     82    6500.0       2.5      11.6      0.73      2.00      0.50  -9999.00
     1   2005     83   12400.0       1.4       9.1      0.68      2.00      7.60  -9999.00
     1   2005     84   15800.0       2.7      11.6      0.74      2.00      1.60  -9999.00
     1   2005     85    3900.0       2.5      11.4      0.73      2.00      3.20  -9999.00
     1   2005     86    5800.0       2.7      13.9      0.74      2.00      0.00  -9999.00
     1   2005     87    6500.0       0.0      14.5      0.61      2.00      0.00  -9999.00
     1   2005     88    5500.0       2.3       6.4      0.72      2.00      0.00  -9999.00
     1   2005     89   14000.0       2.4      10.2      0.73      2.00      0.00  -9999.00
     1   2005     90    7900.0       1.6      12.8      0.69      2.00      0.00  -9999.00
     1   2005     91    7200.0       4.9      13.1      0.87      2.00      0.00  -9999.00
     1   2005     92    3700.0       2.4       8.4      0.73      2.00      0.00  -9999.00
     1   2005     93   10200.0       3.0       8.6      0.76      2.00      0.00  -9999.00
     1   2005     94   17500.0       1.8      11.0      0.70      2.00      0.00  -9999.00
     1   2005     95    2900.0       3.8      14.2      0.80      2.00      0.00  -9999.00
     1   2005     96    6400.0       4.3      11.8      0.83      2.00      1.80  -9999.00
     1   2005     97   15700.0       1.3      10.8      0.67      2.00      0.30  -9999.00
     1   2005     98   14900.0       6.7      10.9      0.98      2.00      0.40  -9999.00
     1   2005     99   17100.0       4.8      10.6      0.86      2.00      0.00  -9999.00
     1   2005    100    7000.0       2.4      13.5      0.73      2.00      0.00  -9999.00
     1   2005    101    5500.0       0.1      11.0      0.62      2.00      0.00  -9999.00
     1   2005    102   19900.0       6.2      12.9      0.95      2.00      0.00  -9999.00
     1   2005    103   10400.0       6.5      11.9      0.97      2.00      0.00  -9999.00
     1   2005    104   19300.0       2.9      14.9      0.75      2.00      0.00  -9999.00
     1   2005    105   21400.0       4.6      15.3      0.85      2.00      0.00  -9999.00
     1   2005    106   20300.0      -2.9      12.0      0.49      2.00      0.00  -9999.00
     1   2005    107   20100.0       2.2      13.9      0.72      2.00      0.00  -9999.00
     1   2005    108   17800.0       4.1      16.6      0.82      2.00      0.00  -9999.00
     1   2005    109   14300.0       5.0      16.2      0.87      2.00      0.00  -9999.00
     1   2005    110    9600.0       1.7      13.5      0.69      2.00      0.00  -9999.00
     1   2005    111   11200.0       4.5      11.8      0.84      2.00      0.20  -9999.00
     1   2005    112   16300.0       2.6      11.7      0.74      2.00      0.10  -9999.00
     1   2005    113   16300.0       6.1      10.3      0.94      2.00      2.90  -9999.00
     1   2005    114   18700.0       3.1      11.7      0.76      2.00      3.40  -9999.00
     1   2005    115   13600.0       1.7       8.8      0.69      2.00      2.10  -9999.00
     1   2005    116   20600.0       2.1      12.6      0.71      2.00     18.80  -9999.00
     1   2005    117   17700.0       5.1      14.8      0.88      2.00      0.50  -9999.00
     1   2005    118    3600.0       5.0      16.9      0.87      2.00      1.60  -9999.00
     1   2005    119    3800.0       8.6      16.0      1.12      2.00      2.40  -9999.00
     1   2005    120   16300.0       6.0      13.1      0.93      2.00      0.00  -9999.00
     1   2005    121   13000.0       3.4      14.9      0.78      2.00      0.00  -9999.00
     1   2005    122    9200.0       0.8      11.0      0.65      2.00      0.00  -9999.00
     1   2005    123    6400.0       3.0      12.0      0.76      2.00      0.30  -9999.00
     1   2005    124   18900.0       5.4      10.9      0.90      2.00      0.20  -9999.00
     1   2005    125    4700.0       7.0       9.7      1.00      2.00      1.90  -9999.00
     1   2005    126    7000.0       6.2      13.8      0.95      2.00      4.00  -9999.00
     1   2005    127    4600.0       8.5      13.3      1.11      2.00      1.80  -9999.00
     1   2005    128   16900.0       5.5      12.8      0.90      2.00      3.60  -9999.00
     1   2005    129    5600.0       4.9      13.9      0.87      2.00      0.60  -9999.00
     1   2005    130   13000.0       8.3      17.5      1.09      2.00      0.00  -9999.00
     1   2005    131    5900.0       9.6      13.8      1.20      2.00      0.80  -9999.00
     1   2005    132   27900.0       5.2      17.7      0.88      2.00      0.00  -9999.00
     1   2005    133   22600.0       5.0      15.0      0.87      2.00      0.00  -9999.00
     1   2005    134   20300.0       2.1      11.2      0.71      2.00      0.00  -9999.00
     1   2005    135   26900.0       1.6      14.3      0.69      2.00      0.00  -9999.00
     1   2005    136   24800.0       7.4      19.0      1.03      2.00      0.00  -9999.00
     1   2005    137   14700.0       4.6      14.3      0.85      2.00      0.40  -9999.00
     1   2005    138    6400.0       6.6      14.6      0.97      2.00      0.00  -9999.00
     1   2005    139    4300.0       6.0      14.9      0.93      2.00      5.60  -9999.00
     1   2005    140   16300.0       9.4      16.1      1.18      2.00      0.40  -9999.00
     1   2005    141    7000.0       9.4      17.6      1.18      2.00      1.20  -9999.00
     1   2005    142    4200.0       8.5      16.8      1.11      2.00      5.90  -9999.00
     1   2005    143   23700.0       3.6      19.3      0.79      2.00      0.00  -9999.00
     1   2005    144   14500.0      10.5      15.4      1.27      2.00      0.70  -9999.00
     1   2005    145    8300.0      11.8      13.3      1.38      2.00      2.40  -9999.00
     1   2005    146    8500.0       8.7      18.5      1.12      2.00      0.80  -9999.00
     1   2005    147   25700.0       3.9      17.9      0.81      2.00      0.00  -9999.00
     1   2005    148   27300.0      11.5      17.9      1.36      2.00      0.00  -9999.00
     1   2005    149    4400.0      10.0      15.7      1.23      2.00      1.10  -9999.00
     1   2005    150   19000.0       6.4      15.0      0.96      2.00      1.10  -9999.00
     1   2005    151    5100.0       8.7      13.8      1.12      2.00      0.00  -9999.00
     1   2005    152   27100.0       4.5      13.6      0.84      2.00      0.60  -9999.00
     1   2005    153   12500.0       9.3      15.7      1.17      2.00      8.20  -9999.00
     1   2005    154   27800.0      10.7      20.0      1.29      2.00      0.00  -9999.00
     1   2005    155   11900.0       7.6      21.4      1.04      2.00      0.00  -9999.00
     1   2005    156    9400.0      10.7      23.3      1.29      2.00      0.00  -9999.00
     1   2005    157   25900.0       9.0      24.2      1.15      2.00      0.00  -9999.00
     1   2005    158    8000.0       9.7      15.2      1.20      2.00      0.00  -9999.00
     1   2005    159    5300.0       8.6      16.5      1.12      2.00      0.70  -9999.00
     1   2005    160   12800.0       8.9      15.7      1.14      2.00      4.00  -9999.00
     1   2005    161   13900.0       9.3      14.1      1.17      2.00      2.30  -9999.00
     1   2005    162   19300.0      12.2      18.1      1.42      2.00      8.20  -9999.00
     1   2005    163   21200.0      10.9      17.4      1.30      2.00      4.10  -9999.00
     1   2005    164   29200.0       7.0      17.3      1.00      2.00      0.00  -9999.00
     1   2005    165   16900.0       6.4      13.6      0.96      2.00      1.00  -9999.00
     1   2005    166   16800.0      10.9      16.7      1.30      2.00      1.00  -9999.00
     1   2005    167   27200.0      10.8      18.1      1.29      2.00      0.00  -9999.00
     1   2005    168   27400.0      13.8      23.0      1.58      2.00      0.00  -9999.00
     1   2005    169   17300.0       9.6      21.6      1.20      2.00      0.40  -9999.00
     1   2005    170    4500.0      11.1      17.5      1.32      2.00     13.00  -9999.00
     1   2005    171   12800.0      10.8      17.5      1.29      2.00      0.00  -9999.00
     1   2005    172   17900.0      11.3      20.7      1.34      2.00      2.10  -9999.00
     1   2005    173   12400.0       9.1      19.2      1.16      2.00      0.50  -9999.00
     1   2005    174   27400.0      13.1      22.3      1.51      2.00      0.00  -9999.00
     1   2005    175   25200.0      10.2      21.9      1.24      2.00      0.00  -9999.00
     1   2005    176   11300.0      11.9      23.9      1.39      2.00      0.00  -9999.00
     1   2005    177    6400.0       8.9      19.8      1.14      2.00      0.40  -9999.00
     1   2005    178    4400.0      10.7      20.4      1.29      2.00      5.80  -9999.00
     1   2005    179    8000.0      11.5      25.5      1.36      2.00      0.00  -9999.00
     1   2005    180   16700.0       9.5      17.4      1.19      2.00      1.00  -9999.00
     1   2005    181   14800.0       9.2      16.6      1.16      2.00      1.80  -9999.00
     1   2005    182   14700.0       8.1      19.9      1.08      2.00      0.00  -9999.00
     1   2005    183   25700.0       8.4      20.3      1.10      2.00      0.00  -9999.00
     1   2005    184    5000.0      11.1      18.4      1.32      2.00      6.30  -9999.00
     1   2005    185   25300.0       9.2      22.9      1.16      2.00      0.00  -9999.00
     1   2005    186    7500.0       9.9      18.9      1.22      2.00      1.30  -9999.00
     1   2005    187   26300.0       9.7      19.4      1.20      2.00      6.60  -9999.00
     1   2005    188   22600.0      11.1      22.1      1.32      2.00      0.00  -9999.00
     1   2005    189   28400.0      14.0      24.5      1.60      2.00      0.00  -9999.00
     1   2005    190   29200.0      10.9      23.0      1.30      2.00      0.00  -9999.00
     1   2005    191   16500.0       9.8      24.8      1.21      2.00      0.00  -9999.00
     1   2005    192    8900.0      16.1      24.9      1.83      2.00      0.00  -9999.00
     1   2005    193    6400.0      12.1      22.6      1.41      2.00      0.00  -9999.00
     1   2005    194   21200.0       6.8      16.3      0.99      2.00      0.00  -9999.00
     1   2005    195   28600.0      11.9      20.4      1.39      2.00      0.00  -9999.00
     1   2005    196   10000.0      12.6      22.4      1.46      2.00      0.40  -9999.00
     1   2005    197    6000.0      12.1      21.9      1.41      2.00      0.10  -9999.00
     1   2005    198   17600.0      11.9      18.3      1.39      2.00      0.30  -9999.00
     1   2005    199   14900.0      10.9      17.5      1.30      2.00      1.90  -9999.00
     1   2005    200   11500.0      11.6      18.0      1.37      2.00      3.50  -9999.00
     1   2005    201   12600.0       7.5      21.6      1.04      2.00      0.00  -9999.00
     1   2005    202   15700.0      12.0      21.5      1.40      2.00      0.00  -9999.00
     1   2005    203   19800.0      11.1      20.6      1.32      2.00      0.50  -9999.00
     1   2005    204   13800.0      13.4      20.7      1.54      2.00      3.40  -9999.00
     1   2005    205   19600.0      14.4      19.5      1.64      2.00      0.70  -9999.00
     1   2005    206   19200.0      13.0      19.9      1.50      2.00      6.30  -9999.00
     1   2005    207   10500.0      11.6      20.0      1.37      2.00      1.20  -9999.00
     1   2005    208   15100.0      11.0      17.6      1.31      2.00     10.60  -9999.00
     1   2005    209    7700.0      12.0      21.4      1.40      2.00      0.00  -9999.00
     1   2005    210   19100.0      10.4      18.4      1.26      2.00      0.70  -9999.00
     1   2005    211   22700.0      10.6      23.6      1.28      2.00      0.00  -9999.00
     1   2005    212   21500.0      11.6      23.4      1.37      2.00      0.00  -9999.00
     1   2005    213   14800.0       9.2      28.2      1.16      2.00      0.00  -9999.00
     1   2005    214   23700.0      14.2      24.8      1.62      2.00      0.00  -9999.00
     1   2005    215   22500.0      15.1      24.3      1.72      2.00      0.00  -9999.00
     1   2005    216   16400.0      13.7      25.0      1.57      2.00      0.00  -9999.00
     1   2005    217    6500.0      10.0      22.6      1.23      2.00     13.20  -9999.00
     1   2005    218    4200.0      16.5      21.3      1.88      2.00      0.10  -9999.00
     1   2005    219   23900.0      12.5      24.5      1.45      2.00      0.00  -9999.00
     1   2005    220   22000.0       8.1      21.9      1.08      2.00      0.00  -9999.00
     1   2005    221   23200.0       9.1      20.5      1.16      2.00      0.00  -9999.00
     1   2005    222   19400.0      12.8      22.3      1.48      2.00     14.80  -9999.00
     1   2005    223   19600.0      14.3      25.9      1.63      2.00      0.00  -9999.00
     1   2005    224    5500.0      13.0      22.2      1.50      2.00      0.90  -9999.00
     1   2005    225   21900.0      10.7      31.7      1.29      2.00      0.00  -9999.00
     1   2005    226   21500.0      12.1      19.9      1.41      2.00      0.00  -9999.00
     1   2005    227   23500.0       8.9      19.8      1.14      2.00      0.00  -9999.00
     1   2005    228    9000.0      16.2      24.2      1.84      2.00      7.00  -9999.00
     1   2005    229   23300.0      14.1      24.2      1.61      2.00      0.00  -9999.00
     1   2005    230   21400.0      14.2      26.0      1.62      2.00      0.00  -9999.00
     1   2005    231   21500.0      14.0      21.4      1.60      2.00      1.00  -9999.00
     1   2005    232   18500.0      14.3      20.6      1.63      2.00      2.70  -9999.00
     1   2005    233   16000.0      13.0      19.3      1.50      2.00      4.40  -9999.00
     1   2005    234   19700.0      14.1      20.7      1.61      2.00     18.10  -9999.00
     1   2005    235   23100.0      14.9      21.9      1.69      2.00      0.00  -9999.00
     1   2005    236    6400.0      13.6      19.4      1.56      2.00      2.50  -9999.00
     1   2005    237   10400.0      12.0      21.8      1.40      2.00      0.70  -9999.00
     1   2005    238   20300.0      18.8      25.8      2.17      2.00      0.00  -9999.00
     1   2005    239   22900.0      15.2      22.0      1.73      2.00      0.00  -9999.00
     1   2005    240   20600.0      10.2      21.7      1.24      2.00      0.00  -9999.00
     1   2005    241   21000.0      10.3      18.5      1.25      2.00      0.00  -9999.00
     1   2005    242   11200.0       9.0      21.4      1.15      2.00      0.00  -9999.00
     1   2005    243   17100.0       9.6      20.5      1.20      2.00      0.00  -9999.00
     1   2005    244   16800.0      14.3      22.0      1.63      2.00      2.50  -9999.00
     1   2005    245   19700.0      15.9      22.6      1.81      2.00      3.70  -9999.00
     1   2005    246   18900.0       8.4      17.6      1.10      2.00      0.00  -9999.00
     1   2005    247    8300.0      10.2      20.3      1.24      2.00      0.00  -9999.00
     1   2005    248   16300.0      10.6      18.1      1.28      2.00      0.00  -9999.00
     1   2005    249   14200.0      13.7      19.3      1.57      2.00      0.00  -9999.00
     1   2005    250    4500.0      10.6      21.1      1.28      2.00      2.20  -9999.00
     1   2005    251   14000.0       8.7      19.8      1.12      2.00      5.40  -9999.00
     1   2005    252    8700.0       9.5      15.7      1.19      2.00      0.00  -9999.00
     1   2005    253   16000.0       7.5      14.2      1.04      2.00      0.00  -9999.00
     1   2005    254   12300.0       9.3      18.3      1.17      2.00     22.80  -9999.00
     1   2005    255   11800.0      13.6      16.9      1.56      2.00      0.10  -9999.00
     1   2005    256    5200.0       9.7      19.6      1.20      2.00      8.20  -9999.00
     1   2005    257    6600.0       5.2      19.2      0.88      2.00      0.00  -9999.00
     1   2005    258   14800.0      11.3      18.0      1.34      2.00      0.10  -9999.00
     1   2005    259   13300.0      13.5      18.8      1.55      2.00      0.00  -9999.00
     1   2005    260   13100.0       9.0      16.1      1.15      2.00      0.00  -9999.00
     1   2005    261    3300.0       8.9      15.1      1.14      2.00      0.10  -9999.00
     1   2005    262   13400.0       7.8      16.3      1.06      2.00      0.00  -9999.00
     1   2005    263   17600.0       9.7      15.1      1.20      2.00      0.00  -9999.00
     1   2005    264   14600.0      11.1      19.3      1.32      2.00      0.00  -9999.00
     1   2005    265   10500.0      12.9      17.9      1.49      2.00      2.00  -9999.00
     1   2005    266    8300.0      10.1      16.7      1.24      2.00      1.30  -9999.00
     1   2005    267    5500.0       6.8      18.6      0.99      2.00      0.10  -9999.00
     1   2005    268    9700.0      12.4      19.9      1.44      2.00      3.30  -9999.00
     1   2005    269    9000.0      14.0      18.3      1.60      2.00      5.40  -9999.00
     1   2005    270   10100.0       7.7      15.8      1.05      2.00      0.70  -9999.00
     1   2005    271    2700.0      10.2      16.4      1.24      2.00      0.40  -9999.00
     1   2005    272    8000.0       9.7      14.3      1.20      2.00      0.10  -9999.00
     1   2005    273    2100.0       8.6      16.4      1.12      2.00      0.00  -9999.00
     1   2005    274   13300.0      11.5      19.0      1.36      2.00      0.00  -9999.00
     1   2005    275   11900.0       9.5      16.4      1.19      2.00      0.00  -9999.00
     1   2005    276   12000.0       6.0      14.9      0.93      2.00      0.00  -9999.00
     1   2005    277    2000.0       7.5      15.7      1.04      2.00      5.70  -9999.00
     1   2005    278    9500.0      10.6      16.3      1.28      2.00      3.90  -9999.00
     1   2005    279    3300.0      11.6      14.8      1.37      2.00      0.40  -9999.00
     1   2005    280   10000.0      11.7      16.6      1.37      2.00      0.10  -9999.00
     1   2005    281   12700.0      14.9      17.3      1.69      2.00      3.70  -9999.00
     1   2005    282    7700.0       9.0      17.6      1.15      2.00      0.00  -9999.00
     1   2005    283    3400.0      11.1      19.1      1.32      2.00      0.80  -9999.00
     1   2005    284    5500.0       9.0      14.3      1.15      2.00      0.30  -9999.00
     1   2005    285    7600.0       5.6      15.6      0.91      2.00      0.20  -9999.00
     1   2005    286    1700.0       8.9      15.9      1.14      2.00      3.10  -9999.00
     1   2005    287    5100.0      11.5      14.2      1.36      2.00      0.00  -9999.00
     1   2005    288    7700.0       8.1      14.6      1.08      2.00      2.30  -9999.00
     1   2005    289    9500.0       7.7      12.1      1.05      2.00      2.40  -9999.00
     1   2005    290    3200.0       8.9      15.1      1.14      2.00      1.30  -9999.00
     1   2005    291    1900.0       5.0      16.9      0.87      2.00      8.10  -9999.00
     1   2005    292    4000.0       7.2      12.3      1.02      2.00      1.00  -9999.00
     1   2005    293    3200.0      10.6      13.3      1.28      2.00      0.40  -9999.00
     1   2005    294    1400.0      10.0      16.7      1.23      2.00      3.70  -9999.00
     1   2005    295    1800.0       6.3      18.2      0.95      2.00      7.80  -9999.00
     1   2005    296    6900.0       3.0      11.8      0.76      2.00     27.90  -9999.00
     1   2005    297    6500.0       3.8       8.0      0.80      2.00      9.30  -9999.00
     1   2005    298    7700.0      10.4      16.4      1.26      2.00      0.00  -9999.00
     1   2005    299    8900.0       9.4      18.4      1.18      2.00      4.20  -9999.00
     1   2005    300    4300.0       9.6      14.1      1.20      2.00      0.00  -9999.00
     1   2005    301    8200.0      10.5      12.5      1.27      2.00      0.00  -9999.00
     1   2005    302    1400.0       5.1      13.6      0.88      2.00      0.00  -9999.00
     1   2005    303    3900.0       1.3      12.2      0.67      2.00      0.00  -9999.00
     1   2005    304    7200.0       5.6      10.9      0.91      2.00      0.00  -9999.00
     1   2005    305    7200.0       3.3      10.1      0.77      2.00      0.00  -9999.00
     1   2005    306    7100.0       1.0      10.7      0.66      2.00      0.00  -9999.00
     1   2005    307    6400.0      -1.7      12.7      0.54      2.00      0.00  -9999.00
     1   2005    308    3000.0       3.7      11.7      0.80      2.00      0.50  -9999.00
     1   2005    309    7300.0      -1.3      11.6      0.56      2.00      6.40  -9999.00
     1   2005    310    6900.0      10.1      13.4      1.24      2.00      6.30  -9999.00
     1   2005    311    7400.0       4.9      10.0      0.87      2.00      0.00  -9999.00
     1   2005    312    2500.0       3.9      10.0      0.81      2.00      0.00  -9999.00
     1   2005    313    5600.0       0.2      11.8      0.62      2.00      0.00  -9999.00
     1   2005    314    1100.0       4.7       7.4      0.85      2.00     10.00  -9999.00
     1   2005    315    5200.0       3.1       7.9      0.76      2.00      3.80  -9999.00
     1   2005    316    2600.0       5.3      12.3      0.89      2.00      0.40  -9999.00
     1   2005    317     900.0       8.5      10.0      1.11      2.00      4.90  -9999.00
     1   2005    318    1000.0       4.8      12.7      0.86      2.00      0.30  -9999.00
     1   2005    319    2000.0       1.9      11.0      0.70      2.00      3.40  -9999.00
     1   2005    320    3000.0       0.2       9.7      0.62      2.00      0.10  -9999.00
     1   2005    321     800.0       0.5       9.2      0.63      2.00      2.20  -9999.00
     1   2005    322    3400.0       6.5      11.1      0.97      2.00      2.40  -9999.00
     1   2005    323    2300.0       4.5       9.3      0.84      2.00      0.30  -9999.00
     1   2005    324    1200.0       3.9      10.5      0.81      2.00     10.50  -9999.00
     1   2005    325    5400.0       6.0      11.0      0.93      2.00      0.30  -9999.00
     1   2005    326    1400.0       4.2      10.3      0.82      2.00      1.30  -9999.00
     1   2005    327     800.0       6.3       8.3      0.95      2.00      0.20  -9999.00
     1   2005    328     900.0       0.1       6.0      0.62      2.00      1.00  -9999.00
     1   2005    329    4200.0      -0.5       8.0      0.59      2.00      2.30  -9999.00
     1   2005    330    5400.0       4.1      11.2      0.82      2.00      2.00  -9999.00
     1   2005    331     800.0       2.5      11.5      0.73      2.00      0.00  -9999.00
     1   2005    332     800.0       4.5      10.5      0.84      2.00      0.40  -9999.00
     1   2005    333    3500.0       0.2       8.6      0.62      2.00      0.00  -9999.00
     1   2005    334     700.0       4.9       8.9      0.87      2.00     15.80  -9999.00
     1   2005    335    1200.0       5.2       7.2      0.88      2.00      1.80  -9999.00
     1   2005    336     700.0       5.2      10.5      0.88      2.00      0.80  -9999.00
     1   2005    337     700.0       1.8      12.7      0.70      2.00      2.00  -9999.00
     1   2005    338    4300.0       5.9      14.2      0.93      2.00      0.30  -9999.00
     1   2005    339    4200.0       4.2      10.9      0.82      2.00      1.90  -9999.00
     1   2005    340     700.0      -0.4       7.9      0.59      2.00      4.90  -9999.00
     1   2005    341    2900.0       0.4       6.9      0.63      2.00      0.00  -9999.00
     1   2005    342    1000.0       1.5       5.9      0.68      2.00      4.70  -9999.00
     1   2005    343     700.0      -1.8       8.6      0.54      2.00      0.30  -9999.00
     1   2005    344    1200.0       0.8       4.5      0.65      2.00      4.50  -9999.00
     1   2005    345     700.0       1.9       3.9      0.70      2.00      0.80  -9999.00
     1   2005    346    3500.0       2.6       9.6      0.74      2.00      0.00  -9999.00
     1   2005    347     600.0       0.5       6.4      0.63      2.00      0.00  -9999.00
     1   2005    348     700.0       0.6       6.2      0.64      2.00      0.60  -9999.00
     1   2005    349     700.0      -0.9       5.9      0.57      2.00      1.60  -9999.00
     1   2005    350    2700.0      -3.6       5.5      0.47      2.00      0.40  -9999.00
     1   2005    351    1200.0      -5.8       5.4      0.40      2.00      6.00  -9999.00
     1   2005    352     700.0       0.4       7.5      0.63      2.00      0.40  -9999.00
     1   2005    353    3500.0       1.8       8.1      0.70      2.00      1.60  -9999.00
     1   2005    354     600.0       0.6       5.7      0.64      2.00      0.00  -9999.00
     1   2005    355     600.0       2.2       5.8      0.72      2.00      0.00  -9999.00
     1   2005    356     800.0      -0.4       7.4      0.59      2.00      0.90  -9999.00
     1   2005    357    3100.0      -1.9       5.2      0.53      2.00      0.00  -9999.00
     1   2005    358     800.0       3.1      11.3      0.76      2.00      2.40  -9999.00
     1   2005    359     700.0       4.3       9.1      0.83      2.00      0.40  -9999.00
     1   2005    360    4100.0       0.9       8.7      0.65      2.00      1.50  -9999.00
     1   2005    361     600.0       0.4       6.9      0.63      2.00      0.00  -9999.00
     1   2005    362     600.0       0.9       5.4      0.65      2.00      0.00  -9999.00
     1   2005    363    4200.0       1.4       6.2      0.68      2.00      0.00  -9999.00
     1   2005    364     800.0       1.7       7.6      0.69      2.00      1.00  -9999.00
     1   2005    365     700.0       0.6      10.3      0.64      2.00      0.30  -9999.00
