*-----------------------------------------------------------------------------* 
           WHWG_214.met           52.12    0.96   89.00
* Date created:  08-Aug-2019     Author: K Coleman 
* 
* NIL VALUE       -9999 
* Source:   data provided by M. Semenov 
*  
* Latitude:    52.12 Longitude:     0.96 Altitude:    89.00
* 
* Column  Daily value 
* 1       station number 
* 2       year 
* 3       day 
* 4       irradiation                   (kJ m-2 d-1) 
* 5       minimum temperature           (degrees Celsius) 
* 6       maximum temperature           (degrees Celsius) 
* 7       early morning vapour pressure (kPa)             
* 8       mean wind speed (height: 2 m?) (m s-1)          
* 9       precipitation                 (mm d-1)          
* 10      sunshine                      (hrs)             
 		Jday	RAD	    TMIN	TMAX	 VAP	wind	RAIN	SUN  
               kj/m2	°C	    °C	     kPa	m/s	    mm	    hrs 
   52.12  89.00
     1   2005      1     700.0      -1.6       6.7      0.54      2.00      0.10  -9999.00
     1   2005      2    3000.0       2.9       6.6      0.75      2.00      7.20  -9999.00
     1   2005      3     700.0      -0.1       8.5      0.61      2.00      0.20  -9999.00
     1   2005      4    3800.0       0.0       2.3      0.61      2.00      0.00  -9999.00
     1   2005      5     700.0       1.5       4.4      0.68      2.00      0.10  -9999.00
     1   2005      6    3600.0       5.4       8.3      0.90      2.00     13.20  -9999.00
     1   2005      7     900.0       6.4       7.4      0.96      2.00      0.00  -9999.00
     1   2005      8     700.0       1.3       6.6      0.67      2.00      0.00  -9999.00
     1   2005      9     800.0       5.2       6.2      0.88      2.00      0.00  -9999.00
     1   2005     10    3800.0       2.8      11.1      0.75      2.00      0.90  -9999.00
     1   2005     11    1700.0      -0.1      12.6      0.61      2.00      0.00  -9999.00
     1   2005     12    1700.0       3.1       9.1      0.76      2.00      0.00  -9999.00
     1   2005     13    2100.0       1.1       9.6      0.66      2.00      0.00  -9999.00
     1   2005     14     800.0       0.7       6.6      0.64      2.00      3.10  -9999.00
     1   2005     15    4800.0      -0.7       3.2      0.58      2.00      1.40  -9999.00
     1   2005     16    5000.0      -3.5       5.7      0.47      2.00      3.10  -9999.00
     1   2005     17    3500.0      -1.3       4.6      0.56      2.00      0.00  -9999.00
     1   2005     18    3900.0      -0.1       8.5      0.61      2.00      5.10  -9999.00
     1   2005     19    4400.0       1.2       7.8      0.67      2.00      0.30  -9999.00
     1   2005     20     900.0       0.9       8.0      0.65      2.00      9.90  -9999.00
     1   2005     21    3500.0       4.7       8.0      0.85      2.00      1.70  -9999.00
     1   2005     22    1500.0       3.6      12.4      0.79      2.00      3.60  -9999.00
     1   2005     23    1000.0       5.3      11.2      0.89      2.00      0.50  -9999.00
     1   2005     24     900.0       4.2       9.5      0.82      2.00      0.00  -9999.00
     1   2005     25    3500.0       1.6       8.9      0.69      2.00      4.70  -9999.00
     1   2005     26    1200.0       2.3       7.2      0.72      2.00      7.50  -9999.00
     1   2005     27    2000.0      -1.5       4.8      0.55      2.00      0.00  -9999.00
     1   2005     28    5200.0       5.3       8.8      0.89      2.00      0.10  -9999.00
     1   2005     29    4100.0       2.5       6.5      0.73      2.00      1.80  -9999.00
     1   2005     30    6200.0       0.2       4.4      0.62      2.00      0.00  -9999.00
     1   2005     31    5600.0       1.4       3.4      0.68      2.00      3.60  -9999.00
     1   2005     32    1200.0       1.4       9.4      0.68      2.00      0.10  -9999.00
     1   2005     33    1000.0       0.6       6.7      0.64      2.00      0.00  -9999.00
     1   2005     34    4000.0      -1.1       1.4      0.56      2.00      0.00  -9999.00
     1   2005     35    3800.0       2.5       5.3      0.73      2.00      8.60  -9999.00
     1   2005     36    5100.0      -2.8      -0.7      0.50      2.00      0.00  -9999.00
     1   2005     37    1200.0      -2.1      -0.5      0.52      2.00      5.50  -9999.00
     1   2005     38    3000.0      -1.2       7.1      0.56      2.00      1.50  -9999.00
     1   2005     39    3400.0      -3.4       4.5      0.48      2.00      0.40  -9999.00
     1   2005     40    1100.0      -7.4       0.8      0.35      2.00      0.10  -9999.00
     1   2005     41    5800.0      -5.7       3.1      0.40      2.00      0.00  -9999.00
     1   2005     42    8200.0       2.5       9.8      0.73      2.00      0.00  -9999.00
     1   2005     43    6400.0       3.5      13.5      0.78      2.00      0.70  -9999.00
     1   2005     44    1100.0      -2.1       0.1      0.52      2.00      0.00  -9999.00
     1   2005     45    8000.0      -1.5       2.8      0.55      2.00      0.00  -9999.00
     1   2005     46    5600.0       1.4       9.3      0.68      2.00      0.00  -9999.00
     1   2005     47    6000.0       3.1       9.7      0.76      2.00      0.00  -9999.00
     1   2005     48    1200.0      -5.0       5.2      0.42      2.00      1.30  -9999.00
     1   2005     49    6600.0      -6.3       0.7      0.38      2.00      0.00  -9999.00
     1   2005     50    9000.0      -0.5       5.3      0.59      2.00      0.00  -9999.00
     1   2005     51    9400.0      -0.5       5.7      0.59      2.00      0.00  -9999.00
     1   2005     52    6100.0      -0.1       4.3      0.61      2.00      0.00  -9999.00
     1   2005     53    1400.0       1.2       4.2      0.67      2.00      1.30  -9999.00
     1   2005     54    8700.0       6.4       9.7      0.96      2.00      6.70  -9999.00
     1   2005     55    1600.0       5.9       9.1      0.93      2.00      3.10  -9999.00
     1   2005     56    5900.0       4.9      12.1      0.87      2.00      0.00  -9999.00
     1   2005     57    9700.0       6.1       9.0      0.94      2.00      0.00  -9999.00
     1   2005     58   11700.0       1.0       9.5      0.66      2.00      0.00  -9999.00
     1   2005     59    2700.0      -1.1      11.2      0.56      2.00      3.70  -9999.00
     1   2005     60    1900.0       2.7      12.8      0.74      2.00      0.80  -9999.00
     1   2005     61    8800.0       0.8      12.4      0.65      2.00      0.50  -9999.00
     1   2005     62    4100.0      -2.3       8.8      0.52      2.00      2.30  -9999.00
     1   2005     63    2600.0      -3.2       9.9      0.48      2.00      0.00  -9999.00
     1   2005     64    4000.0       0.4       9.6      0.63      2.00      1.20  -9999.00
     1   2005     65    1900.0      -1.0      10.7      0.57      2.00      0.30  -9999.00
     1   2005     66    3100.0       1.4      11.8      0.68      2.00      1.80  -9999.00
     1   2005     67    2000.0       0.6      11.7      0.64      2.00      0.00  -9999.00
     1   2005     68    2300.0       0.6       9.2      0.64      2.00      0.00  -9999.00
     1   2005     69    2100.0       3.1       5.8      0.76      2.00      0.40  -9999.00
     1   2005     70   13900.0       6.9      10.6      0.99      2.00      0.00  -9999.00
     1   2005     71   11700.0       6.6      10.6      0.97      2.00      0.00  -9999.00
     1   2005     72    9700.0      10.5      15.4      1.27      2.00      0.30  -9999.00
     1   2005     73    8100.0       3.7      12.3      0.80      2.00      0.40  -9999.00
     1   2005     74    2200.0       5.0      13.2      0.87      2.00      2.20  -9999.00
     1   2005     75    2100.0       3.2      13.1      0.77      2.00      1.90  -9999.00
     1   2005     76   14100.0       2.6      10.8      0.74      2.00      0.00  -9999.00
     1   2005     77   11800.0       2.2       9.9      0.72      2.00      0.00  -9999.00
     1   2005     78   13900.0       3.8      11.2      0.80      2.00      1.10  -9999.00
     1   2005     79   11400.0       3.6       8.8      0.79      2.00      0.10  -9999.00
     1   2005     80    3500.0       0.7      10.4      0.64      2.00      2.80  -9999.00
     1   2005     81   10300.0       3.7       9.9      0.80      2.00      0.00  -9999.00
     1   2005     82   12600.0       1.5       5.3      0.68      2.00      8.70  -9999.00
     1   2005     83    3800.0       4.4       8.4      0.84      2.00      1.50  -9999.00
     1   2005     84    3600.0       6.3      15.5      0.95      2.00      0.00  -9999.00
     1   2005     85   14800.0       2.2      12.3      0.72      2.00      1.90  -9999.00
     1   2005     86   14100.0       4.0      14.1      0.81      2.00      0.00  -9999.00
     1   2005     87    3300.0       0.7      12.9      0.64      2.00      5.90  -9999.00
     1   2005     88    5500.0       2.1      10.6      0.71      2.00      0.10  -9999.00
     1   2005     89    8000.0       3.0      10.9      0.76      2.00      1.30  -9999.00
     1   2005     90   10500.0       2.2      10.3      0.72      2.00      3.80  -9999.00
     1   2005     91   17700.0       2.3       9.0      0.72      2.00      0.00  -9999.00
     1   2005     92    6100.0       5.1      11.5      0.88      2.00      1.90  -9999.00
     1   2005     93    2700.0       5.2      13.4      0.88      2.00      0.30  -9999.00
     1   2005     94   18600.0       5.8      11.8      0.92      2.00      0.00  -9999.00
     1   2005     95   13600.0       5.3      12.5      0.89      2.00      0.00  -9999.00
     1   2005     96   13500.0       6.9      14.7      0.99      2.00      0.00  -9999.00
     1   2005     97    9700.0       4.5      13.1      0.84      2.00      0.00  -9999.00
     1   2005     98    3100.0       3.8       8.8      0.80      2.00      5.50  -9999.00
     1   2005     99   16800.0       3.7       9.5      0.80      2.00      7.80  -9999.00
     1   2005    100   20000.0       0.5      12.3      0.63      2.00      0.00  -9999.00
     1   2005    101   11100.0       2.8      11.0      0.75      2.00      0.30  -9999.00
     1   2005    102   18500.0       2.8      11.1      0.75      2.00      0.00  -9999.00
     1   2005    103    3200.0       4.7       7.9      0.85      2.00     10.10  -9999.00
     1   2005    104   19500.0       0.5      10.0      0.63      2.00      0.90  -9999.00
     1   2005    105    6400.0      -0.3      10.2      0.60      2.00      1.60  -9999.00
     1   2005    106   20400.0       3.8      12.1      0.80      2.00      0.00  -9999.00
     1   2005    107   15000.0       4.4      12.1      0.84      2.00      0.00  -9999.00
     1   2005    108    4900.0       5.2      17.0      0.88      2.00      0.00  -9999.00
     1   2005    109   15600.0       4.6      11.6      0.85      2.00      0.30  -9999.00
     1   2005    110   15600.0       5.2      12.4      0.88      2.00      0.00  -9999.00
     1   2005    111   15900.0       3.4       9.8      0.78      2.00      0.00  -9999.00
     1   2005    112   14600.0       5.0      16.2      0.87      2.00      0.00  -9999.00
     1   2005    113   10700.0       2.3      14.1      0.72      2.00      0.00  -9999.00
     1   2005    114   23800.0       4.0      15.5      0.81      2.00      0.00  -9999.00
     1   2005    115   19000.0       5.3      13.0      0.89      2.00      0.00  -9999.00
     1   2005    116   21400.0       3.7      15.5      0.80      2.00      0.30  -9999.00
     1   2005    117    8000.0       2.4      15.0      0.73      2.00      0.10  -9999.00
     1   2005    118   19100.0       6.5      18.8      0.97      2.00      0.30  -9999.00
     1   2005    119   10600.0       4.2      16.9      0.82      2.00      1.50  -9999.00
     1   2005    120   19000.0       2.4       6.2      0.73      2.00      0.20  -9999.00
     1   2005    121    8200.0       2.9       6.8      0.75      2.00      8.60  -9999.00
     1   2005    122   19500.0       3.8      12.5      0.80      2.00     14.20  -9999.00
     1   2005    123   22200.0       4.7      17.2      0.85      2.00      0.00  -9999.00
     1   2005    124   11000.0       5.7      11.4      0.92      2.00      3.00  -9999.00
     1   2005    125    4000.0       5.4      10.6      0.90      2.00      9.30  -9999.00
     1   2005    126   23500.0       6.2      11.3      0.95      2.00      0.00  -9999.00
     1   2005    127   18800.0       1.4      15.1      0.68      2.00      0.00  -9999.00
     1   2005    128   22900.0      10.2      25.0      1.24      2.00      0.00  -9999.00
     1   2005    129    4000.0       9.9      21.3      1.22      2.00      0.00  -9999.00
     1   2005    130   24700.0       6.7      15.6      0.98      2.00      0.00  -9999.00
     1   2005    131   27100.0      10.0      15.2      1.23      2.00      0.00  -9999.00
     1   2005    132   20100.0       7.9      16.6      1.07      2.00      0.00  -9999.00
     1   2005    133   27000.0       8.4      15.0      1.10      2.00      0.00  -9999.00
     1   2005    134   19800.0       1.9      13.8      0.70      2.00      0.00  -9999.00
     1   2005    135   26800.0       5.7      17.2      0.92      2.00      0.00  -9999.00
     1   2005    136   25200.0       0.2      15.6      0.62      2.00      0.00  -9999.00
     1   2005    137   17500.0       6.4      13.7      0.96      2.00      2.50  -9999.00
     1   2005    138    4100.0       6.8      14.2      0.99      2.00     11.30  -9999.00
     1   2005    139    9900.0       6.0      14.7      0.93      2.00      3.40  -9999.00
     1   2005    140   17400.0       6.5      20.4      0.97      2.00      0.00  -9999.00
     1   2005    141   25600.0       4.9      17.4      0.87      2.00      0.00  -9999.00
     1   2005    142   24100.0       8.5      17.4      1.11      2.00      0.00  -9999.00
     1   2005    143   22800.0      13.8      14.7      1.58      2.00     10.30  -9999.00
     1   2005    144    4300.0       8.6      13.1      1.12      2.00      7.40  -9999.00
     1   2005    145   19900.0       6.7      16.7      0.98      2.00      0.00  -9999.00
     1   2005    146    6300.0       8.3      18.9      1.09      2.00      0.00  -9999.00
     1   2005    147   18800.0      11.1      22.4      1.32      2.00      0.00  -9999.00
     1   2005    148   20100.0      10.1      17.9      1.24      2.00      0.00  -9999.00
     1   2005    149   25100.0      10.0      15.3      1.23      2.00      0.00  -9999.00
     1   2005    150   28500.0       8.1      14.6      1.08      2.00      0.00  -9999.00
     1   2005    151   26300.0       7.0      14.7      1.00      2.00      0.60  -9999.00
     1   2005    152   25000.0      10.4      15.9      1.26      2.00      0.60  -9999.00
     1   2005    153    7800.0       8.3      20.5      1.09      2.00      0.00  -9999.00
     1   2005    154   21600.0      12.8      16.6      1.48      2.00      5.50  -9999.00
     1   2005    155   27800.0       9.9      16.4      1.22      2.00      0.00  -9999.00
     1   2005    156   15800.0      12.0      19.0      1.40      2.00      0.00  -9999.00
     1   2005    157    5000.0      12.4      18.0      1.44      2.00      0.00  -9999.00
     1   2005    158   27200.0       3.8      17.9      0.80      2.00      0.00  -9999.00
     1   2005    159    4800.0       7.5      15.5      1.04      2.00      0.00  -9999.00
     1   2005    160   29000.0      10.2      18.5      1.24      2.00      0.00  -9999.00
     1   2005    161   29200.0      11.9      15.2      1.39      2.00      0.00  -9999.00
     1   2005    162   28100.0       9.4      17.8      1.18      2.00      0.00  -9999.00
     1   2005    163   25100.0       7.9      13.3      1.07      2.00      0.00  -9999.00
     1   2005    164   15000.0       8.9      15.7      1.14      2.00      0.00  -9999.00
     1   2005    165   18900.0      13.3      16.0      1.53      2.00      4.10  -9999.00
     1   2005    166   12300.0      10.1      14.2      1.24      2.00      0.60  -9999.00
     1   2005    167   26100.0      16.9      19.0      1.92      2.00      0.00  -9999.00
     1   2005    168   28800.0      16.6      27.6      1.89      2.00      0.00  -9999.00
     1   2005    169   19500.0      12.0      19.7      1.40      2.00      0.80  -9999.00
     1   2005    170   20900.0      13.9      21.4      1.59      2.00      1.30  -9999.00
     1   2005    171    8000.0      11.1      22.5      1.32      2.00      0.00  -9999.00
     1   2005    172   12600.0      10.4      19.5      1.26      2.00      1.30  -9999.00
     1   2005    173   11800.0      13.2      31.1      1.52      2.00      2.30  -9999.00
     1   2005    174   14800.0      11.2      19.8      1.33      2.00      0.00  -9999.00
     1   2005    175   29100.0       6.9      20.5      0.99      2.00      0.00  -9999.00
     1   2005    176    5100.0       8.8      17.8      1.13      2.00      0.00  -9999.00
     1   2005    177    4700.0       8.1      18.5      1.08      2.00      0.00  -9999.00
     1   2005    178   27400.0      13.5      22.9      1.55      2.00      0.00  -9999.00
     1   2005    179    4700.0      10.0      19.6      1.23      2.00      3.20  -9999.00
     1   2005    180   18700.0       9.2      17.6      1.16      2.00     11.60  -9999.00
     1   2005    181    4400.0      11.7      18.6      1.37      2.00      3.20  -9999.00
     1   2005    182    4500.0      12.0      19.0      1.40      2.00      0.60  -9999.00
     1   2005    183   17800.0      10.8      19.7      1.29      2.00      0.00  -9999.00
     1   2005    184   15500.0      11.2      19.8      1.33      2.00      0.60  -9999.00
     1   2005    185   14900.0       6.3      21.9      0.95      2.00     25.60  -9999.00
     1   2005    186   16600.0      10.4      17.0      1.26      2.00      5.20  -9999.00
     1   2005    187   26900.0      10.1      17.8      1.24      2.00      0.00  -9999.00
     1   2005    188    8700.0      14.0      23.2      1.60      2.00      0.00  -9999.00
     1   2005    189   15500.0      15.3      21.5      1.74      2.00      2.50  -9999.00
     1   2005    190   27600.0      12.6      20.0      1.46      2.00      1.90  -9999.00
     1   2005    191   18200.0      11.5      17.6      1.36      2.00      5.90  -9999.00
     1   2005    192   13200.0      12.8      23.6      1.48      2.00      0.00  -9999.00
     1   2005    193   20700.0      14.0      22.7      1.60      2.00      0.00  -9999.00
     1   2005    194   24900.0      12.6      19.0      1.46      2.00      0.10  -9999.00
     1   2005    195   15600.0      13.8      20.9      1.58      2.00      2.60  -9999.00
     1   2005    196   11500.0      11.8      18.7      1.38      2.00      0.30  -9999.00
     1   2005    197   20900.0      10.4      18.7      1.26      2.00      0.00  -9999.00
     1   2005    198   20500.0       9.6      16.0      1.20      2.00      1.70  -9999.00
     1   2005    199   24000.0      10.7      19.3      1.29      2.00      0.00  -9999.00
     1   2005    200   25000.0      14.2      25.0      1.62      2.00      0.00  -9999.00
     1   2005    201   18300.0      15.8      26.5      1.79      2.00      0.00  -9999.00
     1   2005    202   11500.0      11.5      19.4      1.36      2.00     10.80  -9999.00
     1   2005    203   22000.0      13.5      19.4      1.55      2.00      0.00  -9999.00
     1   2005    204   26400.0      14.4      27.0      1.64      2.00      0.00  -9999.00
     1   2005    205   25600.0      13.1      23.9      1.51      2.00      0.00  -9999.00
     1   2005    206   11700.0      13.3      22.0      1.53      2.00      0.00  -9999.00
     1   2005    207    4400.0      13.3      22.2      1.53      2.00      0.50  -9999.00
     1   2005    208    6100.0      13.4      20.0      1.54      2.00     32.70  -9999.00
     1   2005    209   20000.0      10.1      18.4      1.24      2.00      2.60  -9999.00
     1   2005    210    4500.0      16.3      22.4      1.85      2.00     10.20  -9999.00
     1   2005    211   20500.0      14.8      24.8      1.68      2.00      0.00  -9999.00
     1   2005    212   12800.0      15.9      25.2      1.81      2.00      0.00  -9999.00
     1   2005    213   20400.0      13.4      20.2      1.54      2.00      4.40  -9999.00
     1   2005    214    9400.0      14.5      22.3      1.65      2.00      0.20  -9999.00
     1   2005    215    7000.0      16.3      23.8      1.85      2.00      0.70  -9999.00
     1   2005    216   18100.0      11.8      19.1      1.38      2.00      0.40  -9999.00
     1   2005    217   20800.0      12.9      17.8      1.49      2.00      0.00  -9999.00
     1   2005    218   13700.0      13.0      22.2      1.50      2.00      0.20  -9999.00
     1   2005    219   19400.0      10.9      29.3      1.30      2.00      4.10  -9999.00
     1   2005    220   22300.0      13.9      20.3      1.59      2.00      2.20  -9999.00
     1   2005    221    4400.0      14.1      18.1      1.61      2.00     17.20  -9999.00
     1   2005    222   17300.0      11.3      18.9      1.34      2.00      7.70  -9999.00
     1   2005    223   16900.0      14.8      20.2      1.68      2.00      0.00  -9999.00
     1   2005    224    5500.0       9.9      22.4      1.22      2.00      0.00  -9999.00
     1   2005    225   10600.0      13.7      19.4      1.57      2.00      0.00  -9999.00
     1   2005    226   20800.0      13.9      21.5      1.59      2.00      0.00  -9999.00
     1   2005    227   19900.0      13.1      19.0      1.51      2.00      0.00  -9999.00
     1   2005    228   15600.0       9.9      20.7      1.22      2.00      0.00  -9999.00
     1   2005    229   24300.0       7.8      22.9      1.06      2.00      0.00  -9999.00
     1   2005    230   21900.0      12.3      20.3      1.43      2.00      0.00  -9999.00
     1   2005    231   14400.0      12.6      18.7      1.46      2.00      3.60  -9999.00
     1   2005    232    7300.0      12.5      22.1      1.45      2.00      0.90  -9999.00
     1   2005    233   15000.0      13.1      22.9      1.51      2.00      3.70  -9999.00
     1   2005    234   21400.0      13.5      21.5      1.55      2.00      0.40  -9999.00
     1   2005    235   16500.0      15.1      21.3      1.72      2.00     10.60  -9999.00
     1   2005    236   23100.0      12.9      24.1      1.49      2.00      0.00  -9999.00
     1   2005    237   14100.0       6.1      30.5      0.94      2.00      0.90  -9999.00
     1   2005    238   20400.0      11.8      22.4      1.38      2.00      0.00  -9999.00
     1   2005    239   15200.0      14.2      21.3      1.62      2.00      0.60  -9999.00
     1   2005    240   17100.0      12.2      19.8      1.42      2.00      1.20  -9999.00
     1   2005    241   18200.0      16.0      23.2      1.82      2.00      0.00  -9999.00
     1   2005    242   19700.0       7.2      20.8      1.02      2.00      0.00  -9999.00
     1   2005    243   13200.0       8.4      21.0      1.10      2.00      1.40  -9999.00
     1   2005    244   11200.0      13.9      20.5      1.59      2.00      0.00  -9999.00
     1   2005    245    8600.0      15.0      19.9      1.70      2.00      4.10  -9999.00
     1   2005    246   12200.0      10.0      20.4      1.23      2.00      3.10  -9999.00
     1   2005    247    3900.0       7.7      21.1      1.05      2.00      0.30  -9999.00
     1   2005    248   17300.0      10.3      19.6      1.25      2.00      0.00  -9999.00
     1   2005    249   13700.0      10.6      22.1      1.28      2.00      0.00  -9999.00
     1   2005    250   16600.0      11.7      18.5      1.37      2.00      0.00  -9999.00
     1   2005    251   15300.0      13.1      17.6      1.51      2.00      3.90  -9999.00
     1   2005    252    2900.0      11.3      19.4      1.34      2.00      0.00  -9999.00
     1   2005    253   16000.0      10.0      20.3      1.23      2.00      0.00  -9999.00
     1   2005    254   14600.0      10.7      21.2      1.29      2.00      0.00  -9999.00
     1   2005    255   12500.0       8.1      19.3      1.08      2.00      0.00  -9999.00
     1   2005    256   15400.0       9.1      18.8      1.16      2.00      0.00  -9999.00
     1   2005    257   15900.0      10.8      16.7      1.29      2.00      0.00  -9999.00
     1   2005    258    9300.0      11.2      17.8      1.33      2.00      2.50  -9999.00
     1   2005    259    2400.0       7.7      17.6      1.05      2.00      0.00  -9999.00
     1   2005    260   12600.0      13.4      21.4      1.54      2.00      0.00  -9999.00
     1   2005    261    2600.0      13.3      21.1      1.53      2.00      0.10  -9999.00
     1   2005    262    9000.0      11.0      18.0      1.31      2.00      0.10  -9999.00
     1   2005    263    3900.0       9.3      15.1      1.17      2.00      0.10  -9999.00
     1   2005    264   14200.0       9.6      21.1      1.20      2.00      0.00  -9999.00
     1   2005    265    5600.0      13.0      21.9      1.50      2.00      0.10  -9999.00
     1   2005    266    9400.0       8.7      18.3      1.12      2.00      3.20  -9999.00
     1   2005    267   12100.0      10.5      19.9      1.27      2.00      0.10  -9999.00
     1   2005    268   14400.0       4.2      16.0      0.82      2.00      0.00  -9999.00
     1   2005    269   12600.0       6.8      13.8      0.99      2.00      0.00  -9999.00
     1   2005    270    8700.0      14.6      17.3      1.66      2.00      0.00  -9999.00
     1   2005    271    8300.0       9.1      17.5      1.16      2.00      0.00  -9999.00
     1   2005    272    2900.0       9.7      13.7      1.20      2.00      0.00  -9999.00
     1   2005    273   12400.0      10.3      15.3      1.25      2.00      0.00  -9999.00
     1   2005    274    3700.0       5.8      13.5      0.92      2.00      0.00  -9999.00
     1   2005    275   10300.0       3.2      14.2      0.77      2.00      0.00  -9999.00
     1   2005    276    4200.0       8.4      17.5      1.10      2.00      0.00  -9999.00
     1   2005    277   11600.0       7.5      15.6      1.04      2.00      0.00  -9999.00
     1   2005    278    9700.0       7.9      15.2      1.07      2.00      0.00  -9999.00
     1   2005    279   10900.0       5.4      17.0      0.90      2.00      0.20  -9999.00
     1   2005    280    8500.0       7.7      12.2      1.05      2.00      2.10  -9999.00
     1   2005    281    2600.0       7.3      13.2      1.02      2.00      5.80  -9999.00
     1   2005    282   11600.0       4.8      12.9      0.86      2.00      0.00  -9999.00
     1   2005    283    5700.0       9.3      14.4      1.17      2.00     11.90  -9999.00
     1   2005    284    3100.0      10.5      15.1      1.27      2.00     18.20  -9999.00
     1   2005    285    7900.0      11.0      14.5      1.31      2.00      0.00  -9999.00
     1   2005    286    9500.0       7.2      14.9      1.02      2.00      1.50  -9999.00
     1   2005    287    9200.0       5.1      14.8      0.88      2.00      0.00  -9999.00
     1   2005    288    4800.0      11.3      16.9      1.34      2.00      0.00  -9999.00
     1   2005    289    7200.0       9.7      16.1      1.20      2.00      0.10  -9999.00
     1   2005    290    7400.0       7.5      16.2      1.04      2.00      0.00  -9999.00
     1   2005    291    1800.0       3.4      14.3      0.78      2.00      0.00  -9999.00
     1   2005    292   10700.0       7.1      13.6      1.01      2.00      0.00  -9999.00
     1   2005    293    7200.0       6.8      14.3      0.99      2.00      0.00  -9999.00
     1   2005    294    6000.0       8.0      15.4      1.07      2.00      0.40  -9999.00
     1   2005    295    2800.0       5.1      18.9      0.88      2.00      0.20  -9999.00
     1   2005    296    8200.0       5.5      14.1      0.90      2.00      0.00  -9999.00
     1   2005    297    1300.0       8.7      12.5      1.12      2.00      0.00  -9999.00
     1   2005    298    1700.0      12.6      14.5      1.46      2.00      2.00  -9999.00
     1   2005    299    8100.0       7.9      11.6      1.07      2.00      0.00  -9999.00
     1   2005    300    6800.0       0.2      11.1      0.62      2.00      0.00  -9999.00
     1   2005    301    2600.0       5.2       9.0      0.88      2.00      0.00  -9999.00
     1   2005    302    8500.0       6.2      13.2      0.95      2.00      0.00  -9999.00
     1   2005    303    8400.0       1.8      12.7      0.70      2.00      0.00  -9999.00
     1   2005    304    1600.0       5.0      11.1      0.87      2.00      0.00  -9999.00
     1   2005    305    1200.0       1.6       9.8      0.69      2.00      0.00  -9999.00
     1   2005    306    1100.0      10.5      15.2      1.27      2.00      0.00  -9999.00
     1   2005    307    1700.0       9.8      17.5      1.21      2.00      8.10  -9999.00
     1   2005    308    1100.0       3.3      11.3      0.77      2.00      6.60  -9999.00
     1   2005    309    1700.0       6.5      13.4      0.97      2.00      4.20  -9999.00
     1   2005    310    4000.0       5.2      13.8      0.88      2.00     10.10  -9999.00
     1   2005    311    6700.0       0.7      10.6      0.64      2.00      0.00  -9999.00
     1   2005    312    5900.0       6.7      13.5      0.98      2.00     13.20  -9999.00
     1   2005    313    2000.0       6.4      13.7      0.96      2.00      0.00  -9999.00
     1   2005    314    3700.0       6.3      16.4      0.95      2.00      0.40  -9999.00
     1   2005    315     900.0       8.8      14.3      1.13      2.00      0.30  -9999.00
     1   2005    316     900.0       3.5      12.0      0.78      2.00      4.20  -9999.00
     1   2005    317    1900.0       1.5      14.0      0.68      2.00      0.00  -9999.00
     1   2005    318    1200.0      -2.1       7.5      0.52      2.00      0.00  -9999.00
     1   2005    319     900.0       2.5       6.5      0.73      2.00      0.00  -9999.00
     1   2005    320     800.0       1.4       6.2      0.68      2.00      0.00  -9999.00
     1   2005    321    2900.0       5.7       9.4      0.92      2.00      0.30  -9999.00
     1   2005    322    4900.0      -0.3       6.2      0.60      2.00      1.80  -9999.00
     1   2005    323    4100.0      -1.0       9.0      0.57      2.00      0.70  -9999.00
     1   2005    324     900.0       0.8       9.3      0.65      2.00      0.50  -9999.00
     1   2005    325     800.0       5.2       6.2      0.88      2.00      0.40  -9999.00
     1   2005    326     800.0       5.5       8.4      0.90      2.00      0.00  -9999.00
     1   2005    327    3100.0       6.0       8.0      0.93      2.00      0.00  -9999.00
     1   2005    328    5400.0       2.3      11.3      0.72      2.00      0.00  -9999.00
     1   2005    329    2300.0       2.0      13.4      0.71      2.00      0.50  -9999.00
     1   2005    330    2900.0       8.5      10.9      1.11      2.00      0.40  -9999.00
     1   2005    331    2700.0       7.2      14.0      1.02      2.00      1.60  -9999.00
     1   2005    332    5000.0       4.3      11.7      0.83      2.00      0.00  -9999.00
     1   2005    333     800.0      10.6      10.8      1.28      2.00      0.00  -9999.00
     1   2005    334    4600.0       2.9       7.0      0.75      2.00      0.00  -9999.00
     1   2005    335    3200.0       5.4      10.5      0.90      2.00      7.20  -9999.00
     1   2005    336    1500.0       4.0      11.7      0.81      2.00      2.10  -9999.00
     1   2005    337    2000.0       7.4       7.9      1.03      2.00      0.00  -9999.00
     1   2005    338    2700.0      -0.7       4.0      0.58      2.00      0.00  -9999.00
     1   2005    339     600.0       1.6       4.5      0.69      2.00      0.00  -9999.00
     1   2005    340     700.0       1.7       5.5      0.69      2.00      1.00  -9999.00
     1   2005    341     700.0       0.4       7.5      0.63      2.00      9.40  -9999.00
     1   2005    342     600.0       2.8       9.0      0.75      2.00      0.00  -9999.00
     1   2005    343    1400.0       6.0      13.5      0.93      2.00      4.40  -9999.00
     1   2005    344    2700.0       2.8       6.4      0.75      2.00      0.20  -9999.00
     1   2005    345    1300.0       0.8       9.1      0.65      2.00      4.10  -9999.00
     1   2005    346     700.0       1.0       7.9      0.66      2.00      9.50  -9999.00
     1   2005    347    2000.0       2.3       8.7      0.72      2.00      0.00  -9999.00
     1   2005    348    2100.0       0.8       7.2      0.65      2.00      0.00  -9999.00
     1   2005    349     700.0      -0.4       7.9      0.59      2.00      1.10  -9999.00
     1   2005    350     700.0       1.1       5.6      0.66      2.00      4.60  -9999.00
     1   2005    351    3900.0      -1.4       7.0      0.55      2.00      0.90  -9999.00
     1   2005    352     600.0       3.3      10.3      0.77      2.00      0.00  -9999.00
     1   2005    353    1800.0       2.7       8.7      0.74      2.00      0.00  -9999.00
     1   2005    354     600.0       2.4       7.0      0.73      2.00      0.00  -9999.00
     1   2005    355     700.0       1.4       6.9      0.68      2.00      0.10  -9999.00
     1   2005    356     800.0       1.7       7.0      0.69      2.00     18.90  -9999.00
     1   2005    357     800.0      -0.2       3.6      0.60      2.00      0.00  -9999.00
     1   2005    358    1000.0       4.5      10.4      0.84      2.00      4.00  -9999.00
     1   2005    359    3200.0       3.7      11.4      0.80      2.00      1.90  -9999.00
     1   2005    360     700.0       1.3       6.6      0.67      2.00     23.90  -9999.00
     1   2005    361    3200.0       1.7       5.1      0.69      2.00      0.00  -9999.00
     1   2005    362     600.0       2.1       9.0      0.71      2.00      0.00  -9999.00
     1   2005    363     600.0       0.7       8.1      0.64      2.00      0.00  -9999.00
     1   2005    364     800.0       0.8       9.0      0.65      2.00      0.30  -9999.00
     1   2005    365    1700.0       0.1       7.7      0.62      2.00      0.10  -9999.00
