*-----------------------------------------------------------------------------* 
           WHWG_296.met           52.12    0.96   89.00
* Date created:  08-Aug-2019     Author: K Coleman 
* 
* NIL VALUE       -9999 
* Source:   data provided by M. Semenov 
*  
* Latitude:    52.12 Longitude:     0.96 Altitude:    89.00
* 
* Column  Daily value 
* 1       station number 
* 2       year 
* 3       day 
* 4       irradiation                   (kJ m-2 d-1) 
* 5       minimum temperature           (degrees Celsius) 
* 6       maximum temperature           (degrees Celsius) 
* 7       early morning vapour pressure (kPa)             
* 8       mean wind speed (height: 2 m?) (m s-1)          
* 9       precipitation                 (mm d-1)          
* 10      sunshine                      (hrs)             
 		Jday	RAD	    TMIN	TMAX	 VAP	wind	RAIN	SUN  
               kj/m2	°C	    °C	     kPa	m/s	    mm	    hrs 
   52.12  89.00
     1   2005      1     700.0       2.4       7.0      0.73      2.00      0.00  -9999.00
     1   2005      2    1400.0       1.7      10.4      0.69      2.00      0.30  -9999.00
     1   2005      3     700.0       3.7       8.6      0.80      2.00      0.10  -9999.00
     1   2005      4     700.0       2.8       6.8      0.75      2.00      0.10  -9999.00
     1   2005      5     700.0      -1.1       4.5      0.56      2.00      0.00  -9999.00
     1   2005      6    1200.0      -2.6       1.3      0.50      2.00     12.70  -9999.00
     1   2005      7     700.0      -3.9       2.5      0.46      2.00      2.10  -9999.00
     1   2005      8    2300.0       7.7       9.7      1.05      2.00      0.00  -9999.00
     1   2005      9    3700.0       7.2      10.3      1.02      2.00      0.60  -9999.00
     1   2005     10    1700.0       3.6       8.6      0.79      2.00      0.60  -9999.00
     1   2005     11     800.0       3.0       9.7      0.76      2.00      0.30  -9999.00
     1   2005     12    1200.0       1.9       9.6      0.70      2.00      0.50  -9999.00
     1   2005     13    4200.0       3.1       8.0      0.76      2.00      0.00  -9999.00
     1   2005     14    1400.0       2.8       8.4      0.75      2.00      0.00  -9999.00
     1   2005     15    2300.0       6.7       8.7      0.98      2.00      0.70  -9999.00
     1   2005     16    2500.0      -2.9       4.6      0.49      2.00      0.50  -9999.00
     1   2005     17    5300.0      -1.6       3.7      0.54      2.00      0.10  -9999.00
     1   2005     18     800.0       4.0       8.8      0.81      2.00      0.00  -9999.00
     1   2005     19    5300.0       1.6       8.2      0.69      2.00      2.50  -9999.00
     1   2005     20    5100.0       2.9       7.0      0.75      2.00      1.40  -9999.00
     1   2005     21    4000.0       0.2       6.6      0.62      2.00      1.40  -9999.00
     1   2005     22    6200.0       3.7      11.3      0.80      2.00      1.20  -9999.00
     1   2005     23    4700.0       0.9      11.6      0.65      2.00     12.40  -9999.00
     1   2005     24     900.0      -2.4      -0.4      0.51      2.00      1.20  -9999.00
     1   2005     25    3000.0      -0.1       1.9      0.61      2.00      0.90  -9999.00
     1   2005     26    1000.0       3.3       7.6      0.77      2.00      0.30  -9999.00
     1   2005     27    3900.0       6.4       7.1      0.96      2.00      2.50  -9999.00
     1   2005     28    1500.0       4.5       8.2      0.84      2.00      0.20  -9999.00
     1   2005     29    1000.0       1.7       8.6      0.69      2.00      4.00  -9999.00
     1   2005     30    5800.0       0.2       8.1      0.62      2.00      0.50  -9999.00
     1   2005     31    1000.0       0.8       7.8      0.65      2.00      0.00  -9999.00
     1   2005     32    3500.0      -0.4       4.9      0.59      2.00      0.00  -9999.00
     1   2005     33    7300.0       0.9       6.7      0.65      2.00      0.00  -9999.00
     1   2005     34    7000.0      -1.7       5.8      0.54      2.00      0.00  -9999.00
     1   2005     35    1000.0      -4.1       7.5      0.45      2.00      0.10  -9999.00
     1   2005     36    1100.0      -4.8       4.2      0.43      2.00      1.70  -9999.00
     1   2005     37    1100.0      -4.5       4.4      0.44      2.00      2.40  -9999.00
     1   2005     38    5300.0       1.7       7.7      0.69      2.00      0.00  -9999.00
     1   2005     39    1200.0       3.9       5.7      0.81      2.00      0.00  -9999.00
     1   2005     40    4300.0       6.0       9.2      0.93      2.00      6.40  -9999.00
     1   2005     41    6900.0       4.8       7.1      0.86      2.00      0.80  -9999.00
     1   2005     42    1100.0       0.7       4.5      0.64      2.00      0.40  -9999.00
     1   2005     43    1100.0      -3.7      -1.7      0.46      2.00      9.70  -9999.00
     1   2005     44    1600.0      -1.4       4.6      0.55      2.00      0.00  -9999.00
     1   2005     45    1400.0       0.1       8.0      0.62      2.00      0.40  -9999.00
     1   2005     46    1900.0       1.2       7.1      0.67      2.00      1.00  -9999.00
     1   2005     47    7400.0       3.8       8.3      0.80      2.00      2.50  -9999.00
     1   2005     48    2300.0      -3.8      -0.4      0.46      2.00      0.00  -9999.00
     1   2005     49    8700.0      -4.3       1.0      0.44      2.00      0.00  -9999.00
     1   2005     50    1300.0       4.5      10.6      0.84      2.00      0.00  -9999.00
     1   2005     51    9800.0       3.9      10.6      0.81      2.00      2.30  -9999.00
     1   2005     52    1500.0       6.3      10.0      0.95      2.00      0.40  -9999.00
     1   2005     53    7700.0       9.6      13.3      1.20      2.00      0.70  -9999.00
     1   2005     54    1300.0       4.5      11.5      0.84      2.00     14.70  -9999.00
     1   2005     55    4500.0       6.5      11.3      0.97      2.00      0.70  -9999.00
     1   2005     56   10200.0      -6.5       4.2      0.38      2.00      0.10  -9999.00
     1   2005     57    1500.0      -1.7       6.9      0.54      2.00      9.90  -9999.00
     1   2005     58    1600.0       2.0      10.1      0.71      2.00      1.10  -9999.00
     1   2005     59    8200.0       0.4      10.0      0.63      2.00      4.10  -9999.00
     1   2005     60    2500.0       4.3       9.8      0.83      2.00      2.70  -9999.00
     1   2005     61   11700.0      -0.1      13.4      0.61      2.00      0.00  -9999.00
     1   2005     62    6500.0       0.1       6.2      0.62      2.00      2.90  -9999.00
     1   2005     63   10600.0      -2.7       8.5      0.50      2.00      0.00  -9999.00
     1   2005     64    2300.0       1.4       7.8      0.68      2.00      0.00  -9999.00
     1   2005     65   12100.0       2.5       4.5      0.73      2.00      0.20  -9999.00
     1   2005     66    7500.0      -1.1       8.3      0.56      2.00      6.40  -9999.00
     1   2005     67    2000.0      -0.8       3.9      0.58      2.00      0.00  -9999.00
     1   2005     68    3000.0       0.9      12.3      0.65      2.00      0.00  -9999.00
     1   2005     69    2500.0      -1.8       9.4      0.54      2.00      0.90  -9999.00
     1   2005     70   10000.0       3.2      10.8      0.77      2.00      0.30  -9999.00
     1   2005     71   14500.0       5.2      10.0      0.88      2.00      3.10  -9999.00
     1   2005     72   11300.0       2.6      13.0      0.74      2.00      0.00  -9999.00
     1   2005     73    2300.0      -1.8      13.4      0.54      2.00      0.00  -9999.00
     1   2005     74    3200.0       4.3       9.6      0.83      2.00      0.10  -9999.00
     1   2005     75    2200.0       1.0       9.2      0.66      2.00      4.40  -9999.00
     1   2005     76    5200.0       3.9       9.9      0.81      2.00      6.60  -9999.00
     1   2005     77    7000.0       2.4      10.4      0.73      2.00      0.40  -9999.00
     1   2005     78    9000.0       3.0      13.9      0.76      2.00      1.70  -9999.00
     1   2005     79   11400.0       6.0      14.0      0.93      2.00      1.90  -9999.00
     1   2005     80   15500.0      -0.3       9.7      0.60      2.00      0.00  -9999.00
     1   2005     81    2300.0       3.0       9.1      0.76      2.00      0.00  -9999.00
     1   2005     82    3300.0       5.8      10.5      0.92      2.00      4.80  -9999.00
     1   2005     83    2700.0       1.9      10.5      0.70      2.00      0.50  -9999.00
     1   2005     84    3800.0       5.4      12.9      0.90      2.00      0.00  -9999.00
     1   2005     85    9900.0       2.0      17.7      0.71      2.00      0.00  -9999.00
     1   2005     86   14300.0       1.3      11.1      0.67      2.00      2.30  -9999.00
     1   2005     87   12200.0       3.4      10.0      0.78      2.00      0.00  -9999.00
     1   2005     88   11900.0       4.2      10.4      0.82      2.00      0.00  -9999.00
     1   2005     89   11700.0       2.2       9.6      0.72      2.00      0.20  -9999.00
     1   2005     90    3200.0       0.4      10.8      0.63      2.00      4.20  -9999.00
     1   2005     91   17600.0       1.5      10.0      0.68      2.00      0.00  -9999.00
     1   2005     92   13200.0       4.2      12.7      0.82      2.00      0.00  -9999.00
     1   2005     93   15800.0       3.7      13.9      0.80      2.00      0.40  -9999.00
     1   2005     94    5200.0       4.5       9.9      0.84      2.00      0.80  -9999.00
     1   2005     95   10700.0       7.3       8.8      1.02      2.00      6.80  -9999.00
     1   2005     96   13500.0       0.7      11.2      0.64      2.00      1.90  -9999.00
     1   2005     97   18900.0      -1.9      11.6      0.53      2.00      0.00  -9999.00
     1   2005     98   17600.0       7.0      21.0      1.00      2.00      0.00  -9999.00
     1   2005     99    8300.0       9.0      17.3      1.15      2.00      0.00  -9999.00
     1   2005    100   14700.0       3.4      16.5      0.78      2.00      0.00  -9999.00
     1   2005    101   13000.0       2.6      19.1      0.74      2.00      0.00  -9999.00
     1   2005    102   14900.0       4.1      15.6      0.82      2.00      0.00  -9999.00
     1   2005    103    4400.0       2.6      13.2      0.74      2.00      2.30  -9999.00
     1   2005    104    3900.0      -1.3       6.3      0.56      2.00      0.80  -9999.00
     1   2005    105    5100.0      -3.0      11.4      0.49      2.00      0.00  -9999.00
     1   2005    106   12300.0       3.2      13.1      0.77      2.00      0.00  -9999.00
     1   2005    107   16400.0       5.4      13.9      0.90      2.00      0.00  -9999.00
     1   2005    108   17000.0      10.3      17.1      1.25      2.00      0.00  -9999.00
     1   2005    109   16600.0       6.7      14.5      0.98      2.00      0.50  -9999.00
     1   2005    110    9600.0      -1.5       9.1      0.55      2.00      3.50  -9999.00
     1   2005    111   18400.0       0.1      14.3      0.62      2.00      0.00  -9999.00
     1   2005    112   12100.0       3.5      13.6      0.78      2.00      0.00  -9999.00
     1   2005    113   20500.0       1.0      13.3      0.66      2.00      0.00  -9999.00
     1   2005    114    5300.0       8.2      15.3      1.09      2.00      0.00  -9999.00
     1   2005    115   23800.0       7.8      16.1      1.06      2.00      0.00  -9999.00
     1   2005    116   22700.0       5.2      16.0      0.88      2.00      0.00  -9999.00
     1   2005    117   23900.0       2.4      12.7      0.73      2.00      0.00  -9999.00
     1   2005    118   17600.0       7.5      14.7      1.04      2.00      0.00  -9999.00
     1   2005    119   20500.0       5.5      14.7      0.90      2.00      0.00  -9999.00
     1   2005    120   18900.0       6.9      18.1      0.99      2.00      0.00  -9999.00
     1   2005    121    5100.0       4.4      15.5      0.84      2.00      5.70  -9999.00
     1   2005    122   12400.0       7.4      22.3      1.03      2.00      0.00  -9999.00
     1   2005    123    6300.0       4.9      16.4      0.87      2.00      2.90  -9999.00
     1   2005    124    7200.0       4.8      14.4      0.86      2.00      8.00  -9999.00
     1   2005    125   25900.0       2.0      17.2      0.71      2.00      0.00  -9999.00
     1   2005    126    4900.0       7.6      14.9      1.04      2.00      0.40  -9999.00
     1   2005    127   13300.0       9.0      13.4      1.15      2.00      5.00  -9999.00
     1   2005    128   25300.0       6.2      18.6      0.95      2.00      0.00  -9999.00
     1   2005    129   23100.0       5.8      20.8      0.92      2.00      0.00  -9999.00
     1   2005    130   22800.0       5.0      17.2      0.87      2.00      0.00  -9999.00
     1   2005    131   14300.0       5.4      19.5      0.90      2.00      0.00  -9999.00
     1   2005    132   18300.0       4.1      11.4      0.82      2.00      4.30  -9999.00
     1   2005    133    4300.0       6.5      11.9      0.97      2.00      2.40  -9999.00
     1   2005    134    5300.0       7.1      13.4      1.01      2.00      1.10  -9999.00
     1   2005    135   12800.0       9.8      11.9      1.21      2.00      0.00  -9999.00
     1   2005    136    9900.0       7.9      13.1      1.07      2.00      0.60  -9999.00
     1   2005    137   20700.0       8.1       8.4      1.08      2.00      1.30  -9999.00
     1   2005    138    9900.0      12.1      17.1      1.41      2.00      1.50  -9999.00
     1   2005    139    8200.0       8.4      21.7      1.10      2.00      3.00  -9999.00
     1   2005    140   26500.0       9.7      21.1      1.20      2.00      0.00  -9999.00
     1   2005    141    7800.0      10.2      16.5      1.24      2.00      5.10  -9999.00
     1   2005    142   23300.0       7.0      15.8      1.00      2.00      0.00  -9999.00
     1   2005    143   22000.0      10.0      13.7      1.23      2.00      1.90  -9999.00
     1   2005    144   11800.0       9.4      14.0      1.18      2.00      2.30  -9999.00
     1   2005    145   28100.0       9.6      14.6      1.20      2.00      0.00  -9999.00
     1   2005    146   17600.0       2.9      14.6      0.75      2.00      7.60  -9999.00
     1   2005    147   27400.0       1.9      15.1      0.70      2.00      0.00  -9999.00
     1   2005    148   10300.0       8.8      16.6      1.13      2.00      0.00  -9999.00
     1   2005    149   28100.0       7.1      19.5      1.01      2.00      0.00  -9999.00
     1   2005    150   16400.0       7.3      13.9      1.02      2.00      3.70  -9999.00
     1   2005    151   22800.0       9.4      16.2      1.18      2.00      0.40  -9999.00
     1   2005    152    5600.0       8.7      17.6      1.12      2.00      1.10  -9999.00
     1   2005    153   21900.0       4.1      22.0      0.82      2.00      0.00  -9999.00
     1   2005    154   28900.0       9.4      22.1      1.18      2.00      0.00  -9999.00
     1   2005    155   28500.0       8.9      18.1      1.14      2.00      0.70  -9999.00
     1   2005    156   19600.0       6.9      13.9      0.99      2.00      7.60  -9999.00
     1   2005    157   13000.0       9.8      12.1      1.21      2.00      0.40  -9999.00
     1   2005    158   25200.0       9.5      20.0      1.19      2.00      0.70  -9999.00
     1   2005    159   20000.0       5.7      17.4      0.92      2.00      1.80  -9999.00
     1   2005    160   26600.0       9.9      20.2      1.22      2.00      0.40  -9999.00
     1   2005    161   28500.0      11.1      19.5      1.32      2.00      0.00  -9999.00
     1   2005    162   30000.0       7.9      19.0      1.07      2.00      0.00  -9999.00
     1   2005    163    7900.0      11.3      20.5      1.34      2.00      0.00  -9999.00
     1   2005    164   13200.0       9.5      17.0      1.19      2.00      0.00  -9999.00
     1   2005    165   11200.0      11.3      16.8      1.34      2.00      0.00  -9999.00
     1   2005    166   29000.0       5.4      19.0      0.90      2.00      0.00  -9999.00
     1   2005    167   27400.0       6.4      19.5      0.96      2.00      0.00  -9999.00
     1   2005    168    5000.0       8.1      19.6      1.08      2.00      0.00  -9999.00
     1   2005    169   21900.0       8.1      22.0      1.08      2.00      0.00  -9999.00
     1   2005    170   20600.0      11.7      22.3      1.37      2.00      0.00  -9999.00
     1   2005    171   29500.0      15.8      24.4      1.79      2.00      0.00  -9999.00
     1   2005    172   22100.0       9.3      19.9      1.17      2.00      0.00  -9999.00
     1   2005    173   29300.0      11.8      22.9      1.38      2.00      0.00  -9999.00
     1   2005    174   12300.0      10.7      17.5      1.29      2.00     14.20  -9999.00
     1   2005    175   10800.0      13.0      17.6      1.50      2.00      9.00  -9999.00
     1   2005    176   28600.0      12.5      25.8      1.45      2.00      0.00  -9999.00
     1   2005    177   23700.0      13.9      23.7      1.59      2.00      0.00  -9999.00
     1   2005    178    4700.0       9.9      22.7      1.22      2.00      0.00  -9999.00
     1   2005    179   21600.0       5.7      18.5      0.92      2.00      3.60  -9999.00
     1   2005    180   16300.0      10.3      19.9      1.25      2.00      2.90  -9999.00
     1   2005    181   19900.0      12.5      20.0      1.45      2.00      0.00  -9999.00
     1   2005    182    5300.0      10.2      19.1      1.24      2.00      0.00  -9999.00
     1   2005    183   19600.0       7.6      20.7      1.04      2.00      0.00  -9999.00
     1   2005    184   14400.0      10.6      19.8      1.28      2.00      0.20  -9999.00
     1   2005    185   28900.0       5.7      23.1      0.92      2.00      0.00  -9999.00
     1   2005    186   17200.0      12.5      23.8      1.45      2.00      0.00  -9999.00
     1   2005    187   22000.0       8.7      21.9      1.12      2.00      0.00  -9999.00
     1   2005    188    6500.0      10.9      17.3      1.30      2.00      3.80  -9999.00
     1   2005    189   17700.0      13.9      15.2      1.59      2.00      1.00  -9999.00
     1   2005    190   11700.0       9.8      14.7      1.21      2.00      0.60  -9999.00
     1   2005    191   22300.0      11.4      18.5      1.35      2.00      3.20  -9999.00
     1   2005    192    9600.0      12.0      19.1      1.40      2.00      1.70  -9999.00
     1   2005    193   17100.0      10.0      21.2      1.23      2.00      0.00  -9999.00
     1   2005    194   27400.0      11.5      20.4      1.36      2.00      4.80  -9999.00
     1   2005    195   27100.0      12.2      27.4      1.42      2.00      0.00  -9999.00
     1   2005    196   19300.0      14.0      24.5      1.60      2.00      0.00  -9999.00
     1   2005    197   19200.0      17.7      21.4      2.02      2.00      0.00  -9999.00
     1   2005    198   25200.0      12.1      22.3      1.41      2.00      0.00  -9999.00
     1   2005    199   10200.0      11.6      20.4      1.37      2.00      0.00  -9999.00
     1   2005    200   25900.0      10.2      21.1      1.24      2.00      0.00  -9999.00
     1   2005    201   20100.0      11.9      18.0      1.39      2.00     18.60  -9999.00
     1   2005    202   19700.0       9.9      16.0      1.22      2.00     10.40  -9999.00
     1   2005    203   10800.0      12.2      16.9      1.42      2.00     19.70  -9999.00
     1   2005    204   10500.0       6.5      16.4      0.97      2.00      8.30  -9999.00
     1   2005    205    7600.0      11.9      14.1      1.39      2.00      4.90  -9999.00
     1   2005    206   24500.0      16.0      24.4      1.82      2.00      0.00  -9999.00
     1   2005    207   26500.0      15.7      25.0      1.78      2.00      0.00  -9999.00
     1   2005    208   16400.0      10.1      19.1      1.24      2.00      4.90  -9999.00
     1   2005    209   21600.0      13.7      18.7      1.57      2.00      0.20  -9999.00
     1   2005    210    6500.0       9.0      16.7      1.15      2.00      3.20  -9999.00
     1   2005    211   22800.0       8.2      16.3      1.09      2.00      2.10  -9999.00
     1   2005    212   14600.0      11.0      19.0      1.31      2.00      2.40  -9999.00
     1   2005    213   20500.0       6.8      19.0      0.99      2.00      0.00  -9999.00
     1   2005    214   24400.0      11.5      21.8      1.36      2.00     10.30  -9999.00
     1   2005    215   10800.0      14.2      20.0      1.62      2.00      8.70  -9999.00
     1   2005    216   23200.0      14.9      24.9      1.69      2.00      0.00  -9999.00
     1   2005    217    6000.0      11.4      21.0      1.35      2.00     20.20  -9999.00
     1   2005    218   17500.0      11.5      18.1      1.36      2.00     12.90  -9999.00
     1   2005    219   16800.0      14.9      16.9      1.69      2.00      6.00  -9999.00
     1   2005    220    6000.0      13.9      20.4      1.59      2.00     27.90  -9999.00
     1   2005    221   20700.0      12.7      20.6      1.47      2.00      0.00  -9999.00
     1   2005    222   16100.0      10.2      22.3      1.24      2.00      0.00  -9999.00
     1   2005    223   18700.0      14.0      21.9      1.60      2.00      0.40  -9999.00
     1   2005    224   17600.0      13.5      20.2      1.55      2.00      3.50  -9999.00
     1   2005    225   14400.0      15.2      19.5      1.73      2.00      0.40  -9999.00
     1   2005    226   20600.0      11.3      22.3      1.34      2.00      0.00  -9999.00
     1   2005    227   10600.0      12.6      18.7      1.46      2.00      0.00  -9999.00
     1   2005    228   20700.0      14.3      21.4      1.63      2.00      6.20  -9999.00
     1   2005    229    3800.0      18.1      20.8      2.08      2.00      0.90  -9999.00
     1   2005    230   18400.0      13.4      23.5      1.54      2.00      6.00  -9999.00
     1   2005    231   11600.0       9.4      21.3      1.18      2.00      9.40  -9999.00
     1   2005    232    4800.0      13.8      22.1      1.58      2.00      8.80  -9999.00
     1   2005    233   19700.0      14.8      32.6      1.68      2.00      3.50  -9999.00
     1   2005    234   14100.0      15.5      21.0      1.76      2.00      1.30  -9999.00
     1   2005    235    4700.0      15.5      19.6      1.76      2.00      3.90  -9999.00
     1   2005    236    9100.0      14.1      21.6      1.61      2.00      7.10  -9999.00
     1   2005    237    7400.0      11.6      23.7      1.37      2.00      0.40  -9999.00
     1   2005    238   19800.0      12.8      23.3      1.48      2.00      0.40  -9999.00
     1   2005    239   15100.0      14.4      23.0      1.64      2.00      0.00  -9999.00
     1   2005    240   17400.0      12.0      20.5      1.40      2.00      0.00  -9999.00
     1   2005    241   16000.0       8.4      21.7      1.10      2.00      0.00  -9999.00
     1   2005    242   19300.0       4.8      17.4      0.86      2.00      0.00  -9999.00
     1   2005    243    9000.0      11.4      17.3      1.35      2.00     16.70  -9999.00
     1   2005    244    9500.0      12.1      18.3      1.41      2.00      9.00  -9999.00
     1   2005    245    7600.0      13.5      22.2      1.55      2.00      0.00  -9999.00
     1   2005    246    5900.0       8.9      16.4      1.14      2.00      0.10  -9999.00
     1   2005    247   16900.0      11.6      16.2      1.37      2.00      0.00  -9999.00
     1   2005    248   11000.0      13.1      21.3      1.51      2.00      0.00  -9999.00
     1   2005    249   13700.0       9.5      20.8      1.19      2.00      0.10  -9999.00
     1   2005    250    2800.0      11.9      18.5      1.39      2.00      0.10  -9999.00
     1   2005    251   17900.0       8.5      16.9      1.11      2.00      0.00  -9999.00
     1   2005    252   18000.0      11.8      26.1      1.38      2.00      0.00  -9999.00
     1   2005    253   15100.0      12.8      22.7      1.48      2.00      0.00  -9999.00
     1   2005    254   14500.0      11.5      17.6      1.36      2.00      2.20  -9999.00
     1   2005    255   16500.0      13.3      18.6      1.53      2.00      0.00  -9999.00
     1   2005    256   13100.0      10.2      20.4      1.24      2.00      0.00  -9999.00
     1   2005    257   13000.0      11.3      19.7      1.34      2.00      5.40  -9999.00
     1   2005    258    4600.0      10.1      18.3      1.24      2.00      0.00  -9999.00
     1   2005    259   14400.0       6.3      20.4      0.95      2.00      0.00  -9999.00
     1   2005    260   10000.0      11.0      20.5      1.31      2.00      0.10  -9999.00
     1   2005    261    2400.0       6.9      21.1      0.99      2.00      0.00  -9999.00
     1   2005    262    9000.0       7.5      13.3      1.04      2.00      0.00  -9999.00
     1   2005    263    8500.0       9.5      16.5      1.19      2.00      0.00  -9999.00
     1   2005    264   11800.0      10.6      17.1      1.28      2.00      1.70  -9999.00
     1   2005    265    2800.0      11.3      17.6      1.34      2.00      4.40  -9999.00
     1   2005    266   11100.0      12.0      17.6      1.40      2.00      3.80  -9999.00
     1   2005    267   13600.0       9.8      15.4      1.21      2.00      0.00  -9999.00
     1   2005    268   10500.0      12.2      17.4      1.42      2.00      0.10  -9999.00
     1   2005    269   10300.0      10.6      16.6      1.28      2.00      0.20  -9999.00
     1   2005    270    2500.0       9.3      18.4      1.17      2.00      0.10  -9999.00
     1   2005    271   12600.0      13.6      17.6      1.56      2.00      3.50  -9999.00
     1   2005    272    2100.0       8.0      19.0      1.07      2.00      0.00  -9999.00
     1   2005    273   10600.0       9.6      18.8      1.20      2.00      0.10  -9999.00
     1   2005    274    4400.0       6.8      12.3      0.99      2.00      0.20  -9999.00
     1   2005    275    9300.0       2.1      13.5      0.71      2.00      0.00  -9999.00
     1   2005    276    6700.0       5.9      14.1      0.93      2.00      0.00  -9999.00
     1   2005    277   10800.0       7.4      16.0      1.03      2.00      0.00  -9999.00
     1   2005    278    2100.0      14.9      18.5      1.69      2.00      2.20  -9999.00
     1   2005    279    1900.0      14.7      16.3      1.67      2.00      0.00  -9999.00
     1   2005    280   12200.0       9.4      15.7      1.18      2.00      0.00  -9999.00
     1   2005    281    2200.0      11.3      17.6      1.34      2.00     12.90  -9999.00
     1   2005    282    1800.0      10.8      16.1      1.29      2.00      2.60  -9999.00
     1   2005    283    2000.0       9.3      18.5      1.17      2.00      1.00  -9999.00
     1   2005    284    2600.0       9.7      17.9      1.20      2.00      0.30  -9999.00
     1   2005    285    9300.0       9.0      18.9      1.15      2.00      0.10  -9999.00
     1   2005    286    8400.0       8.7      14.6      1.12      2.00      7.00  -9999.00
     1   2005    287   10900.0       8.8      15.5      1.13      2.00      0.00  -9999.00
     1   2005    288    7700.0       7.0      15.6      1.00      2.00      0.00  -9999.00
     1   2005    289    5800.0       4.8      13.5      0.86      2.00      0.00  -9999.00
     1   2005    290    6300.0       6.4      12.0      0.96      2.00      0.20  -9999.00
     1   2005    291    1400.0       6.1      13.7      0.94      2.00      0.00  -9999.00
     1   2005    292   10100.0       6.8      15.3      0.99      2.00      0.00  -9999.00
     1   2005    293   10300.0       3.2      15.7      0.77      2.00      0.00  -9999.00
     1   2005    294    4300.0       3.4       9.2      0.78      2.00      1.40  -9999.00
     1   2005    295    3600.0       5.8      10.2      0.92      2.00      3.40  -9999.00
     1   2005    296    3900.0      11.6      15.8      1.37      2.00      0.70  -9999.00
     1   2005    297    1500.0       7.5      17.9      1.04      2.00      0.00  -9999.00
     1   2005    298    4300.0       9.4      13.1      1.18      2.00     22.70  -9999.00
     1   2005    299    8200.0       6.4      12.2      0.96      2.00     11.30  -9999.00
     1   2005    300    1200.0       9.2      16.1      1.16      2.00      0.40  -9999.00
     1   2005    301    7400.0       9.7      15.1      1.20      2.00      0.20  -9999.00
     1   2005    302    7800.0       3.3       9.8      0.77      2.00      1.50  -9999.00
     1   2005    303    1400.0       0.2      11.4      0.62      2.00     11.90  -9999.00
     1   2005    304    1100.0       4.7      11.5      0.85      2.00     12.40  -9999.00
     1   2005    305    7400.0       3.3      11.1      0.77      2.00      0.00  -9999.00
     1   2005    306    8100.0      -2.7       5.5      0.50      2.00      0.00  -9999.00
     1   2005    307    4600.0      -0.1       9.9      0.61      2.00      0.50  -9999.00
     1   2005    308    1500.0       8.7      12.8      1.12      2.00      5.50  -9999.00
     1   2005    309    4800.0       6.0      11.5      0.93      2.00      0.40  -9999.00
     1   2005    310    1600.0       4.9       9.7      0.87      2.00      1.80  -9999.00
     1   2005    311    3800.0       1.4       7.4      0.68      2.00     13.80  -9999.00
     1   2005    312    5800.0       5.8      12.8      0.92      2.00     16.40  -9999.00
     1   2005    313    4400.0       6.7      10.4      0.98      2.00      1.80  -9999.00
     1   2005    314    4700.0       1.8      10.7      0.70      2.00      1.00  -9999.00
     1   2005    315    2600.0       2.5      11.3      0.73      2.00      0.10  -9999.00
     1   2005    316    5900.0       1.4       8.1      0.68      2.00      1.10  -9999.00
     1   2005    317     900.0      -1.7       7.2      0.54      2.00     27.30  -9999.00
     1   2005    318    2900.0      10.4      12.5      1.26      2.00      2.80  -9999.00
     1   2005    319    3100.0       5.3      11.0      0.89      2.00      8.10  -9999.00
     1   2005    320    1200.0       7.2      13.8      1.02      2.00      0.00  -9999.00
     1   2005    321    1000.0       2.8      12.5      0.75      2.00      0.00  -9999.00
     1   2005    322    1000.0       8.8       9.2      1.13      2.00      0.00  -9999.00
     1   2005    323     900.0       5.3      11.5      0.89      2.00      0.20  -9999.00
     1   2005    324    1100.0       4.6       8.3      0.85      2.00      0.10  -9999.00
     1   2005    325    2500.0       5.8       9.3      0.92      2.00      8.00  -9999.00
     1   2005    326    5000.0       0.4       6.2      0.63      2.00      0.10  -9999.00
     1   2005    327     900.0      -2.4       8.1      0.51      2.00      0.30  -9999.00
     1   2005    328     900.0       3.0      10.5      0.76      2.00      0.90  -9999.00
     1   2005    329    4400.0      -1.1       9.9      0.56      2.00      0.30  -9999.00
     1   2005    330     900.0       7.9       9.9      1.07      2.00      2.30  -9999.00
     1   2005    331    4800.0       5.7       7.7      0.92      2.00      4.70  -9999.00
     1   2005    332    1000.0      -0.5       6.8      0.59      2.00      2.40  -9999.00
     1   2005    333    4300.0      -1.3       4.8      0.56      2.00      0.00  -9999.00
     1   2005    334    1400.0       6.6      10.8      0.97      2.00      0.60  -9999.00
     1   2005    335    2000.0       4.6      10.9      0.85      2.00      0.10  -9999.00
     1   2005    336    4300.0       4.6      10.4      0.85      2.00      0.20  -9999.00
     1   2005    337     800.0       7.2      11.3      1.02      2.00      4.60  -9999.00
     1   2005    338     800.0       6.2       9.1      0.95      2.00      4.30  -9999.00
     1   2005    339    2000.0       8.1      10.1      1.08      2.00      3.00  -9999.00
     1   2005    340     700.0       7.1      10.9      1.01      2.00      1.80  -9999.00
     1   2005    341    3800.0       2.9      10.7      0.75      2.00     14.80  -9999.00
     1   2005    342    1200.0       0.5       6.2      0.63      2.00     10.70  -9999.00
     1   2005    343    3900.0       3.3       8.0      0.77      2.00      0.60  -9999.00
     1   2005    344    1400.0      -1.4       5.5      0.55      2.00      0.30  -9999.00
     1   2005    345     700.0       1.6       7.9      0.69      2.00      0.40  -9999.00
     1   2005    346     700.0       2.8      10.0      0.75      2.00      7.60  -9999.00
     1   2005    347    3800.0       0.4       6.3      0.63      2.00      0.00  -9999.00
     1   2005    348    3300.0      -1.3      -0.6      0.56      2.00      7.20  -9999.00
     1   2005    349    2400.0      -0.9       3.5      0.57      2.00      0.00  -9999.00
     1   2005    350    3100.0       3.9      12.3      0.81      2.00      0.00  -9999.00
     1   2005    351    1100.0       5.2      10.0      0.88      2.00      0.00  -9999.00
     1   2005    352     600.0       0.9       5.4      0.65      2.00      0.00  -9999.00
     1   2005    353     700.0       1.4       9.4      0.68      2.00      0.80  -9999.00
     1   2005    354    3900.0       3.3       6.5      0.77      2.00      0.00  -9999.00
     1   2005    355    3300.0       9.3      10.1      1.17      2.00      4.50  -9999.00
     1   2005    356    3400.0       9.5      11.3      1.19      2.00      0.10  -9999.00
     1   2005    357     700.0       3.6       8.2      0.79      2.00      3.10  -9999.00
     1   2005    358    2300.0      -4.1       4.0      0.45      2.00      0.00  -9999.00
     1   2005    359     700.0      -1.7       7.7      0.54      2.00      0.10  -9999.00
     1   2005    360     700.0       2.9       7.0      0.75      2.00      0.40  -9999.00
     1   2005    361    1500.0      -0.2       9.6      0.60      2.00      1.50  -9999.00
     1   2005    362    3200.0      -1.8       2.1      0.54      2.00      3.60  -9999.00
     1   2005    363     600.0      -1.6      -0.6      0.54      2.00      0.00  -9999.00
     1   2005    364     900.0       0.0       3.5      0.61      2.00      0.90  -9999.00
     1   2005    365     700.0      -0.1       1.9      0.61      2.00      0.00  -9999.00
