*-----------------------------------------------------------------------------* 
           WHWG_130.met           52.12    0.96   89.00
* Date created:  08-Aug-2019     Author: K Coleman 
* 
* NIL VALUE       -9999 
* Source:   data provided by M. Semenov 
*  
* Latitude:    52.12 Longitude:     0.96 Altitude:    89.00
* 
* Column  Daily value 
* 1       station number 
* 2       year 
* 3       day 
* 4       irradiation                   (kJ m-2 d-1) 
* 5       minimum temperature           (degrees Celsius) 
* 6       maximum temperature           (degrees Celsius) 
* 7       early morning vapour pressure (kPa)             
* 8       mean wind speed (height: 2 m?) (m s-1)          
* 9       precipitation                 (mm d-1)          
* 10      sunshine                      (hrs)             
 		Jday	RAD	    TMIN	TMAX	 VAP	wind	RAIN	SUN  
               kj/m2	°C	    °C	     kPa	m/s	    mm	    hrs 
   52.12  89.00
     1   2005      1     700.0      -0.6       0.2      0.58      2.00      0.00  -9999.00
     1   2005      2     800.0      -0.8       2.4      0.58      2.00      0.10  -9999.00
     1   2005      3    1300.0       0.4       2.4      0.63      2.00      8.50  -9999.00
     1   2005      4    2400.0       7.4      10.1      1.03      2.00      0.10  -9999.00
     1   2005      5     800.0       8.2       9.4      1.09      2.00      0.10  -9999.00
     1   2005      6     700.0      -3.6       6.7      0.47      2.00      4.30  -9999.00
     1   2005      7    2900.0       0.4       7.2      0.63      2.00     13.00  -9999.00
     1   2005      8    5100.0      -5.4       4.1      0.41      2.00      4.80  -9999.00
     1   2005      9     700.0      -0.2       4.0      0.60      2.00      0.60  -9999.00
     1   2005     10     700.0      -0.3       0.4      0.60      2.00      0.00  -9999.00
     1   2005     11     800.0      -2.3      -0.3      0.52      2.00      0.20  -9999.00
     1   2005     12    3900.0      -2.2       3.8      0.52      2.00      0.00  -9999.00
     1   2005     13    4300.0      -5.6      -3.6      0.40      2.00      0.40  -9999.00
     1   2005     14     800.0      -2.1       1.6      0.52      2.00      0.20  -9999.00
     1   2005     15    1300.0       0.3       3.9      0.62      2.00      0.00  -9999.00
     1   2005     16     800.0       4.7       7.5      0.85      2.00      0.20  -9999.00
     1   2005     17     800.0       2.0       7.6      0.71      2.00      2.70  -9999.00
     1   2005     18    4800.0      -0.3       6.2      0.60      2.00      0.10  -9999.00
     1   2005     19    1600.0       2.5       8.0      0.73      2.00      4.70  -9999.00
     1   2005     20     800.0       1.2       5.8      0.67      2.00     12.70  -9999.00
     1   2005     21     900.0       4.4       7.3      0.84      2.00      9.30  -9999.00
     1   2005     22     900.0       3.6      10.6      0.79      2.00      2.20  -9999.00
     1   2005     23    5300.0       1.0       7.6      0.66      2.00      0.00  -9999.00
     1   2005     24    5300.0       4.7       8.6      0.85      2.00      0.00  -9999.00
     1   2005     25    3100.0       1.2       9.3      0.67      2.00      0.00  -9999.00
     1   2005     26     900.0       2.9      11.2      0.75      2.00      0.20  -9999.00
     1   2005     27     900.0       1.5      10.7      0.68      2.00      3.90  -9999.00
     1   2005     28    2000.0      -0.5       5.9      0.59      2.00      0.00  -9999.00
     1   2005     29    1000.0       1.7       4.4      0.69      2.00      0.00  -9999.00
     1   2005     30    7100.0       0.3       5.0      0.62      2.00      0.00  -9999.00
     1   2005     31    4000.0      -2.1       4.6      0.52      2.00      0.00  -9999.00
     1   2005     32    6600.0       0.4       5.2      0.63      2.00      0.00  -9999.00
     1   2005     33     900.0       0.3       6.9      0.62      2.00      0.60  -9999.00
     1   2005     34    6200.0       0.3       8.3      0.62      2.00      0.30  -9999.00
     1   2005     35    1200.0      -1.6       8.0      0.54      2.00      1.00  -9999.00
     1   2005     36    1400.0       0.2       3.9      0.62      2.00      0.20  -9999.00
     1   2005     37    1800.0      -1.9       1.8      0.53      2.00     10.30  -9999.00
     1   2005     38    1400.0       3.3       7.0      0.77      2.00      0.10  -9999.00
     1   2005     39    5500.0       5.2       6.9      0.88      2.00      2.50  -9999.00
     1   2005     40    7300.0      -3.2       3.9      0.48      2.00      0.30  -9999.00
     1   2005     41    1200.0      -2.2       4.6      0.52      2.00      4.80  -9999.00
     1   2005     42    6900.0       1.9      10.0      0.70      2.00      2.40  -9999.00
     1   2005     43    1200.0       0.5       9.6      0.63      2.00      0.00  -9999.00
     1   2005     44    1500.0       1.5       8.8      0.68      2.00      7.40  -9999.00
     1   2005     45    4600.0       5.3       9.2      0.89      2.00      3.30  -9999.00
     1   2005     46    3700.0       0.0       3.9      0.61      2.00      0.60  -9999.00
     1   2005     47    4700.0      -1.6      -1.4      0.54      2.00      0.00  -9999.00
     1   2005     48    1600.0       1.6       6.2      0.69      2.00      0.00  -9999.00
     1   2005     49    8100.0       4.8       5.1      0.86      2.00      0.00  -9999.00
     1   2005     50    2400.0      -1.6       0.1      0.54      2.00      0.00  -9999.00
     1   2005     51    5500.0      -2.2      -1.3      0.52      2.00      0.00  -9999.00
     1   2005     52    9400.0      -1.1       3.1      0.56      2.00      0.00  -9999.00
     1   2005     53    3200.0       2.6       6.6      0.74      2.00      1.20  -9999.00
     1   2005     54    9300.0      -0.7       6.6      0.58      2.00      0.70  -9999.00
     1   2005     55    8300.0       0.7       4.5      0.64      2.00      0.50  -9999.00
     1   2005     56    3500.0       1.3       6.6      0.67      2.00      0.00  -9999.00
     1   2005     57    8300.0       4.1       6.1      0.82      2.00      1.20  -9999.00
     1   2005     58    5100.0       1.4       8.7      0.68      2.00      0.60  -9999.00
     1   2005     59    5300.0      -1.2       8.0      0.56      2.00      1.30  -9999.00
     1   2005     60    9600.0       1.2       6.3      0.67      2.00      1.30  -9999.00
     1   2005     61    4600.0       0.3       5.4      0.62      2.00      2.10  -9999.00
     1   2005     62    8600.0       2.7      10.6      0.74      2.00      0.00  -9999.00
     1   2005     63   10800.0       5.8      12.9      0.92      2.00      0.00  -9999.00
     1   2005     64    8800.0       0.8       5.1      0.65      2.00      7.80  -9999.00
     1   2005     65   14000.0       1.3       8.8      0.67      2.00      0.00  -9999.00
     1   2005     66   14300.0       1.4       2.9      0.68      2.00      0.00  -9999.00
     1   2005     67   10100.0       5.8       8.4      0.92      2.00      2.80  -9999.00
     1   2005     68    4300.0       1.0       3.2      0.66      2.00      0.00  -9999.00
     1   2005     69   11500.0      -0.3       4.7      0.60      2.00      0.00  -9999.00
     1   2005     70    6900.0       6.4      11.1      0.96      2.00      6.20  -9999.00
     1   2005     71    2200.0      10.3      10.8      1.25      2.00      5.40  -9999.00
     1   2005     72   11100.0       1.6       8.3      0.69      2.00      0.10  -9999.00
     1   2005     73    4600.0       2.6       9.0      0.74      2.00      4.70  -9999.00
     1   2005     74    2000.0       4.7      10.4      0.85      2.00      7.20  -9999.00
     1   2005     75   11900.0       3.2       9.3      0.77      2.00      7.30  -9999.00
     1   2005     76    8000.0       3.2       9.8      0.77      2.00      0.50  -9999.00
     1   2005     77    8500.0       3.4       7.9      0.78      2.00      0.10  -9999.00
     1   2005     78    2200.0       3.3      10.8      0.77      2.00      4.80  -9999.00
     1   2005     79   14000.0       2.9      11.0      0.75      2.00      0.10  -9999.00
     1   2005     80    4900.0       2.0      12.8      0.71      2.00      7.10  -9999.00
     1   2005     81    2200.0       0.2      10.7      0.62      2.00      1.00  -9999.00
     1   2005     82   10600.0       1.6       6.2      0.69      2.00      5.70  -9999.00
     1   2005     83    7200.0       1.0       7.5      0.66      2.00      2.10  -9999.00
     1   2005     84   15900.0       2.2      10.3      0.72      2.00      0.00  -9999.00
     1   2005     85    8000.0       0.4       5.9      0.63      2.00      0.00  -9999.00
     1   2005     86    2500.0       3.2      14.3      0.77      2.00      0.00  -9999.00
     1   2005     87   12800.0       0.7      16.0      0.64      2.00      0.00  -9999.00
     1   2005     88   13600.0       2.5      11.7      0.73      2.00      0.00  -9999.00
     1   2005     89   17200.0      -1.4      12.1      0.55      2.00      0.00  -9999.00
     1   2005     90   14200.0       4.1      13.6      0.82      2.00      0.00  -9999.00
     1   2005     91    4900.0       3.0      14.1      0.76      2.00      0.00  -9999.00
     1   2005     92   16000.0       6.0      12.0      0.93      2.00      0.00  -9999.00
     1   2005     93   14200.0       7.3       9.3      1.02      2.00      0.10  -9999.00
     1   2005     94    7500.0       4.9      15.6      0.87      2.00      0.00  -9999.00
     1   2005     95   11900.0       4.2      17.2      0.82      2.00      0.70  -9999.00
     1   2005     96   19300.0       3.1      13.1      0.76      2.00      3.60  -9999.00
     1   2005     97   19100.0       2.6      15.9      0.74      2.00      0.00  -9999.00
     1   2005     98   13200.0       0.5      11.1      0.63      2.00      3.80  -9999.00
     1   2005     99   16500.0       2.2      10.5      0.72      2.00      1.70  -9999.00
     1   2005    100    6000.0       1.8      10.0      0.70      2.00      0.00  -9999.00
     1   2005    101   15800.0       2.7       8.1      0.74      2.00      0.00  -9999.00
     1   2005    102   18900.0       6.0      10.9      0.93      2.00      0.60  -9999.00
     1   2005    103    8700.0       4.2      15.2      0.82      2.00      0.00  -9999.00
     1   2005    104   18500.0       3.4      10.5      0.78      2.00      0.00  -9999.00
     1   2005    105    7200.0       4.2      10.8      0.82      2.00      0.00  -9999.00
     1   2005    106   20700.0       4.9      11.7      0.87      2.00      0.00  -9999.00
     1   2005    107   10800.0       1.9      11.1      0.70      2.00      0.00  -9999.00
     1   2005    108   20000.0       4.6      16.2      0.85      2.00      0.00  -9999.00
     1   2005    109   18600.0       1.7      18.2      0.69      2.00      0.00  -9999.00
     1   2005    110   14900.0       2.3      11.5      0.72      2.00      0.30  -9999.00
     1   2005    111   21700.0       1.4      17.2      0.68      2.00      0.00  -9999.00
     1   2005    112    5400.0       4.8      15.1      0.86      2.00      1.30  -9999.00
     1   2005    113    3600.0       1.9      13.5      0.70      2.00      0.30  -9999.00
     1   2005    114   18500.0       3.6      15.5      0.79      2.00      0.00  -9999.00
     1   2005    115   16000.0       5.0      13.7      0.87      2.00      0.00  -9999.00
     1   2005    116   21800.0       7.4      19.3      1.03      2.00      0.00  -9999.00
     1   2005    117   18400.0       5.1      22.7      0.88      2.00      0.00  -9999.00
     1   2005    118    3700.0       5.9      12.8      0.93      2.00      1.50  -9999.00
     1   2005    119   23100.0       4.4      14.5      0.84      2.00      0.30  -9999.00
     1   2005    120   16100.0       8.7      18.1      1.12      2.00      2.90  -9999.00
     1   2005    121    3900.0       9.1      15.9      1.16      2.00      0.90  -9999.00
     1   2005    122   13900.0       5.5      17.4      0.90      2.00      0.00  -9999.00
     1   2005    123   13800.0       7.3      13.0      1.02      2.00      3.70  -9999.00
     1   2005    124   12900.0       6.1      11.2      0.94      2.00      0.60  -9999.00
     1   2005    125   26800.0       5.6      14.1      0.91      2.00      0.00  -9999.00
     1   2005    126   13400.0       3.9      10.8      0.81      2.00      0.50  -9999.00
     1   2005    127   25300.0       0.6      10.6      0.64      2.00      0.00  -9999.00
     1   2005    128   25200.0       9.2      21.6      1.16      2.00      0.00  -9999.00
     1   2005    129   24000.0       7.1      21.1      1.01      2.00      0.00  -9999.00
     1   2005    130   14000.0       7.4      14.5      1.03      2.00      0.00  -9999.00
     1   2005    131    6600.0      10.1      14.3      1.24      2.00      0.00  -9999.00
     1   2005    132    4600.0       5.8      18.1      0.92      2.00      0.00  -9999.00
     1   2005    133   21800.0       6.4      14.2      0.96      2.00      0.90  -9999.00
     1   2005    134   14100.0       8.8      19.1      1.13      2.00      3.00  -9999.00
     1   2005    135   26500.0       8.0      18.7      1.07      2.00      0.00  -9999.00
     1   2005    136   15600.0       9.2      18.3      1.16      2.00      0.00  -9999.00
     1   2005    137   10600.0       9.3      21.9      1.17      2.00      0.00  -9999.00
     1   2005    138   24200.0       9.5      20.7      1.19      2.00      0.00  -9999.00
     1   2005    139   17500.0       6.2      16.0      0.95      2.00      3.80  -9999.00
     1   2005    140   10500.0       7.6      22.3      1.04      2.00      0.00  -9999.00
     1   2005    141    4200.0       8.0      25.9      1.07      2.00     10.80  -9999.00
     1   2005    142   11200.0       9.5      14.3      1.19      2.00      1.00  -9999.00
     1   2005    143   27500.0       9.7      18.4      1.20      2.00      0.00  -9999.00
     1   2005    144    4300.0       5.9      14.1      0.93      2.00     11.00  -9999.00
     1   2005    145   20500.0       9.5      16.6      1.19      2.00      0.00  -9999.00
     1   2005    146   17600.0       9.7      20.7      1.20      2.00      1.80  -9999.00
     1   2005    147    5600.0       7.6      18.5      1.04      2.00     11.80  -9999.00
     1   2005    148   27800.0       6.6      14.7      0.97      2.00      0.00  -9999.00
     1   2005    149   20700.0       8.0      16.6      1.07      2.00      0.00  -9999.00
     1   2005    150    9900.0       7.8      16.9      1.06      2.00      1.30  -9999.00
     1   2005    151   17800.0      10.3      19.9      1.25      2.00      3.40  -9999.00
     1   2005    152   19600.0       7.8      15.5      1.06      2.00      2.70  -9999.00
     1   2005    153   26300.0       9.7      14.3      1.20      2.00      1.40  -9999.00
     1   2005    154   19600.0       8.4      19.3      1.10      2.00      3.10  -9999.00
     1   2005    155   21600.0       8.6      17.5      1.12      2.00      1.20  -9999.00
     1   2005    156    6100.0       7.8      16.8      1.06      2.00      0.30  -9999.00
     1   2005    157   23600.0       7.4      18.9      1.03      2.00      1.20  -9999.00
     1   2005    158   16600.0      10.8      17.7      1.29      2.00      0.40  -9999.00
     1   2005    159   20400.0      12.3      21.0      1.43      2.00      8.20  -9999.00
     1   2005    160   25300.0      10.6      18.7      1.28      2.00     10.20  -9999.00
     1   2005    161   13100.0      13.8      16.8      1.58      2.00     17.30  -9999.00
     1   2005    162   12100.0       8.4      17.1      1.10      2.00      7.60  -9999.00
     1   2005    163   28400.0       7.7      22.8      1.05      2.00      0.00  -9999.00
     1   2005    164   19700.0       5.8      17.7      0.92      2.00     16.70  -9999.00
     1   2005    165   14900.0       6.2      21.0      0.95      2.00      4.20  -9999.00
     1   2005    166   12000.0      10.3      21.1      1.25      2.00      0.00  -9999.00
     1   2005    167   26500.0      11.0      17.0      1.31      2.00      3.20  -9999.00
     1   2005    168    9400.0      11.1      18.0      1.32      2.00      0.40  -9999.00
     1   2005    169   24300.0       8.8      21.4      1.13      2.00      0.00  -9999.00
     1   2005    170   14300.0      10.4      16.0      1.26      2.00      6.50  -9999.00
     1   2005    171    4600.0       5.3      16.5      0.89      2.00      0.30  -9999.00
     1   2005    172   11900.0       8.3      19.5      1.09      2.00      0.50  -9999.00
     1   2005    173   25200.0      10.9      28.3      1.30      2.00      7.20  -9999.00
     1   2005    174   18200.0      10.2      18.9      1.24      2.00      0.90  -9999.00
     1   2005    175   20100.0      10.0      17.7      1.23      2.00      0.60  -9999.00
     1   2005    176   27100.0      12.8      19.3      1.48      2.00      0.00  -9999.00
     1   2005    177   28500.0      16.0      16.4      1.82      2.00      0.00  -9999.00
     1   2005    178    7100.0       9.3      17.8      1.17      2.00      0.00  -9999.00
     1   2005    179   25000.0       9.1      20.3      1.16      2.00      0.00  -9999.00
     1   2005    180   20700.0      10.4      22.6      1.26      2.00      0.00  -9999.00
     1   2005    181    5000.0      11.2      17.6      1.33      2.00      0.40  -9999.00
     1   2005    182    4700.0      11.2      20.2      1.33      2.00      1.60  -9999.00
     1   2005    183   24300.0      12.1      28.3      1.41      2.00      0.00  -9999.00
     1   2005    184   23000.0      13.4      27.6      1.54      2.00      1.70  -9999.00
     1   2005    185   25700.0      12.8      24.6      1.48      2.00      0.00  -9999.00
     1   2005    186   27200.0      12.1      21.4      1.41      2.00      0.00  -9999.00
     1   2005    187    7400.0       8.4      22.4      1.10      2.00      0.00  -9999.00
     1   2005    188   13700.0      10.8      21.5      1.29      2.00      0.00  -9999.00
     1   2005    189   20900.0      14.0      22.0      1.60      2.00      0.00  -9999.00
     1   2005    190   27700.0      12.6      24.4      1.46      2.00      0.00  -9999.00
     1   2005    191   25500.0      11.7      24.8      1.37      2.00      0.00  -9999.00
     1   2005    192   29200.0      11.4      20.7      1.35      2.00      0.00  -9999.00
     1   2005    193   25100.0      14.0      21.1      1.60      2.00      0.00  -9999.00
     1   2005    194   28500.0      11.3      23.3      1.34      2.00      0.00  -9999.00
     1   2005    195   23400.0      15.6      20.0      1.77      2.00     12.70  -9999.00
     1   2005    196   28200.0      10.9      17.8      1.30      2.00      0.80  -9999.00
     1   2005    197    9000.0      11.5      16.1      1.36      2.00      4.30  -9999.00
     1   2005    198    5100.0      10.5      17.6      1.27      2.00      0.10  -9999.00
     1   2005    199   27200.0       9.0      18.5      1.15      2.00      2.30  -9999.00
     1   2005    200   20300.0       9.0      15.3      1.15      2.00      1.60  -9999.00
     1   2005    201   25700.0      12.1      16.1      1.41      2.00      1.90  -9999.00
     1   2005    202    4700.0      11.8      22.7      1.38      2.00      0.00  -9999.00
     1   2005    203   26500.0       9.3      21.3      1.17      2.00      0.00  -9999.00
     1   2005    204   25700.0      11.9      22.8      1.39      2.00      0.00  -9999.00
     1   2005    205   26300.0      13.5      23.2      1.55      2.00      0.00  -9999.00
     1   2005    206   19400.0      15.7      24.8      1.78      2.00      0.00  -9999.00
     1   2005    207   18800.0      14.2      27.5      1.62      2.00      0.00  -9999.00
     1   2005    208   15300.0      13.4      23.9      1.54      2.00      0.00  -9999.00
     1   2005    209   16800.0      11.6      22.6      1.37      2.00      0.00  -9999.00
     1   2005    210    6100.0      14.3      23.6      1.63      2.00      0.80  -9999.00
     1   2005    211   16600.0      10.9      21.9      1.30      2.00      2.90  -9999.00
     1   2005    212   17000.0      12.0      20.0      1.40      2.00      3.80  -9999.00
     1   2005    213   17600.0      14.4      20.1      1.64      2.00      0.00  -9999.00
     1   2005    214   25100.0      14.0      21.5      1.60      2.00      0.00  -9999.00
     1   2005    215   23700.0      14.3      21.2      1.63      2.00      0.00  -9999.00
     1   2005    216   11200.0      13.5      22.4      1.55      2.00      0.00  -9999.00
     1   2005    217   19000.0      12.9      24.4      1.49      2.00      0.00  -9999.00
     1   2005    218   22300.0      12.5      23.5      1.45      2.00      0.00  -9999.00
     1   2005    219   19800.0      11.9      19.0      1.39      2.00      2.50  -9999.00
     1   2005    220    3900.0      13.0      18.5      1.50      2.00      0.40  -9999.00
     1   2005    221    3800.0      18.3      18.6      2.10      2.00      5.20  -9999.00
     1   2005    222   23200.0      14.2      20.5      1.62      2.00      1.20  -9999.00
     1   2005    223    6900.0      16.7      23.0      1.90      2.00      1.20  -9999.00
     1   2005    224   16000.0      13.8      25.3      1.58      2.00      0.00  -9999.00
     1   2005    225    5700.0      14.9      23.5      1.69      2.00      8.80  -9999.00
     1   2005    226   14100.0       7.2      17.3      1.02      2.00      0.60  -9999.00
     1   2005    227   14300.0       8.5      19.2      1.11      2.00      6.10  -9999.00
     1   2005    228    8900.0       7.3      19.4      1.02      2.00      0.10  -9999.00
     1   2005    229   22700.0       8.8      20.0      1.13      2.00      0.30  -9999.00
     1   2005    230   20600.0      13.5      20.5      1.55      2.00      2.30  -9999.00
     1   2005    231    3600.0      13.4      22.2      1.54      2.00      0.30  -9999.00
     1   2005    232    5100.0      14.5      20.5      1.65      2.00      3.70  -9999.00
     1   2005    233   11000.0      13.1      19.5      1.51      2.00      6.30  -9999.00
     1   2005    234    9400.0      10.7      19.9      1.29      2.00      4.40  -9999.00
     1   2005    235   14000.0      14.1      19.3      1.61      2.00      1.70  -9999.00
     1   2005    236    8800.0      15.2      22.7      1.73      2.00      3.00  -9999.00
     1   2005    237   14500.0      14.8      24.5      1.68      2.00      0.00  -9999.00
     1   2005    238   20200.0      10.4      20.2      1.26      2.00      0.00  -9999.00
     1   2005    239   20500.0      10.9      16.7      1.30      2.00      0.50  -9999.00
     1   2005    240   18000.0      12.7      20.3      1.47      2.00      0.80  -9999.00
     1   2005    241   16300.0      12.8      21.6      1.48      2.00      3.90  -9999.00
     1   2005    242   14300.0      13.2      21.5      1.52      2.00      1.00  -9999.00
     1   2005    243   11700.0      12.7      21.3      1.47      2.00      0.20  -9999.00
     1   2005    244   15900.0      11.6      25.4      1.37      2.00      4.00  -9999.00
     1   2005    245   13800.0      12.0      19.9      1.40      2.00     12.20  -9999.00
     1   2005    246    3900.0      10.2      19.6      1.24      2.00      0.40  -9999.00
     1   2005    247   14300.0       9.3      18.2      1.17      2.00      2.70  -9999.00
     1   2005    248   14700.0      15.4      23.1      1.75      2.00      0.40  -9999.00
     1   2005    249    5200.0      13.9      21.7      1.59      2.00      0.40  -9999.00
     1   2005    250    3900.0      11.2      19.7      1.33      2.00      0.10  -9999.00
     1   2005    251   13400.0      12.6      17.8      1.46      2.00      0.00  -9999.00
     1   2005    252    3100.0      11.7      17.4      1.37      2.00      0.10  -9999.00
     1   2005    253   14300.0       7.3      19.7      1.02      2.00      0.00  -9999.00
     1   2005    254   10700.0      11.8      19.5      1.38      2.00     14.60  -9999.00
     1   2005    255   11200.0      10.7      18.5      1.29      2.00      0.30  -9999.00
     1   2005    256    9700.0       5.8      16.4      0.92      2.00      0.20  -9999.00
     1   2005    257   17200.0       6.8      16.6      0.99      2.00      0.00  -9999.00
     1   2005    258   13300.0       8.8      18.7      1.13      2.00      0.00  -9999.00
     1   2005    259   11700.0       6.2      21.0      0.95      2.00      0.00  -9999.00
     1   2005    260   17000.0       7.2      16.2      1.02      2.00      0.00  -9999.00
     1   2005    261   11500.0      11.5      16.1      1.36      2.00      7.50  -9999.00
     1   2005    262   14500.0       9.3      16.0      1.17      2.00      0.20  -9999.00
     1   2005    263    4600.0       6.9      14.9      0.99      2.00      0.10  -9999.00
     1   2005    264    4900.0      11.5      18.1      1.36      2.00      0.00  -9999.00
     1   2005    265    8100.0      10.2      19.3      1.24      2.00      0.00  -9999.00
     1   2005    266    7000.0       5.0      18.0      0.87      2.00      0.00  -9999.00
     1   2005    267   13400.0       8.8      20.9      1.13      2.00      0.00  -9999.00
     1   2005    268   12200.0       9.5      19.6      1.19      2.00      0.00  -9999.00
     1   2005    269   16400.0      15.4      18.5      1.75      2.00      0.00  -9999.00
     1   2005    270   11000.0       9.6      14.7      1.20      2.00      0.00  -9999.00
     1   2005    271    2100.0      10.7      16.0      1.29      2.00      0.00  -9999.00
     1   2005    272    7100.0       8.9      18.4      1.14      2.00      0.00  -9999.00
     1   2005    273    8400.0      12.4      25.0      1.44      2.00      0.00  -9999.00
     1   2005    274   10800.0       5.5      15.9      0.90      2.00      0.00  -9999.00
     1   2005    275    2000.0       3.9      15.3      0.81      2.00      4.50  -9999.00
     1   2005    276   13600.0       9.4      15.3      1.18      2.00      0.50  -9999.00
     1   2005    277   11100.0       8.7      16.0      1.12      2.00      0.00  -9999.00
     1   2005    278    7800.0       9.9      16.3      1.22      2.00      0.00  -9999.00
     1   2005    279    7800.0      10.8      19.0      1.29      2.00      0.80  -9999.00
     1   2005    280    9000.0       9.1      15.2      1.16      2.00      0.00  -9999.00
     1   2005    281   10300.0       5.6      17.1      0.91      2.00      0.50  -9999.00
     1   2005    282    5600.0      11.8      18.8      1.38      2.00      0.30  -9999.00
     1   2005    283    2000.0      10.7      19.4      1.29      2.00      0.60  -9999.00
     1   2005    284    4000.0       7.4      15.4      1.03      2.00     29.10  -9999.00
     1   2005    285    3600.0       1.1      14.3      0.66      2.00      2.70  -9999.00
     1   2005    286    4400.0       6.8      14.1      0.99      2.00      0.20  -9999.00
     1   2005    287   10400.0       7.7      13.7      1.05      2.00      0.80  -9999.00
     1   2005    288    5300.0      10.4      16.3      1.26      2.00      0.10  -9999.00
     1   2005    289    8400.0      13.7      17.7      1.57      2.00      5.30  -9999.00
     1   2005    290    1400.0       7.2      12.0      1.02      2.00      0.50  -9999.00
     1   2005    291    1500.0       8.7      11.6      1.12      2.00      5.70  -9999.00
     1   2005    292    1400.0       7.1      11.4      1.01      2.00      3.40  -9999.00
     1   2005    293    9500.0       3.9      10.8      0.81      2.00      0.30  -9999.00
     1   2005    294    8100.0       7.2      13.4      1.02      2.00     11.40  -9999.00
     1   2005    295    6100.0       7.5      14.2      1.04      2.00      0.30  -9999.00
     1   2005    296    9400.0      11.3      15.5      1.34      2.00      0.10  -9999.00
     1   2005    297    6300.0       9.6      16.0      1.20      2.00      0.40  -9999.00
     1   2005    298    2800.0      10.0      14.8      1.23      2.00      0.10  -9999.00
     1   2005    299    6600.0       7.1      14.9      1.01      2.00      0.10  -9999.00
     1   2005    300    1800.0       4.7      11.3      0.85      2.00      8.60  -9999.00
     1   2005    301    1600.0       5.6      13.2      0.91      2.00      2.60  -9999.00
     1   2005    302    5100.0       2.0       7.3      0.71      2.00      0.90  -9999.00
     1   2005    303    2200.0       5.3       7.3      0.89      2.00      6.40  -9999.00
     1   2005    304    4600.0       5.4      13.7      0.90      2.00      0.80  -9999.00
     1   2005    305    4700.0       2.0      13.7      0.71      2.00      0.00  -9999.00
     1   2005    306    3500.0       6.6      14.4      0.97      2.00      8.90  -9999.00
     1   2005    307    1200.0       4.2      14.3      0.82      2.00      0.20  -9999.00
     1   2005    308    4700.0       8.8      12.2      1.13      2.00      2.20  -9999.00
     1   2005    309    1800.0       8.1      11.7      1.08      2.00      0.80  -9999.00
     1   2005    310    3200.0       4.2       8.7      0.82      2.00     19.80  -9999.00
     1   2005    311    4100.0       4.4       9.5      0.84      2.00      0.00  -9999.00
     1   2005    312    1000.0       3.2       8.5      0.77      2.00      0.00  -9999.00
     1   2005    313    4100.0       5.2      11.6      0.88      2.00      1.10  -9999.00
     1   2005    314    2000.0       0.5       8.0      0.63      2.00      0.00  -9999.00
     1   2005    315    1700.0       3.9      11.5      0.81      2.00      0.30  -9999.00
     1   2005    316     900.0       9.2      13.6      1.16      2.00     11.40  -9999.00
     1   2005    317    5200.0       8.6      11.4      1.12      2.00      0.00  -9999.00
     1   2005    318    2200.0      -0.1       5.9      0.61      2.00      0.00  -9999.00
     1   2005    319    3600.0      -0.4       4.2      0.59      2.00      0.00  -9999.00
     1   2005    320     900.0       3.6       8.9      0.79      2.00      0.60  -9999.00
     1   2005    321    1600.0       0.7       9.9      0.64      2.00      4.10  -9999.00
     1   2005    322    5600.0       7.4      10.8      1.03      2.00      1.00  -9999.00
     1   2005    323     800.0       7.4      11.5      1.03      2.00      3.40  -9999.00
     1   2005    324    2200.0       7.1       9.7      1.01      2.00      0.30  -9999.00
     1   2005    325    1600.0       2.5       9.1      0.73      2.00      0.00  -9999.00
     1   2005    326    1600.0       9.2       9.5      1.16      2.00      0.00  -9999.00
     1   2005    327    2700.0       7.0       7.9      1.00      2.00      2.40  -9999.00
     1   2005    328     800.0       1.5       5.6      0.68      2.00      0.90  -9999.00
     1   2005    329     800.0       4.8       8.3      0.86      2.00      2.50  -9999.00
     1   2005    330     800.0       2.4       9.1      0.73      2.00      0.20  -9999.00
     1   2005    331    1800.0      -3.8       6.8      0.46      2.00      0.00  -9999.00
     1   2005    332     900.0      -1.0       8.3      0.57      2.00      0.50  -9999.00
     1   2005    333     800.0       3.4       9.9      0.78      2.00      0.30  -9999.00
     1   2005    334    3100.0       3.6       9.5      0.79      2.00      0.20  -9999.00
     1   2005    335    5200.0       4.2       7.5      0.82      2.00      0.00  -9999.00
     1   2005    336    1800.0       0.0       7.7      0.61      2.00      1.00  -9999.00
     1   2005    337     700.0       2.4       6.2      0.73      2.00      1.00  -9999.00
     1   2005    338    4600.0      -2.5       4.4      0.51      2.00      0.20  -9999.00
     1   2005    339    4300.0      -0.6       5.7      0.58      2.00      0.40  -9999.00
     1   2005    340    2400.0       3.4       9.2      0.78      2.00      0.10  -9999.00
     1   2005    341     600.0       5.7       7.7      0.92      2.00      0.00  -9999.00
     1   2005    342     600.0       1.4       4.5      0.68      2.00      0.00  -9999.00
     1   2005    343     700.0      -2.0       8.2      0.53      2.00      0.20  -9999.00
     1   2005    344     700.0       1.5       6.7      0.68      2.00      5.40  -9999.00
     1   2005    345     700.0      -0.2       7.2      0.60      2.00      0.10  -9999.00
     1   2005    346    1400.0       1.8       7.0      0.70      2.00      0.70  -9999.00
     1   2005    347     800.0       4.0       7.1      0.81      2.00      0.20  -9999.00
     1   2005    348    4100.0      -0.8       4.0      0.58      2.00      0.00  -9999.00
     1   2005    349     600.0      -1.2       6.2      0.56      2.00      0.00  -9999.00
     1   2005    350     700.0       7.7      10.3      1.05      2.00      0.50  -9999.00
     1   2005    351    2500.0       4.1      12.1      0.82      2.00      0.30  -9999.00
     1   2005    352     700.0       2.6       6.4      0.74      2.00      3.80  -9999.00
     1   2005    353    1100.0       1.8       3.2      0.70      2.00     10.10  -9999.00
     1   2005    354     700.0       2.0       7.0      0.71      2.00      1.00  -9999.00
     1   2005    355     700.0       4.9       5.5      0.87      2.00      1.30  -9999.00
     1   2005    356     800.0      -0.6       5.7      0.58      2.00      1.10  -9999.00
     1   2005    357    1200.0      -1.9       2.8      0.53      2.00      0.20  -9999.00
     1   2005    358     700.0      -1.6       5.0      0.54      2.00      0.20  -9999.00
     1   2005    359     600.0       0.7       0.8      0.64      2.00      0.00  -9999.00
     1   2005    360     600.0      -2.2       1.3      0.52      2.00      0.00  -9999.00
     1   2005    361     600.0      -0.8       1.2      0.58      2.00      0.00  -9999.00
     1   2005    362    3200.0      -0.4       6.0      0.59      2.00      0.10  -9999.00
     1   2005    363    4200.0      -4.2       4.4      0.45      2.00      0.30  -9999.00
     1   2005    364     700.0       4.0      11.5      0.81      2.00      0.20  -9999.00
     1   2005    365     700.0       4.8       8.8      0.86      2.00      0.00  -9999.00
