*-----------------------------------------------------------------------------* 
           WHWG_240.met           52.12    0.96   89.00
* Date created:  08-Aug-2019     Author: K Coleman 
* 
* NIL VALUE       -9999 
* Source:   data provided by M. Semenov 
*  
* Latitude:    52.12 Longitude:     0.96 Altitude:    89.00
* 
* Column  Daily value 
* 1       station number 
* 2       year 
* 3       day 
* 4       irradiation                   (kJ m-2 d-1) 
* 5       minimum temperature           (degrees Celsius) 
* 6       maximum temperature           (degrees Celsius) 
* 7       early morning vapour pressure (kPa)             
* 8       mean wind speed (height: 2 m?) (m s-1)          
* 9       precipitation                 (mm d-1)          
* 10      sunshine                      (hrs)             
 		Jday	RAD	    TMIN	TMAX	 VAP	wind	RAIN	SUN  
               kj/m2	°C	    °C	     kPa	m/s	    mm	    hrs 
   52.12  89.00
     1   2005      1     700.0      -7.5       4.9      0.35      2.00      0.00  -9999.00
     1   2005      2     700.0       0.4       2.4      0.63      2.00      9.90  -9999.00
     1   2005      3     800.0      -0.9       1.1      0.57      2.00      2.30  -9999.00
     1   2005      4    1300.0       2.0       9.0      0.71      2.00      5.00  -9999.00
     1   2005      5    3000.0       1.9      10.3      0.70      2.00      0.00  -9999.00
     1   2005      6    2600.0       0.7       6.0      0.64      2.00      0.10  -9999.00
     1   2005      7     800.0       2.7       3.8      0.74      2.00      0.40  -9999.00
     1   2005      8    3800.0      -1.5       3.2      0.55      2.00      0.30  -9999.00
     1   2005      9    3300.0       1.0       3.0      0.66      2.00      0.30  -9999.00
     1   2005     10    2200.0       0.0       7.2      0.61      2.00      4.60  -9999.00
     1   2005     11     700.0       1.1       9.3      0.66      2.00     18.10  -9999.00
     1   2005     12    4200.0       1.1       6.6      0.66      2.00      0.70  -9999.00
     1   2005     13    4000.0      -0.7       7.6      0.58      2.00      0.10  -9999.00
     1   2005     14    2800.0      -0.2       8.1      0.60      2.00      4.90  -9999.00
     1   2005     15    3300.0      -0.9       8.2      0.57      2.00      8.00  -9999.00
     1   2005     16    2200.0       4.8      10.0      0.86      2.00      0.00  -9999.00
     1   2005     17    1500.0       2.8      13.0      0.75      2.00      1.60  -9999.00
     1   2005     18     700.0       0.3       6.9      0.62      2.00      1.30  -9999.00
     1   2005     19     800.0       2.8       7.7      0.75      2.00      2.70  -9999.00
     1   2005     20    3100.0       1.9      10.1      0.70      2.00      0.00  -9999.00
     1   2005     21    1000.0       1.3      10.9      0.67      2.00      0.10  -9999.00
     1   2005     22    3200.0       2.6       9.1      0.74      2.00      9.20  -9999.00
     1   2005     23     900.0       0.5       9.2      0.63      2.00      1.90  -9999.00
     1   2005     24    6000.0       3.6       8.1      0.79      2.00     10.00  -9999.00
     1   2005     25     900.0       3.9       7.5      0.81      2.00      7.00  -9999.00
     1   2005     26    5000.0      -0.5       2.9      0.59      2.00      0.00  -9999.00
     1   2005     27    2300.0       0.7       3.8      0.64      2.00      5.30  -9999.00
     1   2005     28    3700.0      -0.1       8.1      0.61      2.00      0.10  -9999.00
     1   2005     29    5300.0       0.6       8.7      0.64      2.00      4.40  -9999.00
     1   2005     30    4000.0       2.4       6.2      0.73      2.00      2.30  -9999.00
     1   2005     31    5400.0      -0.1       3.4      0.61      2.00      2.50  -9999.00
     1   2005     32    1000.0       1.2       8.1      0.67      2.00      6.30  -9999.00
     1   2005     33    4100.0      -0.9       9.1      0.57      2.00      0.00  -9999.00
     1   2005     34    6100.0      -1.4       4.4      0.55      2.00      1.50  -9999.00
     1   2005     35    1000.0      -2.7       3.6      0.50      2.00      0.00  -9999.00
     1   2005     36    2000.0      -0.2       8.3      0.60      2.00      0.00  -9999.00
     1   2005     37    5700.0      -0.3       6.7      0.60      2.00      0.00  -9999.00
     1   2005     38    4400.0      -0.2       6.9      0.60      2.00      0.00  -9999.00
     1   2005     39    1200.0       1.9       9.7      0.70      2.00      0.20  -9999.00
     1   2005     40    7800.0       1.4       6.2      0.68      2.00      0.00  -9999.00
     1   2005     41    1100.0      -0.5       3.6      0.59      2.00      0.00  -9999.00
     1   2005     42    1200.0      -1.1       4.1      0.56      2.00      1.70  -9999.00
     1   2005     43    5000.0      -2.6       3.0      0.50      2.00      7.40  -9999.00
     1   2005     44    2000.0      -3.4       4.9      0.48      2.00      2.60  -9999.00
     1   2005     45    7000.0      -0.5       6.8      0.59      2.00      0.00  -9999.00
     1   2005     46    1500.0       0.2       7.2      0.62      2.00      0.00  -9999.00
     1   2005     47    1300.0       3.2       6.7      0.77      2.00      0.00  -9999.00
     1   2005     48    8700.0      -1.0       1.6      0.57      2.00      0.00  -9999.00
     1   2005     49    7900.0      -1.4       4.1      0.55      2.00      0.00  -9999.00
     1   2005     50    4200.0      -1.2       3.2      0.56      2.00      0.00  -9999.00
     1   2005     51    1300.0      -0.6       1.4      0.58      2.00      0.00  -9999.00
     1   2005     52    8200.0       4.3      11.7      0.83      2.00      0.00  -9999.00
     1   2005     53    9100.0       3.4      10.0      0.78      2.00      0.00  -9999.00
     1   2005     54    7900.0       1.4       9.5      0.68      2.00      0.00  -9999.00
     1   2005     55    7800.0       5.3       8.5      0.89      2.00      0.00  -9999.00
     1   2005     56    2800.0      -0.6       4.3      0.58      2.00      0.40  -9999.00
     1   2005     57    1500.0      -0.1       3.3      0.61      2.00      0.00  -9999.00
     1   2005     58    2800.0      -0.2       5.2      0.60      2.00      0.00  -9999.00
     1   2005     59    2800.0       1.7       5.3      0.69      2.00      0.00  -9999.00
     1   2005     60    3400.0       4.3      11.0      0.83      2.00      0.00  -9999.00
     1   2005     61    1600.0       5.5      13.4      0.90      2.00      0.10  -9999.00
     1   2005     62    8300.0       5.5      13.6      0.90      2.00      0.00  -9999.00
     1   2005     63   12100.0       6.6      11.0      0.97      2.00      0.00  -9999.00
     1   2005     64    6100.0       2.9      16.4      0.75      2.00      0.40  -9999.00
     1   2005     65    7500.0       5.7      13.6      0.92      2.00      4.70  -9999.00
     1   2005     66    8400.0      -0.5       7.7      0.59      2.00      2.20  -9999.00
     1   2005     67    2000.0       1.2       5.2      0.67      2.00      0.50  -9999.00
     1   2005     68    3300.0       1.8      13.0      0.70      2.00      0.00  -9999.00
     1   2005     69    8500.0       2.6      10.6      0.74      2.00      0.00  -9999.00
     1   2005     70    2400.0       4.3      11.3      0.83      2.00      0.50  -9999.00
     1   2005     71   10300.0       7.3      14.4      1.02      2.00      0.60  -9999.00
     1   2005     72   11400.0       1.2       9.7      0.67      2.00      1.80  -9999.00
     1   2005     73    3800.0       0.3      11.9      0.62      2.00      1.40  -9999.00
     1   2005     74    2600.0       3.9      13.4      0.81      2.00      0.00  -9999.00
     1   2005     75    2100.0       6.8      10.8      0.99      2.00      1.70  -9999.00
     1   2005     76    9500.0       9.0      13.4      1.15      2.00      0.70  -9999.00
     1   2005     77    7800.0       7.2      10.5      1.02      2.00      1.80  -9999.00
     1   2005     78    9500.0       3.1       7.7      0.76      2.00      1.40  -9999.00
     1   2005     79    3900.0       4.0       5.6      0.81      2.00      0.10  -9999.00
     1   2005     80   10000.0      -1.1       7.1      0.56      2.00      0.30  -9999.00
     1   2005     81    5600.0      -5.7      10.7      0.40      2.00      0.00  -9999.00
     1   2005     82   13800.0       4.4      10.1      0.84      2.00      0.00  -9999.00
     1   2005     83    9800.0       3.4       8.4      0.78      2.00      0.30  -9999.00
     1   2005     84   15000.0       4.0      10.6      0.81      2.00      0.20  -9999.00
     1   2005     85    2300.0       5.9       7.8      0.93      2.00      1.00  -9999.00
     1   2005     86   15000.0      10.5      13.6      1.27      2.00      0.00  -9999.00
     1   2005     87   13000.0       6.7      12.5      0.98      2.00      0.00  -9999.00
     1   2005     88    2700.0       3.6      11.7      0.79      2.00      1.70  -9999.00
     1   2005     89   12800.0       2.2      11.7      0.72      2.00      0.00  -9999.00
     1   2005     90    6500.0       5.7      13.2      0.92      2.00      0.00  -9999.00
     1   2005     91   13300.0       4.6      11.9      0.85      2.00      0.30  -9999.00
     1   2005     92    3000.0       2.1      13.6      0.71      2.00      0.00  -9999.00
     1   2005     93   16500.0       0.4       9.8      0.63      2.00      0.10  -9999.00
     1   2005     94    5100.0       6.0      11.6      0.93      2.00      6.60  -9999.00
     1   2005     95   11900.0       5.5      12.0      0.90      2.00      3.00  -9999.00
     1   2005     96   12200.0       5.1      10.5      0.88      2.00      0.30  -9999.00
     1   2005     97    4100.0       6.5      12.9      0.97      2.00      0.00  -9999.00
     1   2005     98   10600.0       5.3      14.1      0.89      2.00      1.60  -9999.00
     1   2005     99   20700.0       2.3      14.4      0.72      2.00      0.00  -9999.00
     1   2005    100    3100.0       4.4      13.8      0.84      2.00      0.00  -9999.00
     1   2005    101   18400.0       2.7       9.7      0.74      2.00      0.70  -9999.00
     1   2005    102    4900.0       5.5      12.0      0.90      2.00      4.00  -9999.00
     1   2005    103   20700.0       4.6      12.7      0.85      2.00      0.00  -9999.00
     1   2005    104   19100.0       4.0      11.8      0.81      2.00      1.40  -9999.00
     1   2005    105   14700.0       3.4       9.6      0.78      2.00      4.40  -9999.00
     1   2005    106   16400.0       2.9       9.7      0.75      2.00      0.90  -9999.00
     1   2005    107    3700.0       2.7       8.5      0.74      2.00      0.40  -9999.00
     1   2005    108   21500.0       3.3      16.2      0.77      2.00      0.00  -9999.00
     1   2005    109   16500.0       1.0      16.8      0.66      2.00     22.30  -9999.00
     1   2005    110   20700.0       5.8      11.7      0.92      2.00      0.10  -9999.00
     1   2005    111    7900.0       3.6      16.8      0.79      2.00      0.00  -9999.00
     1   2005    112    6800.0       5.4      13.0      0.90      2.00      5.70  -9999.00
     1   2005    113   14600.0       3.2      11.4      0.77      2.00      2.10  -9999.00
     1   2005    114   14100.0       4.3      11.2      0.83      2.00      0.50  -9999.00
     1   2005    115    7500.0       6.3      12.2      0.95      2.00      5.60  -9999.00
     1   2005    116    8200.0       3.1      11.6      0.76      2.00      0.50  -9999.00
     1   2005    117   13600.0       0.1       9.2      0.62      2.00      4.30  -9999.00
     1   2005    118   22600.0       5.9      13.9      0.93      2.00      0.70  -9999.00
     1   2005    119   20000.0      11.1      15.5      1.32      2.00      0.40  -9999.00
     1   2005    120   13900.0       7.2      12.2      1.02      2.00      0.40  -9999.00
     1   2005    121    9300.0       5.4      14.7      0.90      2.00      2.70  -9999.00
     1   2005    122   15200.0       3.6      14.2      0.79      2.00      0.40  -9999.00
     1   2005    123   15600.0       7.1      14.3      1.01      2.00      7.60  -9999.00
     1   2005    124   23900.0       3.9      12.3      0.81      2.00      2.40  -9999.00
     1   2005    125    8500.0       0.2      13.4      0.62      2.00     15.90  -9999.00
     1   2005    126   19700.0       6.3      11.5      0.95      2.00      0.00  -9999.00
     1   2005    127   14200.0       4.7      13.9      0.85      2.00      0.00  -9999.00
     1   2005    128   19100.0       5.4      14.4      0.90      2.00      0.00  -9999.00
     1   2005    129   26800.0       8.8      12.2      1.13      2.00      0.00  -9999.00
     1   2005    130   25200.0       1.2      15.5      0.67      2.00      0.00  -9999.00
     1   2005    131   21800.0       5.8      13.3      0.92      2.00      0.00  -9999.00
     1   2005    132    4000.0       7.0      13.8      1.00      2.00      9.60  -9999.00
     1   2005    133   21200.0       2.5      16.8      0.73      2.00      0.00  -9999.00
     1   2005    134   26400.0       6.5      12.7      0.97      2.00      0.00  -9999.00
     1   2005    135   20900.0       5.3      11.0      0.89      2.00      0.00  -9999.00
     1   2005    136    4600.0       5.9      14.5      0.93      2.00      0.00  -9999.00
     1   2005    137   10800.0       9.2      15.3      1.16      2.00      0.00  -9999.00
     1   2005    138   14100.0      11.1      18.3      1.32      2.00      3.30  -9999.00
     1   2005    139    5500.0      11.4      20.3      1.35      2.00      6.10  -9999.00
     1   2005    140   26500.0      10.9      17.4      1.30      2.00      0.00  -9999.00
     1   2005    141   25000.0      10.6      17.2      1.28      2.00     12.00  -9999.00
     1   2005    142    8300.0       8.3      13.7      1.09      2.00      1.70  -9999.00
     1   2005    143    9300.0       9.5      11.5      1.19      2.00      0.60  -9999.00
     1   2005    144   24800.0       6.4      18.0      0.96      2.00      0.00  -9999.00
     1   2005    145    4300.0       9.5      15.5      1.19      2.00      2.00  -9999.00
     1   2005    146   26100.0       9.9      21.4      1.22      2.00      0.00  -9999.00
     1   2005    147   26600.0      10.5      17.7      1.27      2.00      0.30  -9999.00
     1   2005    148    7500.0       3.7      12.6      0.80      2.00      0.40  -9999.00
     1   2005    149   19800.0       5.2      13.9      0.88      2.00      0.60  -9999.00
     1   2005    150   24600.0       8.5      14.2      1.11      2.00      0.40  -9999.00
     1   2005    151   26100.0       7.6      17.5      1.04      2.00      0.00  -9999.00
     1   2005    152   11400.0       3.3      14.3      0.77      2.00      1.30  -9999.00
     1   2005    153   29100.0       8.6      14.6      1.12      2.00      0.00  -9999.00
     1   2005    154   28700.0       8.3      18.2      1.09      2.00      0.00  -9999.00
     1   2005    155   21200.0       6.7      18.1      0.98      2.00      0.00  -9999.00
     1   2005    156   22600.0       8.9      15.4      1.14      2.00      2.60  -9999.00
     1   2005    157   17500.0       9.8      16.2      1.21      2.00      0.50  -9999.00
     1   2005    158   18100.0      10.4      18.6      1.26      2.00      0.70  -9999.00
     1   2005    159   27900.0       6.9      20.1      0.99      2.00      0.00  -9999.00
     1   2005    160   18700.0      10.3      16.0      1.25      2.00      0.50  -9999.00
     1   2005    161   17200.0      13.3      15.0      1.53      2.00      5.80  -9999.00
     1   2005    162   29900.0       8.6      18.6      1.12      2.00      0.00  -9999.00
     1   2005    163   28900.0       7.0      16.5      1.00      2.00      0.00  -9999.00
     1   2005    164   28800.0       8.8      23.2      1.13      2.00      0.00  -9999.00
     1   2005    165   29500.0      10.8      21.5      1.29      2.00      0.00  -9999.00
     1   2005    166   25500.0       9.7      21.8      1.20      2.00      0.00  -9999.00
     1   2005    167   28500.0       8.9      25.5      1.14      2.00      0.00  -9999.00
     1   2005    168   15600.0      10.1      18.5      1.24      2.00      0.00  -9999.00
     1   2005    169   11900.0      10.0      19.5      1.23      2.00      9.30  -9999.00
     1   2005    170   29200.0       9.2      22.7      1.16      2.00      0.00  -9999.00
     1   2005    171   15200.0      10.5      18.8      1.27      2.00      0.70  -9999.00
     1   2005    172    9700.0      10.1      13.3      1.24      2.00      0.70  -9999.00
     1   2005    173   18900.0      12.4      14.4      1.44      2.00      0.30  -9999.00
     1   2005    174   20300.0       8.5      18.0      1.11      2.00      0.90  -9999.00
     1   2005    175    4700.0       7.2      20.0      1.02      2.00      5.00  -9999.00
     1   2005    176   12400.0       8.5      18.0      1.11      2.00      0.60  -9999.00
     1   2005    177   30000.0      11.2      18.4      1.33      2.00      0.00  -9999.00
     1   2005    178    5200.0       6.1      20.1      0.94      2.00      0.00  -9999.00
     1   2005    179   27900.0       8.3      21.7      1.09      2.00      0.00  -9999.00
     1   2005    180   10400.0      12.4      21.4      1.44      2.00      0.00  -9999.00
     1   2005    181   23300.0      13.5      22.3      1.55      2.00      0.00  -9999.00
     1   2005    182   28300.0      13.7      22.3      1.57      2.00      0.00  -9999.00
     1   2005    183    8300.0      15.3      26.9      1.74      2.00      0.00  -9999.00
     1   2005    184   19700.0      14.0      23.6      1.60      2.00      0.00  -9999.00
     1   2005    185   25600.0      13.1      23.1      1.51      2.00      0.00  -9999.00
     1   2005    186   28700.0      13.6      23.4      1.56      2.00      0.00  -9999.00
     1   2005    187   17300.0      13.0      26.5      1.50      2.00      0.00  -9999.00
     1   2005    188   21800.0      11.9      18.5      1.39      2.00      1.00  -9999.00
     1   2005    189    4900.0      11.2      18.0      1.33      2.00      9.00  -9999.00
     1   2005    190   26200.0      13.8      29.1      1.58      2.00      9.20  -9999.00
     1   2005    191   27300.0      13.0      27.7      1.50      2.00      0.00  -9999.00
     1   2005    192   23600.0      10.8      19.2      1.29      2.00      1.00  -9999.00
     1   2005    193   15500.0      13.1      22.1      1.51      2.00      1.10  -9999.00
     1   2005    194   15200.0      11.4      20.1      1.35      2.00      1.00  -9999.00
     1   2005    195   27000.0      10.7      22.2      1.29      2.00      0.00  -9999.00
     1   2005    196   24400.0      12.1      20.1      1.41      2.00      0.80  -9999.00
     1   2005    197    4100.0       4.6      24.2      0.85      2.00      0.70  -9999.00
     1   2005    198   26900.0      16.6      24.9      1.89      2.00      0.00  -9999.00
     1   2005    199   19500.0      14.1      22.6      1.61      2.00      0.00  -9999.00
     1   2005    200    9900.0      10.7      16.7      1.29      2.00      0.60  -9999.00
     1   2005    201   13200.0       9.2      18.7      1.16      2.00      0.40  -9999.00
     1   2005    202   24400.0      14.3      24.6      1.63      2.00      0.00  -9999.00
     1   2005    203   28800.0      11.2      22.9      1.33      2.00      0.00  -9999.00
     1   2005    204    8000.0      14.2      24.9      1.62      2.00      0.00  -9999.00
     1   2005    205   26200.0      14.8      31.1      1.68      2.00      0.00  -9999.00
     1   2005    206   21400.0       9.4      20.9      1.18      2.00      0.00  -9999.00
     1   2005    207   23700.0       9.8      15.9      1.21      2.00      7.70  -9999.00
     1   2005    208   19100.0       6.9      17.1      0.99      2.00      7.60  -9999.00
     1   2005    209   24900.0       6.9      21.5      0.99      2.00      0.00  -9999.00
     1   2005    210   14900.0      10.2      17.1      1.24      2.00      1.20  -9999.00
     1   2005    211    6000.0      11.1      18.9      1.32      2.00      0.00  -9999.00
     1   2005    212   19000.0      13.2      20.5      1.52      2.00      0.90  -9999.00
     1   2005    213   18800.0      10.2      26.5      1.24      2.00      0.00  -9999.00
     1   2005    214   25300.0      12.0      18.0      1.40      2.00      0.00  -9999.00
     1   2005    215   17300.0      11.7      21.9      1.37      2.00      0.00  -9999.00
     1   2005    216   11900.0      13.9      21.9      1.59      2.00      0.00  -9999.00
     1   2005    217   21000.0      14.2      20.6      1.62      2.00      0.70  -9999.00
     1   2005    218   10800.0      12.9      20.7      1.49      2.00      1.70  -9999.00
     1   2005    219    8100.0      11.3      21.8      1.34      2.00     10.40  -9999.00
     1   2005    220   19400.0      14.7      30.1      1.67      2.00      0.00  -9999.00
     1   2005    221   22400.0      12.3      31.1      1.43      2.00      0.00  -9999.00
     1   2005    222   15700.0      13.0      21.3      1.50      2.00      8.70  -9999.00
     1   2005    223   15000.0      12.9      22.5      1.49      2.00      0.00  -9999.00
     1   2005    224    6000.0      12.6      21.0      1.46      2.00      3.50  -9999.00
     1   2005    225   14400.0      11.3      20.5      1.34      2.00      1.00  -9999.00
     1   2005    226   19100.0      12.3      24.7      1.43      2.00      0.00  -9999.00
     1   2005    227   20300.0      16.3      27.2      1.85      2.00      0.00  -9999.00
     1   2005    228    9400.0      12.2      22.1      1.42      2.00      4.10  -9999.00
     1   2005    229   19400.0      14.3      28.7      1.63      2.00      0.00  -9999.00
     1   2005    230   10500.0      13.6      21.3      1.56      2.00      0.50  -9999.00
     1   2005    231   10800.0      13.5      20.2      1.55      2.00      8.60  -9999.00
     1   2005    232   16700.0      11.1      21.3      1.32      2.00      0.00  -9999.00
     1   2005    233   22800.0      10.2      18.7      1.24      2.00      0.00  -9999.00
     1   2005    234   24400.0      12.4      22.4      1.44      2.00      0.00  -9999.00
     1   2005    235   20100.0      11.8      21.2      1.38      2.00      0.40  -9999.00
     1   2005    236    3400.0      12.6      21.2      1.46      2.00      2.10  -9999.00
     1   2005    237    7100.0      18.3      21.6      2.10      2.00      3.70  -9999.00
     1   2005    238   12900.0      13.3      25.2      1.53      2.00      0.00  -9999.00
     1   2005    239   18900.0      10.2      22.8      1.24      2.00      0.00  -9999.00
     1   2005    240   22100.0      12.0      21.1      1.40      2.00      0.00  -9999.00
     1   2005    241   13100.0      15.1      16.8      1.72      2.00      0.00  -9999.00
     1   2005    242   15900.0      13.9      19.4      1.59      2.00      3.50  -9999.00
     1   2005    243   11500.0      11.1      21.3      1.32      2.00      2.10  -9999.00
     1   2005    244    3200.0      10.4      19.5      1.26      2.00      0.10  -9999.00
     1   2005    245    4600.0      12.7      17.0      1.47      2.00      0.60  -9999.00
     1   2005    246   10600.0       7.9      19.4      1.07      2.00      1.40  -9999.00
     1   2005    247   12600.0       9.9      23.7      1.22      2.00      0.00  -9999.00
     1   2005    248   20100.0       9.6      17.4      1.20      2.00      0.00  -9999.00
     1   2005    249    5100.0      11.3      18.9      1.34      2.00      0.00  -9999.00
     1   2005    250   17600.0      14.3      22.3      1.63      2.00      0.00  -9999.00
     1   2005    251    3400.0      15.9      19.9      1.81      2.00      1.60  -9999.00
     1   2005    252   14400.0      16.0      19.9      1.82      2.00      0.00  -9999.00
     1   2005    253   11600.0      11.3      20.5      1.34      2.00      0.10  -9999.00
     1   2005    254    3500.0      10.6      17.9      1.28      2.00      0.10  -9999.00
     1   2005    255    3500.0      12.4      17.3      1.44      2.00      3.80  -9999.00
     1   2005    256    9100.0       2.5      17.5      0.73      2.00      0.00  -9999.00
     1   2005    257    3500.0       6.5      18.7      0.97      2.00      0.00  -9999.00
     1   2005    258   14300.0       9.2      17.1      1.16      2.00      0.00  -9999.00
     1   2005    259    2600.0       6.5      17.7      0.97      2.00      0.00  -9999.00
     1   2005    260    2600.0      10.3      16.7      1.25      2.00      0.10  -9999.00
     1   2005    261   15000.0       9.8      17.7      1.21      2.00      0.90  -9999.00
     1   2005    262    5800.0      10.7      15.8      1.29      2.00      0.00  -9999.00
     1   2005    263   11200.0       9.5      15.5      1.19      2.00      0.00  -9999.00
     1   2005    264   14500.0       9.8      20.0      1.21      2.00      0.00  -9999.00
     1   2005    265    9400.0       9.5      17.4      1.19      2.00      3.30  -9999.00
     1   2005    266    2200.0       9.7      16.1      1.20      2.00      0.00  -9999.00
     1   2005    267    2600.0      12.8      16.2      1.48      2.00      0.10  -9999.00
     1   2005    268   12400.0      13.1      17.5      1.51      2.00      0.10  -9999.00
     1   2005    269    3900.0       8.3      18.6      1.09      2.00      0.00  -9999.00
     1   2005    270   11800.0      13.0      17.8      1.50      2.00      0.00  -9999.00
     1   2005    271    2600.0      13.8      18.7      1.58      2.00      0.60  -9999.00
     1   2005    272    3800.0      11.8      19.3      1.38      2.00      2.10  -9999.00
     1   2005    273   12600.0       8.6      17.0      1.12      2.00      0.80  -9999.00
     1   2005    274    2200.0       9.5      17.1      1.19      2.00      0.60  -9999.00
     1   2005    275   12000.0      13.4      16.2      1.54      2.00      0.30  -9999.00
     1   2005    276   12300.0      11.1      19.4      1.32      2.00      0.00  -9999.00
     1   2005    277   13500.0       9.3      17.1      1.17      2.00      1.80  -9999.00
     1   2005    278   11700.0       4.6      15.3      0.85      2.00      0.00  -9999.00
     1   2005    279   10900.0       4.7      16.7      0.85      2.00      0.00  -9999.00
     1   2005    280    5800.0       9.9      18.5      1.22      2.00      0.00  -9999.00
     1   2005    281    4700.0      12.5      19.4      1.45      2.00      5.50  -9999.00
     1   2005    282    6300.0       9.3      17.0      1.17      2.00      1.80  -9999.00
     1   2005    283    1700.0       7.3      16.8      1.02      2.00      0.00  -9999.00
     1   2005    284    1700.0       4.4      14.2      0.84      2.00      2.60  -9999.00
     1   2005    285    1800.0       5.5      15.6      0.90      2.00      0.00  -9999.00
     1   2005    286    5800.0       8.6      17.2      1.12      2.00      0.00  -9999.00
     1   2005    287    8500.0      11.0      20.5      1.31      2.00      3.20  -9999.00
     1   2005    288   10800.0       7.0      14.6      1.00      2.00      0.00  -9999.00
     1   2005    289    7500.0       9.2      13.6      1.16      2.00      0.00  -9999.00
     1   2005    290    2700.0       6.6      13.9      0.97      2.00      0.00  -9999.00
     1   2005    291    5100.0       4.6      12.5      0.85      2.00      1.10  -9999.00
     1   2005    292    8500.0       5.3      13.5      0.89      2.00      6.70  -9999.00
     1   2005    293    3500.0       9.6      12.4      1.20      2.00      0.40  -9999.00
     1   2005    294    4500.0       8.7      13.1      1.12      2.00      0.00  -9999.00
     1   2005    295    8400.0       5.0      13.0      0.87      2.00      0.00  -9999.00
     1   2005    296    9500.0       3.5      10.0      0.78      2.00      0.00  -9999.00
     1   2005    297    4000.0       3.0      12.2      0.76      2.00      0.00  -9999.00
     1   2005    298    9100.0       5.4      13.8      0.90      2.00      0.00  -9999.00
     1   2005    299    5000.0       8.8      11.3      1.13      2.00      0.00  -9999.00
     1   2005    300    1200.0       9.2      14.6      1.16      2.00      0.00  -9999.00
     1   2005    301    5400.0       5.2      16.6      0.88      2.00      0.00  -9999.00
     1   2005    302    2300.0       7.2      13.5      1.02      2.00      7.90  -9999.00
     1   2005    303    3700.0       8.8      16.4      1.13      2.00      0.40  -9999.00
     1   2005    304    2900.0       8.6      13.7      1.12      2.00      5.30  -9999.00
     1   2005    305    1500.0       8.8      12.2      1.13      2.00      2.10  -9999.00
     1   2005    306    1100.0       3.4      11.2      0.78      2.00      2.00  -9999.00
     1   2005    307    2400.0       6.3       9.7      0.95      2.00      0.20  -9999.00
     1   2005    308    1800.0       2.5       5.8      0.73      2.00      0.00  -9999.00
     1   2005    309    2400.0       3.3       9.7      0.77      2.00      6.40  -9999.00
     1   2005    310    5900.0       4.7      11.9      0.85      2.00      0.00  -9999.00
     1   2005    311    2700.0       7.0      13.8      1.00      2.00      0.10  -9999.00
     1   2005    312    6800.0       4.5       9.4      0.84      2.00      0.00  -9999.00
     1   2005    313    1000.0       8.0      13.0      1.07      2.00      0.10  -9999.00
     1   2005    314    4300.0       3.0      10.2      0.76      2.00      9.70  -9999.00
     1   2005    315    1000.0       1.0       9.6      0.66      2.00      3.10  -9999.00
     1   2005    316    5600.0       4.8       6.9      0.86      2.00      0.00  -9999.00
     1   2005    317    4000.0       7.0       9.0      1.00      2.00      0.30  -9999.00
     1   2005    318    1000.0       7.5      11.2      1.04      2.00      0.40  -9999.00
     1   2005    319     900.0       3.2      12.4      0.77      2.00      0.40  -9999.00
     1   2005    320    3700.0      -0.2       7.7      0.60      2.00      0.00  -9999.00
     1   2005    321     800.0       3.1       7.2      0.76      2.00      0.80  -9999.00
     1   2005    322    1400.0       0.0       9.4      0.61      2.00      0.40  -9999.00
     1   2005    323     900.0       2.1      10.7      0.71      2.00      3.90  -9999.00
     1   2005    324     900.0       4.8       9.9      0.86      2.00      5.40  -9999.00
     1   2005    325    1100.0       4.4       9.0      0.84      2.00      5.00  -9999.00
     1   2005    326     900.0      -1.2       7.4      0.56      2.00      0.30  -9999.00
     1   2005    327    5600.0       0.8       6.0      0.65      2.00      5.40  -9999.00
     1   2005    328    3900.0       6.6      12.4      0.97      2.00      0.90  -9999.00
     1   2005    329     800.0       2.7      11.9      0.74      2.00      0.20  -9999.00
     1   2005    330    2400.0       8.4       9.0      1.10      2.00      0.00  -9999.00
     1   2005    331     800.0       8.8      10.8      1.13      2.00      1.70  -9999.00
     1   2005    332    5200.0       1.4       9.3      0.68      2.00      0.00  -9999.00
     1   2005    333     800.0       3.8       9.7      0.80      2.00     11.50  -9999.00
     1   2005    334     700.0       1.8       8.1      0.70      2.00      8.30  -9999.00
     1   2005    335    4400.0      -1.7       5.7      0.54      2.00      0.00  -9999.00
     1   2005    336     800.0      -4.1       3.0      0.45      2.00      3.70  -9999.00
     1   2005    337    1100.0      -0.6       6.9      0.58      2.00      6.70  -9999.00
     1   2005    338    3100.0       0.4       5.9      0.63      2.00      0.10  -9999.00
     1   2005    339     700.0       1.4       4.9      0.68      2.00      2.10  -9999.00
     1   2005    340     700.0      -1.2       7.0      0.56      2.00      1.40  -9999.00
     1   2005    341     900.0       0.9       5.3      0.65      2.00      0.00  -9999.00
     1   2005    342    4200.0       3.9       9.2      0.81      2.00      0.20  -9999.00
     1   2005    343    1400.0       5.3      11.6      0.89      2.00      1.50  -9999.00
     1   2005    344     700.0      -2.0       4.2      0.53      2.00      0.70  -9999.00
     1   2005    345    1600.0       1.3       1.9      0.67      2.00      0.30  -9999.00
     1   2005    346    3000.0       4.2       7.4      0.82      2.00      2.40  -9999.00
     1   2005    347    3000.0       0.9       7.3      0.65      2.00      0.50  -9999.00
     1   2005    348    3000.0       6.4      10.4      0.96      2.00      8.40  -9999.00
     1   2005    349     800.0       5.0       7.2      0.87      2.00      0.00  -9999.00
     1   2005    350    4000.0       6.3       7.3      0.95      2.00      0.00  -9999.00
     1   2005    351    2200.0       8.3      10.3      1.09      2.00      0.40  -9999.00
     1   2005    352    3500.0       3.0       6.6      0.76      2.00      0.50  -9999.00
     1   2005    353     700.0       3.8       5.8      0.80      2.00      0.10  -9999.00
     1   2005    354     600.0      -1.6       5.6      0.54      2.00      0.00  -9999.00
     1   2005    355    2600.0      -0.4       3.0      0.59      2.00      0.00  -9999.00
     1   2005    356     600.0      -1.1       6.0      0.56      2.00      0.00  -9999.00
     1   2005    357     600.0      -0.5       8.3      0.59      2.00      0.00  -9999.00
     1   2005    358    3300.0       3.2       8.3      0.77      2.00      0.10  -9999.00
     1   2005    359    3900.0       0.8       5.5      0.65      2.00      0.10  -9999.00
     1   2005    360     700.0      -1.1       3.4      0.56      2.00      0.60  -9999.00
     1   2005    361    3600.0      -1.1       6.0      0.56      2.00      1.90  -9999.00
     1   2005    362     700.0       5.3      12.9      0.89      2.00      1.10  -9999.00
     1   2005    363     600.0       3.0      12.3      0.76      2.00      0.00  -9999.00
     1   2005    364    1100.0      -1.0       6.1      0.57      2.00      1.30  -9999.00
     1   2005    365     700.0      -1.6       6.9      0.54      2.00      0.00  -9999.00
