*-----------------------------------------------------------------------------* 
           WHWG_244.met           52.12    0.96   89.00
* Date created:  08-Aug-2019     Author: K Coleman 
* 
* NIL VALUE       -9999 
* Source:   data provided by M. Semenov 
*  
* Latitude:    52.12 Longitude:     0.96 Altitude:    89.00
* 
* Column  Daily value 
* 1       station number 
* 2       year 
* 3       day 
* 4       irradiation                   (kJ m-2 d-1) 
* 5       minimum temperature           (degrees Celsius) 
* 6       maximum temperature           (degrees Celsius) 
* 7       early morning vapour pressure (kPa)             
* 8       mean wind speed (height: 2 m?) (m s-1)          
* 9       precipitation                 (mm d-1)          
* 10      sunshine                      (hrs)             
 		Jday	RAD	    TMIN	TMAX	 VAP	wind	RAIN	SUN  
               kj/m2	°C	    °C	     kPa	m/s	    mm	    hrs 
   52.12  89.00
     1   2005      1    1900.0       1.4       7.7      0.68      2.00      0.20  -9999.00
     1   2005      2     800.0       0.8       6.8      0.65      2.00      0.30  -9999.00
     1   2005      3     700.0       3.2       6.1      0.77      2.00      0.70  -9999.00
     1   2005      4    1000.0       2.5       7.9      0.73      2.00     14.40  -9999.00
     1   2005      5     700.0       1.4       5.8      0.68      2.00      0.00  -9999.00
     1   2005      6    4100.0       3.3       8.0      0.77      2.00      0.60  -9999.00
     1   2005      7    1800.0       4.4       8.2      0.84      2.00      0.30  -9999.00
     1   2005      8    4200.0       2.6       8.2      0.74      2.00      4.50  -9999.00
     1   2005      9    5100.0       4.8       6.7      0.86      2.00      0.00  -9999.00
     1   2005     10    4500.0       2.6       5.7      0.74      2.00      0.00  -9999.00
     1   2005     11    5300.0      -0.1       6.2      0.61      2.00      0.00  -9999.00
     1   2005     12    4200.0       2.1       6.4      0.71      2.00      0.10  -9999.00
     1   2005     13    2000.0       2.8       7.9      0.75      2.00      0.10  -9999.00
     1   2005     14    4400.0       0.7       7.6      0.64      2.00      0.00  -9999.00
     1   2005     15    3300.0       2.9       7.6      0.75      2.00      0.00  -9999.00
     1   2005     16     700.0       2.4       7.0      0.73      2.00      0.10  -9999.00
     1   2005     17     700.0       4.2       8.8      0.82      2.00      0.30  -9999.00
     1   2005     18    3400.0       2.5       8.3      0.73      2.00      2.60  -9999.00
     1   2005     19    2900.0       0.3      10.5      0.62      2.00      0.10  -9999.00
     1   2005     20     800.0       3.1       7.4      0.76      2.00      0.00  -9999.00
     1   2005     21    3700.0       4.2       8.6      0.82      2.00      0.10  -9999.00
     1   2005     22    4100.0       0.9       4.7      0.65      2.00      0.10  -9999.00
     1   2005     23     800.0      -3.8       6.8      0.46      2.00      0.30  -9999.00
     1   2005     24    1000.0      -0.2       7.3      0.60      2.00      6.50  -9999.00
     1   2005     25    3700.0       1.6       6.7      0.69      2.00      0.10  -9999.00
     1   2005     26    6100.0      -0.4       6.2      0.59      2.00      0.00  -9999.00
     1   2005     27     800.0      -7.9       6.5      0.34      2.00      0.00  -9999.00
     1   2005     28    3400.0       0.3       7.2      0.62      2.00      0.10  -9999.00
     1   2005     29    2100.0       1.1       8.7      0.66      2.00      3.90  -9999.00
     1   2005     30     900.0       1.9       8.7      0.70      2.00     11.60  -9999.00
     1   2005     31    2400.0      -2.6       5.6      0.50      2.00      0.00  -9999.00
     1   2005     32    3100.0       1.8       7.4      0.70      2.00      0.00  -9999.00
     1   2005     33    1400.0       0.4       9.3      0.63      2.00      1.30  -9999.00
     1   2005     34    6700.0      -0.5       7.1      0.59      2.00      0.60  -9999.00
     1   2005     35    7800.0       1.9       8.3      0.70      2.00      2.60  -9999.00
     1   2005     36    7700.0       1.5       6.1      0.68      2.00      9.30  -9999.00
     1   2005     37    1300.0       1.0       5.5      0.66      2.00      0.60  -9999.00
     1   2005     38    6000.0      -7.1       3.6      0.36      2.00      1.00  -9999.00
     1   2005     39    6600.0      -3.0       5.1      0.49      2.00      3.90  -9999.00
     1   2005     40    1600.0       1.4       8.7      0.68      2.00      0.90  -9999.00
     1   2005     41    7900.0      -1.4      10.4      0.55      2.00      0.00  -9999.00
     1   2005     42    1500.0      -2.0       3.0      0.53      2.00      3.50  -9999.00
     1   2005     43    2500.0      -2.3       4.1      0.52      2.00      2.70  -9999.00
     1   2005     44    1600.0      -0.1       4.6      0.61      2.00      0.00  -9999.00
     1   2005     45    1400.0       0.0       4.1      0.61      2.00      0.10  -9999.00
     1   2005     46    1300.0      -6.2      -0.6      0.38      2.00      0.30  -9999.00
     1   2005     47    3500.0      -2.7       1.1      0.50      2.00      3.60  -9999.00
     1   2005     48    7000.0      -2.6       0.9      0.50      2.00      0.50  -9999.00
     1   2005     49    1200.0      -4.0      -0.9      0.45      2.00      0.10  -9999.00
     1   2005     50    1900.0       1.6       6.7      0.69      2.00      0.00  -9999.00
     1   2005     51    7500.0       5.4       7.4      0.90      2.00      3.60  -9999.00
     1   2005     52   10400.0      -2.7       5.3      0.50      2.00      0.30  -9999.00
     1   2005     53    1400.0      -1.4       5.6      0.55      2.00      0.60  -9999.00
     1   2005     54    3500.0      -0.3       6.9      0.60      2.00      0.00  -9999.00
     1   2005     55    1700.0       3.0       7.1      0.76      2.00      1.70  -9999.00
     1   2005     56    1600.0      -1.9       5.7      0.53      2.00      0.00  -9999.00
     1   2005     57    1500.0       0.4       8.0      0.63      2.00      0.00  -9999.00
     1   2005     58    7200.0       1.3       8.7      0.67      2.00      0.00  -9999.00
     1   2005     59    1900.0       5.4      11.4      0.90      2.00      1.50  -9999.00
     1   2005     60    8600.0      -0.1       9.5      0.61      2.00      0.40  -9999.00
     1   2005     61    2700.0      -0.4       6.8      0.59      2.00     10.60  -9999.00
     1   2005     62    4700.0       6.1      10.3      0.94      2.00      1.60  -9999.00
     1   2005     63    3900.0       6.6       8.6      0.97      2.00      0.00  -9999.00
     1   2005     64    7400.0       1.1       4.8      0.66      2.00      0.00  -9999.00
     1   2005     65    9100.0      -3.6       8.5      0.47      2.00      0.20  -9999.00
     1   2005     66    2600.0       0.6       9.2      0.64      2.00      0.00  -9999.00
     1   2005     67   12800.0       4.7      11.7      0.85      2.00      0.00  -9999.00
     1   2005     68    1800.0       5.8      11.2      0.92      2.00      0.30  -9999.00
     1   2005     69    2600.0       6.0      10.2      0.93      2.00      0.00  -9999.00
     1   2005     70   10000.0       1.7      10.1      0.69      2.00      4.30  -9999.00
     1   2005     71   13900.0      -2.7       7.3      0.50      2.00      0.00  -9999.00
     1   2005     72   13100.0       2.4      10.7      0.73      2.00      4.90  -9999.00
     1   2005     73    2900.0       5.4       8.5      0.90      2.00      0.50  -9999.00
     1   2005     74    6500.0       3.4      11.5      0.78      2.00      2.10  -9999.00
     1   2005     75    2100.0       0.5      15.0      0.63      2.00      0.00  -9999.00
     1   2005     76    2400.0       6.4      10.8      0.96      2.00      0.00  -9999.00
     1   2005     77    2200.0       6.9      11.3      0.99      2.00      0.70  -9999.00
     1   2005     78    6800.0       3.0      12.8      0.76      2.00      0.00  -9999.00
     1   2005     79   11200.0       4.9      10.2      0.87      2.00      0.00  -9999.00
     1   2005     80   12100.0       3.7      11.5      0.80      2.00      1.80  -9999.00
     1   2005     81    9400.0       1.2      14.9      0.67      2.00     12.40  -9999.00
     1   2005     82    3100.0       7.0      11.5      1.00      2.00      0.00  -9999.00
     1   2005     83   10400.0       4.0      13.2      0.81      2.00      0.00  -9999.00
     1   2005     84    9500.0       4.0       8.3      0.81      2.00      0.00  -9999.00
     1   2005     85    3400.0       6.8       9.7      0.99      2.00      1.90  -9999.00
     1   2005     86    7200.0       3.8      12.1      0.80      2.00      1.50  -9999.00
     1   2005     87    7100.0       5.7      18.8      0.92      2.00      1.60  -9999.00
     1   2005     88    6000.0      -1.6       9.0      0.54      2.00      5.50  -9999.00
     1   2005     89   14800.0       2.9      12.8      0.75      2.00      0.00  -9999.00
     1   2005     90    7700.0       3.9       9.8      0.81      2.00      0.00  -9999.00
     1   2005     91   15800.0       1.1       7.0      0.66      2.00      7.10  -9999.00
     1   2005     92    2900.0       3.5       8.8      0.78      2.00      3.50  -9999.00
     1   2005     93   11400.0       8.4       9.8      1.10      2.00      0.00  -9999.00
     1   2005     94   16000.0       5.0      12.8      0.87      2.00      0.00  -9999.00
     1   2005     95   17100.0       3.6      15.7      0.79      2.00      0.00  -9999.00
     1   2005     96   11000.0       4.2      12.9      0.82      2.00      0.00  -9999.00
     1   2005     97   19400.0       8.2      15.1      1.09      2.00      0.00  -9999.00
     1   2005     98    4200.0       2.8       9.6      0.75      2.00      2.20  -9999.00
     1   2005     99   13700.0       4.5       7.5      0.84      2.00      1.40  -9999.00
     1   2005    100    3000.0       1.2       9.3      0.67      2.00      0.30  -9999.00
     1   2005    101   18100.0       1.0      12.7      0.66      2.00      0.00  -9999.00
     1   2005    102   19100.0       3.2      13.8      0.77      2.00      0.00  -9999.00
     1   2005    103    9500.0       3.6      16.4      0.79      2.00      0.00  -9999.00
     1   2005    104   15800.0       4.1      14.1      0.82      2.00      0.40  -9999.00
     1   2005    105    8300.0       4.0      16.0      0.81      2.00      0.00  -9999.00
     1   2005    106   21600.0       6.9      18.2      0.99      2.00      0.00  -9999.00
     1   2005    107    6100.0       7.3      16.8      1.02      2.00      0.80  -9999.00
     1   2005    108   16200.0       3.7      17.1      0.80      2.00      0.00  -9999.00
     1   2005    109   15600.0       3.6      15.1      0.79      2.00      0.00  -9999.00
     1   2005    110   13500.0       0.7      12.4      0.64      2.00      0.10  -9999.00
     1   2005    111   20500.0       5.4      13.6      0.90      2.00      0.00  -9999.00
     1   2005    112   22200.0       8.4      16.0      1.10      2.00      0.00  -9999.00
     1   2005    113   15900.0       5.6      17.6      0.91      2.00      0.00  -9999.00
     1   2005    114   19000.0       0.2      14.1      0.62      2.00      0.00  -9999.00
     1   2005    115   20700.0       1.8      15.2      0.70      2.00      0.00  -9999.00
     1   2005    116    5800.0       3.9      10.2      0.81      2.00      4.10  -9999.00
     1   2005    117   17200.0      -0.2      11.9      0.60      2.00     14.10  -9999.00
     1   2005    118   22300.0       8.7      18.8      1.12      2.00      0.00  -9999.00
     1   2005    119   17100.0       7.0      13.4      1.00      2.00      1.20  -9999.00
     1   2005    120    9400.0       6.5      12.5      0.97      2.00      1.00  -9999.00
     1   2005    121    5800.0       4.2      11.9      0.82      2.00      0.20  -9999.00
     1   2005    122    4600.0       5.9      16.2      0.93      2.00      1.80  -9999.00
     1   2005    123    9300.0       4.7      19.6      0.85      2.00      0.20  -9999.00
     1   2005    124    6600.0       4.1      11.9      0.82      2.00      0.50  -9999.00
     1   2005    125   17800.0       7.4      14.3      1.03      2.00      0.40  -9999.00
     1   2005    126    7800.0       7.1      13.4      1.01      2.00      0.00  -9999.00
     1   2005    127   19100.0       3.3      16.2      0.77      2.00      0.00  -9999.00
     1   2005    128    6100.0       1.5      10.0      0.68      2.00      0.00  -9999.00
     1   2005    129   10800.0       1.4      10.1      0.68      2.00     25.50  -9999.00
     1   2005    130   24600.0       3.7      17.6      0.80      2.00      0.00  -9999.00
     1   2005    131   12000.0       6.3      15.6      0.95      2.00      3.40  -9999.00
     1   2005    132   25500.0       5.2      13.6      0.88      2.00      0.00  -9999.00
     1   2005    133   26900.0       5.9      14.0      0.93      2.00      0.00  -9999.00
     1   2005    134   27300.0      10.8      19.0      1.29      2.00      0.00  -9999.00
     1   2005    135   21700.0      10.5      18.5      1.27      2.00      0.00  -9999.00
     1   2005    136   27000.0      11.2      17.8      1.33      2.00      0.00  -9999.00
     1   2005    137   14800.0      14.9      19.7      1.69      2.00      0.00  -9999.00
     1   2005    138   25900.0       7.9      16.7      1.07      2.00     18.00  -9999.00
     1   2005    139    4700.0       4.9      18.1      0.87      2.00      4.70  -9999.00
     1   2005    140    5400.0       8.7      14.9      1.12      2.00      9.20  -9999.00
     1   2005    141   20300.0      11.0      16.6      1.31      2.00      0.00  -9999.00
     1   2005    142   10300.0       8.8      18.3      1.13      2.00      0.40  -9999.00
     1   2005    143   23500.0      10.5      16.1      1.27      2.00      3.20  -9999.00
     1   2005    144    9400.0       7.6      16.8      1.04      2.00      0.00  -9999.00
     1   2005    145   21000.0       5.4      18.3      0.90      2.00      0.00  -9999.00
     1   2005    146   19800.0      11.6      19.0      1.37      2.00      1.10  -9999.00
     1   2005    147   21600.0      11.0      19.7      1.31      2.00      0.30  -9999.00
     1   2005    148   18300.0       9.6      15.9      1.20      2.00      0.90  -9999.00
     1   2005    149   20300.0       7.9      13.6      1.07      2.00      2.00  -9999.00
     1   2005    150   21600.0      14.2      19.7      1.62      2.00      0.00  -9999.00
     1   2005    151   15100.0      11.8      20.1      1.38      2.00     23.30  -9999.00
     1   2005    152    9800.0       9.2      13.6      1.16      2.00      0.60  -9999.00
     1   2005    153   28500.0       8.4      11.5      1.10      2.00      0.00  -9999.00
     1   2005    154   15900.0       8.6      17.4      1.12      2.00      0.40  -9999.00
     1   2005    155    4900.0       7.1      15.0      1.01      2.00      2.80  -9999.00
     1   2005    156    4700.0       7.4      21.0      1.03      2.00      0.00  -9999.00
     1   2005    157   14700.0       4.4      24.8      0.84      2.00      0.00  -9999.00
     1   2005    158    5000.0       5.6      11.3      0.91      2.00      0.00  -9999.00
     1   2005    159    6200.0       7.9      17.5      1.07      2.00      0.00  -9999.00
     1   2005    160   28800.0       6.9      17.6      0.99      2.00      0.00  -9999.00
     1   2005    161   28400.0       7.2      15.6      1.02      2.00      0.00  -9999.00
     1   2005    162   27100.0       5.4      19.3      0.90      2.00      0.00  -9999.00
     1   2005    163   25600.0       9.7      19.2      1.20      2.00      0.00  -9999.00
     1   2005    164   29900.0       7.4      19.2      1.03      2.00      0.00  -9999.00
     1   2005    165   27100.0       5.5      16.9      0.90      2.00      0.00  -9999.00
     1   2005    166   23500.0      11.1      19.4      1.32      2.00      0.00  -9999.00
     1   2005    167   29900.0      13.3      19.1      1.53      2.00      0.00  -9999.00
     1   2005    168    5900.0      10.0      15.4      1.23      2.00      0.00  -9999.00
     1   2005    169   25800.0       8.0      18.1      1.07      2.00      0.00  -9999.00
     1   2005    170    9500.0       6.6      18.6      0.97      2.00      0.00  -9999.00
     1   2005    171   25000.0       7.3      16.5      1.02      2.00      8.30  -9999.00
     1   2005    172   24700.0       9.8      15.3      1.21      2.00      1.20  -9999.00
     1   2005    173    4800.0       5.2      16.6      0.88      2.00      0.00  -9999.00
     1   2005    174   17000.0      11.0      15.7      1.31      2.00      0.80  -9999.00
     1   2005    175   10600.0      12.8      17.5      1.48      2.00      0.70  -9999.00
     1   2005    176   23700.0       9.5      22.7      1.19      2.00      0.00  -9999.00
     1   2005    177   29100.0       9.9      21.3      1.22      2.00      0.00  -9999.00
     1   2005    178   12900.0       4.3      16.9      0.83      2.00      1.90  -9999.00
     1   2005    179   22500.0      10.1      17.4      1.24      2.00     15.00  -9999.00
     1   2005    180   27900.0      11.6      22.0      1.37      2.00      0.00  -9999.00
     1   2005    181   24100.0      13.7      20.7      1.57      2.00      0.00  -9999.00
     1   2005    182   27300.0      12.0      18.5      1.40      2.00      0.50  -9999.00
     1   2005    183   28200.0      10.1      19.3      1.24      2.00      0.00  -9999.00
     1   2005    184    5100.0      10.4      19.5      1.26      2.00      0.00  -9999.00
     1   2005    185    5700.0      12.3      19.2      1.43      2.00      0.00  -9999.00
     1   2005    186   26100.0      12.4      22.2      1.44      2.00      0.80  -9999.00
     1   2005    187   15200.0       9.8      20.0      1.21      2.00      1.00  -9999.00
     1   2005    188   20900.0      10.1      17.0      1.24      2.00     12.50  -9999.00
     1   2005    189   25100.0       5.4      19.3      0.90      2.00      0.00  -9999.00
     1   2005    190   25900.0      12.5      23.1      1.45      2.00      0.00  -9999.00
     1   2005    191   23100.0      11.5      18.4      1.36      2.00      3.70  -9999.00
     1   2005    192    4200.0      12.2      19.7      1.42      2.00      4.80  -9999.00
     1   2005    193   24400.0      10.6      22.4      1.28      2.00      1.00  -9999.00
     1   2005    194   13600.0       8.3      17.3      1.09      2.00      0.80  -9999.00
     1   2005    195   13700.0       5.8      17.2      0.92      2.00      0.60  -9999.00
     1   2005    196    4700.0      14.3      22.6      1.63      2.00     11.10  -9999.00
     1   2005    197   20100.0      12.5      19.9      1.45      2.00      4.40  -9999.00
     1   2005    198   14100.0      12.2      19.7      1.42      2.00      0.10  -9999.00
     1   2005    199   21800.0      13.9      17.6      1.59      2.00      3.60  -9999.00
     1   2005    200   13500.0      12.5      20.5      1.45      2.00     13.50  -9999.00
     1   2005    201    5700.0      12.6      24.5      1.46      2.00      6.70  -9999.00
     1   2005    202   14000.0      11.6      19.3      1.37      2.00      1.30  -9999.00
     1   2005    203    4100.0      11.9      19.7      1.39      2.00      3.00  -9999.00
     1   2005    204   21300.0      12.9      20.7      1.49      2.00      4.80  -9999.00
     1   2005    205   14000.0      14.0      19.8      1.60      2.00     10.00  -9999.00
     1   2005    206    3900.0      13.2      23.3      1.52      2.00      4.10  -9999.00
     1   2005    207   17600.0      10.4      21.4      1.26      2.00     14.00  -9999.00
     1   2005    208   11500.0      10.8      20.7      1.29      2.00      0.00  -9999.00
     1   2005    209   19200.0      12.2      19.1      1.42      2.00      1.50  -9999.00
     1   2005    210   18400.0      12.3      21.6      1.43      2.00      0.00  -9999.00
     1   2005    211   22500.0      11.9      20.9      1.39      2.00      0.00  -9999.00
     1   2005    212    3900.0      13.6      20.4      1.56      2.00     21.60  -9999.00
     1   2005    213   15700.0      15.3      21.6      1.74      2.00     10.90  -9999.00
     1   2005    214    6900.0      11.9      22.1      1.39      2.00      3.60  -9999.00
     1   2005    215   22200.0       9.6      23.0      1.20      2.00      0.00  -9999.00
     1   2005    216   21100.0      13.7      22.5      1.57      2.00      0.00  -9999.00
     1   2005    217   22800.0      12.7      21.4      1.47      2.00      0.00  -9999.00
     1   2005    218   21200.0      10.6      16.3      1.28      2.00      3.60  -9999.00
     1   2005    219   18700.0      11.4      17.2      1.35      2.00      2.90  -9999.00
     1   2005    220    6900.0      14.4      21.2      1.64      2.00      0.80  -9999.00
     1   2005    221    9200.0      16.4      23.3      1.86      2.00      0.00  -9999.00
     1   2005    222    6300.0      13.5      20.7      1.55      2.00     10.60  -9999.00
     1   2005    223   20200.0       9.3      21.3      1.17      2.00      3.00  -9999.00
     1   2005    224    6000.0      13.7      22.3      1.57      2.00      0.00  -9999.00
     1   2005    225   18000.0      14.2      20.3      1.62      2.00      0.00  -9999.00
     1   2005    226   19000.0       9.9      22.3      1.22      2.00      0.00  -9999.00
     1   2005    227   16700.0      14.2      19.8      1.62      2.00      0.00  -9999.00
     1   2005    228   19500.0      11.7      20.9      1.37      2.00      7.80  -9999.00
     1   2005    229   17400.0      15.3      19.1      1.74      2.00      0.20  -9999.00
     1   2005    230   11600.0      11.3      23.4      1.34      2.00      0.00  -9999.00
     1   2005    231   11400.0      14.0      25.0      1.60      2.00      0.00  -9999.00
     1   2005    232   20900.0      15.0      24.0      1.70      2.00      0.00  -9999.00
     1   2005    233   19000.0      15.9      29.8      1.81      2.00      0.00  -9999.00
     1   2005    234   15800.0      12.5      25.2      1.45      2.00      0.00  -9999.00
     1   2005    235    3700.0      12.0      22.5      1.40      2.00      1.40  -9999.00
     1   2005    236    3600.0      10.3      19.2      1.25      2.00     19.40  -9999.00
     1   2005    237   21900.0       9.9      22.5      1.22      2.00      0.00  -9999.00
     1   2005    238    4600.0      16.7      24.9      1.90      2.00      0.00  -9999.00
     1   2005    239   20600.0      13.0      20.8      1.50      2.00      9.10  -9999.00
     1   2005    240    4900.0      11.2      19.7      1.33      2.00      0.20  -9999.00
     1   2005    241   19400.0      13.0      20.4      1.50      2.00     37.00  -9999.00
     1   2005    242   19200.0      13.0      22.0      1.50      2.00      0.00  -9999.00
     1   2005    243   17100.0      15.9      24.4      1.81      2.00      0.00  -9999.00
     1   2005    244   18000.0      11.1      20.6      1.32      2.00      0.00  -9999.00
     1   2005    245   16800.0      12.2      21.5      1.42      2.00      7.10  -9999.00
     1   2005    246   16000.0      15.4      22.1      1.75      2.00      0.00  -9999.00
     1   2005    247   13800.0      11.7      25.1      1.37      2.00      0.00  -9999.00
     1   2005    248    4600.0       5.6      18.0      0.91      2.00      0.00  -9999.00
     1   2005    249   17400.0      11.4      19.7      1.35      2.00      0.00  -9999.00
     1   2005    250   18300.0      15.7      23.7      1.78      2.00      0.00  -9999.00
     1   2005    251   17300.0      11.8      20.6      1.38      2.00      0.00  -9999.00
     1   2005    252   16900.0      16.6      27.6      1.89      2.00      0.00  -9999.00
     1   2005    253    4700.0      15.6      24.2      1.77      2.00      2.80  -9999.00
     1   2005    254    8200.0       8.9      18.2      1.14      2.00      0.10  -9999.00
     1   2005    255   15800.0       6.1      20.0      0.94      2.00      0.00  -9999.00
     1   2005    256   14100.0      10.5      21.4      1.27      2.00      0.00  -9999.00
     1   2005    257   13800.0      13.1      18.3      1.51      2.00      0.90  -9999.00
     1   2005    258   16000.0       9.8      17.2      1.21      2.00      0.00  -9999.00
     1   2005    259   12600.0       9.6      17.4      1.20      2.00      1.40  -9999.00
     1   2005    260    4800.0      14.0      17.9      1.60      2.00     22.90  -9999.00
     1   2005    261   11600.0      14.0      18.2      1.60      2.00      0.10  -9999.00
     1   2005    262   14700.0       9.2      19.5      1.16      2.00      0.00  -9999.00
     1   2005    263   12200.0       3.4      18.6      0.78      2.00      0.10  -9999.00
     1   2005    264    2700.0       9.0      14.9      1.15      2.00      0.10  -9999.00
     1   2005    265    3300.0      13.3      14.3      1.53      2.00     23.40  -9999.00
     1   2005    266    2600.0       7.3      18.8      1.02      2.00      0.00  -9999.00
     1   2005    267   11300.0      11.0      16.9      1.31      2.00      0.00  -9999.00
     1   2005    268   11900.0       3.1      16.0      0.76      2.00     19.20  -9999.00
     1   2005    269    4000.0       5.9      14.8      0.93      2.00      0.10  -9999.00
     1   2005    270    2400.0      10.5      17.1      1.27      2.00      0.60  -9999.00
     1   2005    271   13200.0       8.3      17.5      1.09      2.00      0.00  -9999.00
     1   2005    272   13500.0       9.5      16.8      1.19      2.00      0.00  -9999.00
     1   2005    273    9000.0       3.7      15.8      0.80      2.00      0.10  -9999.00
     1   2005    274    2600.0      11.0      18.2      1.31      2.00      2.10  -9999.00
     1   2005    275    7700.0      12.0      16.8      1.40      2.00      0.00  -9999.00
     1   2005    276    2400.0       9.2      15.9      1.16      2.00      0.40  -9999.00
     1   2005    277   10700.0       3.8      17.6      0.80      2.00      0.40  -9999.00
     1   2005    278    8600.0       8.0      16.5      1.07      2.00      4.10  -9999.00
     1   2005    279   11400.0       8.8      18.6      1.13      2.00      0.00  -9999.00
     1   2005    280    9900.0       9.5      17.2      1.19      2.00      0.00  -9999.00
     1   2005    281    2100.0      11.8      16.7      1.38      2.00      9.80  -9999.00
     1   2005    282    8700.0       8.2      15.2      1.09      2.00      0.00  -9999.00
     1   2005    283    1900.0       8.3      16.4      1.09      2.00      0.00  -9999.00
     1   2005    284   10800.0       8.7      15.8      1.12      2.00      0.00  -9999.00
     1   2005    285    4100.0       8.5      14.8      1.11      2.00      2.50  -9999.00
     1   2005    286   11000.0       5.7      11.9      0.92      2.00      0.00  -9999.00
     1   2005    287    1800.0       4.6      11.8      0.85      2.00      0.60  -9999.00
     1   2005    288    3900.0      10.5      14.9      1.27      2.00      9.80  -9999.00
     1   2005    289    9500.0       7.8      14.4      1.06      2.00      0.50  -9999.00
     1   2005    290   10700.0      12.2      16.9      1.42      2.00      0.20  -9999.00
     1   2005    291    6700.0      10.3      14.1      1.25      2.00      0.50  -9999.00
     1   2005    292    8000.0       8.5      15.0      1.11      2.00      0.00  -9999.00
     1   2005    293    7100.0       5.5      14.5      0.90      2.00      0.00  -9999.00
     1   2005    294    6000.0       6.5      14.4      0.97      2.00     16.90  -9999.00
     1   2005    295    3100.0       6.3      13.3      0.95      2.00      0.40  -9999.00
     1   2005    296    8900.0      10.3      14.2      1.25      2.00      0.00  -9999.00
     1   2005    297    2800.0      12.0      16.4      1.40      2.00     14.20  -9999.00
     1   2005    298    3100.0      10.3      13.8      1.25      2.00     13.10  -9999.00
     1   2005    299    5200.0      10.2      15.0      1.24      2.00      0.60  -9999.00
     1   2005    300    4600.0       8.2      12.2      1.09      2.00      7.20  -9999.00
     1   2005    301    7900.0       9.6      10.1      1.20      2.00      0.00  -9999.00
     1   2005    302    6200.0       3.5       9.7      0.78      2.00      0.00  -9999.00
     1   2005    303    5200.0       6.2       9.9      0.95      2.00      0.80  -9999.00
     1   2005    304    3000.0       8.7      12.7      1.12      2.00      3.70  -9999.00
     1   2005    305    4000.0       3.9      13.6      0.81      2.00      0.00  -9999.00
     1   2005    306    3800.0       6.1      10.0      0.94      2.00      0.30  -9999.00
     1   2005    307    2800.0       1.5      12.4      0.68      2.00      0.20  -9999.00
     1   2005    308    7000.0       8.2      13.8      1.09      2.00      9.10  -9999.00
     1   2005    309    7000.0       6.4      10.7      0.96      2.00      0.00  -9999.00
     1   2005    310    5400.0       4.3      12.6      0.83      2.00      0.00  -9999.00
     1   2005    311    1400.0       5.1      10.8      0.88      2.00      0.00  -9999.00
     1   2005    312    5000.0       2.3      11.6      0.72      2.00      0.50  -9999.00
     1   2005    313    2000.0       5.0      11.0      0.87      2.00      9.30  -9999.00
     1   2005    314    1000.0       0.9       7.7      0.65      2.00      0.20  -9999.00
     1   2005    315     900.0       0.2       7.4      0.62      2.00      0.00  -9999.00
     1   2005    316    1500.0       5.2      13.4      0.88      2.00      0.00  -9999.00
     1   2005    317    5600.0       4.6      12.6      0.85      2.00      0.00  -9999.00
     1   2005    318    1500.0       7.3      11.0      1.02      2.00      0.50  -9999.00
     1   2005    319    2000.0       9.5      10.7      1.19      2.00      0.60  -9999.00
     1   2005    320     800.0      -0.6       8.7      0.58      2.00      0.30  -9999.00
     1   2005    321     900.0       2.9       5.4      0.75      2.00      0.00  -9999.00
     1   2005    322    3000.0       8.0      10.8      1.07      2.00      5.00  -9999.00
     1   2005    323    4100.0       6.7      10.7      0.98      2.00      0.30  -9999.00
     1   2005    324    4700.0       0.1       6.8      0.62      2.00      0.30  -9999.00
     1   2005    325    3500.0       3.9       5.4      0.81      2.00      0.60  -9999.00
     1   2005    326    2200.0       6.4      13.3      0.96      2.00      4.20  -9999.00
     1   2005    327     800.0       3.3      12.8      0.77      2.00      2.20  -9999.00
     1   2005    328     900.0      -0.5       9.5      0.59      2.00      0.50  -9999.00
     1   2005    329    3500.0      -0.6       8.7      0.58      2.00      2.90  -9999.00
     1   2005    330    1000.0       6.5      10.1      0.97      2.00     10.10  -9999.00
     1   2005    331    2300.0       6.7       9.7      0.98      2.00      1.40  -9999.00
     1   2005    332     800.0       3.3      10.9      0.77      2.00      0.40  -9999.00
     1   2005    333    4800.0       5.0       8.0      0.87      2.00      0.00  -9999.00
     1   2005    334    3200.0       1.3       5.6      0.67      2.00      0.00  -9999.00
     1   2005    335    4900.0       1.8       5.0      0.70      2.00      0.00  -9999.00
     1   2005    336    2100.0       0.1       6.7      0.62      2.00      0.00  -9999.00
     1   2005    337    4300.0       1.9       7.1      0.70      2.00      0.00  -9999.00
     1   2005    338    2900.0       0.3       7.0      0.62      2.00      0.00  -9999.00
     1   2005    339     700.0       1.8       5.4      0.70      2.00      7.40  -9999.00
     1   2005    340     700.0       0.5       6.6      0.63      2.00      0.10  -9999.00
     1   2005    341     700.0      -1.2       7.8      0.56      2.00      0.30  -9999.00
     1   2005    342    1700.0      -0.2       7.1      0.60      2.00      0.20  -9999.00
     1   2005    343     700.0       2.6       9.3      0.74      2.00      0.80  -9999.00
     1   2005    344    2600.0       1.3       5.4      0.67      2.00      0.00  -9999.00
     1   2005    345    3900.0       4.5       6.4      0.84      2.00      0.00  -9999.00
     1   2005    346     700.0       5.7      11.2      0.92      2.00     12.70  -9999.00
     1   2005    347    4100.0       3.7      11.0      0.80      2.00      0.40  -9999.00
     1   2005    348    1000.0      -2.1       5.8      0.52      2.00      8.30  -9999.00
     1   2005    349     700.0      -0.3       4.9      0.60      2.00      0.10  -9999.00
     1   2005    350    3600.0       3.4      11.0      0.78      2.00      0.20  -9999.00
     1   2005    351     700.0       2.3      10.7      0.72      2.00      1.70  -9999.00
     1   2005    352    1300.0       1.7       9.4      0.69      2.00      0.00  -9999.00
     1   2005    353    2200.0       2.1       7.2      0.71      2.00      0.00  -9999.00
     1   2005    354     700.0      -2.6       6.0      0.50      2.00      2.20  -9999.00
     1   2005    355    1200.0       1.1       2.1      0.66      2.00      0.10  -9999.00
     1   2005    356     900.0       2.7       7.1      0.74      2.00      2.20  -9999.00
     1   2005    357     600.0       2.6       5.8      0.74      2.00      0.00  -9999.00
     1   2005    358     600.0       1.0       4.2      0.66      2.00      0.00  -9999.00
     1   2005    359     600.0       3.3       5.2      0.77      2.00      0.00  -9999.00
     1   2005    360     600.0      -1.4       5.8      0.55      2.00      0.00  -9999.00
     1   2005    361     600.0      -2.5       6.4      0.51      2.00      0.00  -9999.00
     1   2005    362     700.0       5.9      10.4      0.93      2.00      1.90  -9999.00
     1   2005    363     700.0       4.3       9.5      0.83      2.00      0.60  -9999.00
     1   2005    364    1200.0       2.2       6.2      0.72      2.00      0.60  -9999.00
     1   2005    365    4600.0       3.8       4.4      0.80      2.00      0.40  -9999.00
