*-----------------------------------------------------------------------------* 
           WHWG_211.met           52.12    0.96   89.00
* Date created:  08-Aug-2019     Author: K Coleman 
* 
* NIL VALUE       -9999 
* Source:   data provided by M. Semenov 
*  
* Latitude:    52.12 Longitude:     0.96 Altitude:    89.00
* 
* Column  Daily value 
* 1       station number 
* 2       year 
* 3       day 
* 4       irradiation                   (kJ m-2 d-1) 
* 5       minimum temperature           (degrees Celsius) 
* 6       maximum temperature           (degrees Celsius) 
* 7       early morning vapour pressure (kPa)             
* 8       mean wind speed (height: 2 m?) (m s-1)          
* 9       precipitation                 (mm d-1)          
* 10      sunshine                      (hrs)             
 		Jday	RAD	    TMIN	TMAX	 VAP	wind	RAIN	SUN  
               kj/m2	°C	    °C	     kPa	m/s	    mm	    hrs 
   52.12  89.00
     1   2005      1     700.0       0.2       5.7      0.62      2.00      0.10  -9999.00
     1   2005      2     700.0      -2.2       5.4      0.52      2.00      0.10  -9999.00
     1   2005      3     700.0       0.0       3.9      0.61      2.00      1.90  -9999.00
     1   2005      4    1500.0       0.8       3.7      0.65      2.00      0.00  -9999.00
     1   2005      5     700.0       0.9       7.5      0.65      2.00      0.30  -9999.00
     1   2005      6    2700.0      -1.0       9.0      0.57      2.00      0.10  -9999.00
     1   2005      7     700.0       4.7       9.2      0.85      2.00      0.00  -9999.00
     1   2005      8     700.0       1.5      10.3      0.68      2.00      0.00  -9999.00
     1   2005      9    4200.0       1.0       4.8      0.66      2.00      0.00  -9999.00
     1   2005     10     700.0       2.2       8.3      0.72      2.00      1.20  -9999.00
     1   2005     11     900.0      -4.0       4.9      0.45      2.00      0.10  -9999.00
     1   2005     12    4900.0      -0.6       1.4      0.58      2.00      1.10  -9999.00
     1   2005     13    1200.0       1.7       6.6      0.69      2.00      0.10  -9999.00
     1   2005     14     700.0      -2.0       8.7      0.53      2.00      1.90  -9999.00
     1   2005     15    3700.0       1.8       7.7      0.70      2.00      0.00  -9999.00
     1   2005     16    4500.0      -0.7       7.5      0.58      2.00     10.70  -9999.00
     1   2005     17    4600.0       1.3       5.9      0.67      2.00      0.10  -9999.00
     1   2005     18     700.0      -3.4       3.7      0.48      2.00     15.90  -9999.00
     1   2005     19     800.0      -0.2       3.8      0.60      2.00      9.90  -9999.00
     1   2005     20    2800.0      -2.0       4.9      0.53      2.00     10.10  -9999.00
     1   2005     21     900.0       4.2       7.1      0.82      2.00      9.60  -9999.00
     1   2005     22    5100.0       0.8       8.1      0.65      2.00      0.40  -9999.00
     1   2005     23     800.0      -0.3       5.6      0.60      2.00      4.60  -9999.00
     1   2005     24    4200.0      -2.3       8.1      0.52      2.00      2.40  -9999.00
     1   2005     25    2300.0       4.3       9.9      0.83      2.00      0.20  -9999.00
     1   2005     26     900.0       1.2      13.7      0.67      2.00      0.80  -9999.00
     1   2005     27    4200.0       0.7       3.2      0.64      2.00      0.00  -9999.00
     1   2005     28    3500.0      -1.9       4.7      0.53      2.00      0.00  -9999.00
     1   2005     29    5900.0      -0.5       6.2      0.59      2.00      0.00  -9999.00
     1   2005     30     900.0       2.6       5.1      0.74      2.00      0.00  -9999.00
     1   2005     31     900.0       2.7       5.7      0.74      2.00      0.40  -9999.00
     1   2005     32    1200.0      -0.6       8.0      0.58      2.00      2.80  -9999.00
     1   2005     33    1000.0       0.7       5.2      0.64      2.00      0.90  -9999.00
     1   2005     34    1400.0       0.6       5.3      0.64      2.00      0.10  -9999.00
     1   2005     35    5600.0      -1.1       4.4      0.56      2.00      7.80  -9999.00
     1   2005     36    1100.0       2.2       6.6      0.72      2.00      1.30  -9999.00
     1   2005     37    1900.0       2.2       8.8      0.72      2.00      4.40  -9999.00
     1   2005     38    1000.0       0.8       8.1      0.65      2.00      0.10  -9999.00
     1   2005     39    6400.0      -1.9       4.2      0.53      2.00      0.20  -9999.00
     1   2005     40    6400.0      -2.4      -2.0      0.51      2.00      0.30  -9999.00
     1   2005     41    4700.0       1.4       6.8      0.68      2.00      3.90  -9999.00
     1   2005     42    6400.0       4.0       4.7      0.81      2.00      0.00  -9999.00
     1   2005     43    2100.0       3.2       9.2      0.77      2.00      0.00  -9999.00
     1   2005     44    2700.0       2.6       8.6      0.74      2.00      0.00  -9999.00
     1   2005     45    6300.0       0.4       5.0      0.63      2.00      0.00  -9999.00
     1   2005     46    1800.0       3.7       7.4      0.80      2.00      0.10  -9999.00
     1   2005     47    1100.0      -3.2       4.2      0.48      2.00      0.00  -9999.00
     1   2005     48    1500.0       1.0       3.2      0.66      2.00      1.90  -9999.00
     1   2005     49    1300.0       1.5       6.4      0.68      2.00      0.00  -9999.00
     1   2005     50    7400.0       4.7       8.7      0.85      2.00      0.00  -9999.00
     1   2005     51    3400.0      -2.1       1.4      0.52      2.00      0.00  -9999.00
     1   2005     52    1400.0      -0.4       3.9      0.59      2.00      0.00  -9999.00
     1   2005     53   10700.0       0.9       7.1      0.65      2.00      3.00  -9999.00
     1   2005     54    9200.0       1.9       4.6      0.70      2.00      2.90  -9999.00
     1   2005     55    8400.0      -1.4       7.1      0.55      2.00      2.70  -9999.00
     1   2005     56    1900.0      -3.1       8.1      0.49      2.00      0.10  -9999.00
     1   2005     57    6700.0      -2.0       4.9      0.53      2.00      3.70  -9999.00
     1   2005     58    7800.0      -0.7       2.5      0.58      2.00      0.00  -9999.00
     1   2005     59    1500.0      -0.2       8.5      0.60      2.00      0.10  -9999.00
     1   2005     60    1600.0       1.0       7.3      0.66      2.00      0.40  -9999.00
     1   2005     61   11600.0       3.2       8.2      0.77      2.00      0.00  -9999.00
     1   2005     62   11700.0       6.6       9.2      0.97      2.00      0.00  -9999.00
     1   2005     63    9100.0       0.4      10.4      0.63      2.00      3.10  -9999.00
     1   2005     64   10800.0      -2.7      10.8      0.50      2.00     10.50  -9999.00
     1   2005     65   10000.0       0.3       8.2      0.62      2.00      0.10  -9999.00
     1   2005     66    5800.0      -4.9      10.0      0.42      2.00      0.00  -9999.00
     1   2005     67   10900.0      -0.9       9.2      0.57      2.00      0.00  -9999.00
     1   2005     68   10200.0       1.7       8.0      0.69      2.00      3.40  -9999.00
     1   2005     69    7600.0       1.8       3.7      0.70      2.00      0.00  -9999.00
     1   2005     70    6100.0       1.9       3.0      0.70      2.00      0.00  -9999.00
     1   2005     71    2100.0       5.0      14.8      0.87      2.00     10.70  -9999.00
     1   2005     72    2200.0       1.4      11.1      0.68      2.00      0.20  -9999.00
     1   2005     73    8900.0       3.1      13.6      0.76      2.00      0.70  -9999.00
     1   2005     74    5800.0       0.5      13.8      0.63      2.00      0.60  -9999.00
     1   2005     75    2300.0       2.3      14.5      0.72      2.00      0.00  -9999.00
     1   2005     76   10200.0      -2.0      14.0      0.53      2.00      0.00  -9999.00
     1   2005     77   11600.0       4.0      12.3      0.81      2.00      0.00  -9999.00
     1   2005     78   11400.0       5.9      11.2      0.93      2.00      0.10  -9999.00
     1   2005     79    8600.0       0.7      10.4      0.64      2.00      0.10  -9999.00
     1   2005     80    6800.0       3.2      10.8      0.77      2.00      3.50  -9999.00
     1   2005     81    6100.0       2.2       9.8      0.72      2.00      0.40  -9999.00
     1   2005     82   10900.0       5.2       7.1      0.88      2.00      0.00  -9999.00
     1   2005     83   10600.0       1.6       5.8      0.69      2.00      0.00  -9999.00
     1   2005     84   13400.0       1.4       8.6      0.68      2.00      0.00  -9999.00
     1   2005     85    2300.0       1.0       7.5      0.66      2.00      0.10  -9999.00
     1   2005     86   15700.0       1.6       9.6      0.69      2.00      2.70  -9999.00
     1   2005     87    5100.0       4.1      15.3      0.82      2.00      9.90  -9999.00
     1   2005     88   17000.0       2.2      12.9      0.72      2.00      0.20  -9999.00
     1   2005     89   13000.0       5.3      17.6      0.89      2.00      0.00  -9999.00
     1   2005     90   16600.0       5.2      13.3      0.88      2.00      1.70  -9999.00
     1   2005     91   14700.0       0.3       8.7      0.62      2.00      0.10  -9999.00
     1   2005     92   11600.0       2.1      11.0      0.71      2.00      1.40  -9999.00
     1   2005     93   14800.0       0.6       9.4      0.64      2.00      1.90  -9999.00
     1   2005     94   12000.0       0.1      10.8      0.62      2.00      0.00  -9999.00
     1   2005     95   14800.0       3.2      12.6      0.77      2.00      3.90  -9999.00
     1   2005     96   10000.0       2.1      10.9      0.71      2.00      1.40  -9999.00
     1   2005     97   13500.0       4.4      17.2      0.84      2.00      0.00  -9999.00
     1   2005     98   11200.0       6.0      16.8      0.93      2.00      0.00  -9999.00
     1   2005     99   18400.0       2.3      10.5      0.72      2.00      0.00  -9999.00
     1   2005    100   19000.0       0.4       8.4      0.63      2.00      0.00  -9999.00
     1   2005    101    7700.0       2.8      14.9      0.75      2.00      0.00  -9999.00
     1   2005    102   18600.0      -2.8      16.5      0.50      2.00      0.00  -9999.00
     1   2005    103   16800.0      -0.6       7.2      0.58      2.00     20.00  -9999.00
     1   2005    104    3300.0       2.9       4.6      0.75      2.00      0.90  -9999.00
     1   2005    105    7500.0       2.8      10.0      0.75      2.00      3.40  -9999.00
     1   2005    106   18600.0       2.8      12.4      0.75      2.00      2.20  -9999.00
     1   2005    107   22800.0       6.8      15.2      0.99      2.00      0.00  -9999.00
     1   2005    108   17900.0       5.1      10.6      0.88      2.00      5.80  -9999.00
     1   2005    109    3600.0       2.7      10.4      0.74      2.00      0.10  -9999.00
     1   2005    110   19200.0       4.9      15.3      0.87      2.00      0.00  -9999.00
     1   2005    111    9000.0       5.7      14.8      0.92      2.00      3.10  -9999.00
     1   2005    112   11900.0       4.6      15.2      0.85      2.00      0.10  -9999.00
     1   2005    113   20300.0       7.3      17.6      1.02      2.00      0.00  -9999.00
     1   2005    114   19000.0       3.9      15.8      0.81      2.00      0.00  -9999.00
     1   2005    115   16700.0       4.5      12.2      0.84      2.00      0.00  -9999.00
     1   2005    116   12700.0      -0.5      11.1      0.59      2.00      0.50  -9999.00
     1   2005    117    7200.0       3.8      12.2      0.80      2.00      0.00  -9999.00
     1   2005    118    8000.0       4.0      14.5      0.81      2.00      0.00  -9999.00
     1   2005    119   21100.0       7.0      14.2      1.00      2.00      1.00  -9999.00
     1   2005    120    9400.0       3.9      13.9      0.81      2.00      0.30  -9999.00
     1   2005    121   23600.0       3.2      12.3      0.77      2.00      0.00  -9999.00
     1   2005    122   19400.0       6.0      12.9      0.93      2.00     24.00  -9999.00
     1   2005    123   12900.0       5.5      13.1      0.90      2.00      0.40  -9999.00
     1   2005    124   21400.0       5.2      11.2      0.88      2.00      0.80  -9999.00
     1   2005    125    6700.0       4.2      11.5      0.82      2.00      0.80  -9999.00
     1   2005    126   24700.0       4.6       9.1      0.85      2.00      0.00  -9999.00
     1   2005    127   16900.0       2.6       8.4      0.74      2.00      1.50  -9999.00
     1   2005    128    5400.0       3.4      12.1      0.78      2.00      2.40  -9999.00
     1   2005    129   26600.0       9.0      16.3      1.15      2.00      0.00  -9999.00
     1   2005    130   18800.0       5.5      12.4      0.90      2.00      3.00  -9999.00
     1   2005    131    4200.0       1.7      10.8      0.69      2.00      2.20  -9999.00
     1   2005    132   10400.0       5.4      13.9      0.90      2.00      1.50  -9999.00
     1   2005    133   19600.0       6.8      15.2      0.99      2.00      0.00  -9999.00
     1   2005    134   16800.0       1.8      14.9      0.70      2.00      0.00  -9999.00
     1   2005    135   19900.0       6.3      18.2      0.95      2.00      0.00  -9999.00
     1   2005    136   25700.0       3.7      20.6      0.80      2.00      0.00  -9999.00
     1   2005    137   17000.0       8.0      20.0      1.07      2.00      0.00  -9999.00
     1   2005    138    5700.0      12.3      20.9      1.43      2.00      0.00  -9999.00
     1   2005    139   19100.0       7.5      14.7      1.04      2.00      1.00  -9999.00
     1   2005    140    7700.0       3.4      13.3      0.78      2.00      9.70  -9999.00
     1   2005    141    9300.0       9.2      17.4      1.16      2.00      0.50  -9999.00
     1   2005    142    8300.0      11.4      16.5      1.35      2.00      3.00  -9999.00
     1   2005    143   10900.0       5.5      15.0      0.90      2.00      0.80  -9999.00
     1   2005    144   10400.0       4.2      17.5      0.82      2.00      5.20  -9999.00
     1   2005    145   23900.0       7.2      15.0      1.02      2.00      0.00  -9999.00
     1   2005    146   23600.0       7.3      13.8      1.02      2.00      1.10  -9999.00
     1   2005    147   23700.0       8.1      19.2      1.08      2.00      0.00  -9999.00
     1   2005    148    6600.0      10.4      14.3      1.26      2.00      1.20  -9999.00
     1   2005    149   21100.0      11.1      19.2      1.32      2.00      0.00  -9999.00
     1   2005    150   27900.0      13.8      17.7      1.58      2.00      0.00  -9999.00
     1   2005    151   12400.0       8.2      15.5      1.09      2.00      0.60  -9999.00
     1   2005    152   24500.0       9.6      13.0      1.20      2.00      5.30  -9999.00
     1   2005    153   11600.0       9.0      18.7      1.15      2.00      7.80  -9999.00
     1   2005    154    4500.0       9.2      18.5      1.16      2.00      0.80  -9999.00
     1   2005    155   14800.0       8.6      15.4      1.12      2.00      2.70  -9999.00
     1   2005    156   21400.0       8.6      18.3      1.12      2.00      7.80  -9999.00
     1   2005    157    4500.0      10.6      19.9      1.28      2.00      2.10  -9999.00
     1   2005    158   12400.0      11.2      20.0      1.33      2.00      2.00  -9999.00
     1   2005    159    5400.0      10.4      17.3      1.26      2.00      4.30  -9999.00
     1   2005    160   17400.0       7.5      16.4      1.04      2.00      0.70  -9999.00
     1   2005    161   25300.0      11.7      17.3      1.37      2.00      0.50  -9999.00
     1   2005    162   13900.0       8.6      20.3      1.12      2.00      4.20  -9999.00
     1   2005    163   19400.0       6.8      17.2      0.99      2.00      0.00  -9999.00
     1   2005    164   25200.0       4.6      17.8      0.85      2.00      8.30  -9999.00
     1   2005    165   24200.0      10.0      15.3      1.23      2.00     13.60  -9999.00
     1   2005    166   25000.0      12.2      13.1      1.42      2.00      8.90  -9999.00
     1   2005    167    5800.0       9.7      22.6      1.20      2.00      0.00  -9999.00
     1   2005    168   20600.0       8.0      22.9      1.07      2.00      0.90  -9999.00
     1   2005    169   16900.0       6.6      18.5      0.97      2.00      0.00  -9999.00
     1   2005    170   22100.0      10.9      19.4      1.30      2.00      2.20  -9999.00
     1   2005    171   29500.0      11.5      16.7      1.36      2.00      0.30  -9999.00
     1   2005    172   16500.0      14.0      18.0      1.60      2.00      0.00  -9999.00
     1   2005    173    5400.0      11.0      18.0      1.31      2.00      2.60  -9999.00
     1   2005    174   29000.0       9.5      23.3      1.19      2.00      0.00  -9999.00
     1   2005    175   28500.0       9.8      19.0      1.21      2.00      0.00  -9999.00
     1   2005    176   29800.0       8.0      20.0      1.07      2.00      0.00  -9999.00
     1   2005    177   15400.0      11.0      17.2      1.31      2.00      1.90  -9999.00
     1   2005    178   11500.0      11.7      16.0      1.37      2.00      0.70  -9999.00
     1   2005    179   29300.0       8.9      20.0      1.14      2.00      0.00  -9999.00
     1   2005    180   29200.0       8.6      20.1      1.12      2.00      0.00  -9999.00
     1   2005    181   26300.0      10.5      14.0      1.27      2.00      0.00  -9999.00
     1   2005    182   14000.0      10.3      17.2      1.25      2.00      0.60  -9999.00
     1   2005    183   28900.0      15.3      25.0      1.74      2.00      0.00  -9999.00
     1   2005    184    6000.0      13.1      22.0      1.51      2.00      0.00  -9999.00
     1   2005    185   14800.0       9.2      17.3      1.16      2.00      0.40  -9999.00
     1   2005    186   23900.0      11.7      17.3      1.37      2.00     18.90  -9999.00
     1   2005    187   23000.0       7.1      13.1      1.01      2.00      2.10  -9999.00
     1   2005    188    7500.0      10.3      15.9      1.25      2.00      6.30  -9999.00
     1   2005    189   22600.0      11.7      18.4      1.37      2.00      0.60  -9999.00
     1   2005    190   26800.0      11.4      19.2      1.35      2.00      3.30  -9999.00
     1   2005    191   13400.0      12.9      25.7      1.49      2.00      0.00  -9999.00
     1   2005    192   23100.0      10.0      25.8      1.23      2.00      0.00  -9999.00
     1   2005    193   17100.0      10.3      17.9      1.25      2.00      0.60  -9999.00
     1   2005    194   20300.0       7.8      18.6      1.06      2.00      0.30  -9999.00
     1   2005    195   26000.0      11.5      20.5      1.36      2.00      0.00  -9999.00
     1   2005    196    8700.0      17.2      20.2      1.96      2.00      0.00  -9999.00
     1   2005    197    8000.0      12.0      20.1      1.40      2.00     41.00  -9999.00
     1   2005    198    5800.0      16.6      22.5      1.89      2.00      2.30  -9999.00
     1   2005    199   21900.0      11.4      18.9      1.35      2.00      0.20  -9999.00
     1   2005    200    5200.0      13.4      18.1      1.54      2.00      0.40  -9999.00
     1   2005    201    4000.0      11.9      21.2      1.39      2.00      0.50  -9999.00
     1   2005    202   25100.0       9.8      21.1      1.21      2.00      0.40  -9999.00
     1   2005    203   20300.0      11.7      20.4      1.37      2.00      5.10  -9999.00
     1   2005    204    8400.0      12.3      21.6      1.43      2.00      8.60  -9999.00
     1   2005    205   26400.0      13.4      21.9      1.54      2.00      0.00  -9999.00
     1   2005    206   21200.0       9.1      20.4      1.16      2.00      0.00  -9999.00
     1   2005    207   25400.0      13.5      22.1      1.55      2.00      0.00  -9999.00
     1   2005    208    4000.0      14.1      17.7      1.61      2.00      2.20  -9999.00
     1   2005    209   15300.0      13.2      24.3      1.52      2.00      0.00  -9999.00
     1   2005    210   23100.0      13.5      24.0      1.55      2.00      0.00  -9999.00
     1   2005    211   12400.0      12.8      19.3      1.48      2.00      1.20  -9999.00
     1   2005    212   25000.0      10.6      21.7      1.28      2.00      0.00  -9999.00
     1   2005    213   10200.0      13.6      21.9      1.56      2.00      0.80  -9999.00
     1   2005    214   10300.0      18.1      21.6      2.08      2.00      1.10  -9999.00
     1   2005    215   18300.0       9.9      20.4      1.22      2.00      6.40  -9999.00
     1   2005    216   20700.0      11.9      22.3      1.39      2.00      0.00  -9999.00
     1   2005    217   16900.0      11.3      20.7      1.34      2.00      0.00  -9999.00
     1   2005    218   22600.0      12.3      21.3      1.43      2.00      0.00  -9999.00
     1   2005    219    5200.0      14.3      22.3      1.63      2.00     19.10  -9999.00
     1   2005    220   16200.0      14.6      23.0      1.66      2.00      0.00  -9999.00
     1   2005    221   17100.0      12.8      21.0      1.48      2.00      1.70  -9999.00
     1   2005    222    4700.0      12.3      20.4      1.43      2.00     20.80  -9999.00
     1   2005    223    3900.0      10.1      20.8      1.24      2.00     16.40  -9999.00
     1   2005    224   20600.0      14.5      26.3      1.65      2.00      0.00  -9999.00
     1   2005    225    6700.0      12.4      19.5      1.44      2.00      0.40  -9999.00
     1   2005    226    3700.0       8.8      18.1      1.13      2.00      2.10  -9999.00
     1   2005    227   13000.0      12.2      18.0      1.42      2.00      0.30  -9999.00
     1   2005    228   20500.0      13.2      22.0      1.52      2.00      0.00  -9999.00
     1   2005    229   13600.0      12.7      19.8      1.47      2.00      1.90  -9999.00
     1   2005    230   13100.0      11.1      21.7      1.32      2.00      0.60  -9999.00
     1   2005    231   20600.0      12.1      21.5      1.41      2.00      0.00  -9999.00
     1   2005    232   20600.0      12.6      24.1      1.46      2.00      0.00  -9999.00
     1   2005    233    9800.0      12.6      23.1      1.46      2.00      2.10  -9999.00
     1   2005    234    5100.0      15.1      27.9      1.72      2.00      0.50  -9999.00
     1   2005    235   16200.0      15.9      23.1      1.81      2.00      0.00  -9999.00
     1   2005    236   11600.0      12.1      21.2      1.41      2.00      4.00  -9999.00
     1   2005    237   22600.0       9.2      21.0      1.16      2.00      0.00  -9999.00
     1   2005    238   18500.0      12.5      20.0      1.45      2.00      0.00  -9999.00
     1   2005    239   16900.0      15.4      26.8      1.75      2.00      0.00  -9999.00
     1   2005    240    6200.0      14.2      30.5      1.62      2.00      0.00  -9999.00
     1   2005    241   15200.0      14.4      21.0      1.64      2.00      0.60  -9999.00
     1   2005    242   19400.0      13.5      21.8      1.55      2.00      0.00  -9999.00
     1   2005    243   12100.0      13.2      21.3      1.52      2.00      0.00  -9999.00
     1   2005    244    4800.0      12.0      21.8      1.40      2.00      0.00  -9999.00
     1   2005    245    5900.0      13.1      19.4      1.51      2.00      1.10  -9999.00
     1   2005    246   14100.0      10.8      18.1      1.29      2.00      0.00  -9999.00
     1   2005    247   10000.0      12.5      20.7      1.45      2.00      0.00  -9999.00
     1   2005    248   12600.0      11.4      23.4      1.35      2.00      0.00  -9999.00
     1   2005    249   14600.0      12.7      19.4      1.47      2.00      0.00  -9999.00
     1   2005    250   17000.0      12.8      17.1      1.48      2.00      0.70  -9999.00
     1   2005    251   14700.0       9.9      21.6      1.22      2.00      0.00  -9999.00
     1   2005    252   18900.0      10.8      20.2      1.29      2.00      0.00  -9999.00
     1   2005    253    4000.0       9.6      17.4      1.20      2.00      2.10  -9999.00
     1   2005    254    8100.0      10.3      16.2      1.25      2.00      0.10  -9999.00
     1   2005    255    9500.0      12.1      19.6      1.41      2.00      0.10  -9999.00
     1   2005    256   13900.0       8.5      23.6      1.11      2.00      0.00  -9999.00
     1   2005    257    2600.0      12.8      20.9      1.48      2.00      0.00  -9999.00
     1   2005    258   17900.0      13.6      18.3      1.56      2.00      0.00  -9999.00
     1   2005    259   15900.0       7.3      19.0      1.02      2.00      0.00  -9999.00
     1   2005    260   13600.0       9.5      16.9      1.19      2.00      0.00  -9999.00
     1   2005    261   12700.0       6.4      17.0      0.96      2.00      0.00  -9999.00
     1   2005    262   17700.0       8.8      16.7      1.13      2.00      0.10  -9999.00
     1   2005    263    2800.0      12.3      19.8      1.43      2.00      0.10  -9999.00
     1   2005    264   13900.0      13.6      18.5      1.56      2.00      0.10  -9999.00
     1   2005    265   13000.0      11.5      19.8      1.36      2.00      3.80  -9999.00
     1   2005    266    4800.0       9.9      17.3      1.22      2.00      0.50  -9999.00
     1   2005    267    2200.0       9.9      17.5      1.22      2.00      0.00  -9999.00
     1   2005    268    6400.0      10.0      16.1      1.23      2.00      2.20  -9999.00
     1   2005    269   10100.0      10.0      14.7      1.23      2.00      0.00  -9999.00
     1   2005    270   10800.0      15.3      15.6      1.74      2.00      0.00  -9999.00
     1   2005    271   14800.0       6.8      17.2      0.99      2.00      0.00  -9999.00
     1   2005    272    7600.0       6.5      15.5      0.97      2.00      5.10  -9999.00
     1   2005    273    2700.0       7.8      14.1      1.06      2.00      0.00  -9999.00
     1   2005    274    7600.0       6.9      15.0      0.99      2.00      3.50  -9999.00
     1   2005    275    8900.0       8.5      15.1      1.11      2.00      0.50  -9999.00
     1   2005    276   10700.0       1.9      11.5      0.70      2.00      0.60  -9999.00
     1   2005    277   12000.0       9.7      16.5      1.20      2.00      0.00  -9999.00
     1   2005    278   13000.0       6.3      18.9      0.95      2.00      0.00  -9999.00
     1   2005    279    1800.0       8.5      15.0      1.11      2.00      0.00  -9999.00
     1   2005    280    6700.0      11.7      13.7      1.37      2.00      0.80  -9999.00
     1   2005    281    9800.0      11.6      17.3      1.37      2.00      0.00  -9999.00
     1   2005    282   10400.0      11.9      22.8      1.39      2.00      0.00  -9999.00
     1   2005    283    8100.0      12.4      18.7      1.44      2.00      1.70  -9999.00
     1   2005    284   10200.0      11.0      18.3      1.31      2.00      0.00  -9999.00
     1   2005    285   11000.0       7.5      12.7      1.04      2.00      1.00  -9999.00
     1   2005    286    2500.0      10.7      13.5      1.29      2.00      0.50  -9999.00
     1   2005    287    1900.0       5.2      14.0      0.88      2.00      1.00  -9999.00
     1   2005    288    4300.0       8.3      11.8      1.09      2.00      7.10  -9999.00
     1   2005    289    4600.0       7.8      13.9      1.06      2.00      0.70  -9999.00
     1   2005    290    1800.0       5.7      10.6      0.92      2.00      0.00  -9999.00
     1   2005    291    7300.0       6.7      10.5      0.98      2.00      2.30  -9999.00
     1   2005    292    1400.0       8.9      13.6      1.14      2.00      3.70  -9999.00
     1   2005    293    4800.0      10.8      14.7      1.29      2.00      9.40  -9999.00
     1   2005    294    9100.0       8.2      14.0      1.09      2.00      1.20  -9999.00
     1   2005    295    1700.0       9.3      15.1      1.17      2.00      0.60  -9999.00
     1   2005    296    1300.0       8.9      15.6      1.14      2.00      0.20  -9999.00
     1   2005    297    2900.0       6.9      12.4      0.99      2.00      0.00  -9999.00
     1   2005    298    5700.0       8.6      12.9      1.12      2.00      3.00  -9999.00
     1   2005    299    9400.0       4.4      12.6      0.84      2.00      0.00  -9999.00
     1   2005    300    3700.0       5.0      13.6      0.87      2.00      0.00  -9999.00
     1   2005    301    9500.0       3.5      12.4      0.78      2.00      0.00  -9999.00
     1   2005    302    2500.0      -1.3      13.6      0.56      2.00      0.00  -9999.00
     1   2005    303    7700.0       2.1       9.4      0.71      2.00      0.00  -9999.00
     1   2005    304    3700.0      -1.4      12.7      0.55      2.00      8.70  -9999.00
     1   2005    305    1600.0       6.2      12.3      0.95      2.00      0.10  -9999.00
     1   2005    306    6300.0       2.5       9.3      0.73      2.00     23.30  -9999.00
     1   2005    307    1200.0       3.7       9.2      0.80      2.00      4.60  -9999.00
     1   2005    308    1100.0      -0.1      11.1      0.61      2.00      0.10  -9999.00
     1   2005    309    4200.0       3.1       7.2      0.76      2.00      0.90  -9999.00
     1   2005    310    1100.0       3.2       9.2      0.77      2.00      0.60  -9999.00
     1   2005    311    6900.0       7.2      14.1      1.02      2.00      3.80  -9999.00
     1   2005    312    7000.0      10.3      13.2      1.25      2.00      1.20  -9999.00
     1   2005    313    1400.0       0.8       7.1      0.65      2.00      0.20  -9999.00
     1   2005    314     900.0       3.6       8.2      0.79      2.00      0.20  -9999.00
     1   2005    315    2200.0       0.7      11.0      0.64      2.00      8.90  -9999.00
     1   2005    316    1100.0       3.5       9.6      0.78      2.00      2.40  -9999.00
     1   2005    317    5500.0       1.3       6.3      0.67      2.00      0.10  -9999.00
     1   2005    318    5400.0       1.9       8.7      0.70      2.00      1.30  -9999.00
     1   2005    319    1100.0       5.1      12.6      0.88      2.00      2.80  -9999.00
     1   2005    320     900.0       4.9      11.0      0.87      2.00      0.60  -9999.00
     1   2005    321     900.0       5.5      13.3      0.90      2.00      0.40  -9999.00
     1   2005    322    2900.0      10.3      13.3      1.25      2.00      0.10  -9999.00
     1   2005    323     800.0      -1.5       5.8      0.55      2.00      0.10  -9999.00
     1   2005    324    2200.0       0.2       0.9      0.62      2.00      2.70  -9999.00
     1   2005    325     800.0       2.0      11.1      0.71      2.00      1.50  -9999.00
     1   2005    326    1600.0       3.3       8.6      0.77      2.00      0.00  -9999.00
     1   2005    327    5300.0      -0.1       6.2      0.61      2.00      0.00  -9999.00
     1   2005    328    6100.0       0.6       4.3      0.64      2.00      0.00  -9999.00
     1   2005    329    2000.0       3.5       5.8      0.78      2.00      0.40  -9999.00
     1   2005    330    2900.0       4.2       6.2      0.82      2.00      0.00  -9999.00
     1   2005    331    4800.0       4.1       6.6      0.82      2.00      0.00  -9999.00
     1   2005    332     700.0       0.4       4.1      0.63      2.00      0.00  -9999.00
     1   2005    333    3200.0       2.8       9.6      0.75      2.00      0.00  -9999.00
     1   2005    334    4600.0      -0.7       7.9      0.58      2.00      0.00  -9999.00
     1   2005    335    2500.0      -1.9       5.1      0.53      2.00      0.00  -9999.00
     1   2005    336    3100.0       1.5       6.6      0.68      2.00      0.00  -9999.00
     1   2005    337     700.0       1.6       7.9      0.69      2.00      0.00  -9999.00
     1   2005    338     700.0       4.3      10.4      0.83      2.00      0.80  -9999.00
     1   2005    339     700.0       2.2       9.1      0.72      2.00      0.20  -9999.00
     1   2005    340     700.0       2.5       9.5      0.73      2.00      0.30  -9999.00
     1   2005    341     700.0      -0.2       8.5      0.60      2.00      2.60  -9999.00
     1   2005    342     700.0       1.7       7.2      0.69      2.00      1.20  -9999.00
     1   2005    343     800.0       2.0      10.4      0.71      2.00      9.20  -9999.00
     1   2005    344     700.0       2.7      11.9      0.74      2.00      5.50  -9999.00
     1   2005    345     700.0      -0.1       7.1      0.61      2.00      0.50  -9999.00
     1   2005    346     900.0       0.1       4.4      0.62      2.00      0.40  -9999.00
     1   2005    347    4000.0       0.3       7.8      0.62      2.00     10.00  -9999.00
     1   2005    348    4200.0       3.3       5.3      0.77      2.00      0.70  -9999.00
     1   2005    349    4100.0       5.9      12.7      0.93      2.00      2.20  -9999.00
     1   2005    350    1300.0       7.6      12.5      1.04      2.00      1.10  -9999.00
     1   2005    351     800.0      -1.3       3.8      0.56      2.00      0.60  -9999.00
     1   2005    352    3000.0      -0.6       6.2      0.58      2.00      0.10  -9999.00
     1   2005    353     700.0       3.8       6.9      0.80      2.00      0.20  -9999.00
     1   2005    354    2900.0       4.0       5.7      0.81      2.00      0.00  -9999.00
     1   2005    355    3700.0       1.1       4.7      0.66      2.00      0.00  -9999.00
     1   2005    356    2700.0       0.8       4.4      0.65      2.00      0.00  -9999.00
     1   2005    357     600.0       2.9       7.1      0.75      2.00      0.00  -9999.00
     1   2005    358    1800.0       3.5       8.0      0.78      2.00      0.00  -9999.00
     1   2005    359     700.0      -0.8       4.8      0.58      2.00      2.10  -9999.00
     1   2005    360    3300.0      -0.2       1.9      0.60      2.00      0.80  -9999.00
     1   2005    361     700.0       3.8       8.1      0.80      2.00      0.90  -9999.00
     1   2005    362     700.0       2.1       9.8      0.71      2.00      4.00  -9999.00
     1   2005    363    3400.0       0.0       8.0      0.61      2.00      9.90  -9999.00
     1   2005    364    1200.0      -2.4       5.3      0.51      2.00      0.00  -9999.00
     1   2005    365     700.0      -2.2       3.2      0.52      2.00      0.10  -9999.00
