*-----------------------------------------------------------------------------* 
           WHWG_217.met           52.12    0.96   89.00
* Date created:  08-Aug-2019     Author: K Coleman 
* 
* NIL VALUE       -9999 
* Source:   data provided by M. Semenov 
*  
* Latitude:    52.12 Longitude:     0.96 Altitude:    89.00
* 
* Column  Daily value 
* 1       station number 
* 2       year 
* 3       day 
* 4       irradiation                   (kJ m-2 d-1) 
* 5       minimum temperature           (degrees Celsius) 
* 6       maximum temperature           (degrees Celsius) 
* 7       early morning vapour pressure (kPa)             
* 8       mean wind speed (height: 2 m?) (m s-1)          
* 9       precipitation                 (mm d-1)          
* 10      sunshine                      (hrs)             
 		Jday	RAD	    TMIN	TMAX	 VAP	wind	RAIN	SUN  
               kj/m2	°C	    °C	     kPa	m/s	    mm	    hrs 
   52.12  89.00
     1   2005      1    4000.0       0.0       7.1      0.61      2.00      1.80  -9999.00
     1   2005      2     700.0      -0.8       8.1      0.58      2.00      0.00  -9999.00
     1   2005      3     800.0      -0.1       7.2      0.61      2.00      0.00  -9999.00
     1   2005      4    4000.0       3.0       8.2      0.76      2.00      2.90  -9999.00
     1   2005      5    1200.0      -1.3       5.5      0.56      2.00      0.00  -9999.00
     1   2005      6    3400.0      -4.9       5.6      0.42      2.00      0.00  -9999.00
     1   2005      7     800.0       3.7       7.1      0.80      2.00      1.20  -9999.00
     1   2005      8     700.0       3.4       5.0      0.78      2.00      2.30  -9999.00
     1   2005      9    4000.0      -2.9       4.8      0.49      2.00      0.00  -9999.00
     1   2005     10    4000.0      -7.0       3.7      0.36      2.00      1.30  -9999.00
     1   2005     11     700.0       2.1       9.5      0.71      2.00      1.60  -9999.00
     1   2005     12     800.0       3.9       9.1      0.81      2.00      1.10  -9999.00
     1   2005     13     700.0       2.9       6.4      0.75      2.00      1.00  -9999.00
     1   2005     14    2900.0       3.4       4.2      0.78      2.00      1.50  -9999.00
     1   2005     15     800.0       0.0       7.5      0.61      2.00      0.70  -9999.00
     1   2005     16    3400.0      -2.0       8.1      0.53      2.00      0.00  -9999.00
     1   2005     17    2900.0       7.1      10.1      1.01      2.00      3.40  -9999.00
     1   2005     18    2800.0       3.5      10.6      0.78      2.00      0.30  -9999.00
     1   2005     19     900.0       3.6      10.6      0.79      2.00      1.40  -9999.00
     1   2005     20    1900.0       3.3       8.3      0.77      2.00      0.00  -9999.00
     1   2005     21     800.0      -1.6       3.5      0.54      2.00      0.00  -9999.00
     1   2005     22    2800.0      -1.9       6.6      0.53      2.00      0.60  -9999.00
     1   2005     23    1700.0       2.5       6.9      0.73      2.00      0.00  -9999.00
     1   2005     24     800.0       1.2       8.1      0.67      2.00      3.60  -9999.00
     1   2005     25    2100.0       1.6      11.3      0.69      2.00      0.00  -9999.00
     1   2005     26    1900.0       0.8      10.1      0.65      2.00      0.00  -9999.00
     1   2005     27    6100.0       2.4       8.9      0.73      2.00      0.00  -9999.00
     1   2005     28    3400.0       0.0       7.7      0.61      2.00      6.60  -9999.00
     1   2005     29    4100.0       3.6       6.9      0.79      2.00      3.60  -9999.00
     1   2005     30    1200.0       1.1       4.1      0.66      2.00      0.20  -9999.00
     1   2005     31    1400.0       3.5      11.2      0.78      2.00      0.10  -9999.00
     1   2005     32    5500.0       2.4       9.0      0.73      2.00      0.00  -9999.00
     1   2005     33    4600.0       0.0       3.6      0.61      2.00      0.00  -9999.00
     1   2005     34    1600.0      -0.4       1.6      0.59      2.00      0.00  -9999.00
     1   2005     35    7200.0      -5.2       3.2      0.41      2.00      0.00  -9999.00
     1   2005     36    7200.0      -1.1       4.9      0.56      2.00      0.00  -9999.00
     1   2005     37    2500.0       0.2       4.4      0.62      2.00      0.00  -9999.00
     1   2005     38    7300.0      -0.2       4.0      0.60      2.00      1.50  -9999.00
     1   2005     39    6300.0       8.1       9.7      1.08      2.00      0.80  -9999.00
     1   2005     40    1100.0       4.7       9.6      0.85      2.00      0.10  -9999.00
     1   2005     41    4700.0       1.4       6.1      0.68      2.00      0.40  -9999.00
     1   2005     42    8400.0       3.7       6.9      0.80      2.00      6.90  -9999.00
     1   2005     43    5900.0       0.5       5.2      0.63      2.00      7.70  -9999.00
     1   2005     44    7200.0       0.5       7.9      0.63      2.00      0.30  -9999.00
     1   2005     45    7100.0       2.4       8.6      0.73      2.00      6.20  -9999.00
     1   2005     46    3000.0       5.0       8.4      0.87      2.00      0.10  -9999.00
     1   2005     47    1200.0      -1.9       6.2      0.53      2.00      0.00  -9999.00
     1   2005     48    7500.0      -4.1       4.4      0.45      2.00      0.60  -9999.00
     1   2005     49    1300.0       0.2       5.7      0.62      2.00      0.50  -9999.00
     1   2005     50    4400.0      -1.3       4.3      0.56      2.00      0.00  -9999.00
     1   2005     51    2000.0       2.7       7.7      0.74      2.00      0.00  -9999.00
     1   2005     52    6500.0       1.1      10.0      0.66      2.00      0.00  -9999.00
     1   2005     53    8300.0       1.5       9.6      0.68      2.00      0.00  -9999.00
     1   2005     54    5800.0       3.9      12.3      0.81      2.00      4.90  -9999.00
     1   2005     55    1400.0       5.0      11.3      0.87      2.00      3.20  -9999.00
     1   2005     56    1500.0       5.2       9.2      0.88      2.00      0.50  -9999.00
     1   2005     57    2300.0      -2.3       0.2      0.52      2.00      2.40  -9999.00
     1   2005     58    1600.0       0.7       2.7      0.64      2.00      0.10  -9999.00
     1   2005     59    1500.0      -1.0       6.0      0.57      2.00      0.00  -9999.00
     1   2005     60    7600.0       0.1       9.3      0.62      2.00      0.00  -9999.00
     1   2005     61    2000.0       4.6       8.7      0.85      2.00      4.10  -9999.00
     1   2005     62    3200.0       1.0      12.0      0.66      2.00      0.00  -9999.00
     1   2005     63    3800.0       0.1       8.5      0.62      2.00      8.90  -9999.00
     1   2005     64   10200.0       0.1      10.8      0.62      2.00      0.50  -9999.00
     1   2005     65    2600.0       5.9      11.0      0.93      2.00      0.40  -9999.00
     1   2005     66    8400.0       2.6      10.2      0.74      2.00      0.80  -9999.00
     1   2005     67   11100.0       1.3       6.5      0.67      2.00      9.00  -9999.00
     1   2005     68    3700.0       1.1       7.4      0.66      2.00      3.20  -9999.00
     1   2005     69    5300.0       2.1       9.8      0.71      2.00      0.00  -9999.00
     1   2005     70    2400.0       0.1       9.4      0.62      2.00      0.00  -9999.00
     1   2005     71    3300.0       3.9       8.4      0.81      2.00      2.20  -9999.00
     1   2005     72   11300.0       4.2       6.2      0.82      2.00      0.40  -9999.00
     1   2005     73    2200.0       4.7       9.5      0.85      2.00      0.50  -9999.00
     1   2005     74    2400.0       3.4       7.6      0.78      2.00      3.30  -9999.00
     1   2005     75   13700.0       1.7      12.7      0.69      2.00      0.00  -9999.00
     1   2005     76    2600.0       1.7      12.9      0.69      2.00      0.10  -9999.00
     1   2005     77    3000.0       6.1      14.2      0.94      2.00      0.00  -9999.00
     1   2005     78    9200.0       9.0      13.3      1.15      2.00      0.00  -9999.00
     1   2005     79    5900.0       1.3       9.4      0.67      2.00      3.80  -9999.00
     1   2005     80    6000.0       5.0      10.4      0.87      2.00      1.40  -9999.00
     1   2005     81   12600.0       1.0       6.5      0.66      2.00      6.70  -9999.00
     1   2005     82    8400.0       2.5       7.0      0.73      2.00      6.50  -9999.00
     1   2005     83    4100.0       1.2      11.5      0.67      2.00      0.10  -9999.00
     1   2005     84   15300.0       3.6      12.4      0.79      2.00      0.00  -9999.00
     1   2005     85   10600.0       2.2      11.5      0.72      2.00      0.20  -9999.00
     1   2005     86    6200.0       4.7       9.9      0.85      2.00      0.20  -9999.00
     1   2005     87   10900.0       4.1      11.5      0.82      2.00      0.00  -9999.00
     1   2005     88    4800.0       3.6      13.2      0.79      2.00      0.00  -9999.00
     1   2005     89   16000.0       4.2      13.8      0.82      2.00      0.00  -9999.00
     1   2005     90    6900.0       3.7      15.6      0.80      2.00      0.70  -9999.00
     1   2005     91    2500.0       4.6      15.2      0.85      2.00      0.10  -9999.00
     1   2005     92   14900.0       5.0      14.6      0.87      2.00      0.00  -9999.00
     1   2005     93   10100.0       8.1      15.5      1.08      2.00      0.00  -9999.00
     1   2005     94    3100.0       3.5      10.8      0.78      2.00      0.40  -9999.00
     1   2005     95   16500.0       4.8      10.8      0.86      2.00      0.20  -9999.00
     1   2005     96   14600.0       3.9      11.0      0.81      2.00      0.20  -9999.00
     1   2005     97   16800.0       1.5      14.3      0.68      2.00      0.00  -9999.00
     1   2005     98   19000.0      -0.1      16.3      0.61      2.00      0.00  -9999.00
     1   2005     99   19500.0       7.6      12.5      1.04      2.00      0.00  -9999.00
     1   2005    100   18900.0       7.0      13.6      1.00      2.00      0.00  -9999.00
     1   2005    101   18400.0       2.7       9.5      0.74      2.00      0.00  -9999.00
     1   2005    102    9200.0      -1.6       7.8      0.54      2.00      0.00  -9999.00
     1   2005    103   11600.0       5.6      11.2      0.91      2.00      0.00  -9999.00
     1   2005    104    3400.0       3.5       8.9      0.78      2.00      0.00  -9999.00
     1   2005    105    7400.0       3.6      12.0      0.79      2.00      0.10  -9999.00
     1   2005    106   14500.0      -0.6      12.3      0.58      2.00      3.20  -9999.00
     1   2005    107   12100.0       4.8      13.7      0.86      2.00      0.10  -9999.00
     1   2005    108   11700.0       4.0      14.2      0.81      2.00      0.70  -9999.00
     1   2005    109   19100.0       2.7      15.6      0.74      2.00      0.00  -9999.00
     1   2005    110   16200.0       2.4      13.2      0.73      2.00      3.20  -9999.00
     1   2005    111   11400.0       5.5      14.9      0.90      2.00      1.90  -9999.00
     1   2005    112    6700.0       3.0      21.5      0.76      2.00     13.60  -9999.00
     1   2005    113   13500.0       3.2      14.0      0.77      2.00      1.00  -9999.00
     1   2005    114   12300.0       2.6      13.2      0.74      2.00      6.00  -9999.00
     1   2005    115   20600.0       4.0      11.4      0.81      2.00      0.50  -9999.00
     1   2005    116   19400.0       2.0      14.8      0.71      2.00      0.00  -9999.00
     1   2005    117    7700.0       6.5      23.3      0.97      2.00      0.00  -9999.00
     1   2005    118   23000.0       8.7      18.0      1.12      2.00      0.00  -9999.00
     1   2005    119   20300.0       4.9      11.4      0.87      2.00      0.00  -9999.00
     1   2005    120   11700.0       8.3      12.4      1.09      2.00      0.00  -9999.00
     1   2005    121   11400.0       5.5      19.7      0.90      2.00      0.00  -9999.00
     1   2005    122   14500.0       7.5      19.3      1.04      2.00      0.00  -9999.00
     1   2005    123    6300.0       6.6      13.7      0.97      2.00      1.40  -9999.00
     1   2005    124   16400.0       3.1      16.4      0.76      2.00      5.80  -9999.00
     1   2005    125    5000.0       6.6      12.4      0.97      2.00      4.10  -9999.00
     1   2005    126   24800.0       6.7      16.2      0.98      2.00      0.00  -9999.00
     1   2005    127    7800.0       0.3      12.0      0.62      2.00      0.00  -9999.00
     1   2005    128   21200.0      -0.1      13.5      0.61      2.00      0.00  -9999.00
     1   2005    129   10600.0       5.0      14.8      0.87      2.00      0.00  -9999.00
     1   2005    130    7100.0       7.1      14.8      1.01      2.00      6.80  -9999.00
     1   2005    131   26100.0       2.8      15.2      0.75      2.00      0.00  -9999.00
     1   2005    132   20300.0       4.7      14.0      0.85      2.00      5.40  -9999.00
     1   2005    133    6100.0       5.5      14.8      0.90      2.00      0.40  -9999.00
     1   2005    134   19900.0       3.2      17.3      0.77      2.00      0.20  -9999.00
     1   2005    135   14600.0       6.7      16.0      0.98      2.00      4.30  -9999.00
     1   2005    136    8300.0       6.6      19.8      0.97      2.00      0.00  -9999.00
     1   2005    137    9600.0       4.1      13.7      0.82      2.00      5.90  -9999.00
     1   2005    138    5300.0       8.0      15.0      1.07      2.00      0.70  -9999.00
     1   2005    139   18400.0       9.0      15.5      1.15      2.00      0.00  -9999.00
     1   2005    140   20800.0      10.4      16.3      1.26      2.00      0.00  -9999.00
     1   2005    141   25000.0       9.4      19.5      1.18      2.00      0.00  -9999.00
     1   2005    142   26200.0       8.4      16.5      1.10      2.00      0.00  -9999.00
     1   2005    143    9200.0      10.8      20.3      1.29      2.00      0.00  -9999.00
     1   2005    144   28100.0       9.5      18.8      1.19      2.00      0.00  -9999.00
     1   2005    145   27100.0       7.8      19.6      1.06      2.00      0.00  -9999.00
     1   2005    146   15800.0      10.2      20.3      1.24      2.00      0.00  -9999.00
     1   2005    147   28000.0       2.9      12.7      0.75      2.00      0.00  -9999.00
     1   2005    148   18700.0       6.9      13.3      0.99      2.00      0.50  -9999.00
     1   2005    149    4300.0       7.4      14.2      1.03      2.00      0.30  -9999.00
     1   2005    150   11000.0       8.8      14.5      1.13      2.00      2.40  -9999.00
     1   2005    151   26900.0       5.4      19.2      0.90      2.00      0.00  -9999.00
     1   2005    152   24400.0       4.0      15.7      0.81      2.00      2.30  -9999.00
     1   2005    153   21700.0       8.8      20.3      1.13      2.00      7.30  -9999.00
     1   2005    154    4400.0       4.5      17.6      0.84      2.00      0.40  -9999.00
     1   2005    155   28400.0       9.3      20.7      1.17      2.00      0.00  -9999.00
     1   2005    156    7700.0       9.3      17.6      1.17      2.00      0.00  -9999.00
     1   2005    157   29200.0       9.6      19.0      1.20      2.00      0.00  -9999.00
     1   2005    158    5500.0       9.2      15.2      1.16      2.00      4.70  -9999.00
     1   2005    159   26400.0      10.9      20.0      1.30      2.00      0.00  -9999.00
     1   2005    160   29000.0       8.8      19.4      1.13      2.00      1.20  -9999.00
     1   2005    161   21600.0       4.3      13.9      0.83      2.00     11.60  -9999.00
     1   2005    162   28700.0       9.4      19.0      1.18      2.00      0.00  -9999.00
     1   2005    163   23600.0      11.6      21.2      1.37      2.00      1.20  -9999.00
     1   2005    164   17900.0      11.5      17.8      1.36      2.00     12.50  -9999.00
     1   2005    165   17900.0      11.1      17.2      1.32      2.00      0.80  -9999.00
     1   2005    166    7700.0       8.4      18.6      1.10      2.00      0.00  -9999.00
     1   2005    167   26700.0      10.8      21.6      1.29      2.00      0.00  -9999.00
     1   2005    168   20300.0       9.4      24.8      1.18      2.00      0.00  -9999.00
     1   2005    169    5800.0      10.0      20.9      1.23      2.00      0.00  -9999.00
     1   2005    170   19900.0       5.1      18.0      0.88      2.00      0.60  -9999.00
     1   2005    171   21100.0       8.4      17.3      1.10      2.00      1.40  -9999.00
     1   2005    172   29500.0      11.7      18.0      1.37      2.00      0.00  -9999.00
     1   2005    173   24300.0      13.7      20.9      1.57      2.00      4.80  -9999.00
     1   2005    174   24600.0      10.7      31.0      1.29      2.00      9.40  -9999.00
     1   2005    175    5000.0       8.4      19.2      1.10      2.00      0.00  -9999.00
     1   2005    176   26900.0       6.6      21.0      0.97      2.00      0.00  -9999.00
     1   2005    177   22900.0      11.9      16.6      1.39      2.00      1.00  -9999.00
     1   2005    178   29200.0      10.2      17.1      1.24      2.00      2.90  -9999.00
     1   2005    179   23200.0      10.0      15.3      1.23      2.00      0.80  -9999.00
     1   2005    180   17700.0      11.9      13.6      1.39      2.00      1.00  -9999.00
     1   2005    181    5500.0      10.9      22.1      1.30      2.00      0.30  -9999.00
     1   2005    182    9200.0       8.6      19.1      1.12      2.00      0.30  -9999.00
     1   2005    183    8100.0      12.1      22.7      1.41      2.00      0.00  -9999.00
     1   2005    184   12600.0      11.0      23.3      1.31      2.00      0.90  -9999.00
     1   2005    185   18200.0       9.3      19.8      1.17      2.00      0.00  -9999.00
     1   2005    186    7300.0      10.2      19.7      1.24      2.00      9.30  -9999.00
     1   2005    187   16000.0      11.0      20.2      1.31      2.00      1.20  -9999.00
     1   2005    188   28100.0      13.5      24.4      1.55      2.00      0.00  -9999.00
     1   2005    189   23800.0      14.6      26.1      1.66      2.00      0.00  -9999.00
     1   2005    190    6400.0      13.4      24.2      1.54      2.00      0.40  -9999.00
     1   2005    191    8100.0      13.0      23.1      1.50      2.00      0.00  -9999.00
     1   2005    192   25400.0      13.6      24.7      1.56      2.00      0.00  -9999.00
     1   2005    193   21600.0       9.7      18.8      1.20      2.00     19.70  -9999.00
     1   2005    194   24500.0      11.3      23.7      1.34      2.00      0.00  -9999.00
     1   2005    195   17100.0      13.0      20.0      1.50      2.00      0.70  -9999.00
     1   2005    196   10400.0       9.8      20.3      1.21      2.00      0.30  -9999.00
     1   2005    197   14300.0       9.4      15.6      1.18      2.00      2.10  -9999.00
     1   2005    198   15700.0       8.7      17.2      1.12      2.00      0.00  -9999.00
     1   2005    199   20400.0      13.7      23.9      1.57      2.00      0.00  -9999.00
     1   2005    200   22500.0      13.7      21.3      1.57      2.00      0.00  -9999.00
     1   2005    201   22700.0      12.9      21.6      1.49      2.00      0.00  -9999.00
     1   2005    202   24500.0      11.6      24.4      1.37      2.00      0.00  -9999.00
     1   2005    203   16000.0      13.0      22.6      1.50      2.00      0.00  -9999.00
     1   2005    204   23000.0       8.4      19.9      1.10      2.00      0.00  -9999.00
     1   2005    205    4000.0      13.2      20.6      1.52      2.00      0.20  -9999.00
     1   2005    206   20300.0      12.3      20.4      1.43      2.00      8.00  -9999.00
     1   2005    207   28200.0      11.5      21.0      1.36      2.00      0.00  -9999.00
     1   2005    208    6100.0      15.1      20.6      1.72      2.00      8.50  -9999.00
     1   2005    209   22800.0      16.8      22.3      1.91      2.00      0.80  -9999.00
     1   2005    210    4700.0      11.9      21.2      1.39      2.00      0.40  -9999.00
     1   2005    211    4900.0      14.1      22.1      1.61      2.00     16.30  -9999.00
     1   2005    212   25800.0      13.4      22.4      1.54      2.00      0.00  -9999.00
     1   2005    213    8000.0      13.8      22.4      1.58      2.00      0.60  -9999.00
     1   2005    214    4100.0      11.5      24.1      1.36      2.00     12.50  -9999.00
     1   2005    215   21500.0      11.7      18.1      1.37      2.00      0.20  -9999.00
     1   2005    216   24700.0       9.7      20.9      1.20      2.00      0.00  -9999.00
     1   2005    217   19800.0      16.6      21.4      1.89      2.00      3.90  -9999.00
     1   2005    218   17800.0      15.4      21.4      1.75      2.00      0.00  -9999.00
     1   2005    219    5800.0      11.7      18.0      1.37      2.00      0.50  -9999.00
     1   2005    220   19000.0      13.0      19.3      1.50      2.00      0.00  -9999.00
     1   2005    221   19600.0      13.1      26.3      1.51      2.00      0.00  -9999.00
     1   2005    222   10900.0      11.4      27.1      1.35      2.00      0.00  -9999.00
     1   2005    223    6300.0      13.1      22.7      1.51      2.00      0.00  -9999.00
     1   2005    224   17600.0      14.4      19.7      1.64      2.00      0.30  -9999.00
     1   2005    225   19300.0       9.6      21.5      1.20      2.00      0.00  -9999.00
     1   2005    226    8600.0      12.1      15.1      1.41      2.00      6.90  -9999.00
     1   2005    227    3800.0      10.1      19.5      1.24      2.00      0.50  -9999.00
     1   2005    228   23500.0      13.1      22.0      1.51      2.00      0.00  -9999.00
     1   2005    229   23200.0      15.6      23.1      1.77      2.00      0.00  -9999.00
     1   2005    230   11900.0      17.6      20.8      2.01      2.00      6.60  -9999.00
     1   2005    231   15500.0      10.2      21.0      1.24      2.00      4.30  -9999.00
     1   2005    232    3600.0       9.0      18.6      1.15      2.00      4.50  -9999.00
     1   2005    233   22500.0       9.0      22.4      1.15      2.00      0.00  -9999.00
     1   2005    234   19600.0      10.0      20.1      1.23      2.00      0.00  -9999.00
     1   2005    235   21000.0      12.5      21.3      1.45      2.00      0.00  -9999.00
     1   2005    236   23600.0       9.8      23.1      1.21      2.00      0.00  -9999.00
     1   2005    237    4800.0      14.1      22.6      1.61      2.00      0.00  -9999.00
     1   2005    238   16300.0      13.7      23.8      1.57      2.00      0.00  -9999.00
     1   2005    239   18400.0      11.7      22.0      1.37      2.00      0.00  -9999.00
     1   2005    240   23100.0      14.4      19.7      1.64      2.00      0.00  -9999.00
     1   2005    241    6500.0      10.2      14.9      1.24      2.00      0.50  -9999.00
     1   2005    242    4300.0       9.4      16.1      1.18      2.00      3.90  -9999.00
     1   2005    243   20100.0       9.2      18.0      1.16      2.00      9.60  -9999.00
     1   2005    244   19600.0       8.8      20.3      1.13      2.00      0.00  -9999.00
     1   2005    245   14700.0      11.0      20.7      1.31      2.00      9.20  -9999.00
     1   2005    246    4400.0      13.9      20.9      1.59      2.00      4.10  -9999.00
     1   2005    247    8700.0      11.7      19.3      1.37      2.00      0.10  -9999.00
     1   2005    248    4000.0      10.5      18.4      1.27      2.00      0.10  -9999.00
     1   2005    249   19500.0      11.4      20.3      1.35      2.00      0.00  -9999.00
     1   2005    250   16600.0      15.3      17.3      1.74      2.00      1.40  -9999.00
     1   2005    251   12800.0      13.9      21.0      1.59      2.00      0.00  -9999.00
     1   2005    252   19700.0      11.0      21.6      1.31      2.00      0.00  -9999.00
     1   2005    253   16300.0      11.4      22.2      1.35      2.00      0.00  -9999.00
     1   2005    254   14400.0      13.1      19.6      1.51      2.00      0.00  -9999.00
     1   2005    255   16600.0      10.0      17.1      1.23      2.00      0.00  -9999.00
     1   2005    256   17800.0      10.4      16.4      1.26      2.00      0.00  -9999.00
     1   2005    257   13100.0       9.3      20.2      1.17      2.00      0.00  -9999.00
     1   2005    258   13800.0      10.5      21.3      1.27      2.00      0.00  -9999.00
     1   2005    259    9700.0      10.8      16.8      1.29      2.00      0.10  -9999.00
     1   2005    260    4000.0       6.6      19.1      0.97      2.00      0.00  -9999.00
     1   2005    261    2400.0       9.0      21.3      1.15      2.00      0.00  -9999.00
     1   2005    262   14600.0      13.3      19.6      1.53      2.00      0.00  -9999.00
     1   2005    263   13900.0      11.0      16.7      1.31      2.00      8.40  -9999.00
     1   2005    264    4500.0       7.3      14.4      1.02      2.00      5.10  -9999.00
     1   2005    265   12700.0       8.6      17.8      1.12      2.00      0.00  -9999.00
     1   2005    266    2600.0       7.3      16.8      1.02      2.00      5.50  -9999.00
     1   2005    267   16400.0       8.3      14.2      1.09      2.00      6.20  -9999.00
     1   2005    268    8300.0      12.0      15.9      1.40      2.00      0.00  -9999.00
     1   2005    269   10500.0       7.9      16.0      1.07      2.00      0.00  -9999.00
     1   2005    270    8100.0       9.8      16.5      1.21      2.00      0.00  -9999.00
     1   2005    271    5500.0      10.2      13.6      1.24      2.00      2.20  -9999.00
     1   2005    272   10900.0      11.2      14.8      1.33      2.00     14.10  -9999.00
     1   2005    273   10500.0      11.1      14.5      1.32      2.00      2.10  -9999.00
     1   2005    274    2500.0      12.5      14.5      1.45      2.00     32.50  -9999.00
     1   2005    275    8200.0       5.6      12.3      0.91      2.00      7.60  -9999.00
     1   2005    276   13500.0       9.0      12.2      1.15      2.00      0.00  -9999.00
     1   2005    277    2100.0       9.6      14.7      1.20      2.00      0.20  -9999.00
     1   2005    278   12700.0       7.4      16.2      1.03      2.00      0.00  -9999.00
     1   2005    279    6900.0       6.6      13.4      0.97      2.00      0.00  -9999.00
     1   2005    280    7400.0       5.6      15.4      0.91      2.00      0.40  -9999.00
     1   2005    281    5000.0      11.9      15.7      1.39      2.00      0.50  -9999.00
     1   2005    282   11100.0       9.1      14.9      1.16      2.00      0.80  -9999.00
     1   2005    283    8200.0       6.2      12.3      0.95      2.00      0.70  -9999.00
     1   2005    284    6000.0       3.9      14.0      0.81      2.00      0.60  -9999.00
     1   2005    285    8400.0       7.0      12.1      1.00      2.00      0.00  -9999.00
     1   2005    286    3600.0       5.4      14.8      0.90      2.00      4.20  -9999.00
     1   2005    287    6100.0       3.3      12.4      0.77      2.00      0.00  -9999.00
     1   2005    288    6200.0       7.0      11.3      1.00      2.00      0.00  -9999.00
     1   2005    289    3900.0       5.4       9.8      0.90      2.00      0.40  -9999.00
     1   2005    290    1400.0       6.5      11.3      0.97      2.00      0.20  -9999.00
     1   2005    291    7300.0      11.8      17.9      1.38      2.00      0.00  -9999.00
     1   2005    292    7300.0      11.7      18.2      1.37      2.00      0.00  -9999.00
     1   2005    293    2700.0       4.9      12.9      0.87      2.00      1.00  -9999.00
     1   2005    294    6100.0       8.7      13.0      1.12      2.00      0.50  -9999.00
     1   2005    295    1400.0       8.0      13.7      1.07      2.00      0.20  -9999.00
     1   2005    296    8100.0      11.9      13.9      1.39      2.00      1.10  -9999.00
     1   2005    297    8200.0      11.6      15.1      1.37      2.00      2.10  -9999.00
     1   2005    298    1300.0       9.6      12.2      1.20      2.00      0.00  -9999.00
     1   2005    299    6800.0       0.7      10.2      0.64      2.00      0.80  -9999.00
     1   2005    300    1600.0       5.9       8.8      0.93      2.00      0.60  -9999.00
     1   2005    301    3600.0       8.2      14.1      1.09      2.00      0.10  -9999.00
     1   2005    302    4800.0       7.2      13.9      1.02      2.00      0.10  -9999.00
     1   2005    303    1200.0       9.1      14.6      1.16      2.00      3.10  -9999.00
     1   2005    304    1200.0       5.2      14.8      0.88      2.00      0.90  -9999.00
     1   2005    305    6300.0       2.9      12.7      0.75      2.00      2.10  -9999.00
     1   2005    306    6500.0       1.5      11.0      0.68      2.00      0.00  -9999.00
     1   2005    307    1200.0       5.1       8.6      0.88      2.00      0.00  -9999.00
     1   2005    308    7600.0       3.5      10.0      0.78      2.00      0.00  -9999.00
     1   2005    309    1200.0       5.6      12.1      0.91      2.00      0.80  -9999.00
     1   2005    310    2000.0       4.9      12.1      0.87      2.00      2.40  -9999.00
     1   2005    311    2800.0       5.6      14.4      0.91      2.00      0.00  -9999.00
     1   2005    312    1500.0       4.8      13.8      0.86      2.00      0.30  -9999.00
     1   2005    313    4300.0       4.2      11.6      0.82      2.00      0.90  -9999.00
     1   2005    314    2600.0      -0.3      11.9      0.60      2.00      0.00  -9999.00
     1   2005    315    1300.0       5.6      12.9      0.91      2.00      1.90  -9999.00
     1   2005    316    5200.0       2.9      10.0      0.75      2.00      0.00  -9999.00
     1   2005    317    5000.0       3.5      10.9      0.78      2.00      2.30  -9999.00
     1   2005    318    1400.0       1.2      11.6      0.67      2.00      0.00  -9999.00
     1   2005    319    2100.0       3.1      10.8      0.76      2.00      0.00  -9999.00
     1   2005    320    6700.0       0.8       9.5      0.65      2.00      0.00  -9999.00
     1   2005    321    1100.0       3.5       8.8      0.78      2.00      0.00  -9999.00
     1   2005    322    5000.0       4.7      11.5      0.85      2.00      0.00  -9999.00
     1   2005    323     900.0       4.1      11.0      0.82      2.00      7.80  -9999.00
     1   2005    324     800.0       3.6       9.1      0.79      2.00      2.10  -9999.00
     1   2005    325    1100.0       5.8      12.8      0.92      2.00     12.30  -9999.00
     1   2005    326    5500.0       9.1       9.9      1.16      2.00      0.00  -9999.00
     1   2005    327     900.0       5.7      11.2      0.92      2.00      2.90  -9999.00
     1   2005    328     800.0       2.2      12.6      0.72      2.00      0.20  -9999.00
     1   2005    329    2500.0       6.7      10.5      0.98      2.00      0.10  -9999.00
     1   2005    330     800.0      10.2      12.2      1.24      2.00      0.00  -9999.00
     1   2005    331    4200.0       5.3      11.8      0.89      2.00      0.00  -9999.00
     1   2005    332    4900.0       3.4      15.0      0.78      2.00      1.10  -9999.00
     1   2005    333    5200.0       3.1       7.9      0.76      2.00      0.00  -9999.00
     1   2005    334     800.0       2.8       8.9      0.75      2.00      0.50  -9999.00
     1   2005    335    4700.0       2.1       7.1      0.71      2.00      0.00  -9999.00
     1   2005    336     800.0       3.4      10.9      0.78      2.00      0.40  -9999.00
     1   2005    337     700.0       1.0       7.7      0.66      2.00      8.70  -9999.00
     1   2005    338     700.0       1.4       4.0      0.68      2.00      0.50  -9999.00
     1   2005    339     700.0       0.5       4.1      0.63      2.00      0.00  -9999.00
     1   2005    340    1100.0      -0.8       7.6      0.58      2.00      0.40  -9999.00
     1   2005    341    1100.0      -3.0       5.8      0.49      2.00      0.50  -9999.00
     1   2005    342    2600.0      -1.4       3.7      0.55      2.00      8.70  -9999.00
     1   2005    343    3700.0       1.2       7.0      0.67      2.00      0.00  -9999.00
     1   2005    344     600.0      -0.9       4.8      0.57      2.00      0.00  -9999.00
     1   2005    345     700.0       1.9       7.1      0.70      2.00      0.40  -9999.00
     1   2005    346    2800.0       5.7       5.8      0.92      2.00      0.20  -9999.00
     1   2005    347    2700.0       2.8       9.1      0.75      2.00      0.00  -9999.00
     1   2005    348     700.0       1.4       8.2      0.68      2.00      5.10  -9999.00
     1   2005    349    1000.0      -1.5       4.4      0.55      2.00      1.80  -9999.00
     1   2005    350    3700.0      -0.3       4.4      0.60      2.00      0.00  -9999.00
     1   2005    351    3400.0      -3.6       4.4      0.47      2.00      0.00  -9999.00
     1   2005    352     600.0       0.5       6.3      0.63      2.00      0.00  -9999.00
     1   2005    353    3400.0      -0.9       6.0      0.57      2.00      0.50  -9999.00
     1   2005    354     700.0      -1.6       5.8      0.54      2.00      0.80  -9999.00
     1   2005    355    1400.0       4.3      10.3      0.83      2.00      0.20  -9999.00
     1   2005    356     600.0       5.8       6.0      0.92      2.00      0.00  -9999.00
     1   2005    357     700.0      -0.7       4.4      0.58      2.00      1.00  -9999.00
     1   2005    358    4100.0       0.3       5.9      0.62      2.00      1.00  -9999.00
     1   2005    359    1700.0      -0.9       5.5      0.57      2.00     10.10  -9999.00
     1   2005    360    3600.0      -0.7       7.2      0.58      2.00      0.40  -9999.00
     1   2005    361     700.0       5.3      10.4      0.89      2.00      0.10  -9999.00
     1   2005    362    4100.0       5.3      10.8      0.89      2.00      4.10  -9999.00
     1   2005    363    4000.0       1.1       5.8      0.66      2.00      0.00  -9999.00
     1   2005    364    2000.0      -1.0       4.8      0.57      2.00      0.00  -9999.00
     1   2005    365    1700.0       2.3       7.1      0.72      2.00      0.00  -9999.00
