*-----------------------------------------------------------------------------* 
           WHWG_228.met           52.12    0.96   89.00
* Date created:  08-Aug-2019     Author: K Coleman 
* 
* NIL VALUE       -9999 
* Source:   data provided by M. Semenov 
*  
* Latitude:    52.12 Longitude:     0.96 Altitude:    89.00
* 
* Column  Daily value 
* 1       station number 
* 2       year 
* 3       day 
* 4       irradiation                   (kJ m-2 d-1) 
* 5       minimum temperature           (degrees Celsius) 
* 6       maximum temperature           (degrees Celsius) 
* 7       early morning vapour pressure (kPa)             
* 8       mean wind speed (height: 2 m?) (m s-1)          
* 9       precipitation                 (mm d-1)          
* 10      sunshine                      (hrs)             
 		Jday	RAD	    TMIN	TMAX	 VAP	wind	RAIN	SUN  
               kj/m2	°C	    °C	     kPa	m/s	    mm	    hrs 
   52.12  89.00
     1   2005      1     700.0      -2.1       3.2      0.52      2.00      7.60  -9999.00
     1   2005      2    3900.0      -2.0      -0.4      0.53      2.00      0.10  -9999.00
     1   2005      3     700.0      -0.3       1.7      0.60      2.00      0.30  -9999.00
     1   2005      4    4200.0      -1.1      -0.5      0.56      2.00      0.00  -9999.00
     1   2005      5    2200.0       0.0       2.5      0.61      2.00      0.00  -9999.00
     1   2005      6    2600.0      -1.4       7.7      0.55      2.00      5.80  -9999.00
     1   2005      7     700.0       0.6       9.8      0.64      2.00      4.30  -9999.00
     1   2005      8     800.0       3.8       9.5      0.80      2.00      1.70  -9999.00
     1   2005      9    3100.0       0.4       8.1      0.63      2.00      6.40  -9999.00
     1   2005     10    2600.0       1.4       7.9      0.68      2.00      0.00  -9999.00
     1   2005     11     800.0       2.1       9.0      0.71      2.00      0.00  -9999.00
     1   2005     12    4600.0      -1.1       5.2      0.56      2.00      0.00  -9999.00
     1   2005     13    5100.0      -5.3       3.3      0.41      2.00      0.00  -9999.00
     1   2005     14    1800.0       0.8       7.7      0.65      2.00      0.80  -9999.00
     1   2005     15     700.0       3.0       6.2      0.76      2.00      0.00  -9999.00
     1   2005     16     800.0       2.7       6.1      0.74      2.00      0.30  -9999.00
     1   2005     17     800.0       5.1       7.1      0.88      2.00      0.10  -9999.00
     1   2005     18    4800.0       0.7       8.0      0.64      2.00      0.00  -9999.00
     1   2005     19     800.0       0.5       5.3      0.63      2.00      0.00  -9999.00
     1   2005     20    4400.0       1.3       6.4      0.67      2.00      0.00  -9999.00
     1   2005     21    1000.0      -2.1       4.8      0.52      2.00      0.00  -9999.00
     1   2005     22     900.0       4.4       8.3      0.84      2.00      0.00  -9999.00
     1   2005     23    1000.0       3.9      11.5      0.81      2.00      0.30  -9999.00
     1   2005     24    1200.0      -1.1       7.6      0.56      2.00      0.20  -9999.00
     1   2005     25    4900.0       0.8       9.6      0.65      2.00      0.10  -9999.00
     1   2005     26     900.0      -0.5       5.9      0.59      2.00      0.60  -9999.00
     1   2005     27    2900.0       1.9       3.5      0.70      2.00      1.90  -9999.00
     1   2005     28    1600.0     -10.5       4.7      0.27      2.00      3.60  -9999.00
     1   2005     29    5700.0      -7.2       2.5      0.36      2.00      0.00  -9999.00
     1   2005     30    1400.0      -0.6       2.6      0.58      2.00      0.90  -9999.00
     1   2005     31    1400.0     -10.0       2.8      0.29      2.00     11.00  -9999.00
     1   2005     32    5900.0       3.5       7.1      0.78      2.00      0.00  -9999.00
     1   2005     33    3000.0       4.0       7.6      0.81      2.00      0.00  -9999.00
     1   2005     34    4200.0      -1.0       1.0      0.57      2.00      0.00  -9999.00
     1   2005     35    1000.0      -0.5       1.5      0.59      2.00      6.00  -9999.00
     1   2005     36    6400.0      -0.4       4.5      0.59      2.00      0.00  -9999.00
     1   2005     37    5800.0       3.0       6.2      0.76      2.00      1.70  -9999.00
     1   2005     38    1500.0       3.4       8.4      0.78      2.00      0.10  -9999.00
     1   2005     39    3800.0       6.0      10.0      0.93      2.00      0.70  -9999.00
     1   2005     40    1500.0      -2.6       6.2      0.50      2.00     20.70  -9999.00
     1   2005     41    1100.0       0.4       4.5      0.63      2.00      0.50  -9999.00
     1   2005     42    2200.0       2.4       9.6      0.73      2.00      2.50  -9999.00
     1   2005     43    6900.0       3.7      13.4      0.80      2.00      2.30  -9999.00
     1   2005     44    6900.0      -0.3       7.3      0.60      2.00      0.00  -9999.00
     1   2005     45    1300.0       1.7       7.0      0.69      2.00      2.50  -9999.00
     1   2005     46    6800.0       3.6      11.1      0.79      2.00      0.20  -9999.00
     1   2005     47    2500.0       4.6       9.3      0.85      2.00      0.80  -9999.00
     1   2005     48    1900.0       5.9       9.3      0.93      2.00      2.30  -9999.00
     1   2005     49    2500.0       4.9       8.3      0.87      2.00      1.20  -9999.00
     1   2005     50    8900.0       1.8       7.7      0.70      2.00      0.00  -9999.00
     1   2005     51    1300.0       2.7       6.5      0.74      2.00      1.90  -9999.00
     1   2005     52    1300.0       0.1       5.4      0.62      2.00      0.00  -9999.00
     1   2005     53    8000.0       0.7       6.8      0.64      2.00      1.90  -9999.00
     1   2005     54    1500.0      -0.3       7.2      0.60      2.00      1.40  -9999.00
     1   2005     55    2900.0       0.5       8.1      0.63      2.00      0.10  -9999.00
     1   2005     56    2900.0       4.4       9.4      0.84      2.00      0.30  -9999.00
     1   2005     57    5200.0       2.6       9.6      0.74      2.00      0.40  -9999.00
     1   2005     58    1400.0       3.2       9.8      0.77      2.00      1.80  -9999.00
     1   2005     59    5000.0       3.3       8.7      0.77      2.00      1.10  -9999.00
     1   2005     60    8500.0       4.0       7.1      0.81      2.00      2.50  -9999.00
     1   2005     61    2900.0       5.4       7.4      0.90      2.00     10.80  -9999.00
     1   2005     62   12000.0       1.1       3.9      0.66      2.00      0.10  -9999.00
     1   2005     63    9300.0       1.2       6.8      0.67      2.00      0.00  -9999.00
     1   2005     64   12600.0      -0.6      10.4      0.58      2.00      0.00  -9999.00
     1   2005     65    2100.0      -4.0       7.4      0.45      2.00      0.00  -9999.00
     1   2005     66   13300.0       2.1       7.1      0.71      2.00      0.00  -9999.00
     1   2005     67   11500.0       0.6       9.4      0.64      2.00      0.00  -9999.00
     1   2005     68   10900.0       2.4       5.4      0.73      2.00      0.40  -9999.00
     1   2005     69   12100.0       1.0       8.0      0.66      2.00      1.00  -9999.00
     1   2005     70    1900.0       1.8       9.7      0.70      2.00      4.90  -9999.00
     1   2005     71   13100.0       6.0       9.1      0.93      2.00      0.10  -9999.00
     1   2005     72   14900.0       0.5       7.9      0.63      2.00      0.00  -9999.00
     1   2005     73   14700.0      -4.2       7.8      0.45      2.00      0.00  -9999.00
     1   2005     74    1900.0       2.0      11.2      0.71      2.00      0.80  -9999.00
     1   2005     75    9700.0       1.8      14.5      0.70      2.00      0.40  -9999.00
     1   2005     76    6000.0       1.1      12.6      0.66      2.00      0.00  -9999.00
     1   2005     77   10100.0       4.0      15.6      0.81      2.00      0.00  -9999.00
     1   2005     78   14900.0       1.3       7.4      0.67      2.00      0.70  -9999.00
     1   2005     79    9800.0       2.2       6.6      0.72      2.00      0.00  -9999.00
     1   2005     80    3200.0       1.4      12.0      0.68      2.00      1.10  -9999.00
     1   2005     81    9000.0       3.6      10.1      0.79      2.00      0.90  -9999.00
     1   2005     82    7700.0       2.9       9.5      0.75      2.00      0.80  -9999.00
     1   2005     83    3100.0       1.0       9.7      0.66      2.00      6.80  -9999.00
     1   2005     84   14900.0      -1.8       9.4      0.54      2.00      1.20  -9999.00
     1   2005     85    7100.0       2.7       8.1      0.74      2.00      0.70  -9999.00
     1   2005     86    3300.0       2.6      12.4      0.74      2.00      1.00  -9999.00
     1   2005     87    5400.0       5.4      13.6      0.90      2.00      0.30  -9999.00
     1   2005     88    3700.0       3.5      10.1      0.78      2.00      0.20  -9999.00
     1   2005     89   15900.0      10.3      13.7      1.25      2.00      0.00  -9999.00
     1   2005     90    7200.0      -2.1      11.5      0.52      2.00      0.00  -9999.00
     1   2005     91   11400.0      -2.7       9.8      0.50      2.00      0.00  -9999.00
     1   2005     92   16800.0       2.5      10.9      0.73      2.00      0.00  -9999.00
     1   2005     93    6900.0       6.4       9.6      0.96      2.00      1.40  -9999.00
     1   2005     94   19300.0       3.1      11.6      0.76      2.00      2.90  -9999.00
     1   2005     95    6600.0       0.4       9.5      0.63      2.00      1.90  -9999.00
     1   2005     96   14200.0       2.0      11.8      0.71      2.00      0.00  -9999.00
     1   2005     97   18800.0       3.5       8.0      0.78      2.00      0.00  -9999.00
     1   2005     98   15200.0       4.9      10.6      0.87      2.00      0.00  -9999.00
     1   2005     99   10100.0       7.8      10.8      1.06      2.00      0.00  -9999.00
     1   2005    100   15400.0       7.9      15.1      1.07      2.00      0.00  -9999.00
     1   2005    101    8700.0       7.0      14.3      1.00      2.00      0.00  -9999.00
     1   2005    102   19800.0       5.4      13.7      0.90      2.00      0.00  -9999.00
     1   2005    103   19200.0       3.2      11.0      0.77      2.00      0.10  -9999.00
     1   2005    104   17900.0       4.4       8.5      0.84      2.00      1.80  -9999.00
     1   2005    105   20400.0       4.8      13.3      0.86      2.00      0.00  -9999.00
     1   2005    106    5200.0       3.3      12.9      0.77      2.00      0.00  -9999.00
     1   2005    107    3600.0       2.9      13.7      0.75      2.00      0.10  -9999.00
     1   2005    108   18000.0       4.9      13.7      0.87      2.00      0.00  -9999.00
     1   2005    109   11000.0       7.5      17.2      1.04      2.00      0.00  -9999.00
     1   2005    110   18600.0       7.4      16.2      1.03      2.00      0.00  -9999.00
     1   2005    111    5200.0       7.1      11.7      1.01      2.00      0.40  -9999.00
     1   2005    112    3600.0       3.1       8.4      0.76      2.00      2.60  -9999.00
     1   2005    113   18600.0       6.0       9.1      0.93      2.00      2.80  -9999.00
     1   2005    114   19800.0       8.3      17.5      1.09      2.00      0.00  -9999.00
     1   2005    115   20500.0       7.4      12.9      1.03      2.00      5.30  -9999.00
     1   2005    116   16500.0       3.3      11.4      0.77      2.00      1.40  -9999.00
     1   2005    117   20700.0       6.9      13.6      0.99      2.00      0.60  -9999.00
     1   2005    118   14100.0       0.9      12.4      0.65      2.00      1.50  -9999.00
     1   2005    119   11900.0       4.3      11.4      0.83      2.00      0.30  -9999.00
     1   2005    120   16100.0       5.2      12.1      0.88      2.00      0.40  -9999.00
     1   2005    121   10500.0       4.1      11.5      0.82      2.00      0.00  -9999.00
     1   2005    122   10400.0       4.6      14.9      0.85      2.00      0.50  -9999.00
     1   2005    123   14600.0       1.8      12.9      0.70      2.00      2.00  -9999.00
     1   2005    124    5600.0       3.6      11.6      0.79      2.00      9.20  -9999.00
     1   2005    125   18900.0       3.0      11.8      0.76      2.00      9.90  -9999.00
     1   2005    126   24600.0       7.6      16.3      1.04      2.00      0.00  -9999.00
     1   2005    127    5600.0       7.4      13.1      1.03      2.00      0.00  -9999.00
     1   2005    128   21100.0       1.9      16.4      0.70      2.00      0.00  -9999.00
     1   2005    129    8800.0       5.1      19.2      0.88      2.00      0.00  -9999.00
     1   2005    130   21500.0       6.8      16.5      0.99      2.00      0.00  -9999.00
     1   2005    131   13900.0       4.5      15.4      0.84      2.00      0.00  -9999.00
     1   2005    132    8900.0       7.9      14.7      1.07      2.00      0.30  -9999.00
     1   2005    133   17400.0       8.6      14.5      1.12      2.00      5.00  -9999.00
     1   2005    134   20800.0       9.8      14.7      1.21      2.00      0.40  -9999.00
     1   2005    135   14000.0       9.9      14.9      1.22      2.00      1.50  -9999.00
     1   2005    136   17400.0       6.3      14.5      0.95      2.00      2.30  -9999.00
     1   2005    137    8700.0       8.5      14.4      1.11      2.00      0.70  -9999.00
     1   2005    138   13900.0       8.4      19.9      1.10      2.00      0.00  -9999.00
     1   2005    139    6300.0       7.4      18.5      1.03      2.00      1.10  -9999.00
     1   2005    140   19200.0       6.8      16.3      0.99      2.00      0.00  -9999.00
     1   2005    141    4400.0       4.0      17.2      0.81      2.00      0.00  -9999.00
     1   2005    142   16400.0       9.8      16.9      1.21      2.00      0.60  -9999.00
     1   2005    143   10700.0       8.6      24.8      1.12      2.00      5.90  -9999.00
     1   2005    144   23800.0       6.8      15.4      0.99      2.00      4.50  -9999.00
     1   2005    145   23300.0       9.5      14.1      1.19      2.00     12.80  -9999.00
     1   2005    146   25900.0       7.5      18.9      1.04      2.00      0.00  -9999.00
     1   2005    147   21800.0      10.1      17.5      1.24      2.00      0.00  -9999.00
     1   2005    148   17800.0       6.1      15.7      0.94      2.00      0.60  -9999.00
     1   2005    149   26900.0       7.0      13.5      1.00      2.00      1.20  -9999.00
     1   2005    150   26600.0       4.8      13.6      0.86      2.00      0.00  -9999.00
     1   2005    151    8800.0       6.0      11.5      0.93      2.00      1.30  -9999.00
     1   2005    152   15500.0       3.8      11.3      0.80      2.00      0.50  -9999.00
     1   2005    153   27700.0       8.5      14.3      1.11      2.00      0.00  -9999.00
     1   2005    154   29500.0      10.2      16.3      1.24      2.00      0.00  -9999.00
     1   2005    155   29400.0       8.9      11.1      1.14      2.00      0.00  -9999.00
     1   2005    156    4400.0       7.1      17.5      1.01      2.00      0.30  -9999.00
     1   2005    157   24600.0       8.9      16.6      1.14      2.00      1.60  -9999.00
     1   2005    158   22900.0       9.5      14.7      1.19      2.00      5.40  -9999.00
     1   2005    159   17800.0       7.9      14.0      1.07      2.00      1.00  -9999.00
     1   2005    160   24800.0       9.9      20.3      1.22      2.00      0.80  -9999.00
     1   2005    161    9200.0       7.0      17.1      1.00      2.00      0.40  -9999.00
     1   2005    162   28000.0       9.5      16.3      1.19      2.00      0.00  -9999.00
     1   2005    163   15600.0      10.5      16.9      1.27      2.00      0.50  -9999.00
     1   2005    164   16100.0       8.5      15.7      1.11      2.00     15.50  -9999.00
     1   2005    165   28400.0       9.7      15.0      1.20      2.00      0.00  -9999.00
     1   2005    166   29700.0      12.9      20.0      1.49      2.00      0.00  -9999.00
     1   2005    167   27800.0      11.3      18.8      1.34      2.00      0.00  -9999.00
     1   2005    168   27800.0      12.6      19.0      1.46      2.00      0.00  -9999.00
     1   2005    169    4800.0      13.0      17.9      1.50      2.00      0.00  -9999.00
     1   2005    170   20600.0       8.8      14.3      1.13      2.00      9.00  -9999.00
     1   2005    171   15200.0      10.0      17.4      1.23      2.00      2.90  -9999.00
     1   2005    172   29500.0      13.5      22.3      1.55      2.00      0.00  -9999.00
     1   2005    173    6700.0      10.2      19.0      1.24      2.00     14.90  -9999.00
     1   2005    174   20700.0      10.1      17.4      1.24      2.00      0.30  -9999.00
     1   2005    175   21800.0       8.7      19.7      1.12      2.00      0.00  -9999.00
     1   2005    176   29200.0       8.6      19.2      1.12      2.00      0.00  -9999.00
     1   2005    177   13100.0       6.1      18.3      0.94      2.00      5.80  -9999.00
     1   2005    178   20600.0      11.3      17.5      1.34      2.00      0.80  -9999.00
     1   2005    179   16200.0       8.3      15.5      1.09      2.00      3.60  -9999.00
     1   2005    180   17400.0      11.6      22.3      1.37      2.00      0.00  -9999.00
     1   2005    181   25900.0      11.1      23.0      1.32      2.00      0.00  -9999.00
     1   2005    182   18000.0      11.4      22.0      1.35      2.00      0.00  -9999.00
     1   2005    183   27000.0       9.4      26.0      1.18      2.00      0.00  -9999.00
     1   2005    184   25400.0      10.9      22.5      1.30      2.00      0.00  -9999.00
     1   2005    185   24300.0       9.7      22.1      1.20      2.00      0.00  -9999.00
     1   2005    186   28700.0       9.6      20.9      1.20      2.00      0.00  -9999.00
     1   2005    187   18900.0      10.8      17.8      1.29      2.00      0.00  -9999.00
     1   2005    188   28900.0      11.1      22.0      1.32      2.00      0.00  -9999.00
     1   2005    189   20300.0      11.6      22.3      1.37      2.00      6.00  -9999.00
     1   2005    190   16900.0      13.3      23.2      1.53      2.00     11.10  -9999.00
     1   2005    191   18100.0      11.5      21.9      1.36      2.00      0.50  -9999.00
     1   2005    192   12000.0      11.1      21.0      1.32      2.00      0.00  -9999.00
     1   2005    193   23600.0      11.5      15.8      1.36      2.00      9.70  -9999.00
     1   2005    194   25600.0       9.9      21.0      1.22      2.00      0.00  -9999.00
     1   2005    195   27300.0       9.1      18.1      1.16      2.00      0.00  -9999.00
     1   2005    196   20300.0      16.7      22.8      1.90      2.00      0.10  -9999.00
     1   2005    197   29000.0      13.2      28.2      1.52      2.00      0.00  -9999.00
     1   2005    198   28200.0      11.3      23.1      1.34      2.00      0.00  -9999.00
     1   2005    199    7000.0      12.9      23.9      1.49      2.00      0.00  -9999.00
     1   2005    200   14400.0      10.6      16.9      1.28      2.00      1.50  -9999.00
     1   2005    201   24500.0      12.3      17.7      1.43      2.00      7.20  -9999.00
     1   2005    202   14900.0      10.1      16.6      1.24      2.00      1.00  -9999.00
     1   2005    203   26900.0      11.0      17.2      1.31      2.00      3.60  -9999.00
     1   2005    204    4000.0      10.9      17.6      1.30      2.00      4.90  -9999.00
     1   2005    205    5700.0      12.5      20.0      1.45      2.00      0.30  -9999.00
     1   2005    206   17800.0      13.2      22.1      1.52      2.00      2.60  -9999.00
     1   2005    207   13500.0      13.0      22.9      1.50      2.00      0.00  -9999.00
     1   2005    208   27000.0      11.3      22.0      1.34      2.00      0.00  -9999.00
     1   2005    209   23600.0      11.2      25.1      1.33      2.00      0.00  -9999.00
     1   2005    210   21900.0       8.8      16.7      1.13      2.00      3.10  -9999.00
     1   2005    211   14000.0      10.4      19.6      1.26      2.00      0.00  -9999.00
     1   2005    212    9600.0       8.8      20.7      1.13      2.00      0.00  -9999.00
     1   2005    213   10800.0      13.7      22.1      1.57      2.00      0.00  -9999.00
     1   2005    214   10300.0      16.0      23.6      1.82      2.00      0.00  -9999.00
     1   2005    215   20600.0      15.1      23.9      1.72      2.00      0.00  -9999.00
     1   2005    216   22700.0      14.3      25.1      1.63      2.00      0.00  -9999.00
     1   2005    217   21700.0      12.8      24.1      1.48      2.00      0.00  -9999.00
     1   2005    218   23300.0      14.3      21.6      1.63      2.00      0.00  -9999.00
     1   2005    219   16700.0      11.4      22.5      1.35      2.00      0.00  -9999.00
     1   2005    220   16300.0      13.3      22.9      1.53      2.00      0.00  -9999.00
     1   2005    221   19000.0      11.3      21.9      1.34      2.00      0.00  -9999.00
     1   2005    222    7100.0      14.1      24.9      1.61      2.00      1.60  -9999.00
     1   2005    223   14100.0      14.8      21.8      1.68      2.00      0.90  -9999.00
     1   2005    224    6400.0      12.6      22.8      1.46      2.00      0.00  -9999.00
     1   2005    225   14200.0      13.9      26.6      1.59      2.00      0.00  -9999.00
     1   2005    226   21600.0      12.2      23.8      1.42      2.00      0.00  -9999.00
     1   2005    227   19200.0      10.8      24.0      1.29      2.00      0.00  -9999.00
     1   2005    228   21900.0      14.0      27.2      1.60      2.00      0.00  -9999.00
     1   2005    229   21600.0      15.7      26.7      1.78      2.00      0.00  -9999.00
     1   2005    230   19800.0      14.8      27.1      1.68      2.00      0.00  -9999.00
     1   2005    231   16900.0      12.6      26.1      1.46      2.00      0.00  -9999.00
     1   2005    232   11200.0      11.8      21.7      1.38      2.00      5.10  -9999.00
     1   2005    233   14900.0      11.6      24.1      1.37      2.00      3.60  -9999.00
     1   2005    234   12600.0      12.7      21.3      1.47      2.00      0.00  -9999.00
     1   2005    235   22300.0      10.4      23.8      1.26      2.00      0.00  -9999.00
     1   2005    236   18800.0      14.1      24.1      1.61      2.00      0.00  -9999.00
     1   2005    237   17600.0      13.2      26.3      1.52      2.00      1.10  -9999.00
     1   2005    238   12000.0      11.1      17.8      1.32      2.00      0.80  -9999.00
     1   2005    239   22400.0      10.3      20.8      1.25      2.00      0.00  -9999.00
     1   2005    240    7300.0       9.7      17.4      1.20      2.00      0.10  -9999.00
     1   2005    241   21200.0       9.3      17.4      1.17      2.00     18.60  -9999.00
     1   2005    242   20600.0      12.4      25.4      1.44      2.00      0.00  -9999.00
     1   2005    243    9400.0      14.6      23.1      1.66      2.00      0.00  -9999.00
     1   2005    244   18200.0       8.8      16.0      1.13      2.00      0.00  -9999.00
     1   2005    245   20000.0      10.1      19.1      1.24      2.00      0.00  -9999.00
     1   2005    246   13300.0      12.7      21.2      1.47      2.00      0.00  -9999.00
     1   2005    247   15200.0      12.3      18.8      1.43      2.00      0.00  -9999.00
     1   2005    248   18000.0      12.1      20.7      1.41      2.00      0.00  -9999.00
     1   2005    249   18100.0      16.7      20.8      1.90      2.00      0.00  -9999.00
     1   2005    250   14600.0      11.8      21.4      1.38      2.00      0.00  -9999.00
     1   2005    251   12900.0       9.9      25.2      1.22      2.00      0.00  -9999.00
     1   2005    252   13200.0       7.3      12.6      1.02      2.00      6.70  -9999.00
     1   2005    253   15500.0      11.3      18.8      1.34      2.00      0.00  -9999.00
     1   2005    254   11300.0      10.5      19.6      1.27      2.00      0.10  -9999.00
     1   2005    255   11700.0       9.7      17.4      1.20      2.00      0.90  -9999.00
     1   2005    256    8500.0       9.0      19.3      1.15      2.00      0.00  -9999.00
     1   2005    257   13500.0       9.8      20.7      1.21      2.00      0.00  -9999.00
     1   2005    258    6600.0      12.3      18.8      1.43      2.00      0.00  -9999.00
     1   2005    259    2900.0      10.5      19.6      1.27      2.00      0.30  -9999.00
     1   2005    260   12000.0      10.2      17.1      1.24      2.00      0.00  -9999.00
     1   2005    261   17500.0      15.8      17.5      1.79      2.00      0.00  -9999.00
     1   2005    262    9400.0       9.5      15.6      1.19      2.00      0.00  -9999.00
     1   2005    263   14300.0       9.9      14.7      1.22      2.00      0.80  -9999.00
     1   2005    264   12200.0       9.2      17.5      1.16      2.00      0.00  -9999.00
     1   2005    265   13500.0      11.5      18.9      1.36      2.00      0.00  -9999.00
     1   2005    266    9100.0       5.8      16.2      0.92      2.00      1.30  -9999.00
     1   2005    267    3100.0      10.5      16.2      1.27      2.00      2.40  -9999.00
     1   2005    268   12200.0       6.5      15.2      0.97      2.00      1.70  -9999.00
     1   2005    269    7500.0      10.4      15.5      1.26      2.00     19.40  -9999.00
     1   2005    270   12500.0       5.7      13.7      0.92      2.00      0.00  -9999.00
     1   2005    271   12400.0       9.4      12.7      1.18      2.00      0.00  -9999.00
     1   2005    272    3400.0       5.5      14.6      0.90      2.00      0.00  -9999.00
     1   2005    273    5900.0       7.5      13.7      1.04      2.00      0.10  -9999.00
     1   2005    274   10700.0       9.1      17.5      1.16      2.00      0.00  -9999.00
     1   2005    275    9700.0       8.9      15.3      1.14      2.00      0.00  -9999.00
     1   2005    276    1800.0       9.2      15.3      1.16      2.00      0.00  -9999.00
     1   2005    277    9000.0       5.2      14.6      0.88      2.00      0.00  -9999.00
     1   2005    278    7600.0      12.0      18.8      1.40      2.00      0.70  -9999.00
     1   2005    279    2100.0      14.3      17.7      1.63      2.00      5.40  -9999.00
     1   2005    280    2100.0      11.3      19.3      1.34      2.00      0.00  -9999.00
     1   2005    281   10800.0       9.6      20.4      1.20      2.00      0.00  -9999.00
     1   2005    282   11000.0       9.1      15.2      1.16      2.00      0.20  -9999.00
     1   2005    283    5900.0      12.7      12.8      1.47      2.00     16.30  -9999.00
     1   2005    284   10400.0       8.8      13.5      1.13      2.00      0.90  -9999.00
     1   2005    285   10900.0       7.8      13.9      1.06      2.00      0.00  -9999.00
     1   2005    286   11000.0       8.3      16.9      1.09      2.00      0.00  -9999.00
     1   2005    287    2600.0       7.1      20.7      1.01      2.00      0.60  -9999.00
     1   2005    288    8500.0       5.4      13.9      0.90      2.00      0.20  -9999.00
     1   2005    289   10400.0       7.2      14.7      1.02      2.00      0.20  -9999.00
     1   2005    290    1400.0      10.0      14.6      1.23      2.00      0.50  -9999.00
     1   2005    291    6500.0      10.4      13.8      1.26      2.00      4.60  -9999.00
     1   2005    292    6100.0       7.8      15.4      1.06      2.00      0.70  -9999.00
     1   2005    293    8700.0       7.6      15.6      1.04      2.00      0.00  -9999.00
     1   2005    294    3800.0      10.5      15.2      1.27      2.00      4.30  -9999.00
     1   2005    295    4500.0      10.2      13.0      1.24      2.00      0.20  -9999.00
     1   2005    296    8900.0       5.4      10.3      0.90      2.00      0.00  -9999.00
     1   2005    297    1600.0       3.8      11.0      0.80      2.00      0.00  -9999.00
     1   2005    298    7500.0       1.1      11.8      0.66      2.00      0.00  -9999.00
     1   2005    299    8100.0       4.6      13.1      0.85      2.00      0.00  -9999.00
     1   2005    300    6600.0       5.2      12.5      0.88      2.00      0.00  -9999.00
     1   2005    301    3600.0       1.3      12.9      0.67      2.00      0.00  -9999.00
     1   2005    302    7500.0       9.6      13.7      1.20      2.00      0.00  -9999.00
     1   2005    303    5600.0       5.5      13.0      0.90      2.00      0.00  -9999.00
     1   2005    304    1300.0       4.3      12.0      0.83      2.00      5.80  -9999.00
     1   2005    305    2900.0       5.4      12.0      0.90      2.00      5.30  -9999.00
     1   2005    306    6600.0       5.6      12.1      0.91      2.00     12.60  -9999.00
     1   2005    307    1200.0       3.6      10.0      0.79      2.00      3.80  -9999.00
     1   2005    308    1100.0       5.4       9.9      0.90      2.00      8.20  -9999.00
     1   2005    309    5400.0       7.5       9.5      1.04      2.00      0.60  -9999.00
     1   2005    310    6200.0       4.2      11.0      0.82      2.00      0.00  -9999.00
     1   2005    311    7300.0       1.1      11.8      0.66      2.00      0.00  -9999.00
     1   2005    312    1800.0       0.7       9.1      0.64      2.00      0.00  -9999.00
     1   2005    313    4000.0       1.6      11.7      0.69      2.00      4.40  -9999.00
     1   2005    314    1300.0       5.1      13.5      0.88      2.00      0.10  -9999.00
     1   2005    315    5700.0       4.0       9.2      0.81      2.00      0.00  -9999.00
     1   2005    316    3300.0       5.0      12.1      0.87      2.00      3.00  -9999.00
     1   2005    317    2000.0       4.4      11.6      0.84      2.00      0.80  -9999.00
     1   2005    318    2400.0       4.2      12.9      0.82      2.00      0.80  -9999.00
     1   2005    319    2400.0       2.3       9.1      0.72      2.00      0.00  -9999.00
     1   2005    320     800.0       6.1       9.0      0.94      2.00      0.40  -9999.00
     1   2005    321    2500.0       4.0       7.8      0.81      2.00      8.90  -9999.00
     1   2005    322     900.0       7.5      11.7      1.04      2.00      1.80  -9999.00
     1   2005    323    4700.0       5.9      11.2      0.93      2.00      0.60  -9999.00
     1   2005    324     800.0       7.1      11.9      1.01      2.00      6.40  -9999.00
     1   2005    325    6000.0       4.0      11.3      0.81      2.00      0.00  -9999.00
     1   2005    326    1200.0       2.6       9.1      0.74      2.00      0.00  -9999.00
     1   2005    327    4500.0       2.3      12.5      0.72      2.00      0.00  -9999.00
     1   2005    328     800.0       3.1       6.1      0.76      2.00      0.20  -9999.00
     1   2005    329    2200.0       2.7       8.6      0.74      2.00      1.00  -9999.00
     1   2005    330     900.0      -0.8       5.3      0.58      2.00      0.00  -9999.00
     1   2005    331    5300.0       2.2       7.2      0.72      2.00      0.00  -9999.00
     1   2005    332     900.0       5.0       7.7      0.87      2.00      0.00  -9999.00
     1   2005    333    5300.0       4.3       7.2      0.83      2.00      3.80  -9999.00
     1   2005    334     700.0      -1.6       7.0      0.54      2.00      2.10  -9999.00
     1   2005    335     700.0       0.0       2.6      0.61      2.00     17.30  -9999.00
     1   2005    336    3700.0       2.7      11.0      0.74      2.00      0.10  -9999.00
     1   2005    337    3800.0       3.9       6.9      0.81      2.00      0.00  -9999.00
     1   2005    338    1800.0       2.0       5.7      0.71      2.00      0.00  -9999.00
     1   2005    339    1500.0       2.7       3.3      0.74      2.00      0.00  -9999.00
     1   2005    340    1700.0       3.5      11.8      0.78      2.00      5.60  -9999.00
     1   2005    341     700.0       6.7      10.8      0.98      2.00      7.00  -9999.00
     1   2005    342    1600.0       4.0       8.3      0.81      2.00     11.60  -9999.00
     1   2005    343    1800.0       3.3       7.9      0.77      2.00      0.20  -9999.00
     1   2005    344     800.0      -1.5       6.9      0.55      2.00      6.50  -9999.00
     1   2005    345    1600.0       1.0       3.1      0.66      2.00      1.50  -9999.00
     1   2005    346    3100.0       2.0       9.6      0.71      2.00      0.80  -9999.00
     1   2005    347    3600.0       2.1       8.6      0.71      2.00      1.10  -9999.00
     1   2005    348     700.0       5.5       9.1      0.90      2.00      0.50  -9999.00
     1   2005    349     600.0       3.7      10.4      0.80      2.00      0.00  -9999.00
     1   2005    350     600.0      -0.8       5.2      0.58      2.00      0.00  -9999.00
     1   2005    351    3100.0       0.8       6.8      0.65      2.00      3.00  -9999.00
     1   2005    352     700.0      -0.5       5.2      0.59      2.00      3.70  -9999.00
     1   2005    353     700.0      -2.2       6.2      0.52      2.00      0.10  -9999.00
     1   2005    354    2300.0       0.7       5.8      0.64      2.00      0.00  -9999.00
     1   2005    355     700.0       0.0       9.8      0.61      2.00      1.50  -9999.00
     1   2005    356     800.0      -0.2       3.9      0.60      2.00      0.00  -9999.00
     1   2005    357    1900.0      -0.8       0.9      0.58      2.00      0.00  -9999.00
     1   2005    358     600.0      -0.7       1.6      0.58      2.00      0.00  -9999.00
     1   2005    359     700.0      -0.4       5.0      0.59      2.00      0.80  -9999.00
     1   2005    360    1000.0       3.0       6.9      0.76      2.00      7.20  -9999.00
     1   2005    361    4100.0      -0.3       6.2      0.60      2.00      0.00  -9999.00
     1   2005    362     600.0      -7.0       4.5      0.36      2.00      0.00  -9999.00
     1   2005    363    2600.0      -1.2       6.0      0.56      2.00      0.00  -9999.00
     1   2005    364     600.0       1.2       5.1      0.67      2.00      0.00  -9999.00
     1   2005    365     700.0      -0.3       5.2      0.60      2.00      0.30  -9999.00
