*-----------------------------------------------------------------------------* 
           WHWG_36.met            52.12    0.96   89.00
* Date created:  08-Aug-2019     Author: K Coleman 
* 
* NIL VALUE       -9999 
* Source:   data provided by M. Semenov 
*  
* Latitude:    52.12 Longitude:     0.96 Altitude:    89.00
* 
* Column  Daily value 
* 1       station number 
* 2       year 
* 3       day 
* 4       irradiation                   (kJ m-2 d-1) 
* 5       minimum temperature           (degrees Celsius) 
* 6       maximum temperature           (degrees Celsius) 
* 7       early morning vapour pressure (kPa)             
* 8       mean wind speed (height: 2 m?) (m s-1)          
* 9       precipitation                 (mm d-1)          
* 10      sunshine                      (hrs)             
 		Jday	RAD	    TMIN	TMAX	 VAP	wind	RAIN	SUN  
               kj/m2	°C	    °C	     kPa	m/s	    mm	    hrs 
   52.12  89.00
     1   2005      1    3900.0      -0.2       9.2      0.60      2.00      0.10  -9999.00
     1   2005      2    1500.0       1.4       8.7      0.68      2.00      4.30  -9999.00
     1   2005      3    1300.0       0.9       6.9      0.65      2.00      0.00  -9999.00
     1   2005      4    2400.0       0.4       8.6      0.63      2.00      1.40  -9999.00
     1   2005      5    2100.0      -0.3       9.0      0.60      2.00      0.10  -9999.00
     1   2005      6    4200.0       0.8       5.1      0.65      2.00      0.00  -9999.00
     1   2005      7    5100.0       3.5       6.8      0.78      2.00      3.80  -9999.00
     1   2005      8     800.0       0.2       6.7      0.62      2.00      1.70  -9999.00
     1   2005      9     700.0       2.2       2.8      0.72      2.00      0.00  -9999.00
     1   2005     10    4000.0      -0.9       4.4      0.57      2.00      0.00  -9999.00
     1   2005     11     800.0       1.4       6.2      0.68      2.00      0.10  -9999.00
     1   2005     12     700.0       8.4       9.0      1.10      2.00      0.10  -9999.00
     1   2005     13    4600.0       2.1       7.1      0.71      2.00      0.00  -9999.00
     1   2005     14    2900.0       1.0       6.9      0.66      2.00      0.00  -9999.00
     1   2005     15    5400.0       4.4       6.3      0.84      2.00      0.00  -9999.00
     1   2005     16     700.0      -0.5       7.4      0.59      2.00      0.50  -9999.00
     1   2005     17    4900.0       1.7       4.5      0.69      2.00      0.00  -9999.00
     1   2005     18    5000.0       0.6       4.8      0.64      2.00      0.00  -9999.00
     1   2005     19     800.0      -1.1       3.2      0.56      2.00      0.00  -9999.00
     1   2005     20    4900.0      -1.5      -0.1      0.55      2.00      0.00  -9999.00
     1   2005     21    6200.0      -6.8       3.5      0.37      2.00      0.00  -9999.00
     1   2005     22    1600.0       2.0       9.1      0.71      2.00      0.20  -9999.00
     1   2005     23    2900.0       2.9       8.6      0.75      2.00      1.70  -9999.00
     1   2005     24     900.0       2.4       9.6      0.73      2.00      5.20  -9999.00
     1   2005     25    1900.0       1.7      13.9      0.69      2.00      1.10  -9999.00
     1   2005     26    1100.0       1.7      10.2      0.69      2.00      0.10  -9999.00
     1   2005     27    1400.0      -0.4      11.4      0.59      2.00      0.00  -9999.00
     1   2005     28    1000.0       1.8       6.1      0.70      2.00      0.00  -9999.00
     1   2005     29     900.0       0.3       4.6      0.62      2.00      0.10  -9999.00
     1   2005     30     900.0       3.6       6.9      0.79      2.00      1.70  -9999.00
     1   2005     31    5900.0       4.6       5.9      0.85      2.00      0.20  -9999.00
     1   2005     32    2000.0       2.2      10.2      0.72      2.00      0.00  -9999.00
     1   2005     33    4200.0       0.3      12.0      0.62      2.00      0.00  -9999.00
     1   2005     34    1100.0      -0.9       7.2      0.57      2.00      1.30  -9999.00
     1   2005     35    1000.0      -0.2       8.8      0.60      2.00      0.00  -9999.00
     1   2005     36    1000.0      -0.4       7.0      0.59      2.00      0.00  -9999.00
     1   2005     37    8100.0       2.8       6.1      0.75      2.00      0.00  -9999.00
     1   2005     38    8000.0      -0.3       7.9      0.60      2.00      0.10  -9999.00
     1   2005     39    1200.0      -1.2       7.0      0.56      2.00     10.20  -9999.00
     1   2005     40    2000.0       0.7       8.4      0.64      2.00      0.10  -9999.00
     1   2005     41    1200.0       0.6       8.9      0.64      2.00      2.20  -9999.00
     1   2005     42    1300.0       4.1       9.4      0.82      2.00      1.20  -9999.00
     1   2005     43    5700.0       2.4       8.9      0.73      2.00      0.10  -9999.00
     1   2005     44    7900.0       0.4       3.9      0.63      2.00      0.70  -9999.00
     1   2005     45    6100.0       0.1       2.1      0.62      2.00      5.50  -9999.00
     1   2005     46    3100.0       1.9       9.6      0.70      2.00      0.40  -9999.00
     1   2005     47    1500.0       1.7       9.2      0.69      2.00      0.40  -9999.00
     1   2005     48    2600.0       0.3       5.9      0.62      2.00      2.80  -9999.00
     1   2005     49    1200.0       2.6       2.8      0.74      2.00      0.00  -9999.00
     1   2005     50    9600.0      -1.3       2.3      0.56      2.00      0.00  -9999.00
     1   2005     51    7600.0      -4.1       6.6      0.45      2.00      2.30  -9999.00
     1   2005     52   10700.0       2.1       7.2      0.71      2.00      0.00  -9999.00
     1   2005     53    1700.0       5.7       7.8      0.92      2.00      0.00  -9999.00
     1   2005     54    8400.0       0.2       8.8      0.62      2.00      0.00  -9999.00
     1   2005     55    9700.0       1.0       7.8      0.66      2.00      0.00  -9999.00
     1   2005     56   10000.0       3.3       7.7      0.77      2.00      0.00  -9999.00
     1   2005     57    7200.0       1.5       8.7      0.68      2.00      0.00  -9999.00
     1   2005     58    6600.0      -1.1       2.9      0.56      2.00      0.00  -9999.00
     1   2005     59    9400.0      -0.5       6.3      0.59      2.00      0.00  -9999.00
     1   2005     60    5200.0       0.3       4.9      0.62      2.00      0.00  -9999.00
     1   2005     61    9200.0       3.1       5.1      0.76      2.00      1.30  -9999.00
     1   2005     62    9200.0       1.3       8.2      0.67      2.00      0.10  -9999.00
     1   2005     63    2100.0       4.2       6.2      0.82      2.00      1.20  -9999.00
     1   2005     64    3500.0       2.7      14.4      0.74      2.00      0.00  -9999.00
     1   2005     65    2800.0       1.6      17.2      0.69      2.00      0.00  -9999.00
     1   2005     66   12400.0       2.0      10.0      0.71      2.00      0.00  -9999.00
     1   2005     67    7900.0       0.9       8.9      0.65      2.00      5.80  -9999.00
     1   2005     68    7500.0       3.6      11.3      0.79      2.00      0.10  -9999.00
     1   2005     69    3500.0      -1.0      14.4      0.57      2.00      0.00  -9999.00
     1   2005     70    9000.0       3.9      14.9      0.81      2.00      0.00  -9999.00
     1   2005     71   15800.0       2.2      14.4      0.72      2.00      0.00  -9999.00
     1   2005     72    2900.0      -2.0       8.6      0.53      2.00      0.00  -9999.00
     1   2005     73   12600.0      -1.0       5.4      0.57      2.00      0.00  -9999.00
     1   2005     74    5400.0       8.8      13.9      1.13      2.00      0.00  -9999.00
     1   2005     75   13400.0       2.8      11.9      0.75      2.00      0.00  -9999.00
     1   2005     76   13600.0       8.7      11.8      1.12      2.00      0.00  -9999.00
     1   2005     77   14900.0       6.1       8.4      0.94      2.00      0.00  -9999.00
     1   2005     78    2300.0       4.3      20.4      0.83      2.00      0.00  -9999.00
     1   2005     79   14200.0       3.1      14.1      0.76      2.00      0.00  -9999.00
     1   2005     80   12900.0      -3.6       7.7      0.47      2.00      0.10  -9999.00
     1   2005     81   15300.0      -0.4      10.9      0.59      2.00      0.00  -9999.00
     1   2005     82    2500.0       7.1      11.5      1.01      2.00      6.70  -9999.00
     1   2005     83    2500.0       4.2      14.6      0.82      2.00      0.00  -9999.00
     1   2005     84   11000.0       4.9      14.8      0.87      2.00      0.00  -9999.00
     1   2005     85   12000.0       5.6      16.7      0.91      2.00      1.70  -9999.00
     1   2005     86   13500.0       4.8      11.3      0.86      2.00      0.70  -9999.00
     1   2005     87    6900.0       7.5      13.2      1.04      2.00      0.00  -9999.00
     1   2005     88    3600.0       3.1      11.2      0.76      2.00      0.00  -9999.00
     1   2005     89    6700.0       6.5       9.6      0.97      2.00      1.10  -9999.00
     1   2005     90   16700.0       2.2       9.0      0.72      2.00      0.00  -9999.00
     1   2005     91    3000.0       4.3       6.5      0.83      2.00      0.00  -9999.00
     1   2005     92   14500.0       0.0       7.7      0.61      2.00      0.00  -9999.00
     1   2005     93   15100.0       1.4      10.2      0.68      2.00      0.00  -9999.00
     1   2005     94   15200.0       3.8      11.0      0.80      2.00      0.20  -9999.00
     1   2005     95   13900.0       0.4       8.1      0.63      2.00      4.40  -9999.00
     1   2005     96   14900.0       0.9      10.4      0.65      2.00      3.00  -9999.00
     1   2005     97    7000.0       2.8      10.5      0.75      2.00      0.00  -9999.00
     1   2005     98    4500.0       4.7      11.1      0.85      2.00      0.90  -9999.00
     1   2005     99   17900.0       4.5      13.4      0.84      2.00      1.50  -9999.00
     1   2005    100    4800.0       1.1       9.8      0.66      2.00      0.60  -9999.00
     1   2005    101    4200.0       2.4      11.2      0.73      2.00      0.10  -9999.00
     1   2005    102   15900.0       4.0      14.4      0.81      2.00      0.70  -9999.00
     1   2005    103   11000.0       4.5      14.6      0.84      2.00      3.00  -9999.00
     1   2005    104    3800.0       0.4       9.3      0.63      2.00      0.90  -9999.00
     1   2005    105   14200.0       3.6      12.2      0.79      2.00      0.20  -9999.00
     1   2005    106   21400.0       1.5      14.7      0.68      2.00      0.00  -9999.00
     1   2005    107    6600.0      -0.9      14.2      0.57      2.00      1.70  -9999.00
     1   2005    108    6200.0       2.3       7.1      0.72      2.00      1.40  -9999.00
     1   2005    109   22800.0       5.1       8.8      0.88      2.00      0.00  -9999.00
     1   2005    110   18900.0       1.2      12.5      0.67      2.00      0.00  -9999.00
     1   2005    111   12100.0       2.9       8.1      0.75      2.00      0.20  -9999.00
     1   2005    112   19100.0       4.3      16.2      0.83      2.00      0.00  -9999.00
     1   2005    113   16000.0       5.7      18.7      0.92      2.00     10.30  -9999.00
     1   2005    114   14300.0       2.9      12.5      0.75      2.00      5.60  -9999.00
     1   2005    115   16600.0       5.1      14.9      0.88      2.00      3.70  -9999.00
     1   2005    116   19700.0       4.4      13.6      0.84      2.00      0.00  -9999.00
     1   2005    117   14800.0       0.7      14.3      0.64      2.00      0.00  -9999.00
     1   2005    118    3800.0       1.9      13.3      0.70      2.00      0.00  -9999.00
     1   2005    119   11800.0       0.2      13.0      0.62      2.00      0.10  -9999.00
     1   2005    120   19500.0       4.3      13.2      0.83      2.00      1.70  -9999.00
     1   2005    121   17800.0       1.2      11.0      0.67      2.00      6.40  -9999.00
     1   2005    122   24900.0       4.7      18.2      0.85      2.00      0.00  -9999.00
     1   2005    123   24900.0       1.9      19.3      0.70      2.00      0.00  -9999.00
     1   2005    124   22900.0       3.7      15.5      0.80      2.00      0.00  -9999.00
     1   2005    125   12200.0      -1.3      15.7      0.56      2.00      0.00  -9999.00
     1   2005    126   23800.0       8.1      22.0      1.08      2.00      0.00  -9999.00
     1   2005    127    5400.0       5.0      19.4      0.87      2.00      0.00  -9999.00
     1   2005    128   22600.0       5.2      14.8      0.88      2.00      0.00  -9999.00
     1   2005    129   13500.0       0.1      17.0      0.62      2.00      0.00  -9999.00
     1   2005    130   26900.0       8.5      19.0      1.11      2.00      0.00  -9999.00
     1   2005    131   24900.0       8.6      14.7      1.12      2.00      0.40  -9999.00
     1   2005    132   18900.0       8.6      14.9      1.12      2.00      4.00  -9999.00
     1   2005    133   19900.0      12.0      21.3      1.40      2.00      0.00  -9999.00
     1   2005    134   14300.0       5.7      18.9      0.92      2.00      0.00  -9999.00
     1   2005    135   14300.0       7.8      21.6      1.06      2.00      0.00  -9999.00
     1   2005    136   17000.0       6.5      19.9      0.97      2.00      0.00  -9999.00
     1   2005    137   24000.0       5.4      19.5      0.90      2.00      0.00  -9999.00
     1   2005    138   19900.0       5.6      15.9      0.91      2.00      1.30  -9999.00
     1   2005    139   21300.0       8.6      15.0      1.12      2.00      1.20  -9999.00
     1   2005    140   23100.0       4.5      14.4      0.84      2.00      1.20  -9999.00
     1   2005    141   22400.0       4.6      14.8      0.85      2.00      0.60  -9999.00
     1   2005    142   25200.0       1.9      16.9      0.70      2.00      0.00  -9999.00
     1   2005    143   13500.0       7.6      13.3      1.04      2.00      0.60  -9999.00
     1   2005    144   20600.0       2.7      13.5      0.74      2.00      4.60  -9999.00
     1   2005    145   27800.0       2.0      15.6      0.71      2.00      0.00  -9999.00
     1   2005    146   15500.0       2.2      14.0      0.72      2.00      3.60  -9999.00
     1   2005    147   18500.0       6.6      14.1      0.97      2.00      2.50  -9999.00
     1   2005    148    6000.0       8.2      15.4      1.09      2.00     16.50  -9999.00
     1   2005    149   26700.0       1.9      20.0      0.70      2.00      0.00  -9999.00
     1   2005    150   24400.0       8.6      19.8      1.12      2.00      0.00  -9999.00
     1   2005    151   26200.0       8.7      21.2      1.12      2.00      0.00  -9999.00
     1   2005    152    8600.0       7.9      18.5      1.07      2.00      0.00  -9999.00
     1   2005    153   13200.0       5.5      18.5      0.90      2.00      0.00  -9999.00
     1   2005    154   28000.0      11.5      23.5      1.36      2.00      0.00  -9999.00
     1   2005    155   27100.0       9.8      20.0      1.21      2.00      5.30  -9999.00
     1   2005    156   12500.0       8.4      14.8      1.10      2.00      7.70  -9999.00
     1   2005    157   24800.0       6.6      14.2      0.97      2.00      1.60  -9999.00
     1   2005    158   28900.0       9.4      17.7      1.18      2.00      0.00  -9999.00
     1   2005    159   12500.0       8.3      15.0      1.09      2.00      1.30  -9999.00
     1   2005    160   25100.0      10.9      18.0      1.30      2.00      8.30  -9999.00
     1   2005    161   25700.0      11.6      17.1      1.37      2.00      0.00  -9999.00
     1   2005    162   26900.0       9.4      13.9      1.18      2.00      1.60  -9999.00
     1   2005    163    8200.0      10.8      16.6      1.29      2.00      0.70  -9999.00
     1   2005    164   16300.0       8.9      13.7      1.14      2.00      0.00  -9999.00
     1   2005    165   24400.0       9.0      18.1      1.15      2.00      0.00  -9999.00
     1   2005    166   22300.0      10.0      15.1      1.23      2.00      1.60  -9999.00
     1   2005    167    5800.0       8.5      17.1      1.11      2.00     13.10  -9999.00
     1   2005    168   27800.0      13.3      21.7      1.53      2.00      0.00  -9999.00
     1   2005    169   25900.0      15.0      20.0      1.70      2.00      0.00  -9999.00
     1   2005    170   24000.0      13.7      21.4      1.57      2.00      0.00  -9999.00
     1   2005    171   26000.0      11.6      23.6      1.37      2.00      0.00  -9999.00
     1   2005    172   28800.0      11.6      19.1      1.37      2.00      0.00  -9999.00
     1   2005    173   29300.0      11.0      15.4      1.31      2.00      0.00  -9999.00
     1   2005    174   15500.0      11.0      20.8      1.31      2.00      1.80  -9999.00
     1   2005    175   16900.0      11.8      19.0      1.38      2.00      0.50  -9999.00
     1   2005    176   20600.0       5.8      16.9      0.92      2.00      1.40  -9999.00
     1   2005    177   12400.0       9.3      13.9      1.17      2.00      2.60  -9999.00
     1   2005    178   17200.0      12.1      21.1      1.41      2.00      1.50  -9999.00
     1   2005    179    4400.0      15.4      21.8      1.75      2.00     11.80  -9999.00
     1   2005    180   22300.0      11.9      16.9      1.39      2.00      0.40  -9999.00
     1   2005    181   26400.0      11.6      21.5      1.37      2.00      0.00  -9999.00
     1   2005    182   25200.0      11.6      24.0      1.37      2.00      0.00  -9999.00
     1   2005    183   22200.0      14.0      21.4      1.60      2.00      0.00  -9999.00
     1   2005    184   27500.0      12.2      22.6      1.42      2.00      0.00  -9999.00
     1   2005    185   24100.0      18.1      20.1      2.08      2.00      0.00  -9999.00
     1   2005    186    8200.0      11.5      17.9      1.36      2.00      5.30  -9999.00
     1   2005    187   21900.0       7.1      17.8      1.01      2.00      3.50  -9999.00
     1   2005    188   14300.0      10.0      18.2      1.23      2.00      1.30  -9999.00
     1   2005    189   14400.0      10.9      21.0      1.30      2.00     11.90  -9999.00
     1   2005    190    9300.0      11.0      18.0      1.31      2.00      0.30  -9999.00
     1   2005    191   13300.0      12.3      15.8      1.43      2.00      2.60  -9999.00
     1   2005    192   28700.0      12.4      21.4      1.44      2.00      0.00  -9999.00
     1   2005    193   24800.0      10.7      23.6      1.29      2.00      0.00  -9999.00
     1   2005    194   27500.0      12.3      22.0      1.43      2.00      0.00  -9999.00
     1   2005    195   20800.0      15.4      22.3      1.75      2.00      0.00  -9999.00
     1   2005    196   28000.0       9.4      19.2      1.18      2.00      0.00  -9999.00
     1   2005    197    6500.0      11.6      16.6      1.37      2.00     12.40  -9999.00
     1   2005    198   10900.0      10.4      17.9      1.26      2.00      5.40  -9999.00
     1   2005    199   19500.0       8.7      19.2      1.12      2.00      0.00  -9999.00
     1   2005    200   19000.0      12.8      20.2      1.48      2.00      0.40  -9999.00
     1   2005    201   14000.0       8.5      22.4      1.11      2.00      4.10  -9999.00
     1   2005    202   23200.0      12.6      21.4      1.46      2.00      0.00  -9999.00
     1   2005    203   15200.0      16.1      23.3      1.83      2.00      0.00  -9999.00
     1   2005    204   26000.0      11.1      21.5      1.32      2.00      0.00  -9999.00
     1   2005    205   26100.0       9.4      22.3      1.18      2.00      0.00  -9999.00
     1   2005    206   22500.0       9.6      19.0      1.20      2.00      0.30  -9999.00
     1   2005    207   26200.0       9.9      16.3      1.22      2.00      1.40  -9999.00
     1   2005    208   20100.0      12.8      22.6      1.48      2.00      0.00  -9999.00
     1   2005    209    4800.0      13.3      22.5      1.53      2.00      0.60  -9999.00
     1   2005    210    3900.0      12.6      19.1      1.46      2.00      2.60  -9999.00
     1   2005    211   19800.0      14.0      22.7      1.60      2.00      0.00  -9999.00
     1   2005    212   24700.0      13.6      25.1      1.56      2.00      0.00  -9999.00
     1   2005    213   22000.0      11.8      23.0      1.38      2.00      0.00  -9999.00
     1   2005    214   20600.0      13.9      30.0      1.59      2.00     13.50  -9999.00
     1   2005    215   20500.0      10.5      28.5      1.27      2.00      7.40  -9999.00
     1   2005    216   17100.0      13.8      23.3      1.58      2.00      0.00  -9999.00
     1   2005    217   14600.0      12.6      19.7      1.46      2.00      1.00  -9999.00
     1   2005    218    8000.0      12.3      21.3      1.43      2.00      0.50  -9999.00
     1   2005    219    4900.0       8.7      23.3      1.12      2.00     11.70  -9999.00
     1   2005    220   18700.0      10.3      22.2      1.25      2.00      0.00  -9999.00
     1   2005    221   16100.0      11.0      18.8      1.31      2.00      0.60  -9999.00
     1   2005    222   13000.0      11.6      20.7      1.37      2.00      0.30  -9999.00
     1   2005    223   18300.0      12.5      21.3      1.45      2.00      0.60  -9999.00
     1   2005    224   20300.0       8.5      21.3      1.11      2.00      0.00  -9999.00
     1   2005    225   23100.0      12.5      18.5      1.45      2.00      0.00  -9999.00
     1   2005    226   21200.0      16.2      25.1      1.84      2.00      0.00  -9999.00
     1   2005    227   18500.0      14.4      23.8      1.64      2.00     16.50  -9999.00
     1   2005    228   21800.0      19.5      24.3      2.27      2.00      2.20  -9999.00
     1   2005    229   15900.0      13.1      21.1      1.51      2.00      2.20  -9999.00
     1   2005    230   21200.0      10.0      21.1      1.23      2.00      0.00  -9999.00
     1   2005    231    6900.0      13.6      21.7      1.56      2.00      0.00  -9999.00
     1   2005    232   18700.0      11.4      19.5      1.35      2.00      4.00  -9999.00
     1   2005    233   19100.0       9.0      19.0      1.15      2.00      1.10  -9999.00
     1   2005    234   20800.0      14.0      25.6      1.60      2.00      0.00  -9999.00
     1   2005    235   14000.0      13.5      20.4      1.55      2.00      0.20  -9999.00
     1   2005    236   13900.0      11.9      19.7      1.39      2.00      2.60  -9999.00
     1   2005    237   11700.0       9.3      19.4      1.17      2.00      7.30  -9999.00
     1   2005    238   13600.0      13.7      23.5      1.57      2.00      0.00  -9999.00
     1   2005    239   11100.0       9.4      19.5      1.18      2.00     45.20  -9999.00
     1   2005    240   14900.0      13.8      25.0      1.58      2.00      9.10  -9999.00
     1   2005    241   18200.0      16.1      20.7      1.83      2.00     15.70  -9999.00
     1   2005    242   18300.0      11.2      22.0      1.33      2.00      0.00  -9999.00
     1   2005    243    3100.0      15.3      20.2      1.74      2.00      7.10  -9999.00
     1   2005    244   12900.0      14.7      18.6      1.67      2.00      0.10  -9999.00
     1   2005    245   14300.0      14.4      17.3      1.64      2.00      2.60  -9999.00
     1   2005    246   19800.0      12.0      18.0      1.40      2.00      0.00  -9999.00
     1   2005    247   10300.0       9.2      18.7      1.16      2.00      0.10  -9999.00
     1   2005    248    9600.0       7.2      17.9      1.02      2.00      0.10  -9999.00
     1   2005    249   19200.0      10.2      17.6      1.24      2.00      0.00  -9999.00
     1   2005    250   16900.0      10.3      19.4      1.25      2.00      0.00  -9999.00
     1   2005    251    5100.0       7.4      18.1      1.03      2.00      0.00  -9999.00
     1   2005    252   14100.0       6.2      17.9      0.95      2.00      0.00  -9999.00
     1   2005    253   14000.0       8.3      15.8      1.09      2.00      0.00  -9999.00
     1   2005    254    4500.0       7.6      19.8      1.04      2.00      0.00  -9999.00
     1   2005    255    3700.0      10.8      17.3      1.29      2.00      3.80  -9999.00
     1   2005    256    7600.0       9.8      17.3      1.21      2.00      2.10  -9999.00
     1   2005    257    3300.0       5.9      14.9      0.93      2.00     19.20  -9999.00
     1   2005    258   17200.0      10.5      17.3      1.27      2.00      0.00  -9999.00
     1   2005    259   13200.0       5.9      20.0      0.93      2.00      0.00  -9999.00
     1   2005    260   14500.0      10.2      21.0      1.24      2.00      1.70  -9999.00
     1   2005    261    7000.0       6.2      19.0      0.95      2.00      8.90  -9999.00
     1   2005    262    4100.0       8.9      14.5      1.14      2.00     11.90  -9999.00
     1   2005    263    3000.0      11.1      16.6      1.32      2.00      0.00  -9999.00
     1   2005    264    2900.0       4.6      17.4      0.85      2.00      8.00  -9999.00
     1   2005    265    4800.0       9.1      16.7      1.16      2.00      0.10  -9999.00
     1   2005    266    4600.0       9.7      16.7      1.20      2.00     11.00  -9999.00
     1   2005    267   11100.0       3.8      15.5      0.80      2.00     10.60  -9999.00
     1   2005    268    3000.0       5.8      15.1      0.92      2.00      6.80  -9999.00
     1   2005    269   12000.0       9.4      16.9      1.18      2.00      0.60  -9999.00
     1   2005    270   10800.0       6.8      14.9      0.99      2.00      9.80  -9999.00
     1   2005    271    9600.0       3.0      14.4      0.76      2.00      0.60  -9999.00
     1   2005    272    3900.0       8.6      15.8      1.12      2.00      0.10  -9999.00
     1   2005    273   10800.0      11.0      18.3      1.31      2.00      0.00  -9999.00
     1   2005    274   14500.0      10.0      17.4      1.23      2.00      0.00  -9999.00
     1   2005    275    4800.0      12.5      16.4      1.45      2.00      3.70  -9999.00
     1   2005    276   10100.0       2.6      14.0      0.74      2.00      0.00  -9999.00
     1   2005    277    4200.0       7.5      15.8      1.04      2.00      3.20  -9999.00
     1   2005    278    7900.0      12.7      16.5      1.47      2.00      0.40  -9999.00
     1   2005    279   11800.0      11.7      15.2      1.37      2.00      0.00  -9999.00
     1   2005    280    6600.0       6.6      14.7      0.97      2.00      3.30  -9999.00
     1   2005    281    4200.0       8.5      11.7      1.11      2.00      1.20  -9999.00
     1   2005    282    1900.0      10.6      14.7      1.28      2.00      1.70  -9999.00
     1   2005    283   10800.0       8.3      15.7      1.09      2.00      0.00  -9999.00
     1   2005    284    4900.0       9.8      17.4      1.21      2.00      0.30  -9999.00
     1   2005    285   10500.0      12.2      14.9      1.42      2.00      0.00  -9999.00
     1   2005    286    2400.0      10.8      14.6      1.29      2.00      4.00  -9999.00
     1   2005    287    7000.0       9.8      14.2      1.21      2.00      0.10  -9999.00
     1   2005    288    9900.0       4.0      11.1      0.81      2.00      0.00  -9999.00
     1   2005    289    2100.0       9.2      10.4      1.16      2.00      4.20  -9999.00
     1   2005    290    2100.0       4.0      12.8      0.81      2.00      0.00  -9999.00
     1   2005    291    1800.0       4.8      13.9      0.86      2.00      0.00  -9999.00
     1   2005    292    1600.0       6.6      11.2      0.97      2.00     26.70  -9999.00
     1   2005    293    1600.0       9.5      13.2      1.19      2.00      0.60  -9999.00
     1   2005    294    5600.0      10.0      15.5      1.23      2.00      0.00  -9999.00
     1   2005    295    6900.0      10.5      13.3      1.27      2.00      0.00  -9999.00
     1   2005    296    3800.0       9.9      14.6      1.22      2.00      6.50  -9999.00
     1   2005    297    1400.0       9.6      12.5      1.20      2.00      4.10  -9999.00
     1   2005    298    5700.0       7.6      14.4      1.04      2.00      0.00  -9999.00
     1   2005    299    8300.0      10.5      13.1      1.27      2.00      0.00  -9999.00
     1   2005    300    6300.0       7.4      14.6      1.03      2.00      1.10  -9999.00
     1   2005    301    1200.0       9.9      12.6      1.22      2.00      0.30  -9999.00
     1   2005    302    8800.0      11.2      15.1      1.33      2.00      4.10  -9999.00
     1   2005    303    7700.0       7.7      13.0      1.05      2.00      0.30  -9999.00
     1   2005    304    2100.0       9.0      13.9      1.15      2.00      0.40  -9999.00
     1   2005    305    3000.0      10.9      14.6      1.30      2.00      1.50  -9999.00
     1   2005    306    7200.0       4.0       9.4      0.81      2.00      0.00  -9999.00
     1   2005    307    4900.0       2.8       7.7      0.75      2.00      3.10  -9999.00
     1   2005    308    2100.0       2.1      10.1      0.71      2.00      0.00  -9999.00
     1   2005    309    3600.0       4.1       7.9      0.82      2.00      1.50  -9999.00
     1   2005    310    1300.0       3.1      11.6      0.76      2.00      0.20  -9999.00
     1   2005    311    6700.0       5.6       8.7      0.91      2.00      0.00  -9999.00
     1   2005    312    6500.0       5.5       8.4      0.90      2.00      0.00  -9999.00
     1   2005    313    6900.0       3.7       7.2      0.80      2.00      0.00  -9999.00
     1   2005    314    2400.0       9.1      11.4      1.16      2.00      3.50  -9999.00
     1   2005    315    2100.0       5.4       9.0      0.90      2.00      0.40  -9999.00
     1   2005    316    2500.0       4.0      12.2      0.81      2.00      4.10  -9999.00
     1   2005    317     900.0       4.8      10.5      0.86      2.00      1.30  -9999.00
     1   2005    318    1800.0       5.0       7.9      0.87      2.00      0.00  -9999.00
     1   2005    319    1100.0       8.3       9.8      1.09      2.00      0.00  -9999.00
     1   2005    320    4600.0       4.2       9.3      0.82      2.00      1.50  -9999.00
     1   2005    321     900.0       4.1      11.1      0.82      2.00      0.50  -9999.00
     1   2005    322    1400.0       4.7      11.2      0.85      2.00      8.90  -9999.00
     1   2005    323    3400.0       5.2      11.6      0.88      2.00      0.10  -9999.00
     1   2005    324    1800.0      -0.4       1.3      0.59      2.00      0.00  -9999.00
     1   2005    325    4300.0      -0.6       4.2      0.58      2.00      0.00  -9999.00
     1   2005    326     900.0       4.5       7.9      0.84      2.00      0.00  -9999.00
     1   2005    327    1700.0       5.5       8.8      0.90      2.00     11.50  -9999.00
     1   2005    328     700.0       7.4      11.4      1.03      2.00      0.10  -9999.00
     1   2005    329    3800.0       7.4      14.5      1.03      2.00      0.00  -9999.00
     1   2005    330     800.0       3.3      11.9      0.77      2.00      0.40  -9999.00
     1   2005    331     900.0       5.4      13.4      0.90      2.00      1.90  -9999.00
     1   2005    332    5000.0       8.2       8.4      1.09      2.00      0.00  -9999.00
     1   2005    333     800.0       6.9      11.9      0.99      2.00      1.20  -9999.00
     1   2005    334     900.0       3.3       8.2      0.77      2.00      2.20  -9999.00
     1   2005    335     800.0       6.4       9.1      0.96      2.00      0.30  -9999.00
     1   2005    336    2100.0       4.1       8.1      0.82      2.00      6.20  -9999.00
     1   2005    337     700.0       3.6       9.1      0.79      2.00      0.00  -9999.00
     1   2005    338     700.0       3.4       9.4      0.78      2.00      0.00  -9999.00
     1   2005    339     700.0       1.3       8.5      0.67      2.00      0.70  -9999.00
     1   2005    340    4300.0       0.4       4.9      0.63      2.00      0.00  -9999.00
     1   2005    341    1400.0       4.0       6.0      0.81      2.00      2.40  -9999.00
     1   2005    342     700.0      -0.2       8.4      0.60      2.00      0.40  -9999.00
     1   2005    343    4100.0      -4.8       7.0      0.43      2.00      0.10  -9999.00
     1   2005    344     600.0       6.0       7.4      0.93      2.00      0.00  -9999.00
     1   2005    345     600.0       4.3      10.0      0.83      2.00      0.00  -9999.00
     1   2005    346    1600.0      -0.3       1.0      0.60      2.00      7.00  -9999.00
     1   2005    347     700.0      -6.8       3.4      0.37      2.00      1.80  -9999.00
     1   2005    348     700.0      -1.4       3.2      0.55      2.00      4.00  -9999.00
     1   2005    349     700.0       1.8       4.2      0.70      2.00      0.50  -9999.00
     1   2005    350     700.0       2.4       8.0      0.73      2.00      2.70  -9999.00
     1   2005    351     700.0       3.1       8.4      0.76      2.00      0.10  -9999.00
     1   2005    352    3100.0       1.0       9.5      0.66      2.00      3.10  -9999.00
     1   2005    353    1400.0      -1.4       6.8      0.55      2.00      0.60  -9999.00
     1   2005    354    1000.0       5.0      11.8      0.87      2.00      6.80  -9999.00
     1   2005    355    2400.0       7.0       9.0      1.00      2.00      0.00  -9999.00
     1   2005    356     700.0      -1.3       4.1      0.56      2.00      0.40  -9999.00
     1   2005    357     700.0      -1.8       0.2      0.54      2.00      6.90  -9999.00
     1   2005    358     700.0       1.8       8.9      0.70      2.00      1.40  -9999.00
     1   2005    359     700.0      -1.2       9.0      0.56      2.00      3.20  -9999.00
     1   2005    360    2000.0       1.1       8.1      0.66      2.00      1.80  -9999.00
     1   2005    361     800.0       1.0       7.7      0.66      2.00      0.00  -9999.00
     1   2005    362    3600.0       0.8       6.9      0.65      2.00      0.00  -9999.00
     1   2005    363     600.0       2.6       7.6      0.74      2.00      0.00  -9999.00
     1   2005    364     700.0       3.7      12.9      0.80      2.00      0.00  -9999.00
     1   2005    365    4600.0       1.0      12.3      0.66      2.00      0.00  -9999.00
