*-----------------------------------------------------------------------------* 
           WHWG_160.met           52.12    0.96   89.00
* Date created:  08-Aug-2019     Author: K Coleman 
* 
* NIL VALUE       -9999 
* Source:   data provided by M. Semenov 
*  
* Latitude:    52.12 Longitude:     0.96 Altitude:    89.00
* 
* Column  Daily value 
* 1       station number 
* 2       year 
* 3       day 
* 4       irradiation                   (kJ m-2 d-1) 
* 5       minimum temperature           (degrees Celsius) 
* 6       maximum temperature           (degrees Celsius) 
* 7       early morning vapour pressure (kPa)             
* 8       mean wind speed (height: 2 m?) (m s-1)          
* 9       precipitation                 (mm d-1)          
* 10      sunshine                      (hrs)             
 		Jday	RAD	    TMIN	TMAX	 VAP	wind	RAIN	SUN  
               kj/m2	°C	    °C	     kPa	m/s	    mm	    hrs 
   52.12  89.00
     1   2005      1    1000.0      -1.7       7.9      0.54      2.00      0.00  -9999.00
     1   2005      2     700.0       1.7       8.4      0.69      2.00      2.20  -9999.00
     1   2005      3     800.0       6.5       9.9      0.97      2.00      6.50  -9999.00
     1   2005      4     700.0       1.3       4.2      0.67      2.00      0.30  -9999.00
     1   2005      5     700.0       0.1       0.2      0.62      2.00      0.00  -9999.00
     1   2005      6     700.0      -1.0       6.5      0.57      2.00      0.00  -9999.00
     1   2005      7     800.0       0.9       6.7      0.65      2.00      0.00  -9999.00
     1   2005      8     700.0       1.3       6.4      0.67      2.00      0.10  -9999.00
     1   2005      9     700.0      -2.5       6.8      0.51      2.00     12.90  -9999.00
     1   2005     10    4700.0       1.9       6.2      0.70      2.00      0.10  -9999.00
     1   2005     11    2100.0       1.0       4.3      0.66      2.00      0.00  -9999.00
     1   2005     12    2700.0      -2.3       7.1      0.52      2.00      0.60  -9999.00
     1   2005     13    2700.0       0.5       3.6      0.63      2.00      0.00  -9999.00
     1   2005     14     800.0       1.2       9.2      0.67      2.00      0.00  -9999.00
     1   2005     15     700.0       2.1      10.7      0.71      2.00      0.10  -9999.00
     1   2005     16     700.0       0.9       6.2      0.65      2.00      0.00  -9999.00
     1   2005     17    4300.0      -3.9       3.8      0.46      2.00      0.00  -9999.00
     1   2005     18    3100.0       3.5       9.5      0.78      2.00      8.80  -9999.00
     1   2005     19     700.0       4.3      10.3      0.83      2.00      1.60  -9999.00
     1   2005     20     800.0       2.4       6.6      0.73      2.00      0.20  -9999.00
     1   2005     21    4500.0       2.7       5.8      0.74      2.00      0.10  -9999.00
     1   2005     22    2600.0       2.7       6.7      0.74      2.00      0.00  -9999.00
     1   2005     23    2600.0      -0.4       8.7      0.59      2.00      0.00  -9999.00
     1   2005     24    3100.0       0.3       4.6      0.62      2.00      1.80  -9999.00
     1   2005     25    4800.0       0.5       5.4      0.63      2.00      6.60  -9999.00
     1   2005     26    1000.0       2.5       9.4      0.73      2.00      0.10  -9999.00
     1   2005     27    1600.0       0.8       7.3      0.65      2.00      0.00  -9999.00
     1   2005     28    7200.0       3.2       7.2      0.77      2.00      0.00  -9999.00
     1   2005     29    3800.0       1.0       9.6      0.66      2.00      0.70  -9999.00
     1   2005     30     900.0       1.8       8.6      0.70      2.00      1.80  -9999.00
     1   2005     31    6200.0       5.8       9.1      0.92      2.00      4.20  -9999.00
     1   2005     32    1000.0      -1.7       6.1      0.54      2.00      0.80  -9999.00
     1   2005     33    5700.0      -2.6       8.2      0.50      2.00      0.30  -9999.00
     1   2005     34    1000.0       0.7       4.8      0.64      2.00      0.00  -9999.00
     1   2005     35    3500.0       3.2       7.2      0.77      2.00      0.40  -9999.00
     1   2005     36    4200.0       0.2       5.8      0.62      2.00      0.20  -9999.00
     1   2005     37    5200.0      -2.1       5.1      0.52      2.00      3.50  -9999.00
     1   2005     38    1600.0       6.3      10.5      0.95      2.00      1.00  -9999.00
     1   2005     39    2000.0       3.2      14.1      0.77      2.00      1.80  -9999.00
     1   2005     40    1500.0      -3.3       0.0      0.48      2.00      0.00  -9999.00
     1   2005     41    1100.0      -1.9       5.3      0.53      2.00      1.30  -9999.00
     1   2005     42    1100.0      -1.7       6.1      0.54      2.00      0.00  -9999.00
     1   2005     43    2000.0      -2.9       8.4      0.49      2.00      0.60  -9999.00
     1   2005     44    8600.0       4.2      11.6      0.82      2.00     10.30  -9999.00
     1   2005     45    1300.0       0.8      10.9      0.65      2.00      0.10  -9999.00
     1   2005     46    7900.0       1.9       9.7      0.70      2.00      0.70  -9999.00
     1   2005     47    1800.0       3.1       7.8      0.76      2.00      8.00  -9999.00
     1   2005     48    9100.0      -1.3       6.8      0.56      2.00      1.10  -9999.00
     1   2005     49    3000.0      -5.8       8.1      0.40      2.00      0.30  -9999.00
     1   2005     50    1400.0       2.0       7.9      0.71      2.00      0.70  -9999.00
     1   2005     51    8200.0       4.2       7.4      0.82      2.00      0.40  -9999.00
     1   2005     52   10000.0       0.5       5.2      0.63      2.00      0.00  -9999.00
     1   2005     53    8100.0      -1.9       2.3      0.53      2.00      0.00  -9999.00
     1   2005     54    9800.0       4.6       9.4      0.85      2.00      0.10  -9999.00
     1   2005     55    3800.0       8.2      10.2      1.09      2.00      0.00  -9999.00
     1   2005     56    3600.0       2.5      10.1      0.73      2.00      0.00  -9999.00
     1   2005     57   10400.0       8.3      13.3      1.09      2.00      0.00  -9999.00
     1   2005     58    3300.0       0.5       6.9      0.63      2.00      7.10  -9999.00
     1   2005     59    8800.0       1.3       8.3      0.67      2.00      0.00  -9999.00
     1   2005     60   10600.0      -3.5       7.0      0.47      2.00      0.60  -9999.00
     1   2005     61    5700.0       0.1       6.3      0.62      2.00      1.10  -9999.00
     1   2005     62   12100.0       2.3       5.4      0.72      2.00      0.00  -9999.00
     1   2005     63    1600.0       4.4       6.4      0.84      2.00      0.10  -9999.00
     1   2005     64    8900.0       3.2       6.5      0.77      2.00      3.90  -9999.00
     1   2005     65    1800.0       6.0       6.6      0.93      2.00      2.70  -9999.00
     1   2005     66    2300.0       3.6       9.0      0.79      2.00      0.00  -9999.00
     1   2005     67    2400.0       6.9       9.9      0.99      2.00      1.30  -9999.00
     1   2005     68    2500.0       7.0      10.0      1.00      2.00      0.60  -9999.00
     1   2005     69    9200.0       2.2       7.6      0.72      2.00      0.00  -9999.00
     1   2005     70   11200.0       1.3      11.8      0.67      2.00      0.00  -9999.00
     1   2005     71   13600.0       2.3      10.1      0.72      2.00      0.00  -9999.00
     1   2005     72    4600.0       4.0      13.6      0.81      2.00      0.00  -9999.00
     1   2005     73   12200.0       6.7      13.6      0.98      2.00      0.00  -9999.00
     1   2005     74    2100.0       5.9      12.2      0.93      2.00      0.50  -9999.00
     1   2005     75    6900.0       6.8      12.6      0.99      2.00      4.30  -9999.00
     1   2005     76   12100.0      -0.2       9.1      0.60      2.00      0.00  -9999.00
     1   2005     77    9100.0       1.7       4.4      0.69      2.00      0.00  -9999.00
     1   2005     78    6400.0       3.2       8.7      0.77      2.00      0.30  -9999.00
     1   2005     79    2700.0       2.5      10.4      0.73      2.00      4.20  -9999.00
     1   2005     80    2300.0       2.8      11.0      0.75      2.00      0.90  -9999.00
     1   2005     81   15700.0       3.4      10.7      0.78      2.00      0.00  -9999.00
     1   2005     82   14600.0       6.4      14.1      0.96      2.00      4.10  -9999.00
     1   2005     83    2500.0       6.7      11.1      0.98      2.00      5.30  -9999.00
     1   2005     84   14800.0       0.4       8.2      0.63      2.00      0.00  -9999.00
     1   2005     85    7800.0       2.1       8.5      0.71      2.00      2.80  -9999.00
     1   2005     86   14500.0       1.9       9.7      0.70      2.00      0.00  -9999.00
     1   2005     87   11700.0       2.3      11.9      0.72      2.00      0.00  -9999.00
     1   2005     88    3600.0       2.0      10.8      0.71      2.00     15.70  -9999.00
     1   2005     89   13400.0      -0.8      15.1      0.58      2.00      0.00  -9999.00
     1   2005     90   17800.0      -1.1       6.6      0.56      2.00      0.00  -9999.00
     1   2005     91   13600.0       2.1       7.3      0.71      2.00      7.50  -9999.00
     1   2005     92    6900.0       2.1       6.8      0.71      2.00      5.20  -9999.00
     1   2005     93    6000.0       1.6       8.9      0.69      2.00      0.00  -9999.00
     1   2005     94   15100.0       4.4      16.5      0.84      2.00      0.60  -9999.00
     1   2005     95   15900.0       4.2      15.4      0.82      2.00      0.00  -9999.00
     1   2005     96   17200.0       7.9      13.0      1.07      2.00      0.00  -9999.00
     1   2005     97   19100.0       4.1      10.6      0.82      2.00      0.00  -9999.00
     1   2005     98   10300.0       0.6       8.5      0.64      2.00      0.70  -9999.00
     1   2005     99    4900.0       0.1       9.7      0.62      2.00      0.30  -9999.00
     1   2005    100   12900.0       7.3      13.2      1.02      2.00      0.00  -9999.00
     1   2005    101    6700.0       9.8      14.7      1.21      2.00      0.00  -9999.00
     1   2005    102    4200.0       2.1      12.9      0.71      2.00      1.20  -9999.00
     1   2005    103    3700.0       2.2      20.7      0.72      2.00      0.00  -9999.00
     1   2005    104   10300.0       2.9      11.4      0.75      2.00      1.40  -9999.00
     1   2005    105    3500.0      -0.4      10.8      0.59      2.00      0.00  -9999.00
     1   2005    106   17400.0       5.5      13.8      0.90      2.00      3.20  -9999.00
     1   2005    107   16300.0       8.9      18.3      1.14      2.00      2.00  -9999.00
     1   2005    108   17900.0       3.5      10.1      0.78      2.00      0.00  -9999.00
     1   2005    109   17300.0       3.9      11.2      0.81      2.00      0.30  -9999.00
     1   2005    110    7700.0       5.3      14.9      0.89      2.00      0.00  -9999.00
     1   2005    111   10700.0       9.1      14.1      1.16      2.00      0.00  -9999.00
     1   2005    112   17700.0       3.1      16.1      0.76      2.00      0.00  -9999.00
     1   2005    113   15300.0       3.5      23.6      0.78      2.00      0.00  -9999.00
     1   2005    114   21100.0       4.4      16.5      0.84      2.00      0.00  -9999.00
     1   2005    115   21300.0       4.4      16.0      0.84      2.00      0.00  -9999.00
     1   2005    116   16300.0       5.5      11.4      0.90      2.00      1.60  -9999.00
     1   2005    117   19200.0       6.6       9.4      0.97      2.00      0.50  -9999.00
     1   2005    118   17600.0       1.6      11.4      0.69      2.00     11.40  -9999.00
     1   2005    119   13900.0       4.3      12.5      0.83      2.00      0.70  -9999.00
     1   2005    120    5600.0       3.0       9.0      0.76      2.00     21.30  -9999.00
     1   2005    121   17900.0       3.4      14.3      0.78      2.00      0.00  -9999.00
     1   2005    122    3800.0       8.5      18.5      1.11      2.00      0.10  -9999.00
     1   2005    123   24600.0      11.4      17.9      1.35      2.00      0.00  -9999.00
     1   2005    124    4700.0       5.1      13.3      0.88      2.00      3.70  -9999.00
     1   2005    125   20300.0       5.1      12.3      0.88      2.00      0.10  -9999.00
     1   2005    126    4800.0       7.0      16.7      1.00      2.00      1.60  -9999.00
     1   2005    127   11600.0       9.0      21.1      1.15      2.00      0.00  -9999.00
     1   2005    128   25600.0      11.7      18.3      1.37      2.00      0.00  -9999.00
     1   2005    129   21700.0       7.2      13.5      1.02      2.00      3.00  -9999.00
     1   2005    130   24100.0       6.3      13.4      0.95      2.00      0.00  -9999.00
     1   2005    131   22600.0       6.8      13.3      0.99      2.00      0.00  -9999.00
     1   2005    132    4800.0       8.0      18.0      1.07      2.00      0.80  -9999.00
     1   2005    133   19100.0       7.4      19.7      1.03      2.00      0.00  -9999.00
     1   2005    134   17600.0       6.3      13.2      0.95      2.00     17.30  -9999.00
     1   2005    135   22400.0       8.9      14.0      1.14      2.00      1.50  -9999.00
     1   2005    136    4500.0       3.7      16.3      0.80      2.00      0.00  -9999.00
     1   2005    137    9800.0       4.0      13.9      0.81      2.00      0.40  -9999.00
     1   2005    138   14500.0       9.2      20.5      1.16      2.00      0.00  -9999.00
     1   2005    139    4300.0      10.7      16.4      1.29      2.00      3.00  -9999.00
     1   2005    140   25500.0       8.3      18.2      1.09      2.00      0.00  -9999.00
     1   2005    141   15200.0       4.6      15.6      0.85      2.00      0.90  -9999.00
     1   2005    142   26000.0       9.0      22.0      1.15      2.00      0.00  -9999.00
     1   2005    143   13200.0       9.1      20.0      1.16      2.00      0.90  -9999.00
     1   2005    144   13400.0       7.7      18.0      1.05      2.00      0.00  -9999.00
     1   2005    145    4400.0       4.5      14.6      0.84      2.00      6.70  -9999.00
     1   2005    146   10200.0       8.7      17.9      1.12      2.00      2.00  -9999.00
     1   2005    147   18300.0       9.8      15.7      1.21      2.00      5.60  -9999.00
     1   2005    148   20100.0       7.8      15.6      1.06      2.00      9.50  -9999.00
     1   2005    149    7600.0       9.9      16.1      1.22      2.00      7.80  -9999.00
     1   2005    150   24000.0       7.6      20.8      1.04      2.00      0.00  -9999.00
     1   2005    151   24300.0       7.5      22.8      1.04      2.00      1.40  -9999.00
     1   2005    152   19800.0       9.0      14.8      1.15      2.00      2.90  -9999.00
     1   2005    153   12300.0       9.2      15.7      1.16      2.00      0.40  -9999.00
     1   2005    154    4400.0       9.3      16.3      1.17      2.00      0.30  -9999.00
     1   2005    155   20800.0       9.9      19.5      1.22      2.00      0.80  -9999.00
     1   2005    156    4600.0      10.6      15.7      1.28      2.00      8.10  -9999.00
     1   2005    157    5300.0       9.3      20.2      1.17      2.00      0.00  -9999.00
     1   2005    158    5500.0       9.3      18.5      1.17      2.00      0.00  -9999.00
     1   2005    159   29200.0       9.3      20.6      1.17      2.00      0.00  -9999.00
     1   2005    160    4900.0       9.3      17.3      1.17      2.00      0.00  -9999.00
     1   2005    161   29100.0       8.5      18.5      1.11      2.00      0.00  -9999.00
     1   2005    162    4700.0      12.1      20.0      1.41      2.00      0.00  -9999.00
     1   2005    163   23100.0      12.4      24.2      1.44      2.00      0.00  -9999.00
     1   2005    164   27900.0      11.6      25.2      1.37      2.00      0.00  -9999.00
     1   2005    165    7400.0       9.2      22.5      1.16      2.00      0.00  -9999.00
     1   2005    166   17000.0       9.8      18.0      1.21      2.00      3.30  -9999.00
     1   2005    167   17000.0       9.6      16.1      1.20      2.00     15.00  -9999.00
     1   2005    168   29500.0      10.8      18.7      1.29      2.00      0.00  -9999.00
     1   2005    169   23000.0      10.6      18.3      1.28      2.00      0.00  -9999.00
     1   2005    170   13800.0      10.5      17.8      1.27      2.00      1.30  -9999.00
     1   2005    171   15700.0      11.3      19.4      1.34      2.00      2.80  -9999.00
     1   2005    172    6100.0      13.7      22.4      1.57      2.00      0.00  -9999.00
     1   2005    173   16100.0      16.0      19.9      1.82      2.00      0.00  -9999.00
     1   2005    174   18300.0      10.5      18.3      1.27      2.00      0.70  -9999.00
     1   2005    175    4600.0      10.6      15.9      1.28      2.00      0.30  -9999.00
     1   2005    176   11300.0      10.3      21.3      1.25      2.00      0.80  -9999.00
     1   2005    177   12000.0      14.8      23.0      1.68      2.00      3.30  -9999.00
     1   2005    178   28200.0      10.7      16.2      1.29      2.00      2.70  -9999.00
     1   2005    179    5500.0      12.4      17.8      1.44      2.00      0.80  -9999.00
     1   2005    180   29100.0      11.4      22.6      1.35      2.00      0.00  -9999.00
     1   2005    181   25000.0       7.3      22.2      1.02      2.00      0.00  -9999.00
     1   2005    182   27500.0       9.6      19.9      1.20      2.00      0.00  -9999.00
     1   2005    183   13800.0      10.6      17.3      1.28      2.00      6.00  -9999.00
     1   2005    184   28200.0      11.1      18.5      1.32      2.00      0.40  -9999.00
     1   2005    185   23800.0      10.8      19.2      1.29      2.00      0.00  -9999.00
     1   2005    186   25300.0      12.5      23.4      1.45      2.00      0.00  -9999.00
     1   2005    187   10400.0      12.0      18.9      1.40      2.00      1.00  -9999.00
     1   2005    188   15100.0      11.0      19.1      1.31      2.00      1.70  -9999.00
     1   2005    189   19700.0      13.3      19.4      1.53      2.00      9.10  -9999.00
     1   2005    190   23400.0       9.9      21.8      1.22      2.00      0.00  -9999.00
     1   2005    191   11100.0      11.6      20.1      1.37      2.00      1.90  -9999.00
     1   2005    192   29100.0      10.8      21.5      1.29      2.00      0.00  -9999.00
     1   2005    193    7900.0      10.4      24.9      1.26      2.00      0.00  -9999.00
     1   2005    194   28000.0       8.0      18.8      1.07      2.00      0.00  -9999.00
     1   2005    195   21500.0      11.6      20.9      1.37      2.00      0.00  -9999.00
     1   2005    196   14300.0      11.8      18.5      1.38      2.00      2.60  -9999.00
     1   2005    197   29400.0      11.2      20.7      1.33      2.00      0.00  -9999.00
     1   2005    198   27500.0      11.2      19.3      1.33      2.00      3.10  -9999.00
     1   2005    199   18600.0      10.8      18.5      1.29      2.00      0.00  -9999.00
     1   2005    200   18200.0      12.9      19.7      1.49      2.00      4.90  -9999.00
     1   2005    201   17800.0      12.7      19.8      1.47      2.00      0.00  -9999.00
     1   2005    202   27200.0      10.9      18.3      1.30      2.00     13.00  -9999.00
     1   2005    203    5800.0      12.1      20.3      1.41      2.00      1.10  -9999.00
     1   2005    204   27200.0      13.4      22.2      1.54      2.00      0.00  -9999.00
     1   2005    205   27600.0       9.6      25.3      1.20      2.00      0.00  -9999.00
     1   2005    206   24300.0      14.8      22.2      1.68      2.00      1.90  -9999.00
     1   2005    207    7900.0      14.5      23.6      1.65      2.00      0.00  -9999.00
     1   2005    208   25600.0      11.0      22.7      1.31      2.00      0.00  -9999.00
     1   2005    209   27700.0      14.5      26.0      1.65      2.00      0.00  -9999.00
     1   2005    210    5400.0      16.3      26.0      1.85      2.00      0.00  -9999.00
     1   2005    211   24300.0      14.3      24.0      1.63      2.00      0.00  -9999.00
     1   2005    212   16300.0      12.4      21.4      1.44      2.00      0.00  -9999.00
     1   2005    213   21800.0       9.5      19.4      1.19      2.00      0.00  -9999.00
     1   2005    214   21700.0      14.6      23.6      1.66      2.00      0.00  -9999.00
     1   2005    215    5200.0      12.4      27.7      1.44      2.00      0.00  -9999.00
     1   2005    216   15700.0      12.1      19.4      1.41      2.00      5.00  -9999.00
     1   2005    217   11600.0      12.5      21.3      1.45      2.00      3.60  -9999.00
     1   2005    218   21100.0      12.7      21.4      1.47      2.00      0.00  -9999.00
     1   2005    219    6600.0      12.0      20.6      1.40      2.00      0.50  -9999.00
     1   2005    220    3900.0      13.1      22.6      1.51      2.00      0.20  -9999.00
     1   2005    221   21700.0      19.8      20.3      2.31      2.00      0.40  -9999.00
     1   2005    222   15800.0      12.2      18.8      1.42      2.00      0.00  -9999.00
     1   2005    223   23800.0      12.5      16.2      1.45      2.00      0.00  -9999.00
     1   2005    224   19200.0      12.3      24.5      1.43      2.00      0.00  -9999.00
     1   2005    225   14400.0      12.3      25.7      1.43      2.00      1.30  -9999.00
     1   2005    226   20300.0      11.2      16.7      1.33      2.00      9.40  -9999.00
     1   2005    227   14500.0       9.6      19.4      1.20      2.00     11.30  -9999.00
     1   2005    228   22000.0      11.8      16.9      1.38      2.00      0.30  -9999.00
     1   2005    229   14900.0      11.5      17.3      1.36      2.00      1.10  -9999.00
     1   2005    230   15500.0      14.2      22.7      1.62      2.00      0.00  -9999.00
     1   2005    231   14200.0      13.9      18.4      1.59      2.00      0.40  -9999.00
     1   2005    232   18000.0      18.7      25.4      2.16      2.00      0.40  -9999.00
     1   2005    233   17900.0      13.3      21.3      1.53      2.00      0.40  -9999.00
     1   2005    234   23300.0      14.3      22.0      1.63      2.00      0.00  -9999.00
     1   2005    235   23700.0      12.5      22.3      1.45      2.00      0.00  -9999.00
     1   2005    236    7300.0      13.5      22.1      1.55      2.00      0.00  -9999.00
     1   2005    237   18300.0      15.5      21.9      1.76      2.00      0.00  -9999.00
     1   2005    238   20800.0      14.0      24.8      1.60      2.00      0.00  -9999.00
     1   2005    239   18900.0      15.5      29.4      1.76      2.00      0.00  -9999.00
     1   2005    240   21500.0       8.2      20.6      1.09      2.00      0.00  -9999.00
     1   2005    241   14700.0      10.1      19.2      1.24      2.00      0.00  -9999.00
     1   2005    242    7200.0       9.3      21.3      1.17      2.00      0.00  -9999.00
     1   2005    243    5300.0      13.0      21.3      1.50      2.00     21.40  -9999.00
     1   2005    244    3200.0       8.6      19.7      1.12      2.00      3.10  -9999.00
     1   2005    245   16700.0      10.8      20.5      1.29      2.00      0.20  -9999.00
     1   2005    246   17100.0      10.0      16.8      1.23      2.00      0.60  -9999.00
     1   2005    247    2900.0       5.9      19.0      0.93      2.00      2.50  -9999.00
     1   2005    248   14900.0      14.0      22.3      1.60      2.00      0.00  -9999.00
     1   2005    249    3800.0      11.3      26.0      1.34      2.00      0.00  -9999.00
     1   2005    250   17800.0       8.2      20.1      1.09      2.00      0.00  -9999.00
     1   2005    251   10800.0      11.7      17.5      1.37      2.00      0.80  -9999.00
     1   2005    252   13300.0       9.8      17.4      1.21      2.00      0.00  -9999.00
     1   2005    253    6700.0      13.8      15.6      1.58      2.00      0.10  -9999.00
     1   2005    254    5600.0      14.4      19.2      1.64      2.00      2.60  -9999.00
     1   2005    255   13700.0      13.9      23.2      1.59      2.00      0.00  -9999.00
     1   2005    256    3200.0       7.9      17.3      1.07      2.00      0.30  -9999.00
     1   2005    257   13100.0       9.2      15.9      1.16      2.00      2.60  -9999.00
     1   2005    258   13100.0       7.8      18.4      1.06      2.00      0.10  -9999.00
     1   2005    259   14500.0      11.0      16.6      1.31      2.00      0.00  -9999.00
     1   2005    260    2500.0       8.7      17.9      1.12      2.00      0.00  -9999.00
     1   2005    261   11200.0      13.3      19.1      1.53      2.00      2.30  -9999.00
     1   2005    262   12900.0      11.9      17.0      1.39      2.00     13.00  -9999.00
     1   2005    263   15400.0      10.9      18.4      1.30      2.00      0.00  -9999.00
     1   2005    264    9300.0       9.1      21.6      1.16      2.00      0.00  -9999.00
     1   2005    265    2600.0       9.4      17.6      1.18      2.00      2.30  -9999.00
     1   2005    266    4500.0      10.2      13.8      1.24      2.00      2.70  -9999.00
     1   2005    267    2500.0       5.5      17.2      0.90      2.00      0.00  -9999.00
     1   2005    268    6200.0      10.4      18.9      1.26      2.00      4.40  -9999.00
     1   2005    269    6200.0       6.2      17.1      0.95      2.00      0.00  -9999.00
     1   2005    270   13700.0      10.5      18.8      1.27      2.00      0.00  -9999.00
     1   2005    271   14700.0      10.8      16.0      1.29      2.00      0.00  -9999.00
     1   2005    272    4800.0       5.6      16.6      0.91      2.00      0.00  -9999.00
     1   2005    273    7600.0       7.9      13.8      1.07      2.00      0.00  -9999.00
     1   2005    274   14100.0       8.8      18.3      1.13      2.00      0.00  -9999.00
     1   2005    275   13800.0       5.8      18.0      0.92      2.00      0.00  -9999.00
     1   2005    276   13500.0       7.5      15.4      1.04      2.00      0.00  -9999.00
     1   2005    277    9600.0       5.6      15.9      0.91      2.00      0.00  -9999.00
     1   2005    278    2500.0      13.2      18.1      1.52      2.00      0.00  -9999.00
     1   2005    279   11800.0      10.4      16.8      1.26      2.00      0.00  -9999.00
     1   2005    280    5400.0      11.3      15.3      1.34      2.00      0.10  -9999.00
     1   2005    281    9300.0       8.9      16.0      1.14      2.00      1.20  -9999.00
     1   2005    282    6900.0       7.0      12.5      1.00      2.00      0.00  -9999.00
     1   2005    283   10300.0       7.5      14.8      1.04      2.00      0.00  -9999.00
     1   2005    284    6700.0       9.6      16.5      1.20      2.00      0.00  -9999.00
     1   2005    285    2000.0      11.6      20.7      1.37      2.00      0.00  -9999.00
     1   2005    286   11400.0       6.6      13.5      0.97      2.00      0.00  -9999.00
     1   2005    287    2900.0       9.1      14.0      1.16      2.00      2.60  -9999.00
     1   2005    288    9800.0      12.3      16.8      1.43      2.00      0.00  -9999.00
     1   2005    289   10700.0       9.4      15.6      1.18      2.00      0.00  -9999.00
     1   2005    290   10700.0      11.7      15.6      1.37      2.00      0.00  -9999.00
     1   2005    291    7800.0      11.0      14.3      1.31      2.00      0.00  -9999.00
     1   2005    292    8900.0       7.5      13.4      1.04      2.00      0.20  -9999.00
     1   2005    293    9700.0       5.5      10.5      0.90      2.00      0.00  -9999.00
     1   2005    294    4400.0       6.1      11.2      0.94      2.00      0.60  -9999.00
     1   2005    295    5600.0       4.6       9.7      0.85      2.00      0.50  -9999.00
     1   2005    296    6800.0       8.6      13.0      1.12      2.00      0.00  -9999.00
     1   2005    297    7400.0      10.0      13.7      1.23      2.00      3.40  -9999.00
     1   2005    298    8100.0       5.7      13.5      0.92      2.00      0.00  -9999.00
     1   2005    299    4800.0      10.2      11.2      1.24      2.00      0.00  -9999.00
     1   2005    300    4600.0      12.2      16.5      1.42      2.00      0.40  -9999.00
     1   2005    301    1300.0       9.2      17.4      1.16      2.00      0.40  -9999.00
     1   2005    302    2800.0       3.6      12.1      0.79      2.00      0.50  -9999.00
     1   2005    303    1700.0       1.1       8.8      0.66      2.00      0.20  -9999.00
     1   2005    304    3100.0       3.2       9.7      0.77      2.00      0.60  -9999.00
     1   2005    305    2200.0      -1.1      10.5      0.56      2.00      3.50  -9999.00
     1   2005    306    7800.0       8.0      12.6      1.07      2.00      4.60  -9999.00
     1   2005    307    7700.0       7.1      11.5      1.01      2.00      0.00  -9999.00
     1   2005    308    1100.0       6.6      15.3      0.97      2.00      0.20  -9999.00
     1   2005    309    4300.0       6.6      15.5      0.97      2.00      0.00  -9999.00
     1   2005    310    1000.0       5.9      11.7      0.93      2.00      5.80  -9999.00
     1   2005    311    2600.0       9.5       9.7      1.19      2.00      0.00  -9999.00
     1   2005    312    6300.0       6.5      14.0      0.97      2.00      0.00  -9999.00
     1   2005    313    1000.0       4.5      11.8      0.84      2.00      0.00  -9999.00
     1   2005    314    1000.0       6.6      11.8      0.97      2.00      5.30  -9999.00
     1   2005    315    1100.0       5.7      10.9      0.92      2.00      0.00  -9999.00
     1   2005    316    1300.0       7.9      13.8      1.07      2.00      0.40  -9999.00
     1   2005    317    2500.0       5.1      13.7      0.88      2.00      0.10  -9999.00
     1   2005    318    3900.0       4.6      11.1      0.85      2.00      0.10  -9999.00
     1   2005    319    5000.0      -0.6       9.9      0.58      2.00      0.00  -9999.00
     1   2005    320     900.0       4.6       7.8      0.85      2.00      0.90  -9999.00
     1   2005    321    1300.0       6.3       8.3      0.95      2.00     14.00  -9999.00
     1   2005    322    1000.0      -1.5       8.0      0.55      2.00      0.00  -9999.00
     1   2005    323     900.0       0.2       9.7      0.62      2.00      0.20  -9999.00
     1   2005    324    5500.0       3.5      11.3      0.78      2.00      0.10  -9999.00
     1   2005    325    1500.0       6.7      13.2      0.98      2.00      0.20  -9999.00
     1   2005    326    1300.0       4.9       8.0      0.87      2.00      0.30  -9999.00
     1   2005    327    5300.0       7.7       9.1      1.05      2.00      0.30  -9999.00
     1   2005    328    2900.0       2.6      10.1      0.74      2.00      4.60  -9999.00
     1   2005    329     800.0       1.9       8.7      0.70      2.00      0.00  -9999.00
     1   2005    330     800.0       1.3       7.3      0.67      2.00      2.60  -9999.00
     1   2005    331    5300.0      -0.3       9.7      0.60      2.00     11.30  -9999.00
     1   2005    332    1400.0       5.4      11.5      0.90      2.00      0.30  -9999.00
     1   2005    333    4100.0       0.9       7.5      0.65      2.00      0.00  -9999.00
     1   2005    334    1400.0       3.7       8.1      0.80      2.00      0.50  -9999.00
     1   2005    335     800.0       5.2       7.2      0.88      2.00      3.20  -9999.00
     1   2005    336     900.0       1.3       8.4      0.67      2.00      0.00  -9999.00
     1   2005    337     800.0       2.6       8.6      0.74      2.00      0.00  -9999.00
     1   2005    338     700.0       1.6       7.3      0.69      2.00     11.80  -9999.00
     1   2005    339     600.0       3.0       3.9      0.76      2.00      0.00  -9999.00
     1   2005    340     700.0       6.5      13.7      0.97      2.00      4.40  -9999.00
     1   2005    341    1400.0       5.8      10.4      0.92      2.00     13.10  -9999.00
     1   2005    342    2700.0       2.5       8.8      0.73      2.00      0.00  -9999.00
     1   2005    343    3800.0       7.6       9.5      1.04      2.00      9.30  -9999.00
     1   2005    344     700.0       3.5       7.9      0.78      2.00      0.40  -9999.00
     1   2005    345    1400.0       0.5       8.4      0.63      2.00      0.40  -9999.00
     1   2005    346    3700.0       0.2       3.1      0.62      2.00      0.00  -9999.00
     1   2005    347     700.0       0.8       6.0      0.65      2.00      5.40  -9999.00
     1   2005    348     700.0       2.1      10.2      0.71      2.00      0.30  -9999.00
     1   2005    349    4000.0       3.1      10.6      0.76      2.00      0.00  -9999.00
     1   2005    350     700.0       1.7       7.0      0.69      2.00      0.80  -9999.00
     1   2005    351     700.0       2.9       8.6      0.75      2.00      1.90  -9999.00
     1   2005    352     700.0       1.4       8.3      0.68      2.00      1.00  -9999.00
     1   2005    353     700.0       3.6       7.9      0.79      2.00      5.00  -9999.00
     1   2005    354    2200.0       3.0       7.0      0.76      2.00      0.20  -9999.00
     1   2005    355    1200.0       0.6       7.3      0.64      2.00      0.00  -9999.00
     1   2005    356    2200.0       2.3       5.5      0.72      2.00      1.00  -9999.00
     1   2005    357     700.0      -0.6       1.4      0.58      2.00      0.10  -9999.00
     1   2005    358     600.0       1.2       5.8      0.67      2.00      0.00  -9999.00
     1   2005    359     600.0       3.7       5.7      0.80      2.00      0.00  -9999.00
     1   2005    360    1400.0       0.9       7.9      0.65      2.00      0.70  -9999.00
     1   2005    361    3500.0      -0.9       8.0      0.57      2.00      2.90  -9999.00
     1   2005    362     700.0      -5.2       5.8      0.41      2.00      7.50  -9999.00
     1   2005    363    2100.0      -0.8       5.6      0.58      2.00      0.00  -9999.00
     1   2005    364     600.0      -3.7       2.0      0.46      2.00      0.00  -9999.00
     1   2005    365     700.0       0.5       4.0      0.63      2.00      0.70  -9999.00
