*-----------------------------------------------------------------------------* 
           WHWG_80.met            52.12    0.96   89.00
* Date created:  08-Aug-2019     Author: K Coleman 
* 
* NIL VALUE       -9999 
* Source:   data provided by M. Semenov 
*  
* Latitude:    52.12 Longitude:     0.96 Altitude:    89.00
* 
* Column  Daily value 
* 1       station number 
* 2       year 
* 3       day 
* 4       irradiation                   (kJ m-2 d-1) 
* 5       minimum temperature           (degrees Celsius) 
* 6       maximum temperature           (degrees Celsius) 
* 7       early morning vapour pressure (kPa)             
* 8       mean wind speed (height: 2 m?) (m s-1)          
* 9       precipitation                 (mm d-1)          
* 10      sunshine                      (hrs)             
 		Jday	RAD	    TMIN	TMAX	 VAP	wind	RAIN	SUN  
               kj/m2	°C	    °C	     kPa	m/s	    mm	    hrs 
   52.12  89.00
     1   2005      1    1100.0       5.1       7.1      0.88      2.00      3.60  -9999.00
     1   2005      2     700.0       1.1       8.5      0.66      2.00      0.50  -9999.00
     1   2005      3     800.0       3.0       7.9      0.76      2.00      4.70  -9999.00
     1   2005      4     700.0       0.4       9.4      0.63      2.00      0.40  -9999.00
     1   2005      5     700.0       1.5      10.5      0.68      2.00      0.70  -9999.00
     1   2005      6    4900.0       2.6      10.4      0.74      2.00      0.10  -9999.00
     1   2005      7    1100.0       1.0       9.7      0.66      2.00      0.70  -9999.00
     1   2005      8    4200.0       4.8       9.7      0.86      2.00      0.30  -9999.00
     1   2005      9    1900.0       1.5      10.9      0.68      2.00      4.50  -9999.00
     1   2005     10     800.0       4.9       6.6      0.87      2.00      0.00  -9999.00
     1   2005     11    1100.0       6.4       8.5      0.96      2.00      0.10  -9999.00
     1   2005     12    3800.0       0.9       4.6      0.65      2.00      0.30  -9999.00
     1   2005     13    3800.0       3.4       4.5      0.78      2.00      3.70  -9999.00
     1   2005     14    2500.0       1.5       6.4      0.68      2.00      0.00  -9999.00
     1   2005     15     700.0       1.3       5.6      0.67      2.00      0.70  -9999.00
     1   2005     16     700.0       1.3       9.5      0.67      2.00      0.00  -9999.00
     1   2005     17    2800.0       0.6      10.2      0.64      2.00      0.00  -9999.00
     1   2005     18     700.0       5.9       9.3      0.93      2.00      0.10  -9999.00
     1   2005     19    4200.0       3.1      11.4      0.76      2.00      0.10  -9999.00
     1   2005     20    5000.0       2.2      10.0      0.72      2.00      0.00  -9999.00
     1   2005     21    1900.0       1.9      10.7      0.70      2.00      0.00  -9999.00
     1   2005     22    3900.0       1.5       6.4      0.68      2.00      1.50  -9999.00
     1   2005     23     800.0       4.4       5.2      0.84      2.00      0.10  -9999.00
     1   2005     24     900.0      -2.4       6.7      0.51      2.00      0.60  -9999.00
     1   2005     25    4200.0       0.6       4.2      0.64      2.00      0.10  -9999.00
     1   2005     26    3500.0       0.7       4.8      0.64      2.00      0.00  -9999.00
     1   2005     27    5500.0       2.2       3.7      0.72      2.00      1.10  -9999.00
     1   2005     28    6400.0      -1.9       0.1      0.53      2.00      0.00  -9999.00
     1   2005     29     900.0       0.5       3.3      0.63      2.00      0.10  -9999.00
     1   2005     30    5000.0       3.2       7.4      0.77      2.00      9.40  -9999.00
     1   2005     31    2600.0      -0.3       4.8      0.60      2.00      4.90  -9999.00
     1   2005     32    7000.0      -1.7       5.0      0.54      2.00      0.00  -9999.00
     1   2005     33    3700.0      -0.6       2.6      0.58      2.00      0.00  -9999.00
     1   2005     34    6000.0       2.3       9.0      0.72      2.00      3.60  -9999.00
     1   2005     35    1400.0       0.0      10.6      0.61      2.00      2.40  -9999.00
     1   2005     36    1000.0       0.0       6.5      0.61      2.00      1.30  -9999.00
     1   2005     37    4300.0      -0.7       6.9      0.58      2.00      0.10  -9999.00
     1   2005     38    1800.0       4.7       8.7      0.85      2.00      2.60  -9999.00
     1   2005     39    4200.0       1.4       9.4      0.68      2.00      0.40  -9999.00
     1   2005     40    8200.0       0.3       8.2      0.62      2.00      0.10  -9999.00
     1   2005     41    3200.0       0.1       8.3      0.62      2.00      0.70  -9999.00
     1   2005     42    8700.0      -4.9       3.7      0.42      2.00      0.70  -9999.00
     1   2005     43    5400.0      -1.2       6.2      0.56      2.00      1.30  -9999.00
     1   2005     44    1200.0       2.3       8.8      0.72      2.00      6.20  -9999.00
     1   2005     45    3800.0       1.0       9.9      0.66      2.00      0.40  -9999.00
     1   2005     46    6300.0       1.6       5.9      0.69      2.00      2.40  -9999.00
     1   2005     47    7100.0       1.1       2.1      0.66      2.00      0.00  -9999.00
     1   2005     48    6300.0      -1.4       5.4      0.55      2.00      0.00  -9999.00
     1   2005     49    1800.0      -7.9       5.9      0.34      2.00      0.80  -9999.00
     1   2005     50    1200.0      -0.3       4.5      0.60      2.00      0.00  -9999.00
     1   2005     51    3400.0      -3.0       3.7      0.49      2.00     15.80  -9999.00
     1   2005     52    9400.0       2.8       9.7      0.75      2.00      0.00  -9999.00
     1   2005     53    8100.0       9.4      11.5      1.18      2.00      0.00  -9999.00
     1   2005     54    1700.0       3.1       8.4      0.76      2.00      0.10  -9999.00
     1   2005     55    5800.0       4.1       6.1      0.82      2.00      0.00  -9999.00
     1   2005     56    2300.0       3.4       9.9      0.78      2.00      0.60  -9999.00
     1   2005     57    6800.0       3.2      10.7      0.77      2.00      1.90  -9999.00
     1   2005     58    1500.0       2.6       9.8      0.74      2.00      0.10  -9999.00
     1   2005     59    1600.0       0.1       9.8      0.62      2.00      0.00  -9999.00
     1   2005     60   10800.0      -4.9       7.9      0.42      2.00      0.00  -9999.00
     1   2005     61    2400.0      -1.0       7.5      0.57      2.00      0.00  -9999.00
     1   2005     62    1700.0       9.0       9.7      1.15      2.00      1.00  -9999.00
     1   2005     63    1700.0       6.6       8.8      0.97      2.00     15.90  -9999.00
     1   2005     64   12100.0       2.4      11.5      0.73      2.00      0.00  -9999.00
     1   2005     65    1900.0       1.4      10.7      0.68      2.00      0.20  -9999.00
     1   2005     66    7800.0       7.0      10.0      1.00      2.00      4.10  -9999.00
     1   2005     67    2900.0       8.1       9.1      1.08      2.00      0.00  -9999.00
     1   2005     68    7100.0       0.6      11.7      0.64      2.00      0.00  -9999.00
     1   2005     69    8700.0      -1.1       9.5      0.56      2.00      0.00  -9999.00
     1   2005     70   12000.0       2.1       8.3      0.71      2.00      0.00  -9999.00
     1   2005     71    2300.0       0.9       6.8      0.65      2.00      0.00  -9999.00
     1   2005     72   11100.0       6.3      11.6      0.95      2.00      0.00  -9999.00
     1   2005     73    9500.0       6.8      11.3      0.99      2.00      0.00  -9999.00
     1   2005     74   11600.0       7.4      15.1      1.03      2.00      2.70  -9999.00
     1   2005     75   13900.0       5.2      13.5      0.88      2.00      5.30  -9999.00
     1   2005     76   10300.0      -1.2       9.3      0.56      2.00      0.00  -9999.00
     1   2005     77    8500.0       1.2       7.1      0.67      2.00      0.00  -9999.00
     1   2005     78   11900.0       3.9      13.0      0.81      2.00      0.00  -9999.00
     1   2005     79    3600.0       3.7      11.0      0.80      2.00      0.80  -9999.00
     1   2005     80   10100.0       3.3       7.5      0.77      2.00      0.40  -9999.00
     1   2005     81    4800.0       6.0       8.0      0.93      2.00      0.50  -9999.00
     1   2005     82   11700.0       3.2      13.8      0.77      2.00      0.40  -9999.00
     1   2005     83   12900.0       4.5      19.3      0.84      2.00      0.00  -9999.00
     1   2005     84   14700.0       4.3      14.1      0.83      2.00      0.00  -9999.00
     1   2005     85    7600.0       4.3      11.4      0.83      2.00      0.00  -9999.00
     1   2005     86    2800.0       2.0      13.4      0.71      2.00      0.00  -9999.00
     1   2005     87   12300.0       1.8      14.0      0.70      2.00      0.00  -9999.00
     1   2005     88    4700.0       5.2      12.0      0.88      2.00      0.90  -9999.00
     1   2005     89   10000.0       5.9      11.6      0.93      2.00      0.10  -9999.00
     1   2005     90    6400.0       3.5      12.7      0.78      2.00      5.50  -9999.00
     1   2005     91    5400.0       0.6      14.6      0.64      2.00      3.00  -9999.00
     1   2005     92    5600.0       2.2      12.0      0.72      2.00      0.00  -9999.00
     1   2005     93   13700.0      -1.4      12.1      0.55      2.00      0.00  -9999.00
     1   2005     94    2800.0       3.9       8.7      0.81      2.00      0.20  -9999.00
     1   2005     95   10100.0       3.6       6.0      0.79      2.00      0.10  -9999.00
     1   2005     96    8000.0       0.4       9.3      0.63      2.00      0.50  -9999.00
     1   2005     97   12300.0       3.2       8.1      0.77      2.00      0.50  -9999.00
     1   2005     98    8400.0       2.8       8.5      0.75      2.00      0.30  -9999.00
     1   2005     99   12400.0       0.3       9.7      0.62      2.00      6.40  -9999.00
     1   2005    100   14500.0       3.1       9.7      0.76      2.00      0.20  -9999.00
     1   2005    101   16300.0       1.6       8.7      0.69      2.00      0.90  -9999.00
     1   2005    102   21200.0       3.5      13.7      0.78      2.00      0.00  -9999.00
     1   2005    103   15700.0       4.6      12.5      0.85      2.00      6.20  -9999.00
     1   2005    104    6500.0       2.8      12.8      0.75      2.00      1.10  -9999.00
     1   2005    105    3300.0       4.8      10.1      0.86      2.00      0.30  -9999.00
     1   2005    106   11400.0       3.6      13.7      0.79      2.00      6.20  -9999.00
     1   2005    107   17200.0       5.1      17.0      0.88      2.00      5.90  -9999.00
     1   2005    108    9500.0       2.9       9.6      0.75      2.00      0.40  -9999.00
     1   2005    109   14400.0      -0.9      11.5      0.57      2.00      6.10  -9999.00
     1   2005    110   20400.0       4.1      18.1      0.82      2.00      0.00  -9999.00
     1   2005    111    3400.0      -0.7      20.8      0.58      2.00      0.90  -9999.00
     1   2005    112    5400.0       5.1      12.3      0.88      2.00      0.60  -9999.00
     1   2005    113   16100.0       5.9       9.6      0.93      2.00      2.60  -9999.00
     1   2005    114   17400.0       4.8       9.8      0.86      2.00      0.30  -9999.00
     1   2005    115   19200.0       4.0      11.0      0.81      2.00      6.20  -9999.00
     1   2005    116   22000.0       4.6      10.1      0.85      2.00      1.00  -9999.00
     1   2005    117   21800.0       1.5      13.5      0.68      2.00      0.00  -9999.00
     1   2005    118   15000.0       7.0      15.3      1.00      2.00      0.00  -9999.00
     1   2005    119    6800.0       5.8      15.0      0.92      2.00      0.00  -9999.00
     1   2005    120   16700.0       7.1      13.6      1.01      2.00      0.00  -9999.00
     1   2005    121   23000.0       9.3      10.6      1.17      2.00      0.00  -9999.00
     1   2005    122   24900.0       5.5      14.2      0.90      2.00      0.00  -9999.00
     1   2005    123   20500.0       4.1      13.3      0.82      2.00      0.00  -9999.00
     1   2005    124    4400.0       7.8      19.7      1.06      2.00      0.00  -9999.00
     1   2005    125   15700.0       7.3      14.1      1.02      2.00      0.50  -9999.00
     1   2005    126    7400.0       7.5      18.6      1.04      2.00      6.80  -9999.00
     1   2005    127   24100.0       4.9      22.2      0.87      2.00      0.00  -9999.00
     1   2005    128   13500.0       8.6      17.4      1.12      2.00      0.00  -9999.00
     1   2005    129    7200.0      10.3      15.7      1.25      2.00      4.50  -9999.00
     1   2005    130    6300.0       6.5      13.2      0.97      2.00      3.40  -9999.00
     1   2005    131   26000.0       7.6      16.2      1.04      2.00      0.00  -9999.00
     1   2005    132   20200.0       8.3      12.7      1.09      2.00      0.40  -9999.00
     1   2005    133    6700.0       5.5      13.8      0.90      2.00     25.00  -9999.00
     1   2005    134    6900.0       5.5      16.5      0.90      2.00      0.00  -9999.00
     1   2005    135   20900.0       6.6      12.7      0.97      2.00      0.00  -9999.00
     1   2005    136   25300.0       9.3      16.1      1.17      2.00      0.00  -9999.00
     1   2005    137   25800.0      10.2      17.2      1.24      2.00      0.00  -9999.00
     1   2005    138    5200.0       8.2      15.2      1.09      2.00      1.10  -9999.00
     1   2005    139    4100.0      10.4      13.1      1.26      2.00      0.30  -9999.00
     1   2005    140    7100.0      10.3      18.8      1.25      2.00      0.00  -9999.00
     1   2005    141    9500.0       9.4      14.7      1.18      2.00      9.80  -9999.00
     1   2005    142   22600.0       8.9      16.3      1.14      2.00      0.50  -9999.00
     1   2005    143   21200.0       8.0      19.0      1.07      2.00      5.80  -9999.00
     1   2005    144    5300.0       2.4      11.9      0.73      2.00      5.00  -9999.00
     1   2005    145   26200.0       3.7      13.7      0.80      2.00      0.00  -9999.00
     1   2005    146   27900.0      11.2      20.0      1.33      2.00      0.00  -9999.00
     1   2005    147   26400.0      10.0      23.6      1.23      2.00      0.00  -9999.00
     1   2005    148   19300.0       7.9      16.0      1.07      2.00      0.00  -9999.00
     1   2005    149    4300.0       5.8      13.1      0.92      2.00      0.70  -9999.00
     1   2005    150    4800.0       9.6      22.6      1.20      2.00      0.00  -9999.00
     1   2005    151    6600.0      11.7      18.4      1.37      2.00      1.10  -9999.00
     1   2005    152    4400.0       7.8      17.6      1.06      2.00      1.20  -9999.00
     1   2005    153   26300.0      11.5      17.5      1.36      2.00      0.00  -9999.00
     1   2005    154    8900.0       9.7      15.7      1.20      2.00      0.00  -9999.00
     1   2005    155    4600.0      11.6      15.8      1.37      2.00     14.80  -9999.00
     1   2005    156   13600.0      11.3      18.9      1.34      2.00      3.50  -9999.00
     1   2005    157    4500.0      10.0      19.7      1.23      2.00      0.70  -9999.00
     1   2005    158   18100.0       5.4      16.5      0.90      2.00      0.50  -9999.00
     1   2005    159   24100.0       8.8      14.3      1.13      2.00      4.00  -9999.00
     1   2005    160   10300.0      10.2      18.5      1.24      2.00      0.00  -9999.00
     1   2005    161   29200.0       7.5      17.0      1.04      2.00      0.70  -9999.00
     1   2005    162   29700.0      10.6      24.5      1.28      2.00      0.00  -9999.00
     1   2005    163   16500.0       7.1      30.8      1.01      2.00      3.10  -9999.00
     1   2005    164   14900.0       9.4      16.9      1.18      2.00      3.00  -9999.00
     1   2005    165   17000.0       7.9      18.8      1.07      2.00      0.40  -9999.00
     1   2005    166   20200.0       8.7      14.7      1.12      2.00      4.30  -9999.00
     1   2005    167   16900.0      10.3      15.2      1.25      2.00      5.00  -9999.00
     1   2005    168   29700.0      12.9      19.1      1.49      2.00      0.00  -9999.00
     1   2005    169   11200.0      15.4      20.0      1.75      2.00      0.00  -9999.00
     1   2005    170   20800.0      10.6      15.6      1.28      2.00      3.00  -9999.00
     1   2005    171    6500.0      12.2      15.5      1.42      2.00      0.70  -9999.00
     1   2005    172   23700.0       8.9      17.3      1.14      2.00      0.00  -9999.00
     1   2005    173   27300.0       4.9      16.7      0.87      2.00      0.00  -9999.00
     1   2005    174    7400.0      11.5      19.4      1.36      2.00      0.00  -9999.00
     1   2005    175   15300.0      14.0      18.8      1.60      2.00      0.70  -9999.00
     1   2005    176   18300.0      10.6      18.2      1.28      2.00      0.70  -9999.00
     1   2005    177   26100.0      16.7      22.1      1.90      2.00      0.00  -9999.00
     1   2005    178   21100.0      12.9      27.5      1.49      2.00      0.00  -9999.00
     1   2005    179   26100.0      13.1      28.6      1.51      2.00      0.00  -9999.00
     1   2005    180   27200.0      11.4      20.2      1.35      2.00      0.00  -9999.00
     1   2005    181   29900.0      11.0      19.2      1.31      2.00      0.00  -9999.00
     1   2005    182    9700.0      11.6      19.3      1.37      2.00      4.00  -9999.00
     1   2005    183   29200.0      10.9      21.2      1.30      2.00      0.00  -9999.00
     1   2005    184   25200.0      13.1      27.3      1.51      2.00      0.00  -9999.00
     1   2005    185   26900.0       9.2      23.1      1.16      2.00      0.00  -9999.00
     1   2005    186   29700.0      12.0      22.0      1.40      2.00      0.00  -9999.00
     1   2005    187   25100.0      11.6      18.0      1.37      2.00      6.10  -9999.00
     1   2005    188   28400.0       7.8      16.7      1.06      2.00      0.00  -9999.00
     1   2005    189    4700.0      11.6      19.8      1.37      2.00      0.00  -9999.00
     1   2005    190   27500.0      11.3      23.5      1.34      2.00      0.00  -9999.00
     1   2005    191   23800.0       7.0      25.5      1.00      2.00      0.00  -9999.00
     1   2005    192   13400.0      12.2      21.9      1.42      2.00      0.00  -9999.00
     1   2005    193   17000.0      13.6      25.4      1.56      2.00      0.00  -9999.00
     1   2005    194   21700.0      12.4      19.2      1.44      2.00      0.60  -9999.00
     1   2005    195   27200.0      11.9      20.3      1.39      2.00      1.80  -9999.00
     1   2005    196   13500.0      11.7      18.8      1.37      2.00      8.50  -9999.00
     1   2005    197   26400.0      11.3      17.2      1.34      2.00      0.00  -9999.00
     1   2005    198    7300.0      12.8      21.3      1.48      2.00      5.10  -9999.00
     1   2005    199   15700.0      16.9      20.1      1.92      2.00     15.80  -9999.00
     1   2005    200   24500.0      11.5      22.6      1.36      2.00      0.00  -9999.00
     1   2005    201   13400.0      12.7      23.6      1.47      2.00      0.00  -9999.00
     1   2005    202   27400.0      17.7      26.1      2.02      2.00      0.00  -9999.00
     1   2005    203   13700.0      13.4      22.4      1.54      2.00      0.00  -9999.00
     1   2005    204   26800.0      13.3      24.7      1.53      2.00      0.00  -9999.00
     1   2005    205   27100.0      16.2      23.8      1.84      2.00      0.00  -9999.00
     1   2005    206   26000.0      17.0      26.6      1.94      2.00      0.00  -9999.00
     1   2005    207   19300.0      14.4      28.8      1.64      2.00      0.00  -9999.00
     1   2005    208   26600.0      13.3      23.0      1.53      2.00      0.00  -9999.00
     1   2005    209   15500.0       8.9      22.4      1.14      2.00      0.00  -9999.00
     1   2005    210   13400.0       8.6      17.9      1.12      2.00     23.10  -9999.00
     1   2005    211    4000.0      11.6      18.5      1.37      2.00      1.20  -9999.00
     1   2005    212   16200.0      19.5      27.0      2.27      2.00      0.00  -9999.00
     1   2005    213   23000.0      12.5      29.4      1.45      2.00      0.00  -9999.00
     1   2005    214   23900.0       9.1      20.8      1.16      2.00      0.00  -9999.00
     1   2005    215   24500.0      11.0      22.0      1.31      2.00      0.00  -9999.00
     1   2005    216   11100.0      13.6      21.2      1.56      2.00      0.30  -9999.00
     1   2005    217   21200.0      13.3      25.3      1.53      2.00      5.00  -9999.00
     1   2005    218   22300.0      16.0      28.4      1.82      2.00      0.00  -9999.00
     1   2005    219   12900.0      11.7      22.1      1.37      2.00      0.40  -9999.00
     1   2005    220   17000.0      15.0      25.0      1.70      2.00      0.00  -9999.00
     1   2005    221    6600.0      13.9      21.2      1.59      2.00     16.10  -9999.00
     1   2005    222   17600.0      11.1      18.8      1.32      2.00      0.00  -9999.00
     1   2005    223   18500.0      14.5      21.8      1.65      2.00      0.00  -9999.00
     1   2005    224   23400.0      12.3      25.3      1.43      2.00      0.00  -9999.00
     1   2005    225   22400.0      13.7      20.7      1.57      2.00      1.10  -9999.00
     1   2005    226   14900.0      10.9      17.9      1.30      2.00     17.20  -9999.00
     1   2005    227   11200.0      14.4      21.6      1.64      2.00      0.00  -9999.00
     1   2005    228   23500.0      11.1      19.3      1.32      2.00      0.00  -9999.00
     1   2005    229    3700.0      11.4      22.2      1.35      2.00      0.00  -9999.00
     1   2005    230   22700.0      17.0      26.8      1.94      2.00      2.80  -9999.00
     1   2005    231   21900.0      17.7      27.1      2.02      2.00      0.00  -9999.00
     1   2005    232   20000.0      15.1      21.5      1.72      2.00      0.70  -9999.00
     1   2005    233   18500.0      14.5      19.8      1.65      2.00     17.40  -9999.00
     1   2005    234   19500.0      10.1      19.6      1.24      2.00      0.00  -9999.00
     1   2005    235   17100.0      12.1      20.0      1.41      2.00      7.60  -9999.00
     1   2005    236   17400.0      12.9      22.0      1.49      2.00      1.70  -9999.00
     1   2005    237   17600.0       9.4      26.8      1.18      2.00      0.00  -9999.00
     1   2005    238   22200.0       9.7      19.1      1.20      2.00      0.00  -9999.00
     1   2005    239   19000.0      14.0      21.6      1.60      2.00      0.00  -9999.00
     1   2005    240    5800.0      13.2      21.2      1.52      2.00      0.30  -9999.00
     1   2005    241   13800.0      12.3      21.7      1.43      2.00      2.10  -9999.00
     1   2005    242   21300.0      11.1      20.2      1.32      2.00      0.00  -9999.00
     1   2005    243    3200.0       7.9      20.0      1.07      2.00      0.40  -9999.00
     1   2005    244   12300.0      12.7      19.4      1.47      2.00      4.40  -9999.00
     1   2005    245   14000.0      13.8      21.2      1.58      2.00     10.80  -9999.00
     1   2005    246   18200.0       8.3      20.8      1.09      2.00      0.00  -9999.00
     1   2005    247   16600.0      12.2      22.6      1.42      2.00      0.00  -9999.00
     1   2005    248   14900.0       4.9      17.4      0.87      2.00      0.00  -9999.00
     1   2005    249    5900.0       8.8      18.4      1.13      2.00      0.00  -9999.00
     1   2005    250   13100.0      13.4      20.2      1.54      2.00     39.30  -9999.00
     1   2005    251    2800.0      11.1      21.5      1.32      2.00     14.30  -9999.00
     1   2005    252   14900.0      10.6      17.6      1.28      2.00      2.30  -9999.00
     1   2005    253   13000.0       8.5      19.3      1.11      2.00      0.00  -9999.00
     1   2005    254   12800.0       5.7      16.8      0.92      2.00      0.00  -9999.00
     1   2005    255    8400.0       9.5      18.0      1.19      2.00      0.00  -9999.00
     1   2005    256   16200.0      10.2      19.2      1.24      2.00      0.00  -9999.00
     1   2005    257    4800.0       8.7      18.2      1.12      2.00      9.20  -9999.00
     1   2005    258   10800.0       9.7      18.8      1.20      2.00      0.10  -9999.00
     1   2005    259   12400.0       8.1      25.2      1.08      2.00      0.00  -9999.00
     1   2005    260   15600.0       8.5      19.0      1.11      2.00     17.00  -9999.00
     1   2005    261   13200.0       5.5      18.8      0.90      2.00      0.00  -9999.00
     1   2005    262   15000.0      13.3      23.0      1.53      2.00      8.80  -9999.00
     1   2005    263   10500.0      14.5      18.5      1.65      2.00      0.10  -9999.00
     1   2005    264    8100.0       9.3      12.2      1.17      2.00      0.00  -9999.00
     1   2005    265   12500.0      13.5      15.0      1.55      2.00     23.70  -9999.00
     1   2005    266   10000.0       9.7      20.1      1.20      2.00      0.00  -9999.00
     1   2005    267    7400.0      11.4      17.3      1.35      2.00      0.00  -9999.00
     1   2005    268    2700.0       3.1      17.5      0.76      2.00      0.00  -9999.00
     1   2005    269   13200.0       3.2      20.9      0.77      2.00      0.00  -9999.00
     1   2005    270   11000.0       9.8      15.2      1.21      2.00      0.00  -9999.00
     1   2005    271    9000.0       7.7      15.6      1.05      2.00      0.00  -9999.00
     1   2005    272    3100.0       5.5      16.3      0.90      2.00      0.00  -9999.00
     1   2005    273    2300.0      10.7      14.6      1.29      2.00      0.20  -9999.00
     1   2005    274    7600.0       5.9      12.1      0.93      2.00      1.30  -9999.00
     1   2005    275   12100.0       5.9      15.5      0.93      2.00      0.00  -9999.00
     1   2005    276    9400.0       8.3      13.7      1.09      2.00      0.10  -9999.00
     1   2005    277    9100.0      10.1      14.7      1.24      2.00      0.20  -9999.00
     1   2005    278    1900.0      11.3      16.6      1.34      2.00      0.00  -9999.00
     1   2005    279   10200.0       8.0      16.3      1.07      2.00      0.00  -9999.00
     1   2005    280    2700.0       9.3      17.0      1.17      2.00      0.00  -9999.00
     1   2005    281   12200.0       6.9      17.2      0.99      2.00      0.00  -9999.00
     1   2005    282    9000.0      10.3      18.5      1.25      2.00      0.90  -9999.00
     1   2005    283    6900.0      11.3      17.8      1.34      2.00      2.70  -9999.00
     1   2005    284    9300.0      11.5      16.5      1.36      2.00      8.10  -9999.00
     1   2005    285    8900.0       8.3      17.2      1.09      2.00      0.00  -9999.00
     1   2005    286    6000.0       3.2      12.5      0.77      2.00      0.20  -9999.00
     1   2005    287    4900.0       7.3      13.4      1.02      2.00      0.00  -9999.00
     1   2005    288    5200.0       7.4      13.8      1.03      2.00      2.70  -9999.00
     1   2005    289    7400.0       3.9      15.6      0.81      2.00      0.20  -9999.00
     1   2005    290    5900.0       8.1      13.2      1.08      2.00      0.00  -9999.00
     1   2005    291    8300.0       3.6      14.2      0.79      2.00      0.00  -9999.00
     1   2005    292   10400.0       9.5      17.2      1.19      2.00      0.00  -9999.00
     1   2005    293    2000.0      14.0      15.4      1.60      2.00      0.00  -9999.00
     1   2005    294    7900.0       6.0      13.9      0.93      2.00      0.00  -9999.00
     1   2005    295    1800.0       6.7      11.1      0.98      2.00      0.00  -9999.00
     1   2005    296    6300.0       4.4      10.3      0.84      2.00      0.10  -9999.00
     1   2005    297    8300.0       7.5       9.6      1.04      2.00      0.00  -9999.00
     1   2005    298    4100.0       5.4      13.3      0.90      2.00      0.00  -9999.00
     1   2005    299    7800.0       2.3      13.8      0.72      2.00      0.00  -9999.00
     1   2005    300    9000.0       9.2      14.8      1.16      2.00      0.00  -9999.00
     1   2005    301    1300.0      10.0      15.1      1.23      2.00      0.00  -9999.00
     1   2005    302    1300.0       4.6      11.0      0.85      2.00      0.40  -9999.00
     1   2005    303    7200.0       3.2       8.8      0.77      2.00      0.00  -9999.00
     1   2005    304    2000.0       9.5      14.0      1.19      2.00      0.00  -9999.00
     1   2005    305    7100.0       6.9      15.7      0.99      2.00      0.00  -9999.00
     1   2005    306    2000.0       6.4      11.7      0.96      2.00      9.40  -9999.00
     1   2005    307    3900.0       7.5      13.5      1.04      2.00      1.30  -9999.00
     1   2005    308    7800.0       7.6      13.3      1.04      2.00      0.00  -9999.00
     1   2005    309    5800.0       8.8      15.9      1.13      2.00      0.10  -9999.00
     1   2005    310    1000.0       9.3      15.1      1.17      2.00     20.80  -9999.00
     1   2005    311    6800.0       8.7      12.3      1.12      2.00      0.00  -9999.00
     1   2005    312    3400.0       7.8      11.8      1.06      2.00      0.20  -9999.00
     1   2005    313    1100.0      10.2      10.4      1.24      2.00      0.30  -9999.00
     1   2005    314    3300.0       5.7      13.8      0.92      2.00      0.40  -9999.00
     1   2005    315    1600.0       7.7      13.2      1.05      2.00      1.70  -9999.00
     1   2005    316    5800.0       5.5      10.9      0.90      2.00      0.40  -9999.00
     1   2005    317    1100.0       8.6      11.2      1.12      2.00      3.60  -9999.00
     1   2005    318     900.0       2.2      11.4      0.72      2.00      0.20  -9999.00
     1   2005    319    4400.0       4.4      11.1      0.84      2.00      5.40  -9999.00
     1   2005    320     800.0      -3.2       7.6      0.48      2.00      2.40  -9999.00
     1   2005    321     900.0       2.9       8.4      0.75      2.00      0.10  -9999.00
     1   2005    322    6200.0       3.7       9.0      0.80      2.00      0.00  -9999.00
     1   2005    323    1000.0       0.9      11.2      0.65      2.00      0.00  -9999.00
     1   2005    324    2500.0       3.3       8.5      0.77      2.00      0.60  -9999.00
     1   2005    325    5400.0       4.9       6.7      0.87      2.00      0.00  -9999.00
     1   2005    326     800.0       0.9       7.4      0.65      2.00      0.00  -9999.00
     1   2005    327    5200.0       3.3       5.3      0.77      2.00      0.30  -9999.00
     1   2005    328     800.0       3.5       8.4      0.78      2.00      5.00  -9999.00
     1   2005    329     800.0       1.9       8.9      0.70      2.00      0.40  -9999.00
     1   2005    330     700.0       4.6       8.2      0.85      2.00      0.30  -9999.00
     1   2005    331    4700.0       4.7       6.7      0.85      2.00      0.00  -9999.00
     1   2005    332    2500.0      -1.4       3.5      0.55      2.00      0.30  -9999.00
     1   2005    333    2600.0      -1.7       5.0      0.54      2.00      0.70  -9999.00
     1   2005    334     800.0       4.9      13.9      0.87      2.00      0.10  -9999.00
     1   2005    335     700.0       0.6      11.0      0.64      2.00      5.40  -9999.00
     1   2005    336    4700.0      -0.3       5.6      0.60      2.00      0.00  -9999.00
     1   2005    337     700.0       1.3       6.4      0.67      2.00     27.40  -9999.00
     1   2005    338     900.0       4.8       9.1      0.86      2.00      0.60  -9999.00
     1   2005    339     700.0       3.3      11.2      0.77      2.00      0.70  -9999.00
     1   2005    340     700.0       6.2      13.3      0.95      2.00      0.40  -9999.00
     1   2005    341    2500.0       5.2      10.0      0.88      2.00      0.20  -9999.00
     1   2005    342    4100.0       1.9       6.0      0.70      2.00      2.10  -9999.00
     1   2005    343     700.0       3.1       5.3      0.76      2.00      0.40  -9999.00
     1   2005    344     700.0       1.3       5.3      0.67      2.00      0.80  -9999.00
     1   2005    345    1500.0      -0.8       7.0      0.58      2.00      1.40  -9999.00
     1   2005    346     700.0       1.6       9.0      0.69      2.00      5.50  -9999.00
     1   2005    347    3800.0      -0.2       6.7      0.60      2.00      0.50  -9999.00
     1   2005    348     700.0       9.5      11.2      1.19      2.00      0.10  -9999.00
     1   2005    349     700.0       9.8      10.7      1.21      2.00      0.40  -9999.00
     1   2005    350    3500.0       3.0       6.6      0.76      2.00      0.00  -9999.00
     1   2005    351    1200.0       4.8      10.8      0.86      2.00      4.70  -9999.00
     1   2005    352    1100.0      -0.1       6.7      0.61      2.00      6.10  -9999.00
     1   2005    353    1600.0       0.0       3.2      0.61      2.00      3.60  -9999.00
     1   2005    354     600.0      -0.4       5.7      0.59      2.00      0.00  -9999.00
     1   2005    355     700.0       2.7       4.6      0.74      2.00      1.10  -9999.00
     1   2005    356     700.0      -1.2       6.3      0.56      2.00      0.80  -9999.00
     1   2005    357     700.0       0.3       7.1      0.62      2.00      4.00  -9999.00
     1   2005    358    2300.0      -0.3       0.4      0.60      2.00      0.50  -9999.00
     1   2005    359    3500.0      -2.0       5.4      0.53      2.00      0.70  -9999.00
     1   2005    360    3100.0       1.7       8.3      0.69      2.00      2.90  -9999.00
     1   2005    361     700.0       2.9       6.7      0.75      2.00      0.70  -9999.00
     1   2005    362    4400.0       0.1       4.8      0.62      2.00      0.00  -9999.00
     1   2005    363    2000.0       2.7       7.6      0.74      2.00      5.90  -9999.00
     1   2005    364    3000.0      -0.2       7.7      0.60      2.00      0.50  -9999.00
     1   2005    365     700.0       2.5       6.5      0.73      2.00      1.00  -9999.00
