*-----------------------------------------------------------------------------* 
           WHWG_14.met            52.12    0.96   89.00
* Date created:  08-Aug-2019     Author: K Coleman 
* 
* NIL VALUE       -9999 
* Source:   data provided by M. Semenov 
*  
* Latitude:    52.12 Longitude:     0.96 Altitude:    89.00
* 
* Column  Daily value 
* 1       station number 
* 2       year 
* 3       day 
* 4       irradiation                   (kJ m-2 d-1) 
* 5       minimum temperature           (degrees Celsius) 
* 6       maximum temperature           (degrees Celsius) 
* 7       early morning vapour pressure (kPa)             
* 8       mean wind speed (height: 2 m?) (m s-1)          
* 9       precipitation                 (mm d-1)          
* 10      sunshine                      (hrs)             
 		Jday	RAD	    TMIN	TMAX	 VAP	wind	RAIN	SUN  
               kj/m2	°C	    °C	     kPa	m/s	    mm	    hrs 
   52.12  89.00
     1   2005      1    3800.0       2.6       7.2      0.74      2.00     15.10  -9999.00
     1   2005      2    2300.0       3.1       6.1      0.76      2.00      8.90  -9999.00
     1   2005      3     700.0       1.0       5.1      0.66      2.00      1.10  -9999.00
     1   2005      4    2100.0      -0.8       7.0      0.58      2.00      0.10  -9999.00
     1   2005      5     700.0       2.6       8.6      0.74      2.00      1.80  -9999.00
     1   2005      6    2500.0       2.3       5.6      0.72      2.00      0.10  -9999.00
     1   2005      7    3900.0       3.0       3.6      0.76      2.00      0.00  -9999.00
     1   2005      8    4400.0      -0.1       5.5      0.61      2.00      0.10  -9999.00
     1   2005      9    4100.0      -0.6       7.6      0.58      2.00      0.10  -9999.00
     1   2005     10     800.0      -0.1       4.5      0.61      2.00     11.50  -9999.00
     1   2005     11    1000.0      -3.0      -1.0      0.49      2.00      0.50  -9999.00
     1   2005     12     800.0       1.1       5.2      0.66      2.00      0.10  -9999.00
     1   2005     13    4600.0      -1.4       3.1      0.55      2.00      0.00  -9999.00
     1   2005     14    5200.0      -0.2       4.7      0.60      2.00      0.00  -9999.00
     1   2005     15    5200.0       1.4       6.5      0.68      2.00      0.00  -9999.00
     1   2005     16    4100.0      -1.2       4.9      0.56      2.00      0.00  -9999.00
     1   2005     17     700.0       1.5       8.3      0.68      2.00     12.30  -9999.00
     1   2005     18     800.0       3.4       6.8      0.78      2.00     12.70  -9999.00
     1   2005     19    2500.0       3.7       4.9      0.80      2.00      2.20  -9999.00
     1   2005     20    4100.0       0.3       4.3      0.62      2.00      0.00  -9999.00
     1   2005     21    5400.0      -3.4       4.5      0.48      2.00      0.00  -9999.00
     1   2005     22    4100.0       2.5       9.1      0.73      2.00      4.90  -9999.00
     1   2005     23    4600.0       0.3       6.8      0.62      2.00      2.80  -9999.00
     1   2005     24    1400.0       3.7       9.5      0.80      2.00      0.80  -9999.00
     1   2005     25     800.0       4.3       9.4      0.83      2.00      0.80  -9999.00
     1   2005     26     800.0       4.8       9.6      0.86      2.00      0.00  -9999.00
     1   2005     27    3000.0       1.7      10.1      0.69      2.00      7.30  -9999.00
     1   2005     28    1600.0      -2.9      -0.9      0.49      2.00      0.00  -9999.00
     1   2005     29    6500.0      -2.4      -1.3      0.51      2.00      0.00  -9999.00
     1   2005     30     900.0      -1.5       7.8      0.55      2.00      0.30  -9999.00
     1   2005     31    6700.0      -1.0       7.1      0.57      2.00      0.20  -9999.00
     1   2005     32    2200.0      -0.8       6.6      0.58      2.00      3.00  -9999.00
     1   2005     33    3000.0      -2.5       4.6      0.51      2.00      0.80  -9999.00
     1   2005     34    1400.0       0.0       3.5      0.61      2.00      0.90  -9999.00
     1   2005     35    1000.0       0.2       2.2      0.62      2.00      0.70  -9999.00
     1   2005     36    4400.0       1.0       7.3      0.66      2.00      4.50  -9999.00
     1   2005     37    6100.0      -2.9       8.7      0.49      2.00      1.70  -9999.00
     1   2005     38    5200.0       5.2       9.8      0.88      2.00      3.30  -9999.00
     1   2005     39    4500.0       2.5      14.3      0.73      2.00      0.00  -9999.00
     1   2005     40    7600.0      -2.1       2.9      0.52      2.00      0.00  -9999.00
     1   2005     41    7600.0      -2.0       4.3      0.53      2.00      0.00  -9999.00
     1   2005     42    1900.0      -1.3       3.2      0.56      2.00      0.00  -9999.00
     1   2005     43    5600.0       0.0       0.4      0.61      2.00      0.00  -9999.00
     1   2005     44    8100.0       4.0       8.2      0.81      2.00      0.00  -9999.00
     1   2005     45    8500.0       0.2       6.0      0.62      2.00      0.00  -9999.00
     1   2005     46    6200.0       5.9      10.4      0.93      2.00      0.00  -9999.00
     1   2005     47    9400.0       2.9       9.7      0.75      2.00      0.00  -9999.00
     1   2005     48    6300.0      -3.6       2.7      0.47      2.00      0.00  -9999.00
     1   2005     49    6400.0      -2.1      -0.1      0.52      2.00      0.00  -9999.00
     1   2005     50    7900.0       4.8      10.2      0.86      2.00      0.30  -9999.00
     1   2005     51    1300.0       5.5      10.6      0.90      2.00      1.80  -9999.00
     1   2005     52    6900.0       2.2       7.8      0.72      2.00      1.10  -9999.00
     1   2005     53    1500.0       3.2       7.4      0.77      2.00      0.00  -9999.00
     1   2005     54    7700.0       0.5       9.5      0.63      2.00      0.00  -9999.00
     1   2005     55    8300.0       4.2      14.4      0.82      2.00      0.00  -9999.00
     1   2005     56    2800.0      -0.4       5.6      0.59      2.00      0.00  -9999.00
     1   2005     57   10100.0      -1.3       8.3      0.56      2.00      0.00  -9999.00
     1   2005     58    2300.0       9.5      12.2      1.19      2.00      5.90  -9999.00
     1   2005     59    4400.0       4.7      10.2      0.85      2.00      1.40  -9999.00
     1   2005     60   10200.0       2.1      11.0      0.71      2.00      4.50  -9999.00
     1   2005     61    6000.0       1.3      11.5      0.67      2.00      1.30  -9999.00
     1   2005     62   10700.0       3.1      10.0      0.76      2.00      2.70  -9999.00
     1   2005     63   12300.0      -0.7       8.6      0.58      2.00      0.00  -9999.00
     1   2005     64    9900.0       0.7       9.7      0.64      2.00      0.00  -9999.00
     1   2005     65   10200.0       3.3       8.4      0.77      2.00     10.00  -9999.00
     1   2005     66    1800.0      -0.9       8.8      0.57      2.00      1.10  -9999.00
     1   2005     67   12000.0      -1.1      10.5      0.56      2.00      5.60  -9999.00
     1   2005     68   10300.0       1.4      10.8      0.68      2.00      1.90  -9999.00
     1   2005     69   11200.0       1.9      10.0      0.70      2.00      0.70  -9999.00
     1   2005     70   12800.0       1.7      11.1      0.69      2.00      1.00  -9999.00
     1   2005     71    9600.0       1.5      10.1      0.68      2.00      0.00  -9999.00
     1   2005     72   11800.0       1.3      12.3      0.67      2.00      0.00  -9999.00
     1   2005     73    5100.0       0.6      13.2      0.64      2.00      1.80  -9999.00
     1   2005     74   12400.0       3.2       9.9      0.77      2.00      0.00  -9999.00
     1   2005     75   12100.0       6.4       8.1      0.96      2.00      0.00  -9999.00
     1   2005     76    2200.0       1.7       4.9      0.69      2.00      0.00  -9999.00
     1   2005     77    2300.0       0.8       4.5      0.65      2.00      0.00  -9999.00
     1   2005     78    9500.0       2.2      11.6      0.72      2.00      1.20  -9999.00
     1   2005     79   11700.0       6.4      10.7      0.96      2.00      2.40  -9999.00
     1   2005     80    9900.0       8.4      14.0      1.10      2.00      7.00  -9999.00
     1   2005     81   15000.0       4.6      12.6      0.85      2.00      1.70  -9999.00
     1   2005     82   12100.0       5.0       9.7      0.87      2.00      6.10  -9999.00
     1   2005     83    6900.0       4.7      12.7      0.85      2.00      0.00  -9999.00
     1   2005     84   10400.0       3.2       8.7      0.77      2.00      0.00  -9999.00
     1   2005     85    9400.0      -0.1      11.0      0.61      2.00      0.90  -9999.00
     1   2005     86   12500.0       2.5       7.8      0.73      2.00      1.00  -9999.00
     1   2005     87   16000.0       5.4       6.3      0.90      2.00      3.00  -9999.00
     1   2005     88   10800.0       1.8       6.5      0.70      2.00      0.10  -9999.00
     1   2005     89    7000.0       2.1       9.5      0.71      2.00      0.00  -9999.00
     1   2005     90   10700.0       3.1      14.3      0.76      2.00      0.00  -9999.00
     1   2005     91   13900.0       4.1      16.4      0.82      2.00      0.00  -9999.00
     1   2005     92   17800.0       1.9      12.8      0.70      2.00      0.40  -9999.00
     1   2005     93    2600.0       1.7      11.3      0.69      2.00      0.70  -9999.00
     1   2005     94    9300.0       1.7      11.0      0.69      2.00      0.00  -9999.00
     1   2005     95   16200.0       2.9       7.1      0.75      2.00      0.00  -9999.00
     1   2005     96   10600.0       4.0      22.4      0.81      2.00      0.00  -9999.00
     1   2005     97   20900.0       2.2      16.3      0.72      2.00      0.00  -9999.00
     1   2005     98   13700.0       3.7       7.9      0.80      2.00      2.30  -9999.00
     1   2005     99    4700.0       1.0       7.6      0.66      2.00      0.90  -9999.00
     1   2005    100    8800.0      -1.1      10.2      0.56      2.00      1.20  -9999.00
     1   2005    101    3000.0      -0.3       9.4      0.60      2.00      1.50  -9999.00
     1   2005    102   17000.0       1.8      10.6      0.70      2.00      0.00  -9999.00
     1   2005    103   10900.0       1.3      11.2      0.67      2.00      0.00  -9999.00
     1   2005    104    6600.0       5.6      11.5      0.91      2.00      0.00  -9999.00
     1   2005    105   15300.0       6.7      11.5      0.98      2.00      0.00  -9999.00
     1   2005    106   19800.0       6.5      19.2      0.97      2.00      0.00  -9999.00
     1   2005    107   15500.0       7.6      13.3      1.04      2.00      0.30  -9999.00
     1   2005    108   12400.0       2.6       8.7      0.74      2.00      7.70  -9999.00
     1   2005    109   14300.0       0.6       6.2      0.64      2.00      0.10  -9999.00
     1   2005    110    4400.0       2.6       8.9      0.74      2.00      3.50  -9999.00
     1   2005    111   16000.0       0.1       8.6      0.62      2.00      2.80  -9999.00
     1   2005    112   18600.0       7.1      16.0      1.01      2.00      0.00  -9999.00
     1   2005    113   21000.0       4.1      16.3      0.82      2.00      0.00  -9999.00
     1   2005    114   22600.0       8.5      15.8      1.11      2.00      0.00  -9999.00
     1   2005    115   11700.0       9.3      13.4      1.17      2.00      0.70  -9999.00
     1   2005    116   21600.0       5.8      22.0      0.92      2.00      1.10  -9999.00
     1   2005    117   17000.0       5.3      14.2      0.89      2.00      0.20  -9999.00
     1   2005    118   10600.0       1.0      12.2      0.66      2.00      1.10  -9999.00
     1   2005    119   18600.0       4.2      14.3      0.82      2.00      9.10  -9999.00
     1   2005    120   23000.0       3.8      12.5      0.80      2.00      0.00  -9999.00
     1   2005    121    9800.0       4.0       8.4      0.81      2.00     20.80  -9999.00
     1   2005    122    5700.0       0.5      11.7      0.63      2.00      1.70  -9999.00
     1   2005    123   20000.0      -2.3      16.3      0.52      2.00      0.00  -9999.00
     1   2005    124   11900.0       5.1      18.2      0.88      2.00      0.00  -9999.00
     1   2005    125   25600.0       5.0      19.3      0.87      2.00      0.00  -9999.00
     1   2005    126    8900.0       5.4      13.5      0.90      2.00      0.00  -9999.00
     1   2005    127   27300.0       5.9      15.1      0.93      2.00      0.00  -9999.00
     1   2005    128   15500.0       5.4      13.9      0.90      2.00      0.00  -9999.00
     1   2005    129   13600.0       4.9      13.3      0.87      2.00      0.00  -9999.00
     1   2005    130   14600.0       4.9      17.7      0.87      2.00      0.00  -9999.00
     1   2005    131   26300.0       1.8      17.8      0.70      2.00      0.00  -9999.00
     1   2005    132    8400.0       8.2      18.6      1.09      2.00      0.00  -9999.00
     1   2005    133   21000.0       7.2      19.3      1.02      2.00      0.00  -9999.00
     1   2005    134   25900.0       5.8      15.7      0.92      2.00      0.00  -9999.00
     1   2005    135   25000.0       8.9      16.1      1.14      2.00      0.00  -9999.00
     1   2005    136    5900.0       8.1      13.9      1.08      2.00      0.40  -9999.00
     1   2005    137   20100.0       7.0      16.0      1.00      2.00      9.40  -9999.00
     1   2005    138   25000.0       6.9      18.1      0.99      2.00      0.00  -9999.00
     1   2005    139   23600.0       2.2      18.4      0.72      2.00      2.20  -9999.00
     1   2005    140    4400.0      11.5      16.4      1.36      2.00      0.90  -9999.00
     1   2005    141   25900.0       9.5      25.0      1.19      2.00      0.00  -9999.00
     1   2005    142   10900.0      10.3      16.3      1.25      2.00      1.00  -9999.00
     1   2005    143   21300.0      13.5      23.0      1.55      2.00      0.00  -9999.00
     1   2005    144   27400.0      10.9      23.9      1.30      2.00      0.00  -9999.00
     1   2005    145   20300.0       9.9      19.9      1.22      2.00      0.00  -9999.00
     1   2005    146   21800.0       7.6      17.4      1.04      2.00      0.00  -9999.00
     1   2005    147   27300.0       7.6      16.2      1.04      2.00      0.00  -9999.00
     1   2005    148   14500.0       6.7      16.9      0.98      2.00      2.60  -9999.00
     1   2005    149   11800.0       6.5      19.2      0.97      2.00      0.40  -9999.00
     1   2005    150   16000.0      11.3      18.4      1.34      2.00      0.00  -9999.00
     1   2005    151   11500.0      10.6      17.0      1.28      2.00      0.00  -9999.00
     1   2005    152   27400.0      15.6      23.8      1.77      2.00      0.00  -9999.00
     1   2005    153   26500.0       9.7      21.1      1.20      2.00      0.00  -9999.00
     1   2005    154   19500.0       6.5      14.0      0.97      2.00     13.00  -9999.00
     1   2005    155    5800.0       9.4      14.8      1.18      2.00     11.10  -9999.00
     1   2005    156   15500.0      11.3      20.4      1.34      2.00     21.10  -9999.00
     1   2005    157   20500.0      11.6      23.3      1.37      2.00     11.70  -9999.00
     1   2005    158    6800.0       7.6      16.8      1.04      2.00      0.40  -9999.00
     1   2005    159   25500.0       6.0      16.8      0.93      2.00      0.00  -9999.00
     1   2005    160   28200.0       5.0      18.0      0.87      2.00      0.00  -9999.00
     1   2005    161   28100.0       6.8      16.6      0.99      2.00      0.00  -9999.00
     1   2005    162   29400.0       7.4      15.8      1.03      2.00      0.00  -9999.00
     1   2005    163   26900.0       9.5      18.8      1.19      2.00      0.00  -9999.00
     1   2005    164   10800.0       8.3      17.0      1.09      2.00      0.00  -9999.00
     1   2005    165   24900.0       8.0      17.5      1.07      2.00      0.00  -9999.00
     1   2005    166   27200.0      10.6      21.5      1.28      2.00      0.80  -9999.00
     1   2005    167    9100.0       7.5      24.0      1.04      2.00      7.20  -9999.00
     1   2005    168   29600.0      16.7      20.4      1.90      2.00      0.00  -9999.00
     1   2005    169   22200.0      14.2      20.0      1.62      2.00      5.50  -9999.00
     1   2005    170   15800.0      11.3      24.3      1.34      2.00      0.00  -9999.00
     1   2005    171   20800.0       7.4      24.0      1.03      2.00      0.00  -9999.00
     1   2005    172   13300.0      13.9      18.4      1.59      2.00      2.00  -9999.00
     1   2005    173   15500.0      10.2      18.6      1.24      2.00      0.80  -9999.00
     1   2005    174    5000.0      12.1      20.1      1.41      2.00      0.00  -9999.00
     1   2005    175   27900.0      10.7      19.2      1.29      2.00      0.00  -9999.00
     1   2005    176   26300.0      10.2      20.0      1.24      2.00      0.00  -9999.00
     1   2005    177   24300.0      10.8      17.8      1.29      2.00      2.20  -9999.00
     1   2005    178   29200.0      12.3      20.1      1.43      2.00      0.00  -9999.00
     1   2005    179   27300.0       9.9      20.7      1.22      2.00      0.00  -9999.00
     1   2005    180   22800.0       9.4      19.8      1.18      2.00      0.00  -9999.00
     1   2005    181    8600.0      11.2      19.2      1.33      2.00      0.00  -9999.00
     1   2005    182   25800.0      12.3      22.6      1.43      2.00      0.00  -9999.00
     1   2005    183   22200.0      15.2      23.7      1.73      2.00      0.20  -9999.00
     1   2005    184   19400.0      11.4      19.3      1.35      2.00      2.50  -9999.00
     1   2005    185   19700.0      11.8      19.5      1.38      2.00      9.00  -9999.00
     1   2005    186    9900.0      12.1      20.4      1.41      2.00      1.10  -9999.00
     1   2005    187   17400.0      12.6      24.8      1.46      2.00      0.10  -9999.00
     1   2005    188    5000.0      11.9      19.5      1.39      2.00      1.10  -9999.00
     1   2005    189   22400.0      13.6      20.0      1.56      2.00      0.00  -9999.00
     1   2005    190   28100.0      12.5      23.6      1.45      2.00      0.00  -9999.00
     1   2005    191    8200.0      13.7      20.9      1.57      2.00      2.60  -9999.00
     1   2005    192   21100.0      12.8      19.6      1.48      2.00      3.90  -9999.00
     1   2005    193   20300.0      14.2      19.9      1.62      2.00      2.00  -9999.00
     1   2005    194   28800.0      10.5      21.9      1.27      2.00      0.00  -9999.00
     1   2005    195    8700.0      13.4      21.9      1.54      2.00      2.00  -9999.00
     1   2005    196   15600.0      10.3      18.7      1.25      2.00      1.00  -9999.00
     1   2005    197   20500.0      11.8      19.7      1.38      2.00      1.90  -9999.00
     1   2005    198   22800.0      13.4      26.6      1.54      2.00      0.00  -9999.00
     1   2005    199   19200.0      12.9      23.1      1.49      2.00      2.00  -9999.00
     1   2005    200   19400.0      10.0      18.8      1.23      2.00      4.00  -9999.00
     1   2005    201   13400.0      12.0      19.9      1.40      2.00      3.60  -9999.00
     1   2005    202    5400.0      11.5      19.6      1.36      2.00     82.90  -9999.00
     1   2005    203   11600.0      11.6      18.6      1.37      2.00      3.40  -9999.00
     1   2005    204   14600.0      14.5      21.6      1.65      2.00     12.60  -9999.00
     1   2005    205   15700.0      15.8      20.0      1.79      2.00      0.80  -9999.00
     1   2005    206    5800.0      14.2      26.6      1.62      2.00      0.00  -9999.00
     1   2005    207   11800.0      12.4      21.6      1.44      2.00      8.60  -9999.00
     1   2005    208   14800.0      10.0      21.1      1.23      2.00      0.00  -9999.00
     1   2005    209   25800.0      12.2      17.2      1.42      2.00      0.00  -9999.00
     1   2005    210   16100.0      19.5      27.6      2.27      2.00      0.00  -9999.00
     1   2005    211   20600.0      12.8      22.0      1.48      2.00      8.90  -9999.00
     1   2005    212    4200.0      12.5      19.0      1.45      2.00      1.10  -9999.00
     1   2005    213   20200.0      17.0      24.3      1.94      2.00      0.00  -9999.00
     1   2005    214   20000.0      16.3      24.2      1.85      2.00      0.00  -9999.00
     1   2005    215   23100.0      13.6      22.7      1.56      2.00      0.00  -9999.00
     1   2005    216   16000.0      13.0      25.3      1.50      2.00      0.00  -9999.00
     1   2005    217   23200.0       8.1      21.7      1.08      2.00      0.40  -9999.00
     1   2005    218    8800.0      14.3      21.0      1.63      2.00     42.40  -9999.00
     1   2005    219   14800.0      14.0      19.2      1.60      2.00     15.30  -9999.00
     1   2005    220   20000.0      13.6      23.2      1.56      2.00      0.00  -9999.00
     1   2005    221   24200.0      11.7      23.2      1.37      2.00      0.00  -9999.00
     1   2005    222   22800.0      13.9      23.6      1.59      2.00      0.00  -9999.00
     1   2005    223   15900.0      10.0      21.3      1.23      2.00      0.00  -9999.00
     1   2005    224   15800.0       9.9      19.9      1.22      2.00      0.70  -9999.00
     1   2005    225    6700.0      12.9      20.2      1.49      2.00      1.70  -9999.00
     1   2005    226   19600.0      13.7      24.0      1.57      2.00      0.40  -9999.00
     1   2005    227   11300.0      15.0      27.0      1.70      2.00      5.00  -9999.00
     1   2005    228   14100.0      17.9      22.1      2.05      2.00      1.40  -9999.00
     1   2005    229   20000.0      14.1      27.2      1.61      2.00      0.00  -9999.00
     1   2005    230   20100.0       7.9      19.1      1.07      2.00      0.00  -9999.00
     1   2005    231    6400.0      13.1      19.2      1.51      2.00      0.00  -9999.00
     1   2005    232   21700.0      15.7      23.7      1.78      2.00      0.00  -9999.00
     1   2005    233   19700.0      14.8      23.5      1.68      2.00      0.00  -9999.00
     1   2005    234   17700.0      13.9      22.1      1.59      2.00      0.00  -9999.00
     1   2005    235   18500.0       9.7      18.2      1.20      2.00      0.00  -9999.00
     1   2005    236   13400.0      15.4      24.3      1.75      2.00      0.00  -9999.00
     1   2005    237   23300.0      13.4      23.6      1.54      2.00      0.00  -9999.00
     1   2005    238   21700.0      10.9      19.1      1.30      2.00      0.00  -9999.00
     1   2005    239   21000.0       9.5      16.4      1.19      2.00      0.00  -9999.00
     1   2005    240   21100.0      13.4      22.9      1.54      2.00      0.00  -9999.00
     1   2005    241   21000.0      10.3      25.4      1.25      2.00      0.00  -9999.00
     1   2005    242   21200.0      12.4      21.1      1.44      2.00      0.00  -9999.00
     1   2005    243   16200.0      15.3      21.2      1.74      2.00      0.00  -9999.00
     1   2005    244    7900.0       9.7      17.9      1.20      2.00      0.00  -9999.00
     1   2005    245   18800.0       9.2      17.5      1.16      2.00      0.00  -9999.00
     1   2005    246   17800.0      11.2      19.4      1.33      2.00      0.00  -9999.00
     1   2005    247   15200.0      10.5      20.6      1.27      2.00     10.80  -9999.00
     1   2005    248   19000.0      13.5      20.7      1.55      2.00      0.00  -9999.00
     1   2005    249    8900.0      16.7      19.1      1.90      2.00      1.50  -9999.00
     1   2005    250   17000.0       5.3      18.3      0.89      2.00      0.60  -9999.00
     1   2005    251   15700.0      11.6      19.6      1.37      2.00     11.10  -9999.00
     1   2005    252   14400.0      15.0      22.8      1.70      2.00      0.00  -9999.00
     1   2005    253   11600.0      13.6      20.3      1.56      2.00      0.10  -9999.00
     1   2005    254   13400.0       9.3      20.1      1.17      2.00      0.00  -9999.00
     1   2005    255    4800.0       9.4      18.3      1.18      2.00      0.10  -9999.00
     1   2005    256    5800.0      10.4      18.4      1.26      2.00      0.90  -9999.00
     1   2005    257    2900.0       8.5      16.0      1.11      2.00      0.10  -9999.00
     1   2005    258    4700.0      10.6      19.7      1.28      2.00      0.10  -9999.00
     1   2005    259   15100.0      13.2      19.8      1.52      2.00      0.00  -9999.00
     1   2005    260    2800.0      11.4      19.3      1.35      2.00      9.30  -9999.00
     1   2005    261    2800.0      13.5      18.6      1.55      2.00      0.10  -9999.00
     1   2005    262   12500.0      14.6      18.3      1.66      2.00      0.10  -9999.00
     1   2005    263    5800.0       9.7      22.3      1.20      2.00      0.00  -9999.00
     1   2005    264   11600.0       8.9      18.4      1.14      2.00      1.40  -9999.00
     1   2005    265   12000.0      13.0      16.2      1.50      2.00      0.10  -9999.00
     1   2005    266    9600.0       6.9      17.4      0.99      2.00      0.10  -9999.00
     1   2005    267   16500.0       8.5      21.2      1.11      2.00      0.00  -9999.00
     1   2005    268   15700.0       8.6      17.8      1.12      2.00      0.00  -9999.00
     1   2005    269    7600.0      14.7      17.4      1.67      2.00      0.10  -9999.00
     1   2005    270    7800.0      14.1      16.6      1.61      2.00     15.50  -9999.00
     1   2005    271   13100.0      12.9      14.1      1.49      2.00      0.00  -9999.00
     1   2005    272    6400.0      12.1      16.5      1.41      2.00      0.10  -9999.00
     1   2005    273    9000.0       8.5      15.6      1.11      2.00      1.10  -9999.00
     1   2005    274   12900.0      11.9      19.1      1.39      2.00      0.00  -9999.00
     1   2005    275   12100.0      11.1      16.6      1.32      2.00      0.00  -9999.00
     1   2005    276   13500.0       7.8      17.7      1.06      2.00      0.00  -9999.00
     1   2005    277    8700.0       8.2      18.1      1.09      2.00      0.00  -9999.00
     1   2005    278   13900.0       9.1      18.1      1.16      2.00      0.00  -9999.00
     1   2005    279   10000.0       9.0      17.9      1.15      2.00      0.50  -9999.00
     1   2005    280   10400.0       8.0      14.7      1.07      2.00      0.00  -9999.00
     1   2005    281   12900.0       6.5      15.2      0.97      2.00      0.00  -9999.00
     1   2005    282    6700.0       5.7      11.0      0.92      2.00      0.30  -9999.00
     1   2005    283    7700.0       7.6      13.9      1.04      2.00      9.70  -9999.00
     1   2005    284    7400.0       4.9      13.3      0.87      2.00      2.90  -9999.00
     1   2005    285    1600.0       7.1      15.4      1.01      2.00      0.80  -9999.00
     1   2005    286    6300.0       6.4      15.3      0.96      2.00      0.00  -9999.00
     1   2005    287    8100.0       6.6      18.5      0.97      2.00      0.00  -9999.00
     1   2005    288    9700.0       6.2      12.9      0.95      2.00      0.00  -9999.00
     1   2005    289    1700.0       7.7      14.4      1.05      2.00      2.70  -9999.00
     1   2005    290    5600.0      11.3      15.2      1.34      2.00      0.00  -9999.00
     1   2005    291    2400.0      15.0      16.6      1.70      2.00      4.40  -9999.00
     1   2005    292   10200.0      12.2      17.5      1.42      2.00      0.00  -9999.00
     1   2005    293    1600.0      11.4      14.3      1.35      2.00      1.90  -9999.00
     1   2005    294    8000.0       9.9      19.0      1.22      2.00      0.00  -9999.00
     1   2005    295    6300.0       7.0      14.9      1.00      2.00      0.50  -9999.00
     1   2005    296    9700.0       0.5      10.7      0.63      2.00      3.60  -9999.00
     1   2005    297    1400.0       5.6      13.1      0.91      2.00     11.80  -9999.00
     1   2005    298    4300.0      13.6      15.7      1.56      2.00      0.30  -9999.00
     1   2005    299    8800.0       8.1      13.4      1.08      2.00      7.60  -9999.00
     1   2005    300    6400.0       0.4      11.0      0.63      2.00     10.20  -9999.00
     1   2005    301    1400.0       0.7       9.0      0.64      2.00      3.00  -9999.00
     1   2005    302    4200.0       7.8      18.4      1.06      2.00      0.00  -9999.00
     1   2005    303    8700.0       6.2      14.6      0.95      2.00      0.00  -9999.00
     1   2005    304    2000.0       7.0      14.9      1.00      2.00      2.30  -9999.00
     1   2005    305    1300.0       6.0      14.2      0.93      2.00      0.10  -9999.00
     1   2005    306    4700.0       5.5      14.2      0.90      2.00      6.70  -9999.00
     1   2005    307    1100.0       3.3      12.3      0.77      2.00      1.60  -9999.00
     1   2005    308    6800.0       4.7      11.5      0.85      2.00      1.10  -9999.00
     1   2005    309    1500.0       6.3       9.1      0.95      2.00     12.00  -9999.00
     1   2005    310    7000.0       8.8      16.6      1.13      2.00      0.00  -9999.00
     1   2005    311    1100.0       8.2      13.7      1.09      2.00      1.10  -9999.00
     1   2005    312    5500.0       6.6      10.0      0.97      2.00      2.30  -9999.00
     1   2005    313    3800.0       2.0       9.3      0.71      2.00      0.20  -9999.00
     1   2005    314    6200.0       5.3      10.5      0.89      2.00      0.30  -9999.00
     1   2005    315    2200.0       7.8       9.4      1.06      2.00      6.00  -9999.00
     1   2005    316    1000.0       3.6      12.5      0.79      2.00      0.00  -9999.00
     1   2005    317    1000.0      -0.2      11.5      0.60      2.00      0.00  -9999.00
     1   2005    318    1700.0      -0.5       6.9      0.59      2.00      0.00  -9999.00
     1   2005    319    2800.0       1.9      10.6      0.70      2.00      0.40  -9999.00
     1   2005    320     800.0       1.0       7.5      0.66      2.00      0.00  -9999.00
     1   2005    321     800.0      -0.3       8.4      0.60      2.00      0.00  -9999.00
     1   2005    322    1700.0      -5.3       6.7      0.41      2.00      0.00  -9999.00
     1   2005    323    1000.0       1.2       6.7      0.67      2.00      0.70  -9999.00
     1   2005    324    1400.0      -1.6       8.2      0.54      2.00      0.30  -9999.00
     1   2005    325     800.0       2.4      10.4      0.73      2.00      0.70  -9999.00
     1   2005    326     800.0       6.8       9.3      0.99      2.00      2.80  -9999.00
     1   2005    327     900.0       4.6       5.4      0.85      2.00      0.00  -9999.00
     1   2005    328    3800.0       5.2      11.4      0.88      2.00      3.20  -9999.00
     1   2005    329    1000.0       2.8      10.1      0.75      2.00      0.30  -9999.00
     1   2005    330    5300.0       7.0      12.0      1.00      2.00      0.10  -9999.00
     1   2005    331    1700.0       7.8       8.8      1.06      2.00      0.00  -9999.00
     1   2005    332     700.0       1.0       6.9      0.66      2.00      0.00  -9999.00
     1   2005    333    1500.0       2.7       7.5      0.74      2.00      0.80  -9999.00
     1   2005    334    5500.0       3.9       6.5      0.81      2.00      0.00  -9999.00
     1   2005    335    3800.0       1.9       3.9      0.70      2.00      0.00  -9999.00
     1   2005    336    2900.0       2.9       7.2      0.75      2.00      0.00  -9999.00
     1   2005    337    1600.0       3.7      10.0      0.80      2.00      0.80  -9999.00
     1   2005    338    3200.0       7.1       8.4      1.01      2.00      0.00  -9999.00
     1   2005    339    4000.0       5.3       7.5      0.89      2.00      0.00  -9999.00
     1   2005    340     600.0       2.0       5.1      0.71      2.00      0.00  -9999.00
     1   2005    341    2300.0       1.6       6.0      0.69      2.00      0.40  -9999.00
     1   2005    342    4100.0       0.4       4.9      0.63      2.00      0.00  -9999.00
     1   2005    343    2800.0       2.1       4.4      0.71      2.00      0.00  -9999.00
     1   2005    344     700.0      -0.7       7.4      0.58      2.00      2.10  -9999.00
     1   2005    345     700.0       0.6       5.7      0.64      2.00      4.20  -9999.00
     1   2005    346     700.0      -1.0       5.5      0.57      2.00      0.20  -9999.00
     1   2005    347    2300.0       0.4       5.2      0.63      2.00      0.00  -9999.00
     1   2005    348     700.0       1.3       9.5      0.67      2.00      6.80  -9999.00
     1   2005    349    2300.0      -2.1       7.1      0.52      2.00      3.10  -9999.00
     1   2005    350     700.0       0.2       7.1      0.62      2.00     29.70  -9999.00
     1   2005    351     700.0      -1.3      10.0      0.56      2.00      6.70  -9999.00
     1   2005    352     700.0       1.3       6.3      0.67      2.00      4.40  -9999.00
     1   2005    353     700.0       1.3       4.4      0.67      2.00      0.60  -9999.00
     1   2005    354     700.0       2.3       7.4      0.72      2.00      8.70  -9999.00
     1   2005    355     600.0      -0.7       5.5      0.58      2.00      0.00  -9999.00
     1   2005    356    4000.0       6.6       9.5      0.97      2.00      0.00  -9999.00
     1   2005    357     600.0       2.3       7.4      0.72      2.00      0.00  -9999.00
     1   2005    358     700.0       0.5       6.6      0.63      2.00      3.50  -9999.00
     1   2005    359     700.0      -1.5       6.5      0.55      2.00      0.80  -9999.00
     1   2005    360     700.0       4.4      10.8      0.84      2.00     10.00  -9999.00
     1   2005    361     700.0       1.1       8.6      0.66      2.00      8.20  -9999.00
     1   2005    362    2000.0      -6.6       5.4      0.37      2.00      4.10  -9999.00
     1   2005    363    3400.0      -5.3       4.4      0.41      2.00      1.60  -9999.00
     1   2005    364     700.0      -0.1       0.8      0.61      2.00      0.40  -9999.00
     1   2005    365     700.0       0.8       1.3      0.65      2.00      0.00  -9999.00
