*-----------------------------------------------------------------------------* 
           WHWG_147.met           52.12    0.96   89.00
* Date created:  08-Aug-2019     Author: K Coleman 
* 
* NIL VALUE       -9999 
* Source:   data provided by M. Semenov 
*  
* Latitude:    52.12 Longitude:     0.96 Altitude:    89.00
* 
* Column  Daily value 
* 1       station number 
* 2       year 
* 3       day 
* 4       irradiation                   (kJ m-2 d-1) 
* 5       minimum temperature           (degrees Celsius) 
* 6       maximum temperature           (degrees Celsius) 
* 7       early morning vapour pressure (kPa)             
* 8       mean wind speed (height: 2 m?) (m s-1)          
* 9       precipitation                 (mm d-1)          
* 10      sunshine                      (hrs)             
 		Jday	RAD	    TMIN	TMAX	 VAP	wind	RAIN	SUN  
               kj/m2	°C	    °C	     kPa	m/s	    mm	    hrs 
   52.12  89.00
     1   2005      1     700.0       3.7       9.6      0.80      2.00     11.90  -9999.00
     1   2005      2     700.0       4.7       7.7      0.85      2.00      0.00  -9999.00
     1   2005      3     700.0       2.1       8.7      0.71      2.00      5.40  -9999.00
     1   2005      4     700.0      -0.4       7.3      0.59      2.00      0.50  -9999.00
     1   2005      5     700.0       7.0      10.0      1.00      2.00     20.60  -9999.00
     1   2005      6    4100.0       1.8       7.1      0.70      2.00      0.00  -9999.00
     1   2005      7     800.0       1.9       7.7      0.70      2.00      0.30  -9999.00
     1   2005      8    3300.0       3.6       6.2      0.79      2.00      0.00  -9999.00
     1   2005      9    4800.0       1.8       9.7      0.70      2.00      0.00  -9999.00
     1   2005     10     700.0       6.0      10.9      0.93      2.00      0.10  -9999.00
     1   2005     11    5600.0       1.7       4.9      0.69      2.00      1.00  -9999.00
     1   2005     12     800.0       0.6       6.0      0.64      2.00      2.10  -9999.00
     1   2005     13     700.0      -2.3       5.8      0.52      2.00      0.10  -9999.00
     1   2005     14    1200.0      -4.3       4.9      0.44      2.00      2.40  -9999.00
     1   2005     15    4300.0       0.5       8.1      0.63      2.00      0.90  -9999.00
     1   2005     16     800.0       0.5      10.1      0.63      2.00      0.20  -9999.00
     1   2005     17     900.0       1.8      10.3      0.70      2.00      0.00  -9999.00
     1   2005     18     900.0       1.6      11.0      0.69      2.00      0.10  -9999.00
     1   2005     19    1400.0       2.2      10.8      0.72      2.00      0.70  -9999.00
     1   2005     20     800.0       5.1      13.2      0.88      2.00      3.00  -9999.00
     1   2005     21    6100.0      -4.9       2.6      0.42      2.00      0.00  -9999.00
     1   2005     22     800.0       0.5       2.4      0.63      2.00      0.00  -9999.00
     1   2005     23    3900.0       2.8       7.7      0.75      2.00      0.60  -9999.00
     1   2005     24    3700.0       1.1       9.1      0.66      2.00      0.50  -9999.00
     1   2005     25    5400.0      -0.6       6.1      0.58      2.00      0.60  -9999.00
     1   2005     26    1200.0       1.9       6.8      0.70      2.00      5.60  -9999.00
     1   2005     27    1000.0       5.8       9.9      0.92      2.00      0.50  -9999.00
     1   2005     28    1300.0       5.8      12.5      0.92      2.00      0.10  -9999.00
     1   2005     29     900.0       2.4       6.7      0.73      2.00      5.60  -9999.00
     1   2005     30    2500.0       2.8       4.8      0.75      2.00      0.00  -9999.00
     1   2005     31    6500.0      -1.8       5.6      0.54      2.00      0.00  -9999.00
     1   2005     32    3600.0      -3.7       4.1      0.46      2.00      0.70  -9999.00
     1   2005     33    1200.0       0.7       6.3      0.64      2.00      0.00  -9999.00
     1   2005     34    1000.0      -1.7       6.6      0.54      2.00      0.10  -9999.00
     1   2005     35    7400.0      -0.7       5.4      0.58      2.00      0.00  -9999.00
     1   2005     36    6300.0      -1.5       5.6      0.55      2.00      0.00  -9999.00
     1   2005     37    7100.0      -1.3       5.8      0.56      2.00      0.00  -9999.00
     1   2005     38    2100.0       0.6       8.6      0.64      2.00      5.50  -9999.00
     1   2005     39    3400.0       2.2       6.3      0.72      2.00      7.90  -9999.00
     1   2005     40    1100.0       4.8       7.1      0.86      2.00      1.90  -9999.00
     1   2005     41    3400.0       3.7       9.7      0.80      2.00      0.20  -9999.00
     1   2005     42    2500.0       4.2       8.5      0.82      2.00      0.10  -9999.00
     1   2005     43    1300.0      -3.9      -1.5      0.46      2.00     12.70  -9999.00
     1   2005     44    8600.0      -0.9       0.5      0.57      2.00      0.00  -9999.00
     1   2005     45    7400.0       0.9       6.1      0.65      2.00      0.00  -9999.00
     1   2005     46    5600.0       0.4       7.0      0.63      2.00      0.00  -9999.00
     1   2005     47    8900.0      -0.2       8.9      0.60      2.00      0.00  -9999.00
     1   2005     48    1400.0       0.3      10.7      0.62      2.00      0.00  -9999.00
     1   2005     49    4000.0      -1.4       3.4      0.55      2.00      0.00  -9999.00
     1   2005     50    8700.0      -2.0      -1.3      0.53      2.00      0.00  -9999.00
     1   2005     51    7700.0      -1.7       2.0      0.54      2.00      0.00  -9999.00
     1   2005     52    9800.0      -1.9       5.2      0.53      2.00      0.00  -9999.00
     1   2005     53    9000.0      -1.6       6.3      0.54      2.00      0.00  -9999.00
     1   2005     54    8200.0      -5.1       7.1      0.42      2.00      0.00  -9999.00
     1   2005     55    7500.0      -4.5       3.7      0.44      2.00      5.90  -9999.00
     1   2005     56    4500.0      -6.7       4.1      0.37      2.00      0.00  -9999.00
     1   2005     57    6900.0       0.8       6.3      0.65      2.00      0.70  -9999.00
     1   2005     58    8700.0       2.3       6.0      0.72      2.00      0.00  -9999.00
     1   2005     59    1500.0       5.4      11.6      0.90      2.00      0.00  -9999.00
     1   2005     60    1800.0       2.9      13.3      0.75      2.00      0.80  -9999.00
     1   2005     61    3500.0       0.8       7.7      0.65      2.00      0.50  -9999.00
     1   2005     62    8300.0       1.9      10.2      0.70      2.00      4.80  -9999.00
     1   2005     63    9600.0       0.2      10.5      0.62      2.00      0.10  -9999.00
     1   2005     64   10400.0       3.3       9.5      0.77      2.00      0.00  -9999.00
     1   2005     65    8900.0      -1.5       8.8      0.55      2.00      0.00  -9999.00
     1   2005     66    3200.0       2.0       6.8      0.71      2.00     14.00  -9999.00
     1   2005     67    9500.0       4.2       7.1      0.82      2.00      0.60  -9999.00
     1   2005     68    2200.0      -0.1      10.7      0.61      2.00      0.00  -9999.00
     1   2005     69   11200.0      -0.8      10.2      0.58      2.00      0.00  -9999.00
     1   2005     70    9900.0       0.4       7.5      0.63      2.00      0.00  -9999.00
     1   2005     71   10100.0      -0.5       7.6      0.59      2.00      0.00  -9999.00
     1   2005     72    9800.0       2.3       7.0      0.72      2.00      0.00  -9999.00
     1   2005     73    5700.0       4.7       8.4      0.85      2.00      1.40  -9999.00
     1   2005     74    2700.0       5.7       7.7      0.92      2.00      1.80  -9999.00
     1   2005     75    3500.0       1.4       4.8      0.68      2.00      0.00  -9999.00
     1   2005     76    6300.0       2.3       6.7      0.72      2.00      0.00  -9999.00
     1   2005     77    6900.0       1.4       8.5      0.68      2.00      0.00  -9999.00
     1   2005     78   13200.0       3.6       8.3      0.79      2.00      0.00  -9999.00
     1   2005     79    2300.0       0.3       7.7      0.62      2.00      3.20  -9999.00
     1   2005     80   13400.0       0.4       9.0      0.63      2.00     10.30  -9999.00
     1   2005     81   10000.0       0.0       9.1      0.61      2.00      0.00  -9999.00
     1   2005     82   13600.0      -2.2       9.1      0.52      2.00      0.00  -9999.00
     1   2005     83    2500.0       1.6       9.9      0.69      2.00      0.30  -9999.00
     1   2005     84    5300.0      -0.1      10.5      0.61      2.00      1.20  -9999.00
     1   2005     85    4900.0       2.4       8.3      0.73      2.00      3.10  -9999.00
     1   2005     86   11800.0      -0.4       6.1      0.59      2.00      1.00  -9999.00
     1   2005     87   15300.0       3.4      10.6      0.78      2.00      4.30  -9999.00
     1   2005     88   13900.0       2.6      12.6      0.74      2.00      3.40  -9999.00
     1   2005     89   13200.0       3.5      11.2      0.78      2.00      6.20  -9999.00
     1   2005     90   12300.0       3.3      10.8      0.77      2.00      3.40  -9999.00
     1   2005     91   18600.0       3.6      12.9      0.79      2.00      5.00  -9999.00
     1   2005     92    3600.0       1.4      12.2      0.68      2.00      1.40  -9999.00
     1   2005     93   11500.0       5.4       9.4      0.90      2.00      1.20  -9999.00
     1   2005     94   19300.0       3.6      11.0      0.79      2.00      0.00  -9999.00
     1   2005     95    7500.0       6.8      12.7      0.99      2.00      0.00  -9999.00
     1   2005     96    2800.0       9.0       9.1      1.15      2.00      1.00  -9999.00
     1   2005     97   18900.0       3.4      11.6      0.78      2.00      0.00  -9999.00
     1   2005     98    6200.0       2.3       7.8      0.72      2.00      0.80  -9999.00
     1   2005     99   18700.0      -1.2       9.6      0.56      2.00      2.40  -9999.00
     1   2005    100    4700.0       2.6      11.3      0.74      2.00      4.00  -9999.00
     1   2005    101   15100.0       4.8       9.5      0.86      2.00      0.30  -9999.00
     1   2005    102    4900.0       2.7      12.3      0.74      2.00      3.30  -9999.00
     1   2005    103   20500.0       0.3      11.3      0.62      2.00      0.00  -9999.00
     1   2005    104   12600.0      -3.0      10.2      0.49      2.00      0.00  -9999.00
     1   2005    105   20100.0       7.8      15.3      1.06      2.00      0.00  -9999.00
     1   2005    106   14100.0       2.9      11.2      0.75      2.00      0.30  -9999.00
     1   2005    107   15800.0       3.8      10.3      0.80      2.00      0.30  -9999.00
     1   2005    108   20600.0      -0.4      13.3      0.59      2.00      0.80  -9999.00
     1   2005    109   12100.0      -0.6      10.1      0.58      2.00      1.10  -9999.00
     1   2005    110   19000.0      -0.7      12.4      0.58      2.00      0.40  -9999.00
     1   2005    111   10200.0       3.5       9.2      0.78      2.00      0.50  -9999.00
     1   2005    112   14700.0       3.0       9.1      0.76      2.00      0.00  -9999.00
     1   2005    113   10900.0       5.9      11.3      0.93      2.00      9.50  -9999.00
     1   2005    114   13400.0       6.0       8.4      0.93      2.00      3.30  -9999.00
     1   2005    115   16300.0       6.6      13.4      0.97      2.00      0.00  -9999.00
     1   2005    116   12400.0       5.8      10.1      0.92      2.00      1.30  -9999.00
     1   2005    117    4300.0       1.4      11.8      0.68      2.00      0.20  -9999.00
     1   2005    118    9800.0       0.3       9.5      0.62      2.00     10.50  -9999.00
     1   2005    119   18200.0       5.1      13.9      0.88      2.00      3.30  -9999.00
     1   2005    120   14500.0       2.0      16.0      0.71      2.00      1.90  -9999.00
     1   2005    121   21700.0       4.4      11.9      0.84      2.00      0.40  -9999.00
     1   2005    122   14100.0       7.3      13.9      1.02      2.00      3.30  -9999.00
     1   2005    123    8200.0       6.4      14.5      0.96      2.00     23.50  -9999.00
     1   2005    124    4800.0      11.1      13.9      1.32      2.00      0.80  -9999.00
     1   2005    125   10400.0       3.5      10.0      0.78      2.00      0.00  -9999.00
     1   2005    126   24600.0       5.6      11.3      0.91      2.00      0.00  -9999.00
     1   2005    127    4000.0       4.6      12.6      0.85      2.00      9.80  -9999.00
     1   2005    128    8000.0       6.8      17.2      0.99      2.00      0.00  -9999.00
     1   2005    129   25500.0       8.5      18.9      1.11      2.00      0.00  -9999.00
     1   2005    130    6800.0      12.4      17.5      1.44      2.00      0.00  -9999.00
     1   2005    131   18800.0       9.5      17.0      1.19      2.00      0.00  -9999.00
     1   2005    132   27700.0       6.4      20.3      0.96      2.00      0.00  -9999.00
     1   2005    133    5400.0       8.6      20.1      1.12      2.00      0.00  -9999.00
     1   2005    134   22500.0       5.7      15.8      0.92      2.00      0.60  -9999.00
     1   2005    135   23000.0       9.1      20.3      1.16      2.00      0.00  -9999.00
     1   2005    136    4300.0       6.8      22.2      0.99      2.00      1.70  -9999.00
     1   2005    137   18000.0       8.0      23.9      1.07      2.00      0.00  -9999.00
     1   2005    138    9700.0      12.7      16.3      1.47      2.00      0.30  -9999.00
     1   2005    139   21300.0       6.3      13.2      0.95      2.00      0.70  -9999.00
     1   2005    140    9900.0       8.9      14.7      1.14      2.00      0.00  -9999.00
     1   2005    141    6700.0       8.3      13.9      1.09      2.00      0.20  -9999.00
     1   2005    142   11500.0       6.3      16.2      0.95      2.00      1.50  -9999.00
     1   2005    143   24200.0       9.8      16.2      1.21      2.00      0.00  -9999.00
     1   2005    144   26000.0      13.0      15.8      1.50      2.00      0.60  -9999.00
     1   2005    145    4400.0       9.4      20.2      1.18      2.00      0.00  -9999.00
     1   2005    146   20300.0      11.3      20.1      1.34      2.00      0.00  -9999.00
     1   2005    147   17400.0       7.5      20.4      1.04      2.00      0.00  -9999.00
     1   2005    148   21200.0       8.5      17.7      1.11      2.00      0.00  -9999.00
     1   2005    149   18500.0       6.3      15.9      0.95      2.00      1.80  -9999.00
     1   2005    150   13800.0       9.1      17.1      1.16      2.00      1.00  -9999.00
     1   2005    151   26400.0      13.9      21.5      1.59      2.00      0.00  -9999.00
     1   2005    152    6200.0      10.0      16.6      1.23      2.00      1.40  -9999.00
     1   2005    153   28200.0       5.2      16.6      0.88      2.00      0.00  -9999.00
     1   2005    154   22900.0       6.1      18.5      0.94      2.00      0.00  -9999.00
     1   2005    155   15800.0       9.6      19.9      1.20      2.00      0.00  -9999.00
     1   2005    156   26600.0       9.9      16.8      1.22      2.00      0.50  -9999.00
     1   2005    157    4400.0      10.6      18.5      1.28      2.00      0.50  -9999.00
     1   2005    158   13500.0      11.8      16.2      1.38      2.00      0.40  -9999.00
     1   2005    159   24600.0      11.1      17.7      1.32      2.00      0.00  -9999.00
     1   2005    160   29800.0       8.6      17.6      1.12      2.00      0.00  -9999.00
     1   2005    161   11200.0       9.7      14.2      1.20      2.00      2.40  -9999.00
     1   2005    162   25700.0      11.6      12.4      1.37      2.00     11.80  -9999.00
     1   2005    163   10700.0       9.8      18.8      1.21      2.00      0.60  -9999.00
     1   2005    164   29000.0       9.2      24.3      1.16      2.00      0.00  -9999.00
     1   2005    165   28100.0       8.3      18.5      1.09      2.00      0.00  -9999.00
     1   2005    166   18300.0       9.0      17.5      1.15      2.00      1.00  -9999.00
     1   2005    167    4500.0       8.0      16.4      1.07      2.00      2.10  -9999.00
     1   2005    168    8200.0       7.7      14.6      1.05      2.00      1.10  -9999.00
     1   2005    169    5500.0      10.3      16.3      1.25      2.00     13.80  -9999.00
     1   2005    170    5200.0      10.8      16.4      1.29      2.00      1.70  -9999.00
     1   2005    171   22700.0       9.4      16.1      1.18      2.00      0.50  -9999.00
     1   2005    172   15500.0      13.5      18.9      1.55      2.00      6.30  -9999.00
     1   2005    173   10600.0      10.5      16.8      1.27      2.00      0.70  -9999.00
     1   2005    174   17200.0       6.6      18.1      0.97      2.00     10.40  -9999.00
     1   2005    175   20900.0      10.7      17.1      1.29      2.00      4.50  -9999.00
     1   2005    176   20300.0      13.2      17.2      1.52      2.00      0.00  -9999.00
     1   2005    177   28200.0      11.0      19.7      1.31      2.00      0.00  -9999.00
     1   2005    178   17700.0      12.0      16.8      1.40      2.00      2.00  -9999.00
     1   2005    179    9200.0       6.5      17.2      0.97      2.00      0.70  -9999.00
     1   2005    180   26700.0      10.2      16.7      1.24      2.00      8.90  -9999.00
     1   2005    181   20800.0      11.7      17.4      1.37      2.00      5.60  -9999.00
     1   2005    182    9800.0      15.1      18.8      1.72      2.00      4.90  -9999.00
     1   2005    183   20500.0       9.1      18.6      1.16      2.00      0.00  -9999.00
     1   2005    184   23000.0      13.1      17.3      1.51      2.00      0.60  -9999.00
     1   2005    185   21200.0      12.6      21.2      1.46      2.00      0.60  -9999.00
     1   2005    186    4900.0      12.6      22.3      1.46      2.00      2.70  -9999.00
     1   2005    187   10200.0      11.5      20.0      1.36      2.00     10.10  -9999.00
     1   2005    188    4600.0       8.3      20.0      1.09      2.00      3.80  -9999.00
     1   2005    189   14700.0      11.6      21.0      1.37      2.00      0.10  -9999.00
     1   2005    190   23900.0       8.2      21.0      1.09      2.00      0.00  -9999.00
     1   2005    191   21600.0       5.6      16.0      0.91      2.00     10.10  -9999.00
     1   2005    192   19300.0       8.4      14.3      1.10      2.00      1.10  -9999.00
     1   2005    193   15700.0      11.7      19.9      1.37      2.00      5.10  -9999.00
     1   2005    194   22200.0      11.3      18.8      1.34      2.00      0.10  -9999.00
     1   2005    195   28000.0      16.8      21.8      1.91      2.00      0.40  -9999.00
     1   2005    196   26400.0      15.8      26.4      1.79      2.00      0.00  -9999.00
     1   2005    197    7500.0      12.9      21.8      1.49      2.00      0.40  -9999.00
     1   2005    198   25300.0      14.5      19.7      1.65      2.00      0.70  -9999.00
     1   2005    199   19000.0      10.7      20.5      1.29      2.00      0.00  -9999.00
     1   2005    200    4300.0      12.2      18.8      1.42      2.00      7.80  -9999.00
     1   2005    201   28400.0      13.4      23.4      1.54      2.00      0.00  -9999.00
     1   2005    202   24300.0      13.4      22.7      1.54      2.00      0.00  -9999.00
     1   2005    203   27400.0      11.2      21.1      1.33      2.00      0.00  -9999.00
     1   2005    204   22000.0      12.9      23.0      1.49      2.00      0.00  -9999.00
     1   2005    205   26200.0      11.7      21.9      1.37      2.00      0.00  -9999.00
     1   2005    206   17100.0      14.2      20.5      1.62      2.00      0.00  -9999.00
     1   2005    207   24200.0      14.7      24.7      1.67      2.00      0.00  -9999.00
     1   2005    208   17300.0      16.3      23.3      1.85      2.00      0.00  -9999.00
     1   2005    209   24900.0      11.6      22.9      1.37      2.00      0.00  -9999.00
     1   2005    210   19400.0      12.6      24.3      1.46      2.00      0.00  -9999.00
     1   2005    211   26100.0      14.3      28.4      1.63      2.00      0.00  -9999.00
     1   2005    212   13400.0      13.0      29.6      1.50      2.00      3.50  -9999.00
     1   2005    213   20900.0      11.4      20.8      1.35      2.00      1.60  -9999.00
     1   2005    214   14700.0      10.8      24.1      1.29      2.00      0.00  -9999.00
     1   2005    215   10700.0      12.8      18.6      1.48      2.00      1.10  -9999.00
     1   2005    216   14900.0      13.0      18.8      1.50      2.00      0.80  -9999.00
     1   2005    217    3700.0      11.3      21.7      1.34      2.00      0.20  -9999.00
     1   2005    218   14700.0      13.2      29.8      1.52      2.00      4.50  -9999.00
     1   2005    219   10200.0      12.9      19.8      1.49      2.00      0.00  -9999.00
     1   2005    220   16800.0      13.0      18.4      1.50      2.00      0.00  -9999.00
     1   2005    221   17900.0      10.3      22.4      1.25      2.00      0.00  -9999.00
     1   2005    222   17600.0      14.2      22.6      1.62      2.00      0.00  -9999.00
     1   2005    223    3500.0      12.8      19.3      1.48      2.00      1.40  -9999.00
     1   2005    224   20800.0      10.4      21.8      1.26      2.00      0.00  -9999.00
     1   2005    225   16700.0      13.0      21.1      1.50      2.00      4.00  -9999.00
     1   2005    226   15400.0      11.2      21.7      1.33      2.00      0.30  -9999.00
     1   2005    227   20800.0      11.4      24.2      1.35      2.00      0.00  -9999.00
     1   2005    228   23600.0      14.3      23.7      1.63      2.00      0.00  -9999.00
     1   2005    229   20000.0      10.2      20.0      1.24      2.00      0.00  -9999.00
     1   2005    230   15300.0       9.9      19.3      1.22      2.00      3.00  -9999.00
     1   2005    231   20000.0      11.7      21.7      1.37      2.00      6.20  -9999.00
     1   2005    232   15100.0      13.3      28.1      1.53      2.00      7.20  -9999.00
     1   2005    233   21200.0      14.2      26.6      1.62      2.00      0.00  -9999.00
     1   2005    234   11600.0      13.6      22.1      1.56      2.00     10.80  -9999.00
     1   2005    235   18800.0      11.0      21.8      1.31      2.00      0.00  -9999.00
     1   2005    236   17800.0      14.8      23.6      1.68      2.00      0.00  -9999.00
     1   2005    237   12600.0      10.8      15.6      1.29      2.00      5.90  -9999.00
     1   2005    238   17500.0      14.0      16.7      1.60      2.00      0.80  -9999.00
     1   2005    239   20200.0      12.7      20.5      1.47      2.00      0.00  -9999.00
     1   2005    240   20200.0       9.8      18.7      1.21      2.00      0.20  -9999.00
     1   2005    241    7400.0      13.1      20.4      1.51      2.00      8.60  -9999.00
     1   2005    242   16500.0      12.0      20.4      1.40      2.00      0.00  -9999.00
     1   2005    243   16300.0      10.8      20.8      1.29      2.00      0.00  -9999.00
     1   2005    244    8700.0      10.2      20.8      1.24      2.00      0.00  -9999.00
     1   2005    245    8800.0       9.8      17.4      1.21      2.00      1.10  -9999.00
     1   2005    246    3200.0      12.6      17.7      1.46      2.00      1.90  -9999.00
     1   2005    247   15000.0      12.6      21.6      1.46      2.00      0.00  -9999.00
     1   2005    248   15000.0      15.9      20.4      1.81      2.00      0.00  -9999.00
     1   2005    249   14800.0      10.5      23.5      1.27      2.00      0.00  -9999.00
     1   2005    250   14700.0      11.7      21.9      1.37      2.00      2.40  -9999.00
     1   2005    251   15600.0      11.7      18.6      1.37      2.00      0.10  -9999.00
     1   2005    252   10100.0      14.0      18.4      1.60      2.00      4.20  -9999.00
     1   2005    253    6500.0      12.7      22.7      1.47      2.00      0.00  -9999.00
     1   2005    254    2700.0      13.1      21.7      1.51      2.00      0.10  -9999.00
     1   2005    255    8100.0       8.8      13.3      1.13      2.00      0.00  -9999.00
     1   2005    256    3000.0       9.7      15.6      1.20      2.00     14.30  -9999.00
     1   2005    257   18600.0      10.1      13.8      1.24      2.00      0.00  -9999.00
     1   2005    258   16900.0       5.4      15.7      0.90      2.00      0.00  -9999.00
     1   2005    259    5700.0       9.9      17.3      1.22      2.00      8.50  -9999.00
     1   2005    260    7100.0      10.6      20.0      1.28      2.00      0.20  -9999.00
     1   2005    261    2800.0       9.7      20.6      1.20      2.00      2.10  -9999.00
     1   2005    262    2500.0       8.6      22.4      1.12      2.00      3.80  -9999.00
     1   2005    263   12900.0      11.7      20.0      1.37      2.00      0.20  -9999.00
     1   2005    264    7500.0       9.5      18.7      1.19      2.00      0.00  -9999.00
     1   2005    265    2300.0      10.5      20.0      1.27      2.00      0.00  -9999.00
     1   2005    266   14400.0       9.3      16.6      1.17      2.00      2.80  -9999.00
     1   2005    267    2800.0      10.4      16.7      1.26      2.00      1.40  -9999.00
     1   2005    268   13500.0       9.1      19.9      1.16      2.00      0.00  -9999.00
     1   2005    269   15000.0       9.8      18.0      1.21      2.00      0.00  -9999.00
     1   2005    270    9100.0       5.4      22.0      0.90      2.00      0.00  -9999.00
     1   2005    271    8900.0       9.0      19.9      1.15      2.00      0.10  -9999.00
     1   2005    272   11900.0       8.0      18.5      1.07      2.00      0.10  -9999.00
     1   2005    273    6300.0      11.9      15.2      1.39      2.00      0.60  -9999.00
     1   2005    274   14800.0       7.8      13.7      1.06      2.00      0.00  -9999.00
     1   2005    275   11900.0       4.8      12.3      0.86      2.00      0.00  -9999.00
     1   2005    276   13600.0       7.8      11.8      1.06      2.00      0.00  -9999.00
     1   2005    277   11600.0      10.5      18.9      1.27      2.00      0.00  -9999.00
     1   2005    278    3300.0      11.3      21.8      1.34      2.00      1.70  -9999.00
     1   2005    279    4100.0      13.0      16.6      1.50      2.00      0.80  -9999.00
     1   2005    280   11900.0       8.8      16.3      1.13      2.00      0.00  -9999.00
     1   2005    281    8000.0       6.9      13.3      0.99      2.00      0.00  -9999.00
     1   2005    282   11400.0       8.1      12.1      1.08      2.00      0.00  -9999.00
     1   2005    283    7800.0       7.3      15.6      1.02      2.00      0.10  -9999.00
     1   2005    284    2100.0       5.2      16.8      0.88      2.00      0.40  -9999.00
     1   2005    285    7900.0       3.4      11.5      0.78      2.00     16.60  -9999.00
     1   2005    286    1800.0       6.9      12.3      0.99      2.00      0.00  -9999.00
     1   2005    287    4400.0       6.4      14.7      0.96      2.00      0.00  -9999.00
     1   2005    288    6400.0       5.1      14.2      0.88      2.00     14.00  -9999.00
     1   2005    289    8700.0       9.6      17.5      1.20      2.00      0.00  -9999.00
     1   2005    290    6000.0       6.0      16.6      0.93      2.00      0.00  -9999.00
     1   2005    291    8800.0       8.6      12.8      1.12      2.00      2.30  -9999.00
     1   2005    292    7000.0       8.9      14.8      1.14      2.00      0.30  -9999.00
     1   2005    293    1300.0      10.4      14.3      1.26      2.00      2.00  -9999.00
     1   2005    294    9100.0      10.0      13.6      1.23      2.00      2.00  -9999.00
     1   2005    295    7300.0       5.2      12.7      0.88      2.00      1.70  -9999.00
     1   2005    296    8700.0       9.2      11.3      1.16      2.00      0.10  -9999.00
     1   2005    297    3400.0       2.8      12.4      0.75      2.00      0.00  -9999.00
     1   2005    298    1300.0       4.5      14.8      0.84      2.00      0.10  -9999.00
     1   2005    299    3600.0       9.2      16.0      1.16      2.00      0.00  -9999.00
     1   2005    300   10000.0       5.0      13.0      0.87      2.00      0.00  -9999.00
     1   2005    301    1400.0       7.3      11.3      1.02      2.00      0.20  -9999.00
     1   2005    302    1300.0      10.5      11.7      1.27      2.00      0.40  -9999.00
     1   2005    303    4800.0       6.1      13.7      0.94      2.00      5.50  -9999.00
     1   2005    304    2000.0       5.6      16.0      0.91      2.00     30.40  -9999.00
     1   2005    305    1600.0       9.1      12.1      1.16      2.00      4.00  -9999.00
     1   2005    306    4600.0       5.3       9.1      0.89      2.00      1.50  -9999.00
     1   2005    307    2400.0       9.5      11.4      1.19      2.00      0.00  -9999.00
     1   2005    308    1000.0       8.1      15.4      1.08      2.00      5.20  -9999.00
     1   2005    309    2400.0       0.6       7.9      0.64      2.00      2.40  -9999.00
     1   2005    310    4100.0       0.1       8.0      0.62      2.00      9.00  -9999.00
     1   2005    311    7400.0       1.1       8.9      0.66      2.00      0.00  -9999.00
     1   2005    312    5100.0       5.3       8.8      0.89      2.00      0.20  -9999.00
     1   2005    313    1300.0       9.7      13.0      1.20      2.00      0.70  -9999.00
     1   2005    314    3400.0       7.2      15.0      1.02      2.00      0.20  -9999.00
     1   2005    315    1100.0       1.8       9.7      0.70      2.00      0.00  -9999.00
     1   2005    316    1500.0       1.5       9.9      0.68      2.00      6.00  -9999.00
     1   2005    317    4300.0       7.0      11.0      1.00      2.00      2.50  -9999.00
     1   2005    318    1700.0       7.5      11.5      1.04      2.00      1.10  -9999.00
     1   2005    319     800.0      -1.9       8.6      0.53      2.00     14.20  -9999.00
     1   2005    320    4600.0       2.4       6.9      0.73      2.00      8.10  -9999.00
     1   2005    321    4000.0       5.5      11.3      0.90      2.00      0.10  -9999.00
     1   2005    322     900.0       1.4      11.1      0.68      2.00      0.10  -9999.00
     1   2005    323    5600.0       2.7       6.6      0.74      2.00      0.00  -9999.00
     1   2005    324     900.0       2.5       4.5      0.73      2.00      0.00  -9999.00
     1   2005    325    5800.0       3.0       7.1      0.76      2.00      0.00  -9999.00
     1   2005    326     800.0      -0.1       5.6      0.61      2.00      0.40  -9999.00
     1   2005    327     900.0       8.8      12.0      1.13      2.00      0.40  -9999.00
     1   2005    328    3100.0       5.0      13.5      0.87      2.00      0.10  -9999.00
     1   2005    329     800.0       5.0      10.9      0.87      2.00      0.20  -9999.00
     1   2005    330    1700.0       3.2      12.6      0.77      2.00      0.00  -9999.00
     1   2005    331    2600.0       2.9       6.1      0.75      2.00      0.20  -9999.00
     1   2005    332    1600.0       0.0       7.1      0.61      2.00      0.10  -9999.00
     1   2005    333     800.0       0.8       7.7      0.65      2.00      0.20  -9999.00
     1   2005    334    1800.0       4.5       7.5      0.84      2.00      0.50  -9999.00
     1   2005    335    4900.0       4.0       6.8      0.81      2.00      0.00  -9999.00
     1   2005    336     700.0       6.5       7.4      0.97      2.00      0.00  -9999.00
     1   2005    337     700.0       3.1       7.0      0.76      2.00      0.80  -9999.00
     1   2005    338     700.0       4.7       6.8      0.85      2.00      0.30  -9999.00
     1   2005    339    2700.0       3.5       6.7      0.78      2.00      0.70  -9999.00
     1   2005    340    4300.0       1.8       3.8      0.70      2.00      0.00  -9999.00
     1   2005    341     700.0       1.5       8.0      0.68      2.00      3.70  -9999.00
     1   2005    342     700.0      -0.6       7.8      0.58      2.00      4.40  -9999.00
     1   2005    343     700.0       3.1      11.2      0.76      2.00      0.50  -9999.00
     1   2005    344    3400.0       0.3       7.8      0.62      2.00      0.00  -9999.00
     1   2005    345     600.0       2.5       5.6      0.73      2.00      0.00  -9999.00
     1   2005    346     700.0       2.2       9.7      0.72      2.00      0.50  -9999.00
     1   2005    347     700.0       2.2       6.4      0.72      2.00      1.20  -9999.00
     1   2005    348     700.0      -1.0       7.4      0.57      2.00      0.60  -9999.00
     1   2005    349     700.0      -5.0       5.5      0.42      2.00      0.30  -9999.00
     1   2005    350    4100.0      -0.4       6.4      0.59      2.00      4.40  -9999.00
     1   2005    351     600.0       3.3       6.0      0.77      2.00      0.00  -9999.00
     1   2005    352    3400.0       3.9       6.4      0.81      2.00      0.50  -9999.00
     1   2005    353    1300.0      -0.2       6.0      0.60      2.00      0.00  -9999.00
     1   2005    354    2300.0      -0.8       5.5      0.58      2.00      0.00  -9999.00
     1   2005    355    4000.0      -0.6       4.2      0.58      2.00      0.00  -9999.00
     1   2005    356     600.0      -0.6       3.5      0.58      2.00      0.00  -9999.00
     1   2005    357    2200.0       0.2       3.4      0.62      2.00      0.10  -9999.00
     1   2005    358    1000.0      -0.4       1.4      0.59      2.00      0.00  -9999.00
     1   2005    359    1400.0       5.2       9.1      0.88      2.00      0.00  -9999.00
     1   2005    360    3600.0       5.5      10.3      0.90      2.00      0.00  -9999.00
     1   2005    361     900.0       1.5       9.3      0.68      2.00      2.50  -9999.00
     1   2005    362    2200.0      -1.8       7.8      0.54      2.00      1.00  -9999.00
     1   2005    363    1400.0       4.0      11.0      0.81      2.00      0.00  -9999.00
     1   2005    364    4100.0       9.2       9.3      1.16      2.00      1.80  -9999.00
     1   2005    365     700.0       1.8       9.6      0.70      2.00      2.60  -9999.00
