*-----------------------------------------------------------------------------* 
           WHWG_215.met           52.12    0.96   89.00
* Date created:  08-Aug-2019     Author: K Coleman 
* 
* NIL VALUE       -9999 
* Source:   data provided by M. Semenov 
*  
* Latitude:    52.12 Longitude:     0.96 Altitude:    89.00
* 
* Column  Daily value 
* 1       station number 
* 2       year 
* 3       day 
* 4       irradiation                   (kJ m-2 d-1) 
* 5       minimum temperature           (degrees Celsius) 
* 6       maximum temperature           (degrees Celsius) 
* 7       early morning vapour pressure (kPa)             
* 8       mean wind speed (height: 2 m?) (m s-1)          
* 9       precipitation                 (mm d-1)          
* 10      sunshine                      (hrs)             
 		Jday	RAD	    TMIN	TMAX	 VAP	wind	RAIN	SUN  
               kj/m2	°C	    °C	     kPa	m/s	    mm	    hrs 
   52.12  89.00
     1   2005      1    3900.0       4.2       6.9      0.82      2.00      0.30  -9999.00
     1   2005      2    4500.0       5.8       7.8      0.92      2.00      0.00  -9999.00
     1   2005      3    4900.0       3.9       9.5      0.81      2.00      1.20  -9999.00
     1   2005      4     700.0       3.0       8.1      0.76      2.00      7.40  -9999.00
     1   2005      5    3700.0      -0.2       7.0      0.60      2.00      0.00  -9999.00
     1   2005      6     700.0       0.7       5.1      0.64      2.00      0.00  -9999.00
     1   2005      7    4000.0       0.4       4.2      0.63      2.00      0.00  -9999.00
     1   2005      8     700.0       1.9       3.5      0.70      2.00      0.00  -9999.00
     1   2005      9     800.0       1.4       9.1      0.68      2.00      0.10  -9999.00
     1   2005     10    2100.0       3.5      11.4      0.78      2.00      2.80  -9999.00
     1   2005     11     700.0       0.1       6.5      0.62      2.00      0.00  -9999.00
     1   2005     12    4800.0       0.2       8.1      0.62      2.00      0.00  -9999.00
     1   2005     13    4200.0       4.1       7.5      0.82      2.00      4.60  -9999.00
     1   2005     14     900.0       1.7       8.3      0.69      2.00      0.00  -9999.00
     1   2005     15     800.0       1.4       5.2      0.68      2.00      2.50  -9999.00
     1   2005     16    4400.0       0.2       2.8      0.62      2.00      0.00  -9999.00
     1   2005     17    4100.0       5.3      10.7      0.89      2.00      3.80  -9999.00
     1   2005     18     700.0       8.2      11.4      1.09      2.00      2.00  -9999.00
     1   2005     19     900.0       3.7       8.0      0.80      2.00      5.90  -9999.00
     1   2005     20    1100.0       6.1       8.8      0.94      2.00      0.00  -9999.00
     1   2005     21    5200.0       2.4       6.2      0.73      2.00      0.00  -9999.00
     1   2005     22    1400.0      -0.3       5.8      0.60      2.00      0.10  -9999.00
     1   2005     23    3200.0      -2.6       6.1      0.50      2.00      0.30  -9999.00
     1   2005     24    4900.0      -1.6       4.8      0.54      2.00      0.00  -9999.00
     1   2005     25    1600.0       2.8       9.0      0.75      2.00      2.10  -9999.00
     1   2005     26    3300.0       8.1      10.1      1.08      2.00      0.70  -9999.00
     1   2005     27    2500.0       2.4       7.2      0.73      2.00      2.10  -9999.00
     1   2005     28     900.0       6.4       8.6      0.96      2.00      0.10  -9999.00
     1   2005     29    6000.0       4.9       8.9      0.87      2.00      0.10  -9999.00
     1   2005     30    5500.0       4.8       8.7      0.86      2.00      0.10  -9999.00
     1   2005     31     900.0     -10.4       5.1      0.28      2.00     12.60  -9999.00
     1   2005     32    2900.0      -2.7       5.8      0.50      2.00     11.30  -9999.00
     1   2005     33    1400.0      -1.2       0.1      0.56      2.00      0.00  -9999.00
     1   2005     34    1200.0      -0.5       2.7      0.59      2.00      0.00  -9999.00
     1   2005     35    1100.0      -0.4       7.4      0.59      2.00      0.00  -9999.00
     1   2005     36    1100.0       3.2       9.3      0.77      2.00      0.40  -9999.00
     1   2005     37    4000.0      -0.5       7.5      0.59      2.00      0.00  -9999.00
     1   2005     38    7900.0       2.5       6.2      0.73      2.00      0.00  -9999.00
     1   2005     39    1000.0       2.1       7.1      0.71      2.00      1.30  -9999.00
     1   2005     40    4200.0      -0.5       6.0      0.59      2.00      1.50  -9999.00
     1   2005     41    1300.0       3.4      10.6      0.78      2.00      7.70  -9999.00
     1   2005     42    5600.0       1.1      11.9      0.66      2.00      0.00  -9999.00
     1   2005     43    2900.0      -1.0       6.4      0.57      2.00      0.00  -9999.00
     1   2005     44    6800.0      -1.4       8.1      0.55      2.00      0.00  -9999.00
     1   2005     45    1300.0       3.7      10.9      0.80      2.00      5.30  -9999.00
     1   2005     46    1900.0       3.6      10.8      0.79      2.00     11.30  -9999.00
     1   2005     47    5600.0      -0.4       7.0      0.59      2.00      0.00  -9999.00
     1   2005     48    4700.0      -0.5       7.1      0.59      2.00      2.80  -9999.00
     1   2005     49    7400.0       3.8       7.7      0.80      2.00      0.00  -9999.00
     1   2005     50    6400.0       3.3       7.3      0.77      2.00      0.00  -9999.00
     1   2005     51    7400.0       0.6       6.6      0.64      2.00      3.80  -9999.00
     1   2005     52    6100.0       0.9       8.0      0.65      2.00      1.60  -9999.00
     1   2005     53    3600.0       1.7       7.9      0.69      2.00      0.60  -9999.00
     1   2005     54    1400.0       0.1       5.2      0.62      2.00      0.30  -9999.00
     1   2005     55    6100.0      -3.2       3.3      0.48      2.00      1.20  -9999.00
     1   2005     56   11300.0      -9.2       0.6      0.30      2.00      0.00  -9999.00
     1   2005     57    1400.0       4.7      11.0      0.85      2.00      0.20  -9999.00
     1   2005     58    7000.0       4.1      14.9      0.82      2.00      0.00  -9999.00
     1   2005     59    9400.0       0.2       4.7      0.62      2.00      0.00  -9999.00
     1   2005     60    1800.0       3.6       5.9      0.79      2.00      2.00  -9999.00
     1   2005     61   10900.0       0.7       9.5      0.64      2.00      3.90  -9999.00
     1   2005     62    8700.0       3.0      10.0      0.76      2.00      0.00  -9999.00
     1   2005     63    4800.0       2.9      14.3      0.75      2.00      0.00  -9999.00
     1   2005     64    4600.0       1.5      11.1      0.68      2.00      4.80  -9999.00
     1   2005     65    1900.0       2.3       4.5      0.72      2.00      1.20  -9999.00
     1   2005     66   11200.0      -0.4       5.9      0.59      2.00      0.40  -9999.00
     1   2005     67    5400.0       0.4       8.4      0.63      2.00      0.00  -9999.00
     1   2005     68    5800.0       3.0       8.2      0.76      2.00      1.30  -9999.00
     1   2005     69    8700.0       5.0       9.0      0.87      2.00      0.00  -9999.00
     1   2005     70   13000.0       6.2       9.6      0.95      2.00      0.00  -9999.00
     1   2005     71   12900.0       0.6       6.8      0.64      2.00      0.00  -9999.00
     1   2005     72    2500.0       0.3       6.9      0.62      2.00      1.90  -9999.00
     1   2005     73    2300.0      -1.2       2.3      0.56      2.00      0.00  -9999.00
     1   2005     74    1900.0       1.2       5.4      0.67      2.00      4.50  -9999.00
     1   2005     75    3800.0      -0.4       7.0      0.59      2.00      0.30  -9999.00
     1   2005     76    9100.0       3.2       9.5      0.77      2.00      6.40  -9999.00
     1   2005     77    8000.0       4.3      12.7      0.83      2.00      0.20  -9999.00
     1   2005     78    2300.0       1.6      11.5      0.69      2.00      0.00  -9999.00
     1   2005     79   14600.0       1.1      12.6      0.66      2.00      0.00  -9999.00
     1   2005     80    8800.0       0.3      10.7      0.62      2.00      1.10  -9999.00
     1   2005     81   13400.0       1.3      11.6      0.67      2.00      0.00  -9999.00
     1   2005     82   14000.0       2.0      11.1      0.71      2.00      0.00  -9999.00
     1   2005     83   12700.0       4.9      13.5      0.87      2.00      0.00  -9999.00
     1   2005     84   12300.0       2.0      12.4      0.71      2.00      0.00  -9999.00
     1   2005     85   14600.0       0.1       8.7      0.62      2.00      0.00  -9999.00
     1   2005     86   11000.0       1.4      10.7      0.68      2.00      0.00  -9999.00
     1   2005     87    5200.0       3.6      11.5      0.79      2.00      0.00  -9999.00
     1   2005     88    4300.0       6.2       7.9      0.95      2.00      0.00  -9999.00
     1   2005     89   16000.0       2.6      14.3      0.74      2.00      0.00  -9999.00
     1   2005     90    3100.0       4.7      13.9      0.85      2.00      2.20  -9999.00
     1   2005     91   15500.0       0.2       9.7      0.62      2.00      1.10  -9999.00
     1   2005     92    8000.0      -0.3      11.8      0.60      2.00     12.40  -9999.00
     1   2005     93   10400.0       4.7      12.5      0.85      2.00      0.10  -9999.00
     1   2005     94   15500.0       7.7      12.7      1.05      2.00      2.00  -9999.00
     1   2005     95    2900.0       6.0      10.2      0.93      2.00      5.80  -9999.00
     1   2005     96    9200.0       2.6       9.9      0.74      2.00      6.00  -9999.00
     1   2005     97   14900.0       5.6      12.8      0.91      2.00      0.30  -9999.00
     1   2005     98    3300.0       2.6      13.9      0.74      2.00      2.10  -9999.00
     1   2005     99    5700.0       6.4      16.5      0.96      2.00      0.80  -9999.00
     1   2005    100    8300.0       3.9      16.6      0.81      2.00      2.40  -9999.00
     1   2005    101   15500.0       3.9      11.8      0.81      2.00      8.20  -9999.00
     1   2005    102   20400.0       3.8      14.7      0.80      2.00      0.00  -9999.00
     1   2005    103    5800.0       2.7       9.0      0.74      2.00      3.70  -9999.00
     1   2005    104    4900.0       2.8       8.0      0.75      2.00      5.00  -9999.00
     1   2005    105   21400.0       2.1       7.9      0.71      2.00      0.60  -9999.00
     1   2005    106   21500.0       1.2      10.5      0.67      2.00      2.40  -9999.00
     1   2005    107   20800.0       3.8      12.0      0.80      2.00      0.00  -9999.00
     1   2005    108    4200.0       5.1      14.8      0.88      2.00      0.00  -9999.00
     1   2005    109   14300.0       3.2      14.1      0.77      2.00      0.00  -9999.00
     1   2005    110    9600.0       3.5      11.6      0.78      2.00      0.00  -9999.00
     1   2005    111   16700.0       4.3      11.6      0.83      2.00      0.00  -9999.00
     1   2005    112   11000.0       6.6       8.6      0.97      2.00      0.00  -9999.00
     1   2005    113   15100.0      10.7      15.2      1.29      2.00      0.00  -9999.00
     1   2005    114   21900.0       7.0      13.5      1.00      2.00      0.00  -9999.00
     1   2005    115    8800.0       2.9      15.2      0.75      2.00      0.00  -9999.00
     1   2005    116    5800.0       5.3      11.8      0.89      2.00      0.20  -9999.00
     1   2005    117   16500.0       3.6      10.2      0.79      2.00      0.00  -9999.00
     1   2005    118    3900.0       6.3       8.6      0.95      2.00      0.00  -9999.00
     1   2005    119   13900.0       4.4      14.2      0.84      2.00      2.70  -9999.00
     1   2005    120    4800.0       4.7      14.0      0.85      2.00      2.10  -9999.00
     1   2005    121    8700.0      10.6      16.5      1.28      2.00      0.00  -9999.00
     1   2005    122    8700.0       7.0      11.5      1.00      2.00      2.90  -9999.00
     1   2005    123    3700.0       2.3       9.4      0.72      2.00      3.80  -9999.00
     1   2005    124   24100.0       5.8      14.1      0.92      2.00      0.00  -9999.00
     1   2005    125   25900.0       5.3      17.4      0.89      2.00      0.00  -9999.00
     1   2005    126   18600.0       3.5      13.1      0.78      2.00      1.80  -9999.00
     1   2005    127    4000.0      11.9      15.9      1.39      2.00      2.90  -9999.00
     1   2005    128   18100.0       9.1      15.1      1.16      2.00     13.20  -9999.00
     1   2005    129   22500.0      10.7      22.9      1.29      2.00      5.80  -9999.00
     1   2005    130   16800.0      11.0      19.1      1.31      2.00      0.50  -9999.00
     1   2005    131   16900.0       8.3      13.0      1.09      2.00      1.50  -9999.00
     1   2005    132   23700.0       7.3      13.5      1.02      2.00      1.00  -9999.00
     1   2005    133   25500.0       6.5      11.9      0.97      2.00      0.00  -9999.00
     1   2005    134   16200.0       7.0      14.6      1.00      2.00      0.00  -9999.00
     1   2005    135   25400.0       1.6      14.6      0.69      2.00      0.00  -9999.00
     1   2005    136   14400.0       2.0      14.9      0.71      2.00      0.00  -9999.00
     1   2005    137   22800.0       9.3      23.1      1.17      2.00      0.00  -9999.00
     1   2005    138    4400.0       7.0      20.2      1.00      2.00      0.00  -9999.00
     1   2005    139   10500.0       8.0      12.7      1.07      2.00     20.30  -9999.00
     1   2005    140    4200.0       9.9       9.9      1.22      2.00      2.20  -9999.00
     1   2005    141   22400.0       8.3      14.8      1.09      2.00      4.30  -9999.00
     1   2005    142   23300.0       5.1      11.7      0.88      2.00      7.60  -9999.00
     1   2005    143    4400.0       8.4      15.0      1.10      2.00      3.10  -9999.00
     1   2005    144    6200.0       6.5      15.2      0.97      2.00      1.10  -9999.00
     1   2005    145   12400.0       9.0      15.4      1.15      2.00      3.50  -9999.00
     1   2005    146   26000.0       6.3      20.2      0.95      2.00      0.00  -9999.00
     1   2005    147   27600.0       6.5      17.2      0.97      2.00      0.00  -9999.00
     1   2005    148   10500.0       7.7      13.4      1.05      2.00     14.40  -9999.00
     1   2005    149    5000.0       7.7      14.9      1.05      2.00      4.40  -9999.00
     1   2005    150   19600.0       9.8      12.2      1.21      2.00     12.40  -9999.00
     1   2005    151   21700.0       7.4      15.8      1.03      2.00      5.60  -9999.00
     1   2005    152   28100.0       8.1      18.1      1.08      2.00      0.00  -9999.00
     1   2005    153   25500.0       7.3      19.7      1.02      2.00      0.00  -9999.00
     1   2005    154    4600.0       7.6      18.1      1.04      2.00      0.00  -9999.00
     1   2005    155   26600.0       8.1      20.6      1.08      2.00      0.00  -9999.00
     1   2005    156    5900.0      10.0      21.0      1.23      2.00      0.00  -9999.00
     1   2005    157   28700.0       9.8      15.6      1.21      2.00      0.00  -9999.00
     1   2005    158   29200.0       7.9      18.6      1.07      2.00      0.00  -9999.00
     1   2005    159   29100.0       9.3      22.6      1.17      2.00      0.00  -9999.00
     1   2005    160    7800.0       2.4      19.2      0.73      2.00      0.00  -9999.00
     1   2005    161   28400.0       8.8      17.7      1.13      2.00      0.00  -9999.00
     1   2005    162   28900.0      11.7      18.4      1.37      2.00      0.00  -9999.00
     1   2005    163   20400.0      10.6      20.9      1.28      2.00     11.20  -9999.00
     1   2005    164   18800.0      11.5      20.3      1.36      2.00      0.90  -9999.00
     1   2005    165    6500.0       5.4      13.6      0.90      2.00      0.00  -9999.00
     1   2005    166   25400.0       9.7      17.4      1.20      2.00      0.00  -9999.00
     1   2005    167   12700.0       9.8      17.9      1.21      2.00      0.00  -9999.00
     1   2005    168   29600.0       9.4      18.5      1.18      2.00      0.00  -9999.00
     1   2005    169    4700.0       9.7      18.4      1.20      2.00      0.00  -9999.00
     1   2005    170    4800.0      13.2      18.7      1.52      2.00      0.00  -9999.00
     1   2005    171   27800.0       4.9      19.4      0.87      2.00      0.00  -9999.00
     1   2005    172   27400.0       4.4      16.3      0.84      2.00      0.00  -9999.00
     1   2005    173   28700.0       9.6      19.0      1.20      2.00      0.00  -9999.00
     1   2005    174   24000.0       6.7      20.0      0.98      2.00      0.00  -9999.00
     1   2005    175   16000.0       9.5      13.5      1.19      2.00      0.70  -9999.00
     1   2005    176   11700.0      12.3      16.6      1.43      2.00      0.60  -9999.00
     1   2005    177   18000.0       8.6      15.1      1.12      2.00      8.60  -9999.00
     1   2005    178    4900.0       6.6      17.0      0.97      2.00      7.20  -9999.00
     1   2005    179    7900.0      10.4      17.1      1.26      2.00      0.70  -9999.00
     1   2005    180   13600.0      13.8      19.3      1.58      2.00      1.50  -9999.00
     1   2005    181   22200.0      12.7      23.3      1.47      2.00      0.00  -9999.00
     1   2005    182    5400.0      13.9      28.7      1.59      2.00      0.00  -9999.00
     1   2005    183   17100.0      11.7      21.5      1.37      2.00      0.30  -9999.00
     1   2005    184   19600.0      12.0      22.3      1.40      2.00      3.90  -9999.00
     1   2005    185   25500.0       6.0      17.6      0.93      2.00      0.00  -9999.00
     1   2005    186    8500.0      11.7      17.0      1.37      2.00      0.40  -9999.00
     1   2005    187   15600.0      12.4      22.6      1.44      2.00      0.50  -9999.00
     1   2005    188    8700.0      15.5      23.4      1.76      2.00      0.00  -9999.00
     1   2005    189   28400.0      11.7      21.0      1.37      2.00      0.00  -9999.00
     1   2005    190   18500.0      12.5      19.7      1.45      2.00     12.40  -9999.00
     1   2005    191   24600.0       9.4      17.4      1.18      2.00      2.00  -9999.00
     1   2005    192   17000.0       9.6      19.2      1.20      2.00      7.10  -9999.00
     1   2005    193   21200.0      12.2      21.1      1.42      2.00      0.00  -9999.00
     1   2005    194   22900.0       9.2      21.9      1.16      2.00      0.00  -9999.00
     1   2005    195   22700.0      10.7      19.3      1.29      2.00      1.60  -9999.00
     1   2005    196   23000.0      11.0      17.8      1.31      2.00      0.50  -9999.00
     1   2005    197   13800.0      12.7      19.6      1.47      2.00      1.80  -9999.00
     1   2005    198   21600.0      12.9      23.8      1.49      2.00      0.00  -9999.00
     1   2005    199   23800.0      12.8      22.6      1.48      2.00      0.00  -9999.00
     1   2005    200   20100.0      14.3      21.5      1.63      2.00      0.00  -9999.00
     1   2005    201   25300.0      12.5      22.6      1.45      2.00      0.00  -9999.00
     1   2005    202   27200.0       9.9      26.4      1.22      2.00      0.00  -9999.00
     1   2005    203    8200.0      12.2      21.5      1.42      2.00      2.80  -9999.00
     1   2005    204   24600.0      12.8      22.0      1.48      2.00      0.00  -9999.00
     1   2005    205   25400.0      12.6      24.6      1.46      2.00      0.00  -9999.00
     1   2005    206    5000.0      10.2      25.6      1.24      2.00      0.00  -9999.00
     1   2005    207   25900.0      12.0      21.1      1.40      2.00      0.00  -9999.00
     1   2005    208   18900.0       9.7      23.9      1.20      2.00      0.00  -9999.00
     1   2005    209   24600.0      10.8      21.9      1.29      2.00      0.00  -9999.00
     1   2005    210    3900.0      11.5      18.1      1.36      2.00      1.20  -9999.00
     1   2005    211   23400.0      12.1      20.6      1.41      2.00      0.00  -9999.00
     1   2005    212   15900.0       8.9      20.0      1.14      2.00      5.30  -9999.00
     1   2005    213   18500.0       9.3      21.5      1.17      2.00      0.00  -9999.00
     1   2005    214   23700.0      13.4      19.5      1.54      2.00      0.00  -9999.00
     1   2005    215   22900.0      15.2      24.5      1.73      2.00      0.00  -9999.00
     1   2005    216   11600.0      15.7      26.3      1.78      2.00      0.00  -9999.00
     1   2005    217   22400.0      13.6      23.0      1.56      2.00      0.00  -9999.00
     1   2005    218    3800.0      10.6      20.8      1.28      2.00      0.30  -9999.00
     1   2005    219   20600.0      12.2      18.8      1.42      2.00     31.20  -9999.00
     1   2005    220   17500.0      14.4      17.1      1.64      2.00      0.40  -9999.00
     1   2005    221   17000.0      10.0      20.6      1.23      2.00      3.50  -9999.00
     1   2005    222   21900.0      13.5      25.0      1.55      2.00      0.00  -9999.00
     1   2005    223   21900.0      14.1      19.5      1.61      2.00      5.80  -9999.00
     1   2005    224   23300.0      12.1      20.7      1.41      2.00      0.00  -9999.00
     1   2005    225   14700.0      11.0      20.9      1.31      2.00      0.30  -9999.00
     1   2005    226   11300.0      14.1      23.0      1.61      2.00      1.40  -9999.00
     1   2005    227   13100.0      12.6      20.6      1.46      2.00      1.00  -9999.00
     1   2005    228   19300.0       9.9      20.3      1.22      2.00      0.70  -9999.00
     1   2005    229   13900.0      11.7      21.7      1.37      2.00      2.60  -9999.00
     1   2005    230    7500.0      11.8      23.0      1.38      2.00      0.70  -9999.00
     1   2005    231   21500.0      13.1      25.0      1.51      2.00      0.00  -9999.00
     1   2005    232   23300.0      18.5      24.7      2.13      2.00      0.00  -9999.00
     1   2005    233   13600.0      12.3      22.3      1.43      2.00      0.00  -9999.00
     1   2005    234   20500.0      14.3      23.2      1.63      2.00      0.00  -9999.00
     1   2005    235   18800.0      13.6      21.8      1.56      2.00      0.00  -9999.00
     1   2005    236   19200.0       8.6      18.5      1.12      2.00      0.00  -9999.00
     1   2005    237   16100.0      10.9      22.1      1.30      2.00      0.00  -9999.00
     1   2005    238   23000.0      10.2      19.5      1.24      2.00      0.00  -9999.00
     1   2005    239    6300.0      13.4      25.5      1.54      2.00     10.50  -9999.00
     1   2005    240   12800.0      10.5      20.8      1.27      2.00      0.20  -9999.00
     1   2005    241   16700.0      10.3      17.3      1.25      2.00      3.40  -9999.00
     1   2005    242   17800.0      13.0      19.9      1.50      2.00      0.00  -9999.00
     1   2005    243   13700.0      10.2      19.8      1.24      2.00      9.60  -9999.00
     1   2005    244   20300.0      13.1      20.2      1.51      2.00      0.00  -9999.00
     1   2005    245   15700.0      12.0      19.3      1.40      2.00      0.00  -9999.00
     1   2005    246   14400.0       9.3      16.3      1.17      2.00      0.10  -9999.00
     1   2005    247   15100.0      12.0      15.8      1.40      2.00      0.10  -9999.00
     1   2005    248   12000.0      12.5      12.8      1.45      2.00      0.10  -9999.00
     1   2005    249    8100.0      10.4      22.2      1.26      2.00      0.00  -9999.00
     1   2005    250   15400.0      11.9      20.7      1.39      2.00      0.10  -9999.00
     1   2005    251    7700.0       8.0      18.3      1.07      2.00      0.00  -9999.00
     1   2005    252    4400.0      10.8      20.0      1.29      2.00      0.00  -9999.00
     1   2005    253    3200.0      11.7      18.5      1.37      2.00      0.10  -9999.00
     1   2005    254    2900.0       8.1      17.7      1.08      2.00     23.10  -9999.00
     1   2005    255    9900.0      13.8      21.3      1.58      2.00      0.50  -9999.00
     1   2005    256    2900.0      13.7      18.2      1.57      2.00     10.40  -9999.00
     1   2005    257    9900.0      10.8      15.3      1.29      2.00      1.20  -9999.00
     1   2005    258   13500.0      10.3      15.0      1.25      2.00      0.10  -9999.00
     1   2005    259    3800.0       9.4      11.8      1.18      2.00      0.10  -9999.00
     1   2005    260    2900.0      13.7      17.0      1.57      2.00      1.80  -9999.00
     1   2005    261   18100.0      11.1      16.5      1.32      2.00      0.00  -9999.00
     1   2005    262    3100.0       8.5      15.4      1.11      2.00      2.70  -9999.00
     1   2005    263   14600.0      13.3      16.8      1.53      2.00      6.70  -9999.00
     1   2005    264   14100.0       8.4      16.3      1.10      2.00      0.00  -9999.00
     1   2005    265   13600.0      11.3      17.5      1.34      2.00      0.30  -9999.00
     1   2005    266    2800.0      15.2      19.8      1.73      2.00      1.90  -9999.00
     1   2005    267   11800.0       9.3      14.7      1.17      2.00      0.00  -9999.00
     1   2005    268   10700.0      10.4      16.6      1.26      2.00      9.70  -9999.00
     1   2005    269   15100.0      10.0      19.7      1.23      2.00      0.00  -9999.00
     1   2005    270    9500.0      13.1      20.7      1.51      2.00      1.60  -9999.00
     1   2005    271   10300.0       7.2      17.1      1.02      2.00     32.10  -9999.00
     1   2005    272   12900.0      11.7      18.6      1.37      2.00      1.20  -9999.00
     1   2005    273    2100.0       8.2      19.3      1.09      2.00      0.00  -9999.00
     1   2005    274   12100.0       9.7      20.2      1.20      2.00      0.00  -9999.00
     1   2005    275   12900.0       6.9      15.9      0.99      2.00      1.30  -9999.00
     1   2005    276    8000.0       7.4      15.5      1.03      2.00      2.30  -9999.00
     1   2005    277    9400.0       4.0      13.0      0.81      2.00      0.00  -9999.00
     1   2005    278   10200.0       8.7      15.1      1.12      2.00      5.00  -9999.00
     1   2005    279    8100.0       7.2      15.7      1.02      2.00      0.00  -9999.00
     1   2005    280   11100.0       6.7      15.0      0.98      2.00      3.60  -9999.00
     1   2005    281   10900.0       8.5      15.3      1.11      2.00      0.00  -9999.00
     1   2005    282    5300.0       8.0      16.0      1.07      2.00      0.00  -9999.00
     1   2005    283    8400.0       9.1      17.3      1.16      2.00      6.60  -9999.00
     1   2005    284    1800.0       4.5      17.9      0.84      2.00      0.60  -9999.00
     1   2005    285    2700.0       6.3      12.3      0.95      2.00      0.40  -9999.00
     1   2005    286    6500.0       6.6      13.1      0.97      2.00      0.60  -9999.00
     1   2005    287    2400.0      10.8      16.5      1.29      2.00     10.20  -9999.00
     1   2005    288   10300.0       9.6      14.3      1.20      2.00      0.00  -9999.00
     1   2005    289    9700.0      10.9      16.5      1.30      2.00      0.00  -9999.00
     1   2005    290   10300.0      11.0      16.5      1.31      2.00      0.00  -9999.00
     1   2005    291    1900.0       8.4      14.6      1.10      2.00      5.50  -9999.00
     1   2005    292    4100.0       7.4      16.1      1.03      2.00      2.60  -9999.00
     1   2005    293    9400.0      10.8      18.9      1.29      2.00      0.00  -9999.00
     1   2005    294    9600.0       6.1      15.3      0.94      2.00      0.00  -9999.00
     1   2005    295    3000.0      11.8      19.2      1.38      2.00      0.90  -9999.00
     1   2005    296    2300.0      10.0      19.3      1.23      2.00      0.20  -9999.00
     1   2005    297    3400.0       8.5      13.1      1.11      2.00      1.00  -9999.00
     1   2005    298    8400.0       8.9      13.0      1.14      2.00      0.30  -9999.00
     1   2005    299    1500.0       1.9       6.4      0.70      2.00      0.50  -9999.00
     1   2005    300    4300.0       5.4       8.5      0.90      2.00      3.00  -9999.00
     1   2005    301    5100.0       2.6       9.0      0.74      2.00      2.00  -9999.00
     1   2005    302    8800.0       0.2      11.2      0.62      2.00      0.00  -9999.00
     1   2005    303    3100.0       6.1      12.8      0.94      2.00      0.00  -9999.00
     1   2005    304    7400.0       3.0      15.5      0.76      2.00      0.00  -9999.00
     1   2005    305    1800.0      -0.2      10.7      0.60      2.00      0.00  -9999.00
     1   2005    306    5100.0      -2.3       7.6      0.52      2.00      0.00  -9999.00
     1   2005    307    1500.0       5.5      12.4      0.90      2.00      0.40  -9999.00
     1   2005    308    1400.0       8.7      14.5      1.12      2.00      2.20  -9999.00
     1   2005    309    6600.0       2.1      11.8      0.71      2.00      5.00  -9999.00
     1   2005    310    5200.0       3.0       9.2      0.76      2.00      0.00  -9999.00
     1   2005    311    2900.0       5.9      10.1      0.93      2.00      0.20  -9999.00
     1   2005    312    1000.0       7.0      12.0      1.00      2.00      0.50  -9999.00
     1   2005    313    1500.0       1.0       5.9      0.66      2.00      0.20  -9999.00
     1   2005    314    1700.0      -0.1       7.8      0.61      2.00      0.00  -9999.00
     1   2005    315    4900.0       8.8      12.5      1.13      2.00      0.50  -9999.00
     1   2005    316    3500.0      10.6      11.5      1.28      2.00      4.90  -9999.00
     1   2005    317    6100.0       7.2      11.3      1.02      2.00      0.40  -9999.00
     1   2005    318    2600.0       7.3       9.0      1.02      2.00      0.00  -9999.00
     1   2005    319    2900.0       5.7       9.6      0.92      2.00      0.00  -9999.00
     1   2005    320    4700.0       8.9      10.4      1.14      2.00      0.00  -9999.00
     1   2005    321     800.0       6.1       8.3      0.94      2.00      0.00  -9999.00
     1   2005    322    5400.0       6.9      10.6      0.99      2.00      0.00  -9999.00
     1   2005    323    1000.0       0.2       7.6      0.62      2.00      0.00  -9999.00
     1   2005    324     900.0       5.2       7.0      0.88      2.00      0.10  -9999.00
     1   2005    325     900.0      -4.7       8.3      0.43      2.00      0.70  -9999.00
     1   2005    326    1700.0      -0.7      10.0      0.58      2.00      4.80  -9999.00
     1   2005    327     800.0       2.2       8.3      0.72      2.00     10.10  -9999.00
     1   2005    328     800.0      -0.1       3.7      0.61      2.00      0.00  -9999.00
     1   2005    329    2100.0       5.4      11.7      0.90      2.00      0.10  -9999.00
     1   2005    330     800.0       5.4       9.5      0.90      2.00      1.30  -9999.00
     1   2005    331    5600.0       4.2       8.7      0.82      2.00      0.00  -9999.00
     1   2005    332     800.0       0.4       7.8      0.63      2.00      0.00  -9999.00
     1   2005    333    5200.0      -0.5       6.0      0.59      2.00      0.00  -9999.00
     1   2005    334    3300.0       2.1       8.1      0.71      2.00      0.00  -9999.00
     1   2005    335    3700.0       0.7       7.8      0.64      2.00      0.00  -9999.00
     1   2005    336    2000.0      -3.1       7.4      0.49      2.00      0.00  -9999.00
     1   2005    337     900.0       1.8       4.8      0.70      2.00      0.00  -9999.00
     1   2005    338    2800.0      -0.3       1.7      0.60      2.00      0.00  -9999.00
     1   2005    339     600.0       2.2       7.6      0.72      2.00      0.00  -9999.00
     1   2005    340     600.0       5.9       8.2      0.93      2.00      0.00  -9999.00
     1   2005    341    2400.0       6.5      13.3      0.97      2.00      0.30  -9999.00
     1   2005    342    2200.0       3.8      11.8      0.80      2.00     13.60  -9999.00
     1   2005    343    4100.0      -0.9       4.0      0.57      2.00      0.00  -9999.00
     1   2005    344     700.0       1.8       7.0      0.70      2.00      0.20  -9999.00
     1   2005    345    1900.0       2.8       8.8      0.75      2.00      0.30  -9999.00
     1   2005    346     700.0       5.7       6.0      0.92      2.00      0.90  -9999.00
     1   2005    347    2600.0       0.1       3.1      0.62      2.00      0.00  -9999.00
     1   2005    348     600.0       1.9       5.3      0.70      2.00      0.00  -9999.00
     1   2005    349    1300.0       1.2       6.5      0.67      2.00      0.00  -9999.00
     1   2005    350    4000.0      -1.1       7.6      0.56      2.00      1.50  -9999.00
     1   2005    351    2700.0      -0.4       4.6      0.59      2.00      0.00  -9999.00
     1   2005    352    2700.0       2.2       6.1      0.72      2.00      0.40  -9999.00
     1   2005    353     700.0       0.1       6.2      0.62      2.00      2.30  -9999.00
     1   2005    354    1900.0      -1.9       6.8      0.53      2.00      0.20  -9999.00
     1   2005    355     700.0       1.0       7.9      0.66      2.00      1.10  -9999.00
     1   2005    356     700.0       1.5       6.8      0.68      2.00      1.50  -9999.00
     1   2005    357    2400.0       3.1       9.7      0.76      2.00      2.50  -9999.00
     1   2005    358     700.0       0.0       8.3      0.61      2.00      0.80  -9999.00
     1   2005    359    2300.0       1.7       9.2      0.69      2.00      2.90  -9999.00
     1   2005    360    4200.0       1.6      12.7      0.69      2.00      0.00  -9999.00
     1   2005    361     600.0      -7.4       3.6      0.35      2.00      0.00  -9999.00
     1   2005    362    3600.0      -1.5       4.6      0.55      2.00      0.00  -9999.00
     1   2005    363    4500.0      -3.7       5.5      0.46      2.00     23.50  -9999.00
     1   2005    364     700.0      -1.5       5.1      0.55      2.00      0.20  -9999.00
     1   2005    365     700.0       0.2       8.2      0.62      2.00      2.60  -9999.00
